           1000
    17.09975947
  -0.6546252843   -5.2505040690    6.8664994106    2.1012595875   -2.3737820256    2.2487262216
  -7.1302077400    1.5419799663    8.3714377726   -1.1006682191    2.7548040138    2.7820731211
  -7.6299463700   -3.8774139113   -5.9936813604   -3.1390493582   -3.5825393926    0.6555728583
   3.6799707546    0.5040483687   -2.8736807482   -2.2831601642   -0.6841658720   -0.8252802003
   6.6244128396   -4.8920464885    5.5100437282    0.6513641216   -1.5496302437   -2.5868812250
   0.5745034074    6.5160075296   -6.5243562550    1.1262430863   -2.6141294765   -0.0770510203
  -3.3007949618    4.9909547207   -0.4870444814    0.9818833863    2.2904692312    2.8510468147
   4.5276106394   -1.9674949765   -6.3338708990    1.2386346256   -2.2514373053    0.7185716515
   1.6067298875    1.1756879202    0.3688637999   -3.6613355138   -2.8446151254    0.6022041599
  -6.1410219211    5.4121765558    4.3807477926   -0.3118313419   -0.1210301413    2.8772231728
   4.4092897976   -1.1302197642   -3.6224784831    2.4509254634    1.5508484181    3.1752976954
   6.6728693854    5.3357138566   -4.0619649759    2.2780192278    2.5237370896   -0.9364278973
   2.2699471511   -4.8561794587    7.2317144658   -0.1550939727    3.1305553462    0.0312167318
   6.5889819997    2.1067428851   -2.9417801190    1.5624256572   -3.7532259360    3.0452367859
  -6.5779411586    1.6090447158   -2.7673498279   -2.6998241816    2.9868193880    1.8397781903
   8.5082787283   -6.9829479908   -5.2688661179   -6.2543318631   -0.5384988035    1.3232868603
  -4.4007282120   -4.6401484055   -3.8163630587   -1.7499121202   -1.1907490198   -1.9537743227
   6.2429841417   -3.4859719986   -2.0713439530   -1.8092901415    3.0033149228    3.7282021092
  -7.6636711837   -6.3855336760   -2.9774003656    3.0244345417    2.0118194838    3.0135568460
   6.4198391709    3.5255699948    0.5574747491    0.3638446167    0.2976924033   -0.4589226956
   0.6253633123   -6.7248137250    5.5121971803    1.0030963481   -0.9600574877    0.2260862805
  -2.5888814430   -6.3671988088   -3.8736979184   -3.2213440830    1.7584771187   -1.5090465374
  -5.1467234794   -3.7612662126   -0.2311936558    3.5453951219   -1.3076785251   -0.8267608206
   8.2511658423   -7.2260652643    5.3260289277   -0.1960155402    5.9470433600   -5.6708115620
   1.3922870064    7.4311191687   -6.8576647781    0.7440181953    0.6664777449   -2.7073654429
   1.4871669051   -4.0947483225    6.0832486055   -0.7614412680   -0.9354459602   -1.5097550194
   7.2413524547   -5.0423415436    1.0737657380    0.0383284304   -1.8582278357    0.4593052921
  -5.5332716218    0.9915952372   -7.3751163052    1.7079919780    3.1684880529    0.5440725316
   2.2715334296    6.5095006179    6.8382298816   -1.4779100947   -0.2682661966    1.5418239154
   4.5484069672   -3.3951729748   -1.0380585368    4.9433974321   -4.3039161107    6.3673100494
  -1.1579017153   -1.9315845710    0.7994764544   -0.5863216159   -2.1562544241   -0.8623716451
  -3.5216469101   -6.1912366921    5.3281483888    0.9051123624    0.5494956921    1.0735013926
  -3.7415154477   -8.0405114231   -3.8274843794   -0.0277613315   -0.7205725902   -0.0170074458
   1.7764888097   -5.4462564010    4.5741362537   -0.1336052176    0.3226499074   -4.1133200217
  -1.2714078097   -1.9389028542   -0.8803222907   -1.2393836768   -4.0761932843    0.9057500600
  -7.3537951310    3.4390553796   -2.4851263839    0.8751613918   -3.8137401380    2.1180978932
   5.9381143398   -2.5323552679    6.7821750086   -1.0492170874    5.4727600125   -2.2986038008
  -7.9538242958    7.7131486723   -7.4515866033   -3.1889558816    0.0440436512   -3.1298689419
  -1.8143288958   -6.1923983311    4.0615149439   -1.3861839720   -1.7933436397    2.7476259726
  -1.2194338574   -1.5840664126    5.7367924112    0.9464969580    2.3643510805    1.2527078943
   3.4013460625   -3.2283318674    4.1724933466    1.6067041002   -1.2951353024   -1.9694841079
   1.8198295988   -7.1857061758   -7.3406303351    2.2792805010   -4.3491933883    0.5360163604
   4.0596493539   -3.3359593672   -3.0275256296   -0.0368774741    0.8297530654    0.7668642586
  -5.6793362508   -4.3050956444    0.7532794032   -1.2504223477    1.5162471636   -1.7205892418
  -5.7539033227    3.2614280119    7.0167156338   -0.7548762705    1.1912507821    0.6285621628
   4.8061107586   -2.2852981566    1.2816528851    1.7652207948    0.8682193542    0.7407520932
   4.4099997988    6.1797431849   -3.3121433834   -0.2919463592    1.3823372354    0.2820162481
   8.4197538536   -0.2647440267    2.0598732143   -1.2885902334    1.8429750224    4.6574224778
   5.7732249027   -4.0399914003   -1.1366890663    2.5287363861    2.8018550780    4.1163345452
  -4.2454532666   -6.8038719310    2.2251678571    0.5246562111    4.4097540778    0.1885108455
   0.2657834895    6.5532868337    1.0449065916   -0.4220745259    1.3695570411    1.7821569769
  -2.8400561021   -1.3556831096   -5.8091928770   -0.8255709712    0.0768252231    2.1575267634
  -8.0942076590   -4.6601097277   -8.4408536598   -0.9666668402    2.0071823108    0.3261895816
   2.6209459932    4.9485390823   -3.4888015066    4.1465877418    1.1802237842   -1.7353800124
   8.0558866737   -5.0526798983   -2.1999427888    1.7512304238    3.3174540662    3.2940544790
  -0.5297563534   -8.5408688584    7.2748333619    0.2144626097    1.9373508078    0.7065235106
  -3.3986388724   -7.1784610717    6.4590959212   -2.6204947304   -1.2838233045   -1.9617175296
   8.0185730730    6.3093931267    5.7864635658    0.2962170478    0.1033332875   -0.7041497281
   0.6723302900   -5.4723057728   -3.3222305614   -0.9120388575    0.3522083690   -1.7494250219
   0.0252904060   -4.5998084475    7.2269651536   -3.4290516463    0.2474114022    1.4113399440
  -8.2003618822    4.1476985539   -7.0176665539    1.4651113397   -3.4686829917    0.7725598614
  -1.4451116431    1.0201056111    2.2369921633   -1.9220025930   -0.8515066704   -0.1292376382
   3.7687766516   -1.8525144484   -4.2981192364   -0.9662305354    3.8794028518   -5.5484247865
  -5.8265517473   -6.4122960052   -5.6685666580   -2.1554563846   -1.0002967363   -0.8529924334
  -6.3320489030    4.5826395313   -3.2687625426    2.7819094500    0.6454235314    0.1882610691
   3.4381761734    8.4422926284    8.2313738471    0.8642459467    0.8847410702    1.3514976613
  -6.3854788235    2.3484726254   -4.5744762860    0.8971874145   -2.8733558187   -0.1465756040
   4.7674917287   -4.2291254840    2.0555035556   -2.0587985011    0.2460642793   -3.3387080283
  -1.7924374546    6.7953076911   -4.7407940127   -0.9133206869   -3.3807690896   -1.6083762118
   0.0832573366    8.4158400099   -8.2130986491    0.4680080310   -1.5182632023   -3.4526117254
  -2.9137985229    8.0222701776    2.3455671248    1.4027627618    0.3217839322   -1.1067717897
   5.7149646301   -3.9752503385    7.9270663840   -2.8578160684   -2.0449894806    3.4814123289
  -0.8676919050   -5.5592727366    5.5887936757    1.0923218068    2.3672005980   -2.8073638980
   8.0477418565   -5.1731856034    4.9707505433   -2.2378721419    0.7772307688   -0.5714916825
   2.9424600155   -5.5615367323   -1.2465059433   -0.8596019482    2.8356883915    3.1423067447
  -4.0343520414   -2.6902053234    5.4651590135   -2.7810797584    4.7580943348   -2.0534608259
  -1.9406438659    0.2145753664   -6.4876976347   -5.3636347352    1.8076515197    0.5190741408
   2.3470730240   -4.8843749106    5.9297003102   -3.9965601965    2.6544755089   -2.5604905355
  -2.3684262492   -5.0998633685   -6.3710767334    4.4363967777   -2.2935907577   -4.0323276318
   3.6050220697    1.8623064924   -0.5542655261    0.5743648670   -1.8354419835   -3.7604193144
  -0.2191023197   -0.5368920247    3.9461482871   -0.9571472418    1.8090277806   -2.4857138564
  -2.7328025623   -1.3499087684    6.9999313222   -1.4439677816   -3.2712933748   -1.6176868733
  -8.0196141852   -8.1250811679   -4.8911950064    0.6515408409    1.5580832338   -1.0681784049
   5.6724178326    1.8891999957   -8.5465012944    0.8695742396   -3.5658620241    2.0484817097
  -8.2671500078   -2.4678717671    2.1474342250    1.9720708353   -0.1757392127    1.6024222392
  -5.4489923336    4.5843201233    1.3492355740    1.3714963872   -0.9842001482    0.8865742758
   6.3534833516    5.4841654577   -6.0683919733   -1.6084177296    0.0743930732   -0.1915625978
   3.2609270534    4.5393536422    4.2853520290   -1.7793215762   -1.2951010035   -0.3789925341
   3.7624465743   -2.6885812458   -0.6613613737   -0.5041818796   -0.1981101610   -1.8214436832
   2.1305683553   -1.3808183417   -4.4711825446    1.8703352033    1.0262688205    0.9408448768
   8.1531305548    5.7563118237   -7.7016430702    6.2018249924   -0.3359847768    3.0583912900
   7.7857621263   -8.0308085463   -4.7467299353   -1.8665548649   -2.0696482911    1.9660737596
  -0.4440675652   -2.7808909440    5.4816154507    1.4033735172   -0.9916423595   -3.5842113396
  -3.5432727282   -7.3738241059    3.0340032312   -5.4757964475   -0.8095222282   -4.0675906216
   0.7523889271   -0.2138719274   -4.2113736977   -0.6093523255   -0.4086858650   -0.2459666321
  -4.8620788395   -1.6602663880    0.0735129501   -1.0540781013    3.4131674478    2.5187455936
  -4.1723529824   -6.5627293993   -8.3317497984   -0.9649086150    0.8239123963   -0.1321563700
  -5.1511256588   -0.3915988793   -6.1071327611   -1.1956647251    1.7244532221    2.5264812558
  -8.0796896614    5.9363712746    7.6108475861    5.0976851588    0.4981357743   -1.2567987701
   7.2385473109    5.4865638602   -0.6078913055    1.5433745575   -4.8214328089   -0.6324309789
   1.6211256415    8.2920920376    3.5613466470   -1.4023833543   -1.4792033071   -5.0505393302
   1.1039998860   -3.1132141363    0.2471897689   -1.6317730239   -0.4897460162    1.5517531996
  -7.4072149198   -7.8817364461   -0.3938234698   -3.0888535723    1.1852875351    1.5126446600
  -1.9003529552    1.4928149189   -4.1304078525    2.7464624129   -2.1902763977    2.1721874128
   4.4735099687    5.0256455698   -4.7950363414    1.1039791752    0.4630455732    0.5925895311
  -4.5970876726   -7.8980173397    6.9096937703    0.1051088977    3.0109638944   -0.2557898616
  -0.9508248899    1.5304206656    2.7921991198    1.4002485655   -0.0796848979   -0.3028606194
   4.9437025980   -7.2838973431    3.3260604561    1.5362495149   -0.2784017642   -0.0806968962
   1.9595843182    4.2336453087    2.4350266532   -0.2340350886   -5.1449609757    0.7055719884
  -8.2122346176   -8.4396083974   -2.9514808609    1.7796225698   -1.2209316387   -2.2202102437
   0.9309319845   -4.9763974951    6.5112272355   -1.1521255391    1.9984601452   -0.4908557904
   0.3317927215    3.8861543234    7.1614242658   -0.8685057805   -0.5276235398   -0.1715632742
  -1.0231168502    4.8169655655    7.4917689139    1.4949189547    3.2677770101   -0.5760900547
   4.8493818359   -6.6041142345    5.0681633283   -0.7424967404   -3.4521902141   -1.6036949423
  -8.1001306785   -7.7461394872   -2.1832508303   -5.1765747938   -1.4074961085   -2.2113323300
   2.7510669072   -4.5551654969    2.9694421888   -0.5314906182    2.8325526879   -2.5506094865
  -2.9861645760    7.7825916507   -8.0314780045    2.0010192251   -5.9120534765    2.0913719597
   3.9859240981    6.9589804268    2.9579090322    0.2800558811    5.5967669822   -1.7657886837
   0.2908176997   -0.2389075257    4.9005072131    1.2405717427    3.4908382118    0.4986434849
   4.9297154647    5.7076837175    1.4356409896   -0.7936959781    1.3035480546   -1.4127669877
   2.6696619067   -4.3771104585    3.9247621186    1.8209527663    0.5307364571   -4.5970557306
   8.2435590956   -2.5726059444    0.4307537665   -2.4454872344    3.6663067997    1.1886868003
   6.1573327198   -5.3511174548    2.5580575943   -1.7915831082    3.4913781537    1.6133544588
  -2.9913235475   -8.0976702140    6.6035830322    0.1217659616   -0.9078014422    3.1805848607
  -8.4967958594    4.5259947505    6.2288916066    0.3328716260    0.9022978424    0.2071724324
  -3.7135206412   -5.0401258517   -1.7568997342   -2.4553686396    1.2014895052    0.0278478774
   2.3374443352   -8.1454273970   -8.1139893975    0.9314706733   -0.9314607590    5.8912670935
  -0.8608904048    2.0545466053    8.5062544513    1.4082730192    1.7234356937    1.2105789037
   5.8264420950    4.6337082908    3.3598363474    1.1912229015   -0.2921709613    2.3042573594
  -2.6403686086   -3.7784778940    2.7819840458   -0.7887020824    1.3172262023    0.4519388221
  -1.9906913831   -7.0631040863   -6.9745678645    1.6082165409   -3.6557491386   -0.4558074471
  -6.1817981891   -0.3499842470   -5.4246271748    0.1951409396    4.5717950791    2.7536397447
   0.6989188444   -4.2885072794   -1.4405568124   -4.7062850858   -0.4500911505    0.1514031055
   3.6539892201   -2.9662435267    1.8265885431    1.0422698653    2.2191596254   -2.9835846584
   0.8236050796   -2.9231464991   -7.4335339959    0.0346013428   -0.7229307111    0.1964110367
   0.8013902785   -2.1888893788   -2.6260451839    1.4587154487   -0.4952988901    0.0049492116
  -3.0832974364   -0.1403965089   -6.2485595195    0.6687788205   -2.1341174594   -1.7372437853
   0.0254605899   -7.5589340824    5.9125776221   -3.1200574373    1.8553619688   -0.2676652764
   5.5973560687    7.4047383306    7.4064004815    2.5000888233   -2.2295123692   -0.2660400671
   2.0838126827   -1.1551314246    0.6548946296    2.4586176245   -2.7706872898    2.9300259625
   6.8232004499    1.1169346521   -0.7041430512    1.7655817045   -3.2980812704    1.8402678900
   6.5097468713    1.1992525274   -5.9822927583    0.0044314724    0.0858975268    5.3121777587
  -0.5455865687    5.4266933726    6.2292013736    4.0610373706    0.9597035922    0.4321134672
  -3.5516741061    6.2175943810    1.6684175043    0.9676722047    3.5973556638    2.3007186305
   1.7281083803    0.4973741896    8.2524700922    0.6010251987    0.2669373843   -1.3793074166
  -6.0028916266   -8.0421536328   -4.8053603077    2.3845574401   -3.7116741700    2.2611403257
   5.4928229591   -7.4089028548   -3.8945757797    1.3196248579   -2.7758829903   -4.2988723201
   6.0031387346   -7.0011758242    1.4892124304   -2.3657175260   -0.8035012254   -1.0281221937
  -7.5144157641   -4.2574417283    6.7981792934    0.6415152828   -0.2677541286    0.8938438365
  -4.0301698063    0.5367062885   -4.6320780092   -1.2005039108    0.8344256908   -3.2281248885
   7.4611081841   -2.3487917207    3.6057311172   -1.6104707715   -0.7565266391   -1.9425960309
  -2.2672662736    5.0728284406    2.1441249082   -0.7332307268   -3.7305517229   -2.5346511938
   5.7198526244    2.1205775703   -1.5604804558    4.1933527373   -0.2999129043    2.3248807738
  -2.2224131440    1.8194373347   -7.2470615557    0.6038672854    2.8380978096   -2.3174419722
  -6.7011220455    2.4198511770   -3.4528001896   -1.0456239818   -1.4066482603    2.1820155808
   1.2047790446   -3.2842751650    6.6177729379    0.3079832886    4.5946368687   -1.3109823193
  -2.8181153512    2.5874943472   -4.5305983345    1.6756129742    0.4695151782    4.3481905374
  -0.4693993281    0.7921734765    1.8612871151    6.0104346451   -1.1485695286   -1.5715046340
   5.9547656231   -3.8224699311    1.8386112334   -0.8889537202    1.5137446389    0.2845841854
  -1.1102006554   -7.3886194616    7.8165018174    0.6552682250    3.6389502145   -0.1741870050
   6.7286118793   -6.7517621794    3.4875271273    0.1622083448    1.3501929381    1.5605512466
   2.9417193853    3.5617220181    2.4031437545   -0.1798742309    1.1126025599   -1.3865169967
   3.5215215902   -1.6378367767   -7.8993829228    0.8227533042    0.8784780546   -0.5595444880
   7.4319712083    7.4275062316    4.7049347168   -0.1367258343    2.8932089663    0.5982177621
  -7.3180249107   -1.8202144569    2.3395513281    2.7852956179    0.0524480903   -0.2907451936
  -2.2346511914    3.4398364003   -7.7483245535   -1.0012086169   -1.1819250928   -4.5150898029
   4.2079647708    5.8527848085   -5.0955285159   -0.9116898852   -3.7885477718    2.4113220805
  -6.3864228752    0.8993515065   -6.6263850909   -3.1015519510    0.1386881987   -2.3421884297
  -3.9711748573   -3.3413611947    4.4981817011   -1.6980679263   -3.9617673420    2.0312706627
   3.6669617918    2.0067076691    5.2822882653    2.1590290174   -1.1213349011    1.4662065825
   6.8433402267   -7.0182647352   -5.3491876696   -0.2992701151   -1.0125183885    4.1969986813
   3.7085067229   -4.1680720486   -8.2082537693    2.7447075441    2.1515403741    3.7868999961
   2.0848027492    3.1079326821   -1.4065006923    4.1765238966    0.1696089100   -0.9590560716
  -5.4290075950    2.2874955680   -5.7424272834   -0.2118155969   -2.5554053884    1.6229697334
   1.7295900640   -3.1706043265   -0.6954922792    0.8138143972    0.2369343847   -1.6493671345
   5.8423009669   -4.9194951684    6.4302283435   -1.7164108007    3.9043696706   -4.9784986210
  -3.8650085715    2.2582119113    4.8645377344    0.4970660467   -2.1770044657    2.3937352074
  -0.8027882778   -3.1287328066    0.4118029898   -3.7395110193   -0.7309562212   -4.0554751240
   7.0613160804   -7.5651076010   -7.9116513325    1.3354479106   -1.4946794285    0.0561049759
  -0.7142202456   -5.5252928139    0.9438553022   -2.9060237460   -0.9664325498   -0.3516316896
   2.4395998561    5.2019592066   -6.3330078812   -0.8049573209    1.0274436602   -2.5937412376
  -4.5617858452   -7.9497195094    4.6641645780    0.9504960624    2.8712433763    2.9377545921
   1.8487019785   -3.3667935305   -8.1539008156    0.8698761818   -1.1995026641   -5.5071760087
   7.0968693354    3.5079357591   -3.2122675405   -0.7819790603   -5.8032343657    2.3601774913
  -2.9617510201    2.8873136954    2.9615743890   -1.3019620945   -1.0686065239    0.5964511892
   2.2706214900   -0.2677161304   -1.8388265245    0.6840732133    1.2782371239   -0.3455682815
  -1.3342880657    2.8171032817   -1.8004900337   -3.0632407506    2.0806074723   -2.3131632081
  -5.3566298174    1.3217480451   -4.0508283097    3.5543501163   -2.9988249805   -2.4197939012
   7.7113103753   -3.5280915707    6.8840870874    2.8471350247    4.3061432550   -1.6899028421
   7.0946370309   -5.3386272851   -5.9009840068   -0.3750216696   -0.9798849229    3.4468003022
  -0.5420166109   -6.0872944327    3.7345832731   -1.4040972838    1.8608892936    4.1640876102
  -2.0700594931   -7.2030244770    0.9746923861   -0.7288337441    0.6557413476    1.8892325120
   1.7634926844    1.5056070380    2.3813700833   -0.8674868154    2.0990215737    3.9460226053
   8.1251592810    2.5142082884    4.1685195659   -4.6116518901   -0.6625361041    1.8958195458
  -0.7123164756   -2.2835300865    1.9287034203   -1.5359267460    2.8577931927   -1.9988846026
  -6.2260600703   -0.5706871670    5.7448563165    5.1119186742    0.5616217748   -3.7280714748
   3.0197505377   -4.3437925449    0.8534338998    1.4745432456    0.4781913602    1.7417122258
  -3.5763150324    4.6799413959   -2.6745420516    1.1243994455    0.4603328240   -0.6400564363
   7.5997623035   -4.7718378273    8.4338874643   -0.5294961733    4.2632381192    0.5812252883
  -2.4360999242    2.1362222626    4.8391579206    1.1974024060    0.1340714350   -3.8305937586
   3.6809920794   -5.2011565483   -5.5037626222   -4.8992103516    3.8689109820    1.8750214250
  -5.6006350453    4.9715422873   -6.2056426305   -4.9076465598    0.1098480737   -1.6118497142
   5.5809867437    1.2494209395   -5.1961708179   -2.8489318087   -2.9322927770   -0.1006943463
   6.8117484199    4.4131906365    0.8002063402    2.2524781303    1.4071838783    2.8426426800
  -5.3717413847   -7.3945550485   -1.9303445834   -0.9959014918   -3.4598706088   -3.1338410932
  -6.5265868525   -5.2295364830    4.1992959085    2.0655302069   -0.8893562057    2.5832460763
   8.0500629598    2.9712330816    5.3706957127    4.8094362783   -3.7827671736    1.2811284359
   6.9704740141    7.8926151593    7.2692339053   -0.5139414756   -1.6614911723   -1.7513343065
   7.0343790496   -0.4629211659    7.4963219828   -0.2959475723    1.0874029380    0.4710788479
  -2.9244550888   -4.1999902108    1.6325718608   -0.4638058807   -4.4906093228   -0.8222717762
   5.3169268190   -3.1069597845    1.1554603843   -2.1760330742    1.4803403545   -2.2249651398
  -5.8354991563    5.9948413001   -2.7532712914   -1.3339683294   -2.0353789873    2.0376659172
   7.9951734450    0.0760064682    7.4411094917    1.8554961730    0.9008031863   -0.7678945509
   8.5113580191    8.1268173169   -0.1629210163   -0.1834950683   -4.2659242514   -0.7904044112
   0.3123471204   -2.3495334051    6.5504452791    2.7332165386    0.1909529899   -0.0125492168
   5.8902326990   -5.8819544671    0.8460135551    0.5531346780   -3.1477944755   -2.3805574973
   6.4448919541   -2.2801632419    4.0922648673    2.5738115153    0.2979349214    2.3631790783
   4.4957376302   -8.4516300530    7.0656330055    1.1164011712   -0.6290431910    2.3815677901
  -1.0414859817   -2.7791496375   -2.4388962306   -0.9972609819   -0.5471058228    2.0171538959
   6.8114782175   -2.5722108857    0.4030476667   -2.0885277724    1.8621473319    2.3369879851
   4.0634136122   -1.8028409637    5.1067642583    2.7206846469    6.4849107896   -0.8404457188
   7.5526854314   -1.6086900115   -4.9014857371    3.2741384633   -0.8344979418   -2.5790308184
   2.8977219638    5.8786191460    3.1423442436   -0.5017081027    1.6643466579    1.2791713766
   6.2868257004    3.0938874476   -7.6684012857   -0.0280869245    3.2099929525   -0.8365194403
   0.1045687658    2.6045452739   -4.1088079796    1.4266068186   -1.2904047262   -0.0904167025
   6.6086288079    5.0622778535    5.2681678063    1.1748671405   -1.1078686095   -0.1669306592
  -3.6334823985   -0.7671183540    0.9752878260    0.2005454241   -1.6975011706    2.7027812346
  -6.8742726045   -3.7053552712   -7.9086284278   -2.1659987917   -3.4581957505   -1.9733040633
   8.3022752387    7.9628641694   -1.5393955437    5.5896700922   -2.3072416709   -0.0309965202
   4.8239855818   -3.9208520000   -1.8945801136   -2.0905425749   -2.1720024025    0.6984195918
  -1.4734162989   -8.4000119109    6.9024191378    1.0696588387   -1.1177557280    0.9578979872
  -6.2231180774   -7.7165312104   -0.9259845719   -1.8275317899   -1.4206079240    1.3588130170
  -0.7183240407   -0.0455853105    0.4790559929   -0.5665399559   -1.4250184415   -0.1758843578
   8.2165282816    4.7532925866    8.1163753398    0.9245082997    3.1890345318   -0.0380453480
   3.8710204512   -5.6667248393   -0.7036158713   -0.9987246045   -1.2437806397    1.3957320248
   3.3022376969    8.0200879236   -5.8271183030   -0.6540790721    1.9697561017    1.3150374986
   3.0406181813    7.6042745417   -2.9681595294    1.2227338394   -0.7734263572   -0.5631319429
  -1.5256333837    6.7989043208    4.8143224779    1.1946348604   -1.6003259125    0.5943511008
  -5.5432943014   -8.0200499322    7.4051613770   -2.1205067134    4.2731498299   -2.9932561023
   1.7795478519   -3.2481534085    1.0804055902   -1.2804925888    4.1454723117   -1.4184329535
   2.9577655953   -8.4099189213   -5.1156067497   -2.9682892928   -2.8737836235   -0.1932942433
  -2.4722399702   -2.4099062840   -5.3238499074    0.2622804778   -2.5499199228    2.1182218398
   6.1972514137    3.0725064385   -1.5405834075    2.2762639613   -0.3549262201   -0.9229993538
  -5.2980459792   -4.0774688295   -7.1670253991    1.5294223181    1.2487537329   -0.1686528306
   3.5007961067    6.5095971527   -5.6080616584    0.0108879486    0.7438261545    2.1449163272
   7.3765865340    2.9331802794    8.0290569182   -2.0590905146   -1.0766430727   -2.1218265622
  -2.2007435385   -4.0591608997   -0.3417228352    0.2347539073   -3.4825205469    2.5052152509
   4.8101680278   -0.6831122374    0.1542364581    0.4489789838   -2.5348673532    1.8492717465
  -0.8512637309   -4.8540758812    7.7326144010   -1.8304272496   -1.5525752635    0.8972938387
  -0.5427371338    7.2034585570    2.2481325116   -0.9699654194    3.1138726958    4.4722971598
  -2.7306089271   -6.8385898076   -5.7291713948   -3.3780236668    0.9312589623   -3.0963966466
  -4.2666126150    2.0347507889   -5.5423664562    0.6145999547    1.6761488081   -2.8359460806
  -1.7427583362    5.7099794514   -2.3653315488   -1.3526846303   -1.8495560863   -4.7898970351
  -0.7979690896    5.2580956451    2.2370116383   -0.5430672376    0.6604735232   -1.4735411830
  -0.6656022180    1.6467751049   -1.8556449336   -4.4150680374   -0.3162963070    1.6283887034
  -2.6096087387   -6.5882455137    5.3740118410   -2.1625467662    0.1189681987   -0.4625710990
   5.7823715907   -7.3879466065   -7.3638142265   -0.6850800116    1.7398765550   -4.9187168137
   1.3866492565    6.6788412014    4.8069652194    0.1658619581   -0.2607344717    1.3548409757
   0.0825925301    5.4196842486    7.3533012828   -0.2296938278    1.9528589477    2.7802782222
  -3.0886672529    1.0235470033    6.1440953557   -0.8516010907    0.5436917158   -1.7190464889
  -4.9943515845    6.8294322484   -0.7067590833   -3.7292941478    0.7449928238   -2.5189921163
   6.5151113209    3.7645081546    6.4108289947    0.9180974292    0.2142540629    4.5885587680
  -4.6883855114    8.3981373977   -0.6906593935   -4.1604793279    0.9969653279   -4.8339433641
   1.3654087501    8.1429790238   -0.1878803601   -0.2525808004   -1.4302001085   -1.5370090751
  -5.1397169977   -7.9055904244   -4.0825038481   -0.5322082024   -3.0470461546    1.9418118216
  -4.7301511453   -0.5527383974    7.4490929276   -1.4343176467   -0.4886490892    3.2257864752
   6.9331003327    4.8287335897    7.5484513603    1.0082904044   -0.2403167407   -1.2701871932
  -3.5048253811    7.1777407193   -0.1322128314   -2.0525296618    3.0403708715   -0.6683516313
   3.3117012382    8.5049369238   -1.0070433265   -1.1261511821    0.5175320781   -2.1468492817
  -6.9103083176    6.4618620375    8.2624722377    1.9003018623   -0.8027791293   -0.3120971114
   4.4189799926    7.0692834870    6.0667813115    0.6120609207    1.3175171267    2.1308759510
  -2.0892274525    2.9693112546    6.4243655119    0.2779714548    0.6025344974    0.7343800873
  -6.1299093219   -7.1943683655   -4.6394481294    1.3307804978   -4.5922371730   -0.8947803940
  -1.1707880059   -0.3568674188   -1.1414262659   -2.2667897350    1.1942100475   -1.7802724661
   6.3010207637    0.3434424664    6.2793971108    5.5629297312    3.8788576848   -0.6649053387
  -3.7471819327    7.2262408323   -6.4942098057   -2.5424818105   -1.1720964063    1.1744845576
   2.4853883705    5.7074733061    6.4427149918    1.0579430932    0.2993587757   -2.7029104265
  -4.6250232425    1.4660361082   -1.3949168037    0.6596242874   -0.3301929365    3.5504565488
   1.2203043899   -3.1146035299   -2.3266250466    1.2006767615   -1.4543339049   -3.1946690497
  -6.7876254844   -2.4302527120    7.0903167936   -5.1667016910    1.8564855370    0.7548373895
   7.7490090298   -6.3621593397   -7.0179540142   -0.8907444531   -3.5866929391   -2.4425616588
  -6.7830103485   -2.9660075814   -2.2921948586    0.1028828994    3.3877632723   -3.1614821976
   2.4710118600   -7.0108303760    4.4705838023   -1.3127687674    1.2413240572   -1.8648084909
  -0.6585070834   -7.7028391902   -0.0766867294   -3.6204179620    2.5295332340   -0.7217548709
  -7.1534562443   -4.1386226124    8.2339069157   -0.8493156198    1.6300894073    0.8673465611
  -4.3281814679   -1.0115777694   -7.5926291677    0.6872748265    2.1484874592    0.9634212446
  -7.1399517379    4.5465835893   -5.7055025670    0.6788583920    2.3189946945   -0.5934914148
   2.3267160295   -4.6875109032   -4.2222453466    2.9446773067   -1.9794467786   -0.8482371415
  -2.5127474573    5.6182584492    3.2872363897    0.2078142823    0.8822111196   -1.3180012070
  -1.6363881196    8.1344581298   -6.9372244646   -0.9827998025   -1.2980382184   -0.6299665311
  -0.8433395927   -5.4989324047   -8.1611721290    1.7783913829   -1.8800659942   -5.0384871790
  -0.9486536007    7.4339005288    6.4622557876   -1.1868469748   -1.3203074698    0.2127363902
  -0.6259775343    7.3340878662   -3.0556750889    0.1936255570    1.7731221077   -0.5521134240
  -4.0115204845    4.2377842014    1.3739300258    2.1291086000    0.5120971875   -1.7803815992
  -5.1628023560   -5.3610690981   -1.2895807478   -2.1726365844   -0.1278868077   -2.3847246476
   6.6687458757    0.8937835736   -6.9547675057   -3.9274885994    2.3512047464    5.0745006428
  -6.1789842478   -3.8306564448    2.5771946757   -1.4375303249    1.0650624108   -1.7866462589
  -4.5803536562   -6.4898479091   -2.2073879950    1.9129108742    2.7773879517    0.2128315205
   4.5722600303    1.8799148333   -6.3817384735    1.0503601320   -2.0581108354   -2.7192691341
   7.0304230771    3.6192276823    2.4029912580    1.9037058974   -0.6200571513   -4.0155320241
   1.4369480532    2.7662641685    7.0799624922    3.5800584204   -2.7167850094    1.0418348808
  -0.1595140791   -3.6521669849   -2.7219343799   -2.9099617825    2.1231917983   -2.7520406316
   8.4988936216    8.5451862608    2.2292202989   -0.7842128696    0.7032003542   -0.3190602929
   1.0022620392   -4.5776300287   -8.1468903049   -1.2515263849   -0.9175775394    2.0614668634
   6.9854032990    5.3128878170   -4.9357803643   -1.1990084873   -1.2289793384   -0.7339049325
  -7.7157024133   -8.3302281210    0.8950745144   -0.7186058379   -0.3230058227   -2.5157474536
  -0.9721295499   -3.4098288894   -3.7607603800    0.9033412774    0.9443117557    1.9142774194
  -0.4282212470   -1.5980262416   -1.3328691421    2.3109701288    3.7022969759   -0.4295293250
  -4.5459482923    3.8470467694    4.0385511168    2.7814644535   -1.8463974464    3.4787411552
  -3.0716052384    4.7109979832    6.7292010733    2.6465669419   -0.4566633996   -1.5699993988
   0.6843048742    4.3413722189   -5.4742738464   -0.4151781653    3.7976052050    5.2671364908
  -0.5810904786    0.5219493607   -7.9685297964   -0.9347139860    2.9065333182    1.2576278184
  -2.7962155479   -4.8423257848    2.5826437574    1.1745861583    2.7518876530   -1.9618941394
  -2.8479298967    2.0539604024    6.3587047419   -1.1019362395   -0.4757522758    0.3282321264
   7.2127938013   -1.8225000194   -1.9879466865   -2.0818637185    2.9002242238    0.6278503841
   4.9218773219   -5.0544774300    2.6219019877    1.8143643409    2.6497855672   -5.1806620959
   3.6001402049   -5.8788634190    5.5918256399    4.6079546851   -0.0095185778    0.5418648989
  -3.8651793816   -5.0390329748   -4.5156296943   -0.0053898172    0.1274461540    0.6035553906
   5.0017562488    1.0468033046    2.8415734461   -4.6076301035    2.5373893312   -0.5848492077
  -1.9793915386   -6.4483554399    8.4207427221    2.9837548947   -1.6151738248   -3.1177868768
   5.2894489060   -5.6274974371    8.3088800814    1.1084594848   -3.6161133860   -1.4017674940
   5.9596002890   -0.8195254115   -1.9879015250    1.0821228414    0.9459805323    0.1147787296
  -2.3276109810   -6.0833326088   -5.1485364634    1.0558527610   -0.2075497404    2.5098268684
  -6.6784622954   -4.8282987194   -3.3363758992    4.1702407892   -0.3905449774    0.2092722787
   0.9096249135   -5.3211248972    4.5876445164    0.8311839781    1.6088701324    2.0569687841
  -5.8206204848   -2.6419833401    1.5502596647    4.0802003749   -0.9390807121   -1.3170358930
   5.1974763660    2.9915415772   -6.6918443356    1.4862642013   -0.6001081036    0.6300102579
  -7.5248286923   -2.9481831024    3.7099736422   -2.5026008063   -0.0959440383   -2.1074397676
  -1.5553423284    0.1769379522   -2.1012962931    2.0016799495   -2.6967610774   -1.2627247037
  -2.8163146590    6.8782378747   -4.7882683742   -2.2083962998   -1.2362041568    0.8393756823
   3.3320100951    0.8554320163    1.1005673693    0.4733379470    2.7919395709    0.4091202451
  -5.4187322033   -4.8328817086   -3.3847927665    0.2837327628   -0.7875362311    0.6013038618
   7.8383450259    8.3156101278    8.4068363205    2.1719080608    2.8402785505   -5.4420708662
   4.8751589729   -0.2650633161    7.3286938968   -0.1891908672    3.4321788073   -0.6754613687
   7.2144536013   -6.2679908745    0.5016378028    0.7592031683   -1.5400432338    0.8667204705
  -1.2273453374    1.1264330155    1.1789472555   -0.2511603931   -0.4087484339    5.8318176199
  -3.0115713933    8.0198930331   -7.1297062248   -3.0811912702   -2.6543739405   -3.8081493907
   6.7936835878   -7.6847547655   -4.3169392892   -0.6361315322    0.0965998386    2.9486708934
  -1.2342343888    8.2142483686    4.4020664525    2.8437642529    3.8609700686    0.2584679362
  -6.5043678183    3.1628296745    4.5526738287    2.4553661914   -1.9211893357   -0.1608581654
  -6.1736257847   -1.0723775638   -3.5106623573    0.4518947951   -3.8136844935   -1.5544518657
  -6.4904940685    5.3889255287    1.7712780812   -3.1447967355    4.2700581219    0.6071253152
   1.8385471701    4.7537029951    6.0699415280   -0.9965783416    2.5249272032    2.7285430783
   8.1470389318    8.0882513832    5.4120270524   -0.4649818422    1.4550356372    1.0594706616
   2.9534957739   -2.2926397269    8.0371377742    3.3475217173    2.2065063020   -2.0870149165
   0.7174946686   -1.7662749327   -0.6399358220   -1.5658397208    1.6402805047   -0.0720541656
   0.9994046689    1.9821295577   -6.9752550391   -0.5460384665    2.7947583613    1.1180102602
  -7.1067545470   -3.5582253401   -4.6624637905   -1.7093237240   -0.3939973342    0.8810353823
  -2.1488780645   -5.9432445172    1.0672598945    1.7253816238    2.4415357842   -3.6564486862
   8.2730286614    4.5224774261   -4.5197394437   -0.5309431881   -2.1561792339   -5.5540597785
   6.3443686191   -8.3301804578    6.2259120136    2.3274099782   -1.4715169277    1.3375303458
   2.2063927060   -2.6440180188    6.3730031052   -1.7957060199   -2.4878334083    0.4414530504
   5.8028175638   -2.9158760149   -4.1523905315   -0.1274451914    2.2682885486   -0.3948451945
  -3.7325213611   -0.8223613636   -1.3353243345   -0.6036477684   -0.1346379155   -1.5872390308
  -0.1830301713    4.7160086295    5.0197367154   -0.2723815914    0.7158111606    1.2917462692
   2.4635515090    2.4958808556    4.1928332527    0.3825654365    3.1517964655   -4.2156946824
  -6.4552265871   -4.6869730779   -8.4575934066    1.9744846960    1.3230049053   -2.3103592781
  -1.6180236688   -2.8954047425   -1.0564575993    1.1500885781    0.2259722746   -0.4615087425
  -3.6513899423   -5.5779653408   -1.0990780093   -1.1923322921   -0.2720904966    0.7118979730
   2.0983762208    6.2048964513   -0.3947573203    3.0248744589    1.0114581664   -0.1753297065
  -8.3456917175    2.5439731528   -0.1265145089    1.1247467497   -0.7706222497   -0.5848448444
  -0.0730904764    1.3678499507   -2.6102635722    1.3758587993    1.0724199922   -2.1945144810
  -1.8086962885    2.9018513242    0.7755355132   -5.0019632016    1.3682604939    4.7342549167
   3.9293700588    5.8331408021   -0.2770203892   -2.3103721596    4.1137107303   -0.8217270565
   0.9055392129    3.3083432461   -4.9820809125   -2.1312975570   -1.1408852883    1.7018157585
   0.2315033040    1.5247565267   -6.7129470829    3.7481848578    0.4983953996   -0.2576131637
   4.2225714668    5.1329996502    0.4601836104    1.1850518250    1.4082487563   -0.5626453615
   7.7331114851   -2.7382678477    4.8916497612    4.0352967103    1.3732153681   -4.7655343831
   0.0334579401   -6.8850636715    8.0305365239    0.9330781419   -0.8261200728   -1.6357145602
   5.4074201357    7.4236345679    0.0058206820   -0.3507325071    0.8650739232    2.1329783440
   1.4889533409    6.4079997347    1.6735178704    1.4909357949    2.3200752531    2.3171571171
   0.2247262645    1.9736644542   -5.6297779630   -2.2919508426   -1.9275050516   -1.2531210067
   4.5228440674   -6.2703963753    1.7748646824   -2.5021752265    0.1061536405   -3.0560408259
   2.7096758953   -0.3762669534    3.1909642323    0.6068467227   -1.2281869561   -1.4899722806
   7.1333664767    7.3910825446    3.5233655489   -3.3075161471    2.3380089260    2.8333259554
  -0.7980336593   -7.8049804642    4.1741659595   -2.8533673266   -0.5782721015    0.0771622998
  -7.6706697084    0.5919851674    3.9423016417   -1.2573410328   -1.7793808008   -1.2774257915
  -0.3943244619   -7.0272436322    2.9205939679   -2.7303361105   -0.4720676068   -0.0058214360
  -5.8447716334   -0.3844882855    7.4657687654   -6.0743237525    2.9651499421    0.4133746086
   4.4844608213   -0.4374849756   -7.7386720188    1.0412363831    4.7288940834    0.6913314906
   7.7133403028    2.6899018034   -4.4196284198    5.6382233163    1.8114623564    2.8545675138
  -7.2881859775    4.0767061254   -4.0356828187    2.8010001223    0.0405243928   -1.8168591692
   0.6705548317    6.0728084400    3.5092621548   -1.2053643855    5.4792916742   -1.4381755098
   7.9105131641   -0.3520460781   -5.2619118193    2.1678381989   -2.0194022246   -0.0501803484
   5.2834733579    6.5992275214    0.5208353484    1.0405409150    1.8077291932   -0.7338064353
  -0.2742809026    7.9355275173    5.9530651389    3.3068021281   -1.1523519649    1.3674758875
   4.9296556262   -3.6437733994   -2.8304068492   -1.0344294945   -1.4599338481    4.2675360813
  -5.4904959281   -2.7091464627   -5.9208693589    3.3625699671    0.9918026747   -1.6078650701
  -7.6606824711    7.3053882383    3.3139995129   -3.0252110757   -0.8747797216   -0.3338263825
   4.1816857844   -5.7905027641   -2.0149595367    1.8689293022    2.1270510581    0.1302626582
   3.2871656237   -0.3258281813    8.0293823375    1.3297233635    3.1020149144    2.8294397405
   5.8998752761   -1.9459792624    0.6493700066   -2.7872805152   -2.0778981183   -1.9276382878
  -8.0013577861   -6.7336767647    5.6718308422    0.6974017208   -0.7523178189    0.6913284704
  -1.1593816999    2.8990956184   -6.4919328110   -0.4441784708   -2.3360031259    0.0927758909
   6.8328297467    7.2948282953    1.2205368442    0.1268267870   -2.3360679446   -0.3581173227
   4.2610501869    2.5463642567    2.3194129915    3.6979564570   -3.0931812842    1.1812341998
   3.9529148561    4.1597151139   -6.8292052483    2.8942162234   -2.5277370690   -0.6523763425
   1.2776857352    7.4146476042    3.2050558157   -0.0980699205   -2.2356219675    1.2351796861
   0.8271968527    0.1737865723   -0.1354728237   -3.4860393238    3.1312803229   -0.0012105596
  -5.5711775670    2.6138490432    3.0929697565    0.7875034991    0.7241623932    1.4091152602
  -2.5195490120    7.0572414261   -1.6522803277   -4.2805111663    3.2043794792    1.0780240740
  -7.3714390962    5.4576282445    4.6770318512    0.3713555612    0.6120108216    0.4902559592
   6.5093494072   -2.9785500631    1.8464261040    2.8306582747    0.8397935490   -0.5453205613
   1.0846323807    5.6900955726   -6.6218923763   -3.0552693069    3.0663448526   -1.4473839671
   5.2189356461    1.9089002207   -0.6530655444   -2.6253203641   -2.6608529086   -1.3640233093
   4.2774476489   -0.1613639071    2.8716748394   -2.1991890664   -0.5052479790    0.5340751182
   2.3449088362    4.6230955513   -1.6451696541   -0.3148007985    4.3788650621   -0.1113137279
   1.0299698592    3.3342113350    4.9545825437   -1.4782952093    0.8547639840    0.4060253914
   0.1955553771   -6.0400340833   -6.1734792740   -1.8740340648    1.1202971394   -0.0058909380
   4.1367968732   -1.9756135184    2.3897590048   -5.7001940068   -1.4691775385    2.9278723950
  -2.5604784985    8.4291259408    7.2674040426   -1.9684879554    3.7062023307    4.8798492724
   3.5153659912    3.1454405453   -2.0800833447    4.1863539374   -4.4624709201   -1.7713923872
  -1.5913740470    7.9511119842   -5.3287328649   -2.0435502645   -2.9884572501   -2.9765264182
  -4.1932159222    5.8156920868    2.8278294703   -2.3520751966    2.2544829626   -0.3220343463
   6.1988997870    1.3030142622    8.0328551008   -1.7682902370    4.9011453832   -2.4921728625
   7.6050827051    5.4754480021   -4.2818514207   -4.5827067967   -0.2639935999   -2.2959011207
   4.8752988437    7.4019603655   -4.3306595597   -3.9482737751   -4.1053977218    0.8716645964
  -6.0539555041    0.2370630097   -2.1708455108   -0.9613400195    3.9466729937   -1.8264760526
   3.5436766539    2.9841902487    7.1510090126    0.3791764314   -0.0522416229   -1.2203181370
  -6.7221623425   -0.2783940355    8.0604022827   -0.6537035192    1.0718291418   -0.7697198208
   1.3375237726   -8.2888758020   -1.9274572742    1.0833690498    3.6579824704   -1.5874149490
   1.9656822471   -1.8038447139   -1.3032442625   -0.4143374117   -2.1104783565   -0.3977356378
   4.7437857797    3.6366846336    6.3026096006   -2.7628260818    2.8257778434   -0.2103086561
   6.0537474847   -6.5627698715    0.2098538327   -0.0207661267    1.1604284002    3.1278966969
  -3.5850632929    4.1860942020    5.2193247855   -0.5928012720    0.2342425626   -2.0266603777
  -7.1410419540   -2.6355413581    8.3771595071    0.5115451363   -2.2471504966    0.7021093682
   3.5232779896    3.8389310318   -5.0441870576    0.4969619229    3.4763778369   -0.9414094264
   0.8242040998   -0.2179902712   -5.2246294362   -1.5523174947    1.5666328735    1.7974722695
   1.4894043633    1.1420317435    4.8651448686   -1.7687781563    0.1155323470    1.6625749469
   1.9148928701   -5.0723813480    3.5370359471    3.2403430089   -4.1172185438    0.6609168871
   7.9545955195    3.2921087599   -6.5120401336   -2.3280076741    3.5176105271    1.0788791935
  -4.4872495676    4.6137912800   -7.9970119468    0.6104265783    0.5865344429    1.8431883913
  -6.6723816111    0.4439351546    1.9001818418    0.4918157432    0.9810073396    3.8260673112
  -3.9743730261   -0.2683373615   -6.8227501413    0.8521546108    1.9511177490   -0.4891035786
   6.6508190368    2.7817157266   -6.1150272248   -3.8839071719    4.5690337551    2.1434260275
   6.6277059684   -8.0201906958   -2.4923419856   -0.8827977324   -2.2472570785   -3.5397771312
  -2.9258726439   -7.5502509201    4.0441804070   -0.6810190915    1.1624836599   -1.5869020018
   0.5036443827   -5.7352522716    1.8406841446    4.5122289984   -7.7199091812   -0.0568915963
  -2.9294891595    6.9831028077   -5.9843467860    0.9183266409   -0.2492279829   -1.3852392726
  -3.7164646759   -5.1205346579   -7.5474966390   -0.4207011838    2.0588531514   -5.9517887916
  -5.3196663000    1.5580048657   -0.0031660105   -2.0820064072    0.3676436714   -0.2108594346
   3.1844832627    0.4179159569    2.8137246058   -3.8857841252   -0.0660948774   -2.2413562801
  -3.4017792289   -2.6236454869    4.8131391694   -0.6443902491   -3.9721706622    1.1467366307
  -3.4334974736    7.5332837033   -2.9239634437   -3.1009619615    1.0085643282    2.5870251587
  -6.4034643864   -1.2327100066   -7.4503059041   -1.8060705224    0.9963072233   -1.2522774086
  -4.8444589415   -7.2231064191    8.1702504419    2.2137872600    3.2550645059   -4.2147710994
   6.2753404068   -4.6756282153    8.3638433253   -1.2376554388   -2.4640593202    0.5244255586
  -3.6572446171   -8.5443759009    7.8378166830    1.2945460696   -4.1883479971    1.9945544035
   4.0676097758   -4.0617276405   -6.8558836468   -1.0038918995   -3.8681079309   -1.3232298153
  -1.3759636377   -7.0802040723    1.7911878718    0.3824933330   -1.0366464947    0.6831835179
  -3.2439524673    1.0372481569    3.4078975319   -0.7378427021    0.4772773636   -2.4528219344
   4.2477872008   -3.8797927654   -4.2414230382   -2.5741885528    2.4291911922   -3.0958851862
  -2.0765556860    0.0575667408   -5.6011853394    0.8768240110    1.3912320022   -1.6468908709
  -7.5756986157    3.3927540494    5.4206734034   -3.3412202379   -1.8690770606   -2.9113611110
   7.2773495053   -3.6081424411    0.3770429086    0.2657443144    0.6027126715    1.2812681033
   5.7260972608    3.8248536892    5.6728853396    1.5702544440    2.0154501958    0.2925510012
   4.2996999288   -0.7497529486    4.9996084145    1.3726691967   -1.8227297363    0.2519558876
   5.2872639213    2.7302192308    5.6670198520    0.2077191376    2.5497531545    0.2112547941
   6.4988867263    8.1891404003    3.1347110035    2.8656989550   -1.1924352706    4.0661659299
   1.9807832215   -5.1244449979    0.0333537102   -0.2304425536   -0.0916050370    1.0017839552
   6.1420283903    0.6223353823    3.0164154920    1.9222527433    0.5349470411   -1.0560371756
   3.5366370642    6.1514517555    3.8848122378    1.2417220973   -0.0996705633   -3.8214763058
   3.2639299494   -5.9119050369    3.2496691714   -5.7758370280    0.2244588144   -4.0733014393
  -3.9312839119    0.2418203320    4.4508037539   -1.3991243559   -0.7189162026   -4.4580115709
   5.9636723495   -6.5245962522    4.0837615620   -0.8871030222   -2.2560355969   -1.7717670127
   3.0130632145   -6.4061085195   -3.2540891459    3.2357197296   -0.9477224730   -2.3048515806
   0.7924517700   -1.7324777418   -7.5975844349   -3.1894531618   -2.0545700368    0.0633815078
   1.2298278637   -6.2771874443    1.8154707900   -2.0871770230    1.4226373980    0.3757940616
  -3.0775825109   -5.6508240401   -3.3897781870   -5.6360229974   -4.1526418694   -6.0033738486
  -3.0836734562    1.1421166404    7.4497039889    1.6279095381   -0.9425277734   -3.2775564956
  -8.4709216748    1.2765396709    6.9936938269    7.1134406035   -0.5008782895    0.8218869121
   7.0445433902   -8.4000650661    0.8524233441   -4.5648787652    0.0896846059    1.9846042714
   2.2049301531    6.3981636008    4.2253556839    4.8076219722   -1.1741109514    1.3102908500
   2.8646195150    7.7283146396    2.8058775645    1.5492711267    3.2118911362   -2.1781425817
   3.3077009004    5.4168892414   -0.9631322910   -0.7617607577    2.1265241264   -4.0261922128
  -7.9267892713    2.5260103367    6.2157672739    0.8411880327   -1.1906508195    0.7945420897
  -0.2696967880    5.7120158594   -1.9391807064    1.4927852838    0.2775634813   -1.0505525549
  -6.7707496277   -1.4972031473   -0.3814828810    0.4979734907    3.2539667769   -3.0646540804
  -3.7131790026    8.2547631987    0.7210833806    2.2370864295   -0.8491008696   -3.0479771806
  -7.6981445740   -8.5267424392    3.2047255695    0.0486028664   -0.8177102403    3.0795801461
  -6.4681130865    3.6965480641   -2.4826385242    0.2268913045    2.9003955015    5.2567421106
  -5.0588208081   -0.1113017514   -0.6644455300    0.0927125985   -0.4561040588   -2.5021231863
   6.1546158063   -7.1689753129   -2.7356602301    2.0987571125   -0.1430364137    3.0173315458
   7.1636595551    6.6154071472    5.6377047280   -0.0391728191    2.5387572657   -2.2402375630
  -0.2550401450    4.4524341977   -2.0382608110   -0.9100972688    1.2439350993    1.1416732362
   0.5893266694    1.1071602450   -5.1423697921    3.2352518252   -1.6714212380    0.2496468838
   0.5390703517   -7.7085497745   -1.6542809932   -2.1747858908   -1.3376636189   -1.3789045879
   0.2927397883    5.8112116571    2.2376117426   -2.2151652151   -1.7270551360   -3.5628225033
   0.6826160120   -7.0783357602    0.7723723901    1.9098151709    3.1089209139   -0.6077110716
   7.8561732616   -0.8683087841   -3.6392610861   -3.4503142408   -5.3198803260   -5.2388871018
   5.5206383195    4.6329601022   -5.2192228794   -1.7419534744   -0.3493590466   -2.2782323898
   0.3397070527    6.1882507457   -5.5790845428   -0.5434523736   -0.1878416043   -0.9956445189
   1.8322294650    4.9007757301    8.4921867431    0.5260474429    2.5689104117   -0.9173053653
  -3.8862666434   -3.2377745273   -7.9872648689   -0.4167674776    2.7302159970   -0.4856572179
  -1.6041594452    1.2906312691   -1.0795942120   -0.7752158958    0.4921113810   -0.0205116983
  -5.2082938701    5.4489444295   -0.3800534479   -2.4392079789    2.7886686708   -2.5533863029
   1.2690172593   -2.6571721079    1.7409043536   -2.3224793492    4.3773908552    4.3196138587
  -8.0146629296   -5.4851593470    3.2446720341   -2.7182654778   -1.0417073381    1.4397207042
  -5.7889250058   -6.1156080505   -7.0347644867    0.8938752400    0.4699709998   -4.6330355681
   2.6544331423    3.7216521193    4.0514670108    1.3496005158   -4.3924466885   -0.2834726517
   7.0776087323    4.8985730025   -5.8540241708    2.3569427697    0.8808259830   -0.0945985812
  -7.0519518152    3.1040715845   -1.1091161628    0.4828908804   -0.4586688237   -1.7015912814
   0.6260049612   -5.6211371690   -1.2197192740   -5.4862503587   -2.7201373559   -1.4616364161
  -6.9609293688    5.8267014908    6.1997026665   -1.1922369686   -0.4498297482   -1.9769606376
   0.1285267307    8.4740487007   -3.4447495163    0.7560415104    2.8598695105    1.4336126271
  -0.0438605711   -0.9195044117    1.7942916154    3.2575792328   -0.9334606791    1.7057841554
  -6.7973116182    6.2780401954    1.1541922750    1.6632795181   -0.1672202599   -0.5185274718
  -7.8630505200   -1.2282151516    1.0221274347   -1.2610787399    0.4240802817   -2.9630711878
   5.6372513181   -8.5178056542    0.4928895806   -0.1114325067    1.6648468246    3.2576045049
   3.7968449721    6.5854721016   -4.4717341661    0.0892550157   -2.2181888078    0.0037348009
  -0.4879216385   -4.3886722179   -4.3842794692   -0.9797477114   -3.3682744986   -2.4162771972
  -5.0413983707   -1.4673303420   -7.0903338123   -1.7416796934    0.1959004435    1.3121262685
  -3.9149309468    5.7254718721   -5.5124278671    0.7964576709   -1.0693735116    0.5466729964
   0.6180886003   -6.3898973435   -2.2650760067    0.1359939736    3.5101147467   -4.9043459079
   3.7005827557   -2.0183700642    3.7255007150   -0.7965197109   -0.0941734667   -0.5775861467
   7.3034441136    5.4116518029   -2.9002429481   -3.7061876886   -5.0115364642    1.1781258972
   5.3192232575   -0.7554177073    6.4847565619   -0.0571917095   -0.3874278218   -2.0875031649
  -0.3929289649   -4.8548251203   -7.3559334646   -0.6092537518    1.1154961325    0.6141619136
   6.9935552106    2.3465598574   -1.0405498160   -1.3995956034   -1.0941414280    3.2901463455
  -6.6165898486    5.7177420481    3.4803341375   -3.5300142762   -1.0727341412   -4.3207509897
   8.1368899180   -5.1505905343   -7.4794857532    0.2074223651    5.7471983389    2.0130689970
  -2.5898497534   -1.7625441803    2.9445865613   -3.5604805871   -1.7615020697   -4.4879890865
   2.2997185545    3.4785980824   -8.4127181041   -2.7638717215    0.6974792996    0.5569265711
   0.5255435861   -7.1120251001    6.5131915478    1.6552932068   -2.2934026073    1.5540902905
   2.6762066572    1.1051052818    6.5909006076   -3.6638369355    0.6486044779   -0.3911473006
   5.7634984509    6.6796128478    8.4380249090    3.8831447300   -2.8698339321   -1.5513474884
   1.3377854629   -1.4646844595    4.1891613214   -0.2406258570    0.3143867548   -1.3141318005
   1.6524653436   -7.5509791025    5.1661268986   -0.0383070259    1.1757620685   -2.6174974696
  -1.5347470858    1.2171981141    5.7166791677   -3.2088190748   -1.8799954866   -1.4582508938
  -2.9553813953    3.9032770606   -2.9109287964   -1.6720259539   -3.0062904398   -0.3414661369
   1.9826503544   -0.3564665050   -8.3622817211   -2.6406487371    3.7140805667   -1.1386139806
   8.2648721786    1.9131961014    3.4369041814    0.5859893688    2.5235163232    6.1384988284
  -5.2907334447   -8.3448211496    0.3111708179    4.3576454411   -0.8326121970   -1.7403772269
  -0.3463411917   -1.6018099948    8.4409748344    0.9809601571   -1.0789353915    0.5939874932
   4.9607867726   -1.6104381426    0.1581046179    2.2935999092   -1.3279338458    1.9739437058
   6.0488199837   -2.2237060886   -1.6133534401   -3.9706565363    4.1242167384    2.2662122714
   5.3714640330    8.5366981568   -1.0973987161    0.0229260304   -1.0559785449    1.1692824057
   7.0393423636   -6.9313732298    6.6544481775    0.8056502390    4.2114926521    1.7999292476
  -0.6210267329   -2.4191471558   -5.6484320159   -2.1540598221    0.0305866954    2.0206101535
   6.9840851630    6.0139667154   -8.2574882194   -1.2152410625   -2.1071423334    1.0716900833
   7.7464049039    0.7042180344    0.5497915755    2.5332972193    1.6231665678   -2.2690547280
  -2.1671460677    1.8821404065   -2.1277789110   -0.7089094756   -0.9111317848   -0.7289518948
   2.7089513643    5.9780611835    7.9985476608    0.8348201523    6.0702089974   -3.0693167432
  -3.8854271086   -1.2273199283   -6.3771875545    2.7604840312   -0.8036477171   -1.3868458095
  -4.7684770378   -5.3728494097   -0.2072298299    2.4085355814    2.3627038374    0.2362722881
  -2.3720801723    4.0592729978   -6.7444478486   -1.3740466573    0.1785912758    2.7477801206
   3.9728795382    7.8094549496    2.6244451080    0.1550981105   -2.0195865337    2.0997112571
   3.8928272584    3.8138773256    1.4605568675   -1.0287998321    1.0073094099    0.8773106242
  -4.4281486521    7.2158240154    8.4294767450    2.3290411165    2.1944457293    0.2428958213
  -3.4905348264    3.5862632912    2.5455577777   -5.0457542101   -3.9047378598   -2.8266176204
  -8.4619165054   -7.5059686450    4.1734065599    2.6779885026    4.5984997209   -0.6190445043
  -1.5287418579    7.3533194774   -6.0485605210    1.2003250532    0.4331872864    0.6387911583
  -7.6057617012    5.0453016388   -6.7351040754    4.1237988532    1.7860021829    2.0085615338
   0.7067764804   -1.4254750571    7.0832418384   -2.5397306754   -3.2415259875    1.8550137390
   4.6799689568    2.8414645046    4.3470217502    2.2983583739    1.1971269956    0.1036702667
   1.6781460562   -0.1795854668    0.4005758938   -3.3441281411    0.5133738266   -5.5713085229
   0.7053781825   -5.0605050805   -0.4648636400    1.7808114228    1.5436999620   -1.9275116491
   0.3682099890    1.4459141911    7.5071405494   -2.0078729804    2.2935311853   -0.3418911413
  -1.0908920939    0.2416431355    4.0464160469   -0.6976730414    0.7665043475    1.4012646052
  -0.8568228350   -4.0471245169   -8.4350757400   -2.5730496760   -0.3576572607    0.6954221239
   7.0269231243    0.4883496319   -5.5521724163   -1.0017903334    3.2674491636   -1.1780603585
   6.7166656662    0.6761518480    1.2467136221   -0.6159294542   -1.3611267329   -1.1170440772
   4.2616295675    4.0434055246   -4.2144127223    0.9364076602    1.8295165446    1.6392144221
  -2.0891567319    6.8341535255    6.7900500474    1.0846189183    1.8258698054    1.3109708060
   6.0421456085   -4.9537000537   -0.1919848640    0.4363519083   -1.3292548316    2.0521673195
  -5.0068745108    3.3382900289    2.2901057606    1.8116699670    0.1932314105    2.1789514974
   5.5699928544   -0.9275564242    5.4300603015    0.3157014601   -0.4589219766   -1.5907294262
   2.9684344474   -0.6864586587    4.7590123024    0.8282600571    0.0760022741    0.4894017077
   7.5773642391   -7.4586015330   -0.9989716496   -2.4179201253   -0.9089465488    0.4262774788
   3.5281184007    8.3924996553    5.1484402897    0.3298838233    2.1376188583   -0.0176091440
  -6.5287417150   -4.9058694662    5.2168544955    4.3307656646    0.3782210495    2.0809025527
   2.6339787283    6.2877129157   -8.0032018524    0.5472990223    0.2281973426   -2.3740123346
  -4.8627725131    7.8701668915   -2.6927948735   -1.9579273665   -3.3670898277    2.2917247332
  -3.7143592502   -7.0385712212   -6.5666540019   -2.2279211234    2.9801178368    1.5922222443
  -4.1604131027    0.2230379775   -2.4735746325    1.0270960026   -0.7120899323    0.5118223171
   5.8387073618   -7.0801606881   -1.3261730520   -1.5330817154    0.3072034055    1.8085907515
  -6.3614513148   -3.2079103774   -5.7997409199    2.4377953342    2.9868397451    1.3503997738
  -2.0041486024    4.5025026621   -2.7967601228   -0.6086317284    0.7277465007    1.3714109233
  -6.7524183803   -6.1764488970    6.3844187893   -0.9685416151    5.9702507610    4.0680937001
   1.1773335243   -5.1905774014    7.5298310910   -0.9683674366   -1.4453281478    0.4528580179
  -5.9632563094   -8.2543039477    1.7215601965   -0.6441940958    1.8082626667   -3.5410207799
  -8.3558667308   -5.5356868148   -5.2324232753   -2.0863952320    2.4063471405    1.6220450121
   6.7874959042   -3.9244448755    6.8678939111    0.2457425274   -6.7582386383   -3.4162726509
  -0.6052534773    2.4368039569    5.7536012177    1.4924519599   -4.0201446490   -1.4912303075
  -0.6705565904    0.3901394429    7.0212944914   -1.7194588377    3.4022906984   -1.3855374074
   0.5594155756    4.4368133145    0.1841562634    0.7719318098    1.5494162595   -1.2187787138
   4.7050390243   -7.0212938167    6.2087626066   -0.8950303988   -1.6170649040    1.7164790752
  -6.1428751590    6.6886968888    1.6951767947    1.2660059649    1.6451093357   -0.9756120131
  -8.4491094997    4.0877815261    1.7872099088   -0.3773888488   -2.7714728206   -1.4210988667
   4.7226403621   -8.2214093503    2.8236631912   -0.5151061335   -0.3074028655   -3.5054430956
  -0.9943108524   -6.5476010381    4.7364896672    3.1338464842   -0.5227662050    2.5520335877
  -6.0272052348    3.2607399634    0.9479727480    0.7107257608   -4.5054382260    0.8191754176
  -6.5789875124    2.1694988428    1.2302737085   -1.2177170198    0.3295992830   -1.2481943369
  -1.3480990157   -5.4650757001    0.1333830817   -3.9979661812    1.1649972524    0.0124939443
  -2.6527747432   -1.8253638534    4.3477969237    3.3093754539   -2.2115989910    1.4287507799
   6.0618416771   -1.8795672475    5.8458381059    1.6864755560   -4.2967705362   -0.5410978347
  -4.0273739345   -3.2104656681    6.3053687385    1.2570379137    3.3131117827    0.0458522568
  -0.9886281503    3.6259891735    0.2265754891    0.1397921758   -0.1304655444   -3.3510594542
   8.5184356285   -1.4242404534   -5.1915386394   -1.1043150400   -1.9729590132   -0.4303787894
  -2.9009734198    6.8560437520   -6.9974366749   -3.8495310527   -0.3394466553    0.2399023428
  -5.0721351182   -2.9058589717    7.4336359099   -1.5821524469   -0.7694325664   -0.3457035990
  -2.1124194512    7.2452723734   -3.8199423237    3.3081888540    6.3306604788   -0.5828421789
  -7.4494244099   -5.7181847575    4.5278715275    1.5414300546    0.2221650627   -2.6869787802
  -6.7300701755   -5.8199024891    1.3521983682    2.5689427086   -0.2313342558    1.4250328198
   8.2533269716   -7.1203377843    8.2918292464   -1.6440878047   -0.5974492391    0.0948675093
  -8.3074243082    3.4139143937    6.6868170577   -1.3927211496   -0.5985346969    0.1308630576
  -0.7765603423   -0.7138458439   -1.9299851795    1.4195036872    3.6330267852   -0.4622298676
  -5.2917326088    1.1483429354    8.4624659415    3.0619979276    1.8501389058    2.8713665983
   4.4158238119    0.0424139420   -4.5635929672   -0.2529044948    1.0044458131    1.2537713119
  -3.9382408802   -2.3928098702    4.0048949920    3.6288652075   -0.2354503935    0.2492987458
   4.7832217939   -7.7584623835    4.4253897843    0.7381123738   -2.4771087205    0.5053257042
   6.1945709982    7.0067121304   -6.6788814324    2.8445825282   -1.9254888556   -0.2333245721
   5.0147433770    5.1733701708    2.8320997910   -1.2674073187    2.9030240517   -0.3564611495
   0.7910943099   -1.5382987690    1.9821562354   -0.2030811778    4.2792595476   -2.2687968379
   1.6116107813    2.1848346291    4.7581040932   -0.9232024710   -1.0069122242    1.1023639030
   8.1659112034    3.6324234084    3.1633288115    0.5273242948    2.1188054635   -4.6364039661
  -6.0935846021    5.2577798349   -1.5069572928   -0.5575094322   -1.9047332023   -2.5837543183
   5.7251879158    3.7771260901    7.6249644011   -0.7456613134   -0.0276803338    1.4706457420
  -8.4790418466   -0.8998974390    8.4718985782    3.9573689357   -0.8112570189    1.4394902718
  -6.0999119824    7.1983275168   -5.1514532237   -0.7523444873   -2.0361065652    3.5181089417
  -2.8022462313    0.9309798927   -8.5055174759    1.1490174598    1.1982636977   -0.3280264729
   4.9896800898   -6.7934109615   -6.4911610414    1.4029701695    1.0940065333   -0.3793671370
  -5.0153741295    2.9797111272    7.8277066070    1.6938040391    1.8628646032    3.8233322867
   0.2519000656    6.9922326196    3.0733240732    0.1230761412    1.0982482797   -1.5850713425
   0.7531660979   -5.2271360375    0.4478536541   -2.0304894634   -3.6737628634   -2.0826596125
  -2.1231249335    4.8317100602   -5.7942656440    5.5229638927   -3.4922291734    1.2941294023
   2.7172089427    5.5903824743    5.0141833614   -0.8442267239   -1.1864480462    1.9204817592
  -0.9519487105   -6.8660385568   -7.9958277312   -0.8939699808    2.1170989961   -4.2047885528
   5.7961371159    5.8495448384    0.0004397981    1.4406598749    0.1817423393    1.3131490001
   6.9166386017   -8.2184136628    5.4441504707   -3.4443158214   -1.2440240381    3.2378315047
  -2.1379121007   -0.2142985057    0.1252871351   -3.6250864596    0.4299025414   -5.5333929283
  -3.3947068723   -3.1918450305    3.1385605600   -1.0672880589    1.4772185757   -0.4855513294
  -0.0535396199   -6.3809594191   -4.9155914125   -2.4364959406    1.4382350793   -1.3833772470
   5.9860983484    4.3135750426   -2.3418816554    2.8062093684    2.6001342814    0.4599280138
   6.4500745142   -3.4459112511   -0.0945129400    0.3030916145    2.1921862157    3.1298492879
  -1.4612388522    3.8096699500    1.1599225922    1.1212691255    0.5754278892    1.4689602626
   7.9166819575   -3.8755821777   -7.7822787986   -4.3183889978    0.0076005503    1.1122146014
   8.2413630176   -6.1266581879   -1.5973415975    5.5451601110    1.2160411167   -2.3317563348
  -2.2703545680    7.1685969443    3.8966391054    0.6414629462   -3.8864929918    2.1699909135
  -5.4552625083   -5.4330787913    6.5638676836    2.0700726336   -1.5050168603    1.6978312923
  -1.4784008742    5.7451628022    1.8657543417    0.2637249684    0.3295652935    3.4958828733
   8.1101496485    1.6885034907   -5.2019663395    0.9005025058   -0.1809222214   -5.5991051944
   5.7149458692    5.4697763096    8.1980393688   -1.0732667241    0.3060507213   -0.5226597048
   3.8127999341    6.4503307299    6.6152594051    1.9534482955    0.4499365466    3.4838333369
   1.8278606976   -5.6686277080    1.1961026026    0.3243259384   -2.2920559861    1.4737361426
   0.2052882735    5.9839168324   -3.8183651025    0.0281861871   -2.3764517471    3.5846203991
  -2.2529907132   -0.1310225995    1.6166950866    3.9726289470    0.1173040961    3.3502277440
   3.7884309718    7.2533471945    8.3848041226   -3.9700934082   -0.1404993305   -2.2428848567
  -1.3582936080   -1.0794682182   -8.5431336632   -1.0912289067   -0.0369928705   -2.6533539967
  -8.0628232410   -4.6607022877    0.7896951591   -3.0726000313    0.6377470108    4.8614760618
   5.9981543392    7.8470384020    6.5842990297    3.9286938877    0.6150960186   -1.4464915524
   4.3924835383   -2.7286910270    5.3212858969    0.3166510015    0.6708281285    2.8563494985
   2.5370143225   -2.7095150232   -1.8922007164    0.7866429017   -1.7361901943    2.3548317435
  -7.9527456375   -2.1640218576    6.0615166913    0.0947890266    1.5465707764    1.5307273084
   4.0685595272    2.0299947997    0.5504468430    2.1175457857   -2.3832001299   -1.2471312552
   4.7602196492    2.0502114981    6.7598732265    4.5171532807    2.8259391852    1.8454574227
  -7.0239617653   -2.9675310968   -0.5912411732   -4.2221511655    0.8832450659   -2.9079751548
  -7.7252134192   -0.9890864801    7.4781660887   -0.3926582458    1.4809880548   -3.1956123508
   7.1956887030   -7.5853696336    4.6569418716   -4.9632979173    1.4600640342    1.7509724733
  -2.7278890244    6.4576919283   -2.8821872790   -1.2196661801   -0.4449822473    0.1117933172
   6.2906324882   -3.7007738779   -4.7682144622    2.4566686389    4.1290217200   -1.9519006789
  -0.1918966381    2.2615143366   -0.6882235058   -0.7052536384    1.9497922895   -0.1371507360
   5.6002768911   -3.0922636779   -0.4484848446    0.8326440375   -0.0534968938   -0.4841455967
   0.7752086779    1.5632732677    3.7993826452    0.4531473667   -0.0547327998   -2.1050102153
  -7.9388708107    1.5798128440    3.3961419777    0.3543416230    0.2723474147    2.8280349573
   1.9470365090    8.0441347818    4.8770106456    1.2141646936   -0.2689133794    2.5532679140
   2.0635937444    0.7112656799   -3.9742441284    1.2576220205   -6.5802029269   -0.4870442647
   7.6801663157    4.0629213984    7.3854860216   -0.8188579412    2.3893829695    3.0857817727
   7.1304912293   -2.5924835359   -7.5556335198    0.6958046024   -0.3625818933   -3.9596938864
  -7.6898230552    7.4370516640    5.1905676682    0.7581550323   -3.2811047811    0.2944811120
   8.1931063009    1.8043427920   -1.9605293107   -2.3602332205    2.2802415626    3.2227082576
  -5.1313337372   -0.3480929411    6.1923763187   -1.4463281607   -1.8517087707   -0.9984817994
   1.4353264885    1.8035696075   -0.7929580248   -0.3063928297    3.8988170683   -3.0612280843
   5.8366767502   -5.3683242133   -1.7576586405    0.4002904290   -2.2599134395   -1.0920992734
  -7.4666696945    8.3434024462   -2.1251700805   -1.1914153902   -1.3484681031    0.1795853677
  -3.0945896570   -5.1890636011   -5.6545195767    2.7022394274   -1.3302002620    4.1852551262
   0.3442682097    2.4307429843    3.1798460093   -4.3313098260    0.6847311254    1.4235253590
   3.7048757470    4.4653371581   -5.9320500810   -3.6248878988   -0.6546782485   -0.5632530008
   6.9751393778    6.6699290092    0.2673256967   -0.5242648785    1.8038531859   -3.3880905613
   1.8808061119    3.8400713707   -5.2894103119    3.0835240367   -1.7008367892   -0.0912179160
  -8.0766696272   -7.3665607007    0.9914285591   -2.4169849579   -1.5166663781    3.9761551693
   5.1107787671    2.7292516542    2.9694443018   -2.1387568351    0.4538707128    1.3082362702
  -4.8015576929    4.4872731722   -1.1125195502    4.0378594100    4.0921156739   -2.6860086512
  -2.9637610914    5.3793513956   -3.7465991845    1.5108011956    1.1272737881   -0.1370978878
  -0.0927243349    5.3732509924   -0.7587357818   -0.9531820521   -5.6952325415   -0.1353465982
   1.7807036871   -4.9365823419   -7.7135919541    2.5720618006   -4.6218107297    0.5856224713
  -6.4741868831    1.3842816808   -8.0158918565    1.6313996706    5.0362087453    0.9755378481
   0.8134384290    5.1318574605    2.7136069727    1.3718035197   -2.5806397009    1.8568126006
  -8.2381263459   -7.3479696642   -4.2634517833   -1.2508854851   -0.1036939439   -3.2453951506
   5.1369187369   -1.8691634377    6.4168101724   -2.9111275090   -0.4076754804   -1.2043112162
  -1.6892587908   -0.3169724170    6.3044244290   -1.6923446936    5.2354773658    5.3340805095
   1.2053698636    8.0122023099   -4.0993521703    4.3084361121    2.0878544423   -1.7830627143
   4.4059359144   -3.3501263458   -5.1064420816    1.4572409014    0.7534703352   -3.2006531120
   1.4989403870   -6.5707963201   -4.2047027547    0.8469815910   -3.6733648995    0.9174193493
   7.4833496400    7.2097618636   -5.5265290335    0.8583073058   -0.4546333552   -1.3722224684
   3.3033810371    7.3521580640    4.5302255912    1.6353677836    0.5824450900    1.0988583156
  -0.8205946849    0.6966135732   -0.4521951101    2.4697202111    2.4255011794   -2.0907175060
   8.2663567351   -1.4322302214    5.6298571605   -0.5109314350    0.1613855740    1.1365272579
   7.3779680643    2.4781439010   -7.8731368582   -3.0478681033   -2.0377755955   -1.7293303681
   7.9938897476    5.3415054170    2.2721506642   -0.0881454499    1.4349551156   -2.1421240718
   0.3817204724    0.2696429427    2.1466991526   -2.2717065202   -3.1409235310    0.0877787418
   1.6562120223   -2.5550178601   -6.1864211636   -0.3526870543   -0.3931553280    1.2501617370
   8.2424467602   -7.3298059634    0.2699286473   -3.2921609838    4.6293695714   -0.1797208748
   5.5603954723    1.8026875978   -6.1820788188    0.1516141663   -1.7862896714   -1.6494475608
  -3.2354908512   -4.9268160007    8.1208600081   -1.5445991185   -3.5758139166    2.7607566571
  -0.2888624928   -2.2794205175   -6.8139185568   -1.8964756442    1.2176272674   -3.8418505553
   5.0569391238    5.8448970335   -5.9778426200    1.3480915544   -2.5031353141   -2.4913355307
   8.0875375469   -0.3712635382   -6.5336419857   -1.2814998392   -0.6767340935   -1.3355157940
   1.9620739703    1.8565535049   -4.3201581011   -1.6059987725    2.6321719120    2.2946910409
  -4.1616712308   -2.1122234500    2.7539685015   -2.8377393735    1.2812376334    0.5307077776
   2.7466657626   -5.9604115690   -6.0827093634    2.1228212641   -2.6412087692    1.3295233041
  -1.2738930356   -6.2396078362   -3.9331350763    4.2736823376    3.5128624963   -0.3142001479
  -1.0252195571   -8.0177834371   -3.6631910102   -0.6386011770    1.8046361579    2.2512469393
   4.9619455353   -4.6310847007   -5.0976938943    0.3162456515    0.2127961332   -3.2895659428
   8.0248994274   -6.5837989822    3.9449271699    2.6263311287    3.3613582837    0.7166239489
  -5.0435797318    0.3353320278   -3.2698852818   -0.3082877136    0.2233032431    3.5615889797
  -1.5135705145   -6.6097742522   -0.6574227653    0.8941498646    3.0434664226   -1.6607017717
   3.0038091652    4.2722535375   -2.7922229239    0.9770943920   -4.2077526834   -2.4313669677
  -3.4346132299   -1.6110908086    3.5315932484    1.7445054215   -2.1617983768   -1.4280426957
  -3.0274158110    7.0728384939    1.6042023322   -3.8170893588   -0.8058707595    2.8160331527
   3.9782262395    7.0140574428   -1.7694804001   -2.7094771882    1.0261285979    3.4336676379
  -3.4387674380    0.0132621728   -5.2585612734    4.1582048012   -0.1960790433    1.2029093373
   0.4365618775    4.9242508662   -7.9267035573    1.7094758822   -2.3182564658   -1.6177881824
  -1.9482510942   -7.7059253911   -3.2846282299    2.0030301253   -0.0435348827    0.0657997572
   0.8397496591   -2.3694309174   -5.6890668819   -0.4321173808   -3.7923657038    3.5048118622
   2.5408814726   -2.7208217828   -5.7322605556    3.4055442484    2.2448491400   -0.7796801053
   6.0564526357    3.1561867427    1.8805926613    3.7954610816    1.8089601429    0.5877433418
  -5.7403006763   -8.5354955371    2.5634004634    2.5402151495   -2.5676144059    0.7419894161
   5.2341468028   -0.9467448878   -4.7016346074   -0.1627280775    2.2423008372   -0.1165274354
   2.0270589536   -5.8563803431   -2.2217084971   -0.7310908829    2.4126201663   -1.4607065243
  -5.5020333861   -3.9043346411    4.8440175468    0.5057470140    3.0662207443   -2.9420365538
  -5.7905738356    8.3942557445   -1.7740060176   -2.7047678482   -0.6557294926    2.3164317432
  -2.1082727405    6.7215792379   -7.9542576781   -0.6067740031    4.4027061598   -2.7683044966
   5.1577038397    4.7114020470    7.3040192711    0.7962263403   -5.9726007606    0.0668149939
  -3.0365895737    0.4466668409   -0.4844141199    1.0366497315   -2.1377270989   -2.5259682577
   3.0229263065    7.1549404734    7.8406720050   -1.8543346490    2.9897686583   -1.4637103773
  -7.7728254517    6.3265281420   -8.0180184477    2.7865671289    3.9739672954    2.1143419920
   0.1878448096   -3.9209554792    0.4656175899   -1.5758264882    2.2482634963    0.1229723406
  -8.2970366808   -0.3379126956   -5.7413987881    3.6660603097   -3.7514972944   -0.0138677736
   0.1769570811   -2.6550950952   -3.4137947481    2.8996091862    0.7821281607   -3.3386246745
   7.4746690779    2.6386616842    1.6668842502    3.5398577393   -0.6781559615   -2.1210381877
   0.3189295256   -3.1198047051    8.5291349146    2.2035289385   -1.0227066582    1.2141652089
  -1.7452787936   -4.5400789139   -7.3862801890   -0.1222929134    0.6047711541    0.5701880160
  -0.8632722903    8.5106371443   -8.3260472885    1.9872891563   -0.9099505693   -1.3510660902
   0.2754499222    0.0721930367   -7.5515131882   -1.2224228021    0.3051157348    4.5818699581
  -2.0147425829   -2.8192276663   -0.2443541826    3.1131220562    1.0586252212   -2.1090943156
  -0.2461407487    2.8171996182    3.9177953517    1.4899997843   -2.5300956223   -3.5128088072
  -5.5177758167   -6.1853685007    7.9709095364    0.9707097624   -0.9202243466   -1.0935845024
   1.6720495332   -4.5506504988    1.5276790873   -2.7004291020   -1.2448907235    0.7264717848
   0.6630878438   -0.3337371988    7.1775998856    2.5242965087   -1.0516883861    1.3630484242
   6.0053212167   -8.3832506161    5.0409303905    2.1549465827   -1.6668473983    0.6267690877
   8.1000588215   -5.2142821335   -6.1696479110    2.3052773856   -1.1773514635    1.6249215856
  -3.4895706854   -2.6105313713    7.9508078430    1.4268707636    1.4183646840    2.2784570038
  -7.0016270785   -6.3551734625    7.7661420074    0.2933241466    0.6781228477   -1.8456521347
  -8.2588095681    1.9717559725    8.3240960684   -2.1001189723    0.8272747750    0.1816507308
  -6.9718533148    3.7065106995    7.3310177478   -2.4609893612   -1.0348768274    0.1012074060
   7.4365054939   -0.3585615802   -2.6446266395    3.3297577965    0.6295348833    0.9744519823
  -5.2378476552   -7.1081572822   -2.9514176835    1.2160757811    0.9717983722   -1.1122355956
   2.6486959966   -2.4568640061   -7.6142285207   -0.2721248092   -5.4620729218   -2.3764944551
  -2.8032590434    7.7977454965   -4.7454946948   -1.7424745493   -2.4875896179    1.8942947009
  -3.1623398886   -0.3546921468    3.6140564060   -1.8571382005   -1.2787733656   -1.3951951231
  -7.0427598131   -5.4178889441    7.1380598622   -2.4679345379   -3.2970062791   -0.1979885481
   0.8333813959   -7.8503723912   -6.8759044834    4.7291798843   -0.2103550396    1.0399622542
   1.7205036195    4.9541676593   -2.2855012877   -1.5053082992   -3.7877805662    2.0712735802
  -7.9538696162    4.3417294483   -7.8707848604   -1.2368275201   -0.5158881940   -0.0868882245
   1.0100338779    2.3435131797    0.1668819900    1.2139197690   -0.0165349607   -0.3479898717
  -0.3061621244    6.7134487968    5.7729855139    0.2977053763   -0.5217790361    4.9484041123
   7.6171652340   -8.1812364691   -2.7115253104   -3.9317596658   -0.4124223111    0.6908669062
  -5.9155650322    1.5659788335    3.3533009880    1.1481387836    0.2072325063   -1.1387265599
   4.2780477886   -7.0105752882   -4.0113953221    0.0972476908    0.9959552024   -7.4998959615
  -0.5263499464    8.3018748618   -6.5063528228    1.0993972016   -3.3374667044    2.7626723775
  -6.3333448756   -6.9740269659   -7.6358229928   -2.4953039074    2.2710519226    1.0105224577
   2.0648200043    0.3690108274    3.1064883020   -2.6216380982    0.3062936696   -1.6461780115
  -1.1306901001   -0.9853718936   -6.9788115439    3.0234717359   -2.4890794526    1.8955930445
  -3.4715326006    5.5171368011    4.9025844181    0.9037229238    1.5380777358    0.1517735928
   0.9242304233    1.3203304886    1.7716087042   -2.8145012720   -0.8747351649   -1.8558194118
  -7.9152652370   -0.1147485470    6.1259862786   -2.2785651171    2.0928137675   -3.5490294280
  -7.3656081281    0.3896281512   -3.6939059359   -1.7203078555   -1.8747255411    0.9620373065
   2.3432972511   -8.5477691411   -4.4237477491    1.9745340288    3.1493568948   -1.6381786262
  -7.8023622339    1.9847646381    2.0613558716   -1.8532846013    4.4197479705   -2.4708624687
   4.9271493555    4.1626644273   -6.4034819094    1.7711936884    0.8432517161    0.9394177866
  -1.4074211748   -0.8957905778   -5.0536613211   -2.0442525548   -4.5636564367    2.6888754853
  -3.6273057721   -4.4862712330    5.3006929929   -1.8055264455    0.9283881085    0.4148604253
   1.4840163213    2.9742887047   -6.3049895903    0.2639344207   -2.5303753620    0.8375138662
   8.4312377287    3.8294746259   -8.4072368737   -5.0523030904   -0.2605687505    4.0542564499
   1.5402396609    5.8200603252   -4.2902299797    2.2272011600    2.7436040133   -1.0631248411
   7.3112503414   -3.6217884648   -5.8633826560   -1.7877689766   -1.4214785905   -4.5815937353
   4.3418761056    2.2033126810    7.8955754037   -0.1169756969    0.0295550169    3.6389525260
  -4.3093196956   -6.8893900565   -3.1372875482   -3.9037517800    3.0636984134   -0.9659748960
   0.4966895782    2.1825723879   -8.5087497108   -2.6556501529    2.0287771662   -2.2974966585
   3.2814969064   -3.5203216377    5.8690220666    3.5024695526   -2.4031565492   -0.5936428004
  -2.3755500798    4.3071711734    0.1648230078   -0.2150852263    0.3697267701   -3.4564481885
   4.7531311600   -7.8081514698   -4.5788255415    0.2205882714   -2.9336162458   -1.6835833318
  -0.5077508207   -6.7610035962   -2.2294117419    1.8414719172    1.2039544327    1.7766968845
  -7.2026964604    7.0273943410   -3.2730653075   -2.1522578077    1.5462426645    5.1330412936
  -2.8684616868   -2.6486806658   -6.2471562889   -2.1750683818    0.7197944335   -0.5126037786
  -7.2170767474    4.8923490609    7.2270949893   -1.8678505537   -4.4739500077   -0.8904953621
   7.6801880052    8.3022177609   -0.6371185634    1.6711836956    5.0248476978   -2.0814936787
  -3.6109570044   -4.4669678982   -0.1693298503   -0.9460479051    0.3541004831   -4.0965330616
  -0.9711422523    8.1132626336   -0.0383931821   -1.8451843448   -1.4079102284   -0.3183015034
  -5.5437535170   -2.0770217709    3.3566409683    1.1463923363    1.5836003887    2.8151820889
   3.8216722296    4.2567582513   -1.5776680472    1.9345957689   -1.1474081686    0.4929236094
   7.8966513964   -7.9996478487    2.8935863711    0.6118661206    0.4830862492    1.8568831037
  -1.6778952955   -1.6082800893   -2.6799008740   -1.2761477313    1.4467251965   -0.0297417394
  -4.5525091491    2.8772041037    6.1020480533    1.7646241724    2.1209410215    4.2018493303
  -1.8884616987    7.9075109503   -1.8575172369   -1.4986778609    0.8813200778   -2.4931723367
   3.3852266439   -1.0556935589    0.7650190768    3.2022941535   -1.5265322815    0.8463805479
  -5.5083639295    3.3822673082   -6.0147921765    4.0971881754   -0.9426558310   -1.5239363359
   5.3890436503    0.5808176362    4.6181783935    0.1210636911   -0.3941057185   -1.0749878057
  -0.4639916567   -3.0049094692   -7.7604417665   -1.4632502329    2.8091985802    1.3970965071
  -2.4797040680    1.0608881239   -6.3649276963    0.3109596780   -1.9467711389    1.4492961755
  -5.9489196549   -5.3312956979   -7.7942848991    1.1381429100    0.8317211737    2.9266476505
  -7.3884400461    7.2421498053    0.4119340170   -3.6790090693    4.5891173342    0.7604485544
  -5.2559971997    6.7358706581   -2.7524589967    0.3733573709   -2.2290077789    3.0262563825
   5.6763715394   -3.9509670003    5.5423246533   -2.1745401673    0.5111534002   -4.0019559866
  -0.4779344324   -0.6774808962    7.9842626267    1.2254482073   -0.4400823987    0.0279241411
   2.9946450657   -6.2159922974   -2.0346896500    1.4963949047   -3.2119364293   -1.5229124432
  -3.7089783628   -6.1217566044    4.2474479121   -2.7624121412   -0.5497222067    2.2214353659
   4.8035786531    1.2222334155   -3.6896808092   -1.1092870017    2.6012704593    3.4193987567
  -4.9558727708   -5.9245035064   -6.2296512950    0.9198912143    2.3255770957   -3.3013673200
  -7.8902574637    7.4683657116   -4.1126167217    3.1771425517    2.5236872238   -0.2334888757
   6.3194251176   -5.0785934437    7.4915472613    0.4349450929    0.1753094907    0.9111296299
   4.5172451745    4.2897710487   -0.2288218702   -0.1578754631   -2.1671597855    0.6308850701
  -6.3894392946    3.9107320873    5.4530186093   -2.4755628772   -4.2166848118    4.0646573919
  -1.2531592319    7.2116602384   -8.1481873671    2.0479026719   -0.3441055827    0.5438561836
  -8.4799096623   -3.0792799896    4.4520311557    1.2934587060   -1.9754762236    3.1760826089
  -4.3808026759   -5.8014141463   -2.9707881196    0.4967215679    0.3592048348    4.6939859871
   5.0445712224    8.1266917957   -2.5804623935   -1.0948471238    3.1881058547   -5.1982402311
   5.9572154047   -2.1365859405   -0.5941881955    0.9237206938   -0.1963776240   -0.1636054758
   6.4227624005    7.9224040202    5.6885485852    0.1693585267    1.5604641102   -2.1955119766
   6.2590419393    6.9651258206    6.0555220944    0.9827169805   -0.3403777822    2.1736533392
  -0.0004067335    4.2504785384   -4.2615419525   -0.3447168592   -2.1956859169    2.9105262577
  -2.9186407945   -7.0330419377    7.8618973400   -0.3265402186   -3.7241582337    4.0770451902
  -0.6788885109   -3.0049019104    6.9502318379    2.0326046556   -2.3286638526   -1.1382122598
  -4.5863484214   -2.6845918090    1.3001957783    0.2596648708   -0.4492635826    1.0418351956
  -0.8130367785   -4.1652259859    6.5756220810    1.0492493826   -3.5558257487   -1.5023574376
   5.0384822592   -6.8742056345    7.8358667601   -2.1328135564    4.6083001278   -1.9070111663
   0.4600921086   -3.2075071016   -1.1631015611   -1.3849445024    3.1908268702   -2.4360183912
  -7.1663849922    1.1447869458   -0.7118338951   -0.2024941455   -5.0634642693    0.1585708678
  -5.4843609052   -2.4386256632    5.6952267244   -0.7396494970    2.6783061184    0.3678380691
   1.8290605042   -1.7111813830   -5.7421842905   -1.2169951673    3.1903308814    3.0553193426
  -6.8257569552    2.6261447995    5.5977344753   -2.9076973898    3.3767313664   -2.5716411086
   6.3428665276   -5.9664484897   -4.2334495460   -3.5727114258    0.7137019937   -3.5924434830
   0.5855101715   -2.4504272666   -4.6617980419   -0.5118342131   -4.2903391711    1.5914783435
   2.4549668251   -8.4319460614    4.1769872612   -0.4205322014   -0.5089505006    2.3577895737
   6.2226679341    4.3812754053   -0.9752630007   -1.5657460312   -3.2305429721   -0.6826483782
   1.6809211261   -7.1280859910    1.7889716389   -0.8236993719    1.4041273651   -0.9386321483
   3.2147002363   -1.7499320241    5.9077927451   -2.1381304391   -1.8182289138    2.8047430062
  -6.8042214675    8.0475623098    1.6534722390   -0.8484768657    3.5795078048    1.9995630157
   6.8728886096    4.4441401933   -2.2574306098    0.0816450250    1.8488634368    0.0493773802
   4.1285748882    4.9220979222    6.1522699172   -0.4434709412    3.3059081511   -1.0638184850
  -4.1348913879   -3.1228078744   -2.7576842597   -1.2249538742    0.3087511574   -1.8258965731
   2.1532975900    8.2226965871    7.0747971318   -0.8674590610   -2.6904889376    2.8413866190
  -3.3840724987    6.5406192400   -3.8468103172    0.3707158334   -2.5585022409   -5.1261009727
   2.0030391172   -2.1717411208    2.4882427652   -0.0049651161    1.9575719017    1.7828957310
  -6.8934452804   -0.1928550108   -4.6960388163   -0.2746303826    0.9155547442   -0.2144276779
   7.4129020693    0.9840147963   -1.8722408353   -3.3268164004    1.3488903953    0.3290971004
   7.8725110327   -3.0864602457    8.3218260393    3.2949821646    5.2055614670   -1.0086041096
  -5.0995097851   -7.0745314609   -0.0707356906   -1.3991291192    0.2132519374   -1.6628907827
   3.0672242189    3.7962110887    6.2946147217   -0.5096295537   -1.2180235349   -3.4475970918
  -3.4661695212   -0.8277668265    0.0733060260    1.3079655215    0.8840822526   -2.0716783176
  -0.5728070434   -4.2364964278   -5.6050925670    0.0317088778   -2.2080599186    0.0010116635
  -8.2236417371    6.0186272153    1.8324238384   -3.1163141172    2.8380871007    1.7307954528
   4.3929448573   -7.3194708856   -7.5459881157   -1.8785906464   -3.8177006809   -0.5436968979
   3.4841945277    2.5551418144    4.3364955767    2.6595907440   -6.8918276795    5.3838607495
   1.0739800826   -5.5785646800   -8.1529335065    4.0903561306    2.2198769081    1.6388605741
  -3.8484320578   -1.6709497932   -0.4434666931    0.1249206542    0.7764022855   -2.2414834520
   5.3954720238    6.6299144989    2.1509429161    2.7917709083   -3.5467314076   -1.5075366689
   4.2201591225   -5.0286883476    8.3230119753    1.2616383191    0.1304161372   -0.7842274375
   0.6721060249   -1.3812461115   -6.1570809004   -5.0122121067   -1.5043301409   -1.4462347911
   0.5819320616   -2.5834473457    4.0261409039    2.3987928631   -2.6678699713   -1.1775694598
  -5.0914103325    1.0327414337    2.8158294015    0.1822424737   -1.3269579458    0.6057334051
   8.0402414934    7.9580421838   -6.9125324974   -0.9844523202   -0.1625355948   -2.1114202750
   3.1116929121    3.6552013144    0.0857306460    4.2772676704    3.7962259593    2.7399615491
   7.2880127041   -7.5889540391    1.4131521315   -1.6681552461    1.7487529387    1.0533884207
  -7.0547152644    5.6715803041   -7.6811385787   -0.7641095444   -0.0920203549    1.1250319642
  -2.8447582673   -3.6134773232    7.3593937770    1.2576710979   -1.4741552875    0.5390049159
  -5.2903926833    7.4395201466    7.8242791136   -2.6713516985    2.6620437099    2.1875173823
   8.0984202698   -2.3844879952   -3.7441623929   -1.2131842720    1.5051927727    2.8520866175
   1.0087556437   -8.2724361643    4.2820549850   -1.8491052279   -0.3320941316    0.6518479618
   4.6395947502   -2.5952125461   -4.2066405851    0.1342532525   -0.4629839422   -0.1160530095
  -3.9330069386   -7.9454303221    1.9908466208    1.6851509688    0.9787039533    0.5755413822
   2.5764337331    6.2578367846   -5.5326385602    0.1325694866    3.9108336024   -6.2301525778
   3.9380876941    5.3450755616    1.7942638091    4.2198160042    0.4158903517    3.1968368772
   3.9440512564    3.9984472157    3.1505609308    2.4054547951   -0.4325339141   -1.1551414274
  -5.6884598209    3.7026361696   -0.1683854061   -4.6028714453    3.2751561247   -1.0588433200
   2.3179889786   -7.2765971645   -5.5692894341   -2.7890773817    3.9873603401   -3.2208641477
  -0.9234991343    5.7470288016    0.6903186342    2.7751840681    0.0897684432    0.1090801174
   1.7353890676    3.3310925175    3.5264508314   -0.8642339436    1.1361044255    2.7175892319
   7.7787329157   -0.8631370733    0.8016441964    1.8917810709    3.2676636216    0.0437760960
   1.9522267015   -7.3048165737   -0.3440691383   -0.7720804220   -2.1835406962    2.4375319594
   7.7458322240    2.6682269055   -3.1667897350    2.5987914802   -2.1040524054    2.1509100471
  -7.8999426443    1.4605098095   -7.6752654183    2.2689128697   -2.6273216990   -2.9370558301
   6.7395849144   -6.3910706875   -3.5313007293    0.8909436350    0.4709298561    1.0795896997
  -3.6267457480    3.1337696892    3.9920074790    3.3067278811    0.4169522143   -0.7391529471
   4.9323177439   -7.4253522219    1.2562295197   -0.2500724114   -1.6581951332   -2.4698819932
  -1.4281987908   -2.5584420167    4.2622297877    1.6678418964   -1.1410397312   -2.4665105040
   0.6892979117    0.6130015918    3.8756557765   -0.7530350037   -1.7726050200   -2.0762785558
   6.7228245973   -4.6612365394   -2.3485366171   -5.1244123312    5.5381310503    2.9645562950
   6.0634808395    3.7666485459   -4.1859928363   -0.0166489599    1.0757917641    0.8492518711
  -3.9651869747   -7.1843982532   -0.4786406539    1.7045946401   -4.7342255840   -3.2274934637
   5.2263624084   -5.6406404639   -2.7737103639   -0.4741311973    0.4723501254    3.3978985109
   1.5224527045   -0.8364911970   -1.6031928878    1.2152786356   -0.1277029027    1.1233300642
   3.7193851554   -0.9222061904    1.8920211026    0.2281106925    0.6745799898   -0.7699154637
  -5.3757674936    0.4702171102    5.1572129732    0.8394996285    0.8135820725    0.4141838403
   0.3327179480    8.3967341284   -5.9053439698    0.9670666606   -0.8634028857   -0.3495548256
   6.5456305047    8.5070781510   -7.7499513257   -3.3651474106   -2.6424095420    0.9245894656
  -2.8915894466   -7.5518896298    1.9287713869    2.7683535902    0.2195365115    1.7417555538
  -8.4764115713    6.3406724927   -5.4179273058    0.5190247546    0.4987247124   -6.1712101352
  -7.1980466842   -1.9301234879   -3.4938993809    0.3877377678   -4.1528573636    0.9096585347
  -4.2917935096   -5.2905808144    4.9452850801    1.7058816193    1.8977338740    0.9859498414
  -0.7827403787   -0.8524733481   -3.2594022980   -2.5558609717   -1.0733667581    1.8257104061
  -2.4956534948   -0.2857378256    8.3913044422   -1.6979876904    3.2844909270   -1.4252906088
  -7.5805769494    6.7039544864    2.1618535650   -0.9830668122    3.2670143831   -1.0311552498
  -7.4286091947   -7.4671814434   -1.4307399581   -0.9723046075    0.2620691048    1.2125912031
  -2.0529349237   -0.6402926348    4.1125832320    1.4652481967   -0.9935272509   -3.0988013597
  -8.5272220561   -2.4216539671    7.7876074545    5.1079351711    2.9767901226   -1.4687165160
  -5.1151625674    7.0512756232   -6.9647545712    4.3736416635    0.8883167056   -0.2963693366
   0.2411505278    1.9999719665    5.8809207412    0.2803841918   -0.3583723569   -0.5844763847
  -6.5955547576    2.1550035180    3.7470629588    0.4286843098    4.6456280385    3.2675566421
   5.1767469808   -7.8116273255   -2.3866115820   -3.0502233553    1.4285588425    0.7034087414
   7.0173222099   -4.8315796917   -6.6823767623   -2.1572681318    0.7263611387   -3.8693329543
   0.5661576826    7.0336959451    7.1082299834   -2.4505770738    2.2443084365    2.3600913387
   5.6792124840    8.1483056618    1.8676459356    0.1996261672    1.1243544651    3.5728970241
   1.8956715088    4.4036234102    4.7591505588    1.2131376869   -0.3967191029    2.1721276566
   6.4937548421    6.9957842814   -2.4491726253   -5.1573591126   -4.9320299948   -2.5373058782
  -3.9258770838    0.4924312113    7.2941556786   -2.5599259386   -0.8404565143   -1.6121940766
  -2.6919602168   -4.2283261742   -4.9657836886    2.0246727950   -2.6177901919    1.0836701534
   3.2427220063    7.9754625550    1.1771413640    1.8109571759    2.0404607557    3.6217732927
  -7.2385943592   -2.2181375482    5.1948759047    0.4951568107    2.3861873138   -1.1099317913
  -0.2290535490   -1.5941138686    5.6336392004   -0.8839739138    1.4456881587    0.5208366306
   4.4263807677   -5.4351938668   -5.0942904144    2.6499139201   -1.4855498894    0.0278295008
  -8.0332520172   -7.4291090558   -7.5325751491   -0.5659592872   -2.1921807079   -2.2559122090
   2.9274317598   -3.0804278786   -0.2427357549    0.1832004471   -3.6002462561   -2.6736085227
  -7.7802474584    3.6492062701    0.4818980473   -0.3556657554    3.0977701777    1.7466576891
   1.3187887278    8.0204684484    5.7894126656    0.0776765431    1.7562223528   -1.4438523848
   6.9628110808    4.6218198091    6.4151565437   -0.6255308830   -0.8186058754    1.9825518026
  -5.4623454780   -3.0278638494    0.2150214694   -0.2462684387    2.2959945792    1.9890332316
   7.4736587031    7.0701488787    7.8765892591   -0.3152510040   -5.4611182019   -1.3540566098
   0.1571467920    7.9444357502    2.1700992991   -0.2039844983    2.0400431842   -3.3754422658
  -1.2119887564    2.1380142698   -5.5047116017   -3.0615027634    0.8236100132   -0.8828310933
   1.0946698304   -0.9610991939    8.1546946032   -1.7755150034    0.9146712508   -0.4832483834
  -0.1965991579   -1.4950462009   -5.2485585109    3.1978734398    0.3988740730    0.5365742782
  -7.8980479965    6.5833049165   -0.9441449414   -4.7392037728    2.7300172014    1.7239588164
   8.1996379447    4.0108133974    0.0803975205    0.5592126755   -2.8819425779   -2.9653620358
   3.2308886148    0.2118311703    5.2331015689    0.1479875345    4.9763975637    2.4160550025
  -7.0011972957    0.3158542362    5.3804182337    3.0099401929   -2.6298100213   -0.2732591742
  -1.3547996903    4.4582679802   -4.8546665991   -2.1292610833    1.6621927025   -4.3051140253
   3.4940197333   -6.3146060152    8.3952376641   -0.8738488016   -0.7570197081    3.1632252543
   2.5734077601    5.8727984952   -4.0249193695   -1.2866295012    1.8086668256    0.2257693184
  -3.5514429114    8.0459518992   -1.9156972792    1.9753818850    0.6701927485   -1.0524047605
   6.7634813229   -2.7746093683   -0.7550791284    0.4808592391   -3.1789233663    1.0612163536
   2.6782143868   -8.2147343310    5.9300549686   -0.3186048790   -2.2988242721    0.6512210371
   2.0389732055    5.4332732971    0.9285113552    2.4693880991    0.8251427946    2.7419193628
  -0.2623695716   -7.0958224640   -4.0061652873    3.2942918390   -0.6339348555    3.4966125751
  -3.1353390298   -7.0488658111   -0.9689355888    0.4462634426   -1.8006754277    1.5673625212
   6.8042860260    1.8240393613    1.3249929491    0.0922734412   -1.9126256188   -3.6793597303
  -2.9651472217    3.6080656198   -1.1336150690   -1.6666653701    1.0868881662    3.5415078662
   6.0623867488   -6.6314261947    2.5905616332   -2.0952714919    1.2465304541    1.9234805793
   5.9543327839    4.2365672903    2.1633167029   -2.4441856591   -2.6930329069    2.5643086231
  -7.7538922211   -1.8804546943   -2.4943768746   -4.1559205881   -0.6321291250    1.8570045365
  -6.9201167307    8.3041757445    6.9293652991    0.6519607265    2.6153432265   -0.7220933341
  -8.3283393962   -5.6662137632    1.9755135976   -0.2103512626    1.1933642241   -2.3877173675
   6.2418062499    1.5912677313    3.7010082992   -3.1339937117   -0.7716056696   -1.2313262532
  -6.7952175383    2.4998290946    2.5335373945    1.6412454762    0.6031791947   -0.5773861830
   8.0500923879   -3.7885792983   -5.1975125497    1.8389227396    2.3520998636    3.2763489347
   6.3988232345   -5.9835497679   -5.2999308246   -3.5242340851    2.5749178260    1.1543423230
   2.7715112743    4.4143733547    1.4797411726    2.3752093995    0.7414810888   -2.0985682233
   6.5778321864    7.3847078819   -5.2246901314    0.0734994278    0.9972467483   -0.2151497417
  -3.2343458638   -6.2234036499   -8.4344384539   -2.2742267573   -2.4220156633   -2.4738517797
   0.9627062352   -3.9657978758    4.7660139853   -4.8195953326    4.2482001363   -3.1533054851
   4.1197050507   -4.2964803654    3.9890054169   -2.3443588609    1.0398720860    7.6399285604
   5.8823668196   -6.2554284403   -8.0460262533    3.4952886605   -3.6609235225   -1.8457182208
   7.3850140607    4.6418301141   -7.7474303740    3.1200374732   -1.0959511950   -1.6973602311
   3.9409847892   -3.5420844040    0.6739145048   -0.4865525791   -0.7692971269    1.0663987530
   1.5679095649   -0.1181840361    6.4096875178    0.1252839390   -1.4149446629   -1.6231600389
  -8.1908430087    6.1011098858    5.3230206387   -0.7107292633    4.8414201451   -0.8805740517
  -0.3717242219    2.3273710489    2.5900264356   -1.5784882360   -1.9988260218    3.7117685433
  -6.0202097045    8.0165123950   -7.7641398997    0.1802071635   -0.4228520948   -0.9007163463
  -4.9830402109   -3.5498254274   -3.1907771218    3.6042380903    1.3385283803   -1.6675196945
   3.7935634769   -6.9037371649    2.2415046059   -3.9736557250    3.1487479180    0.8340452033
   2.1653630431   -5.8716055138   -3.6930930099    0.8216086006    0.3920073637    1.6618597700
  -3.2330939084   -6.2913422466   -0.2447730921   -2.0585512017    1.5608246877    2.7352240499
  -0.0468424999   -6.4092379632   -7.4179294489    0.3166494360   -0.5988164369   -1.9446119199
  -4.9121032689    7.4203490769   -5.9480912189   -3.3768225304   -0.2953274086   -2.8754910444
   2.0405952358   -7.4706979456   -2.0079730921    2.2468878617   -1.5631515517    2.8403910994
   6.7835517213   -1.6979123954   -0.7188161145    1.7835804170    0.7028364280    2.9873095612
  -2.6258406097    6.1309149805    4.7508825997    1.5399868301    0.5646903712    2.0341390381
   4.7637147436    0.3218523636   -6.5848600066   -0.5947598921   -1.9259245474    2.6723827354
   3.5946590103    5.7298590244   -2.4254559046    0.7015762495    2.4139511871    0.1147928518
  -8.0049911061   -4.6287380284   -4.7735493223    3.1210331086   -1.5110095487    0.8158375859
  -1.6577893981   -6.4870316550    0.4399121496   -3.2194661985   -0.0017466327   -2.5351395771
   0.4569057282    6.2121808740    4.8385789658    2.9157192077    0.9142508319    1.3987597275
   4.3896653930   -7.3152591031   -5.4951719485    2.6834819846   -3.0983655796    0.9725557538
  -5.1581134743    3.3144812677   -2.2202496756    1.8075889665    2.2475228170    4.3338132653
   6.0961914143   -7.9734007857    3.1362835490   -0.6519834183    2.4235281833    0.4450130427
  -5.4439778153   -1.3697557816   -5.6529472032    0.3185598479    0.8179180923    4.4524728740
  -0.3488813095    4.2968648117    7.7854602149    1.5349704064    0.0470956766    4.7275402946
  -3.3205899335   -5.8257866311    2.7666725680   -1.4573413889    0.0734839908   -2.9649341777
   1.3486100786   -2.0157178821    7.8768505052    1.8637326404   -2.2786249517   -3.4280365721
