           1000
    17.09975947
   4.0161298377    0.4342419399   -2.5751725966    1.4579306378    1.9076552114    0.6657783834
  -7.2101745190   -5.1451003153   -7.9580010716   -2.2464200070   -3.8295512628   -5.6277134462
  -6.3830708192   -5.7319522567    2.1880786810    0.2007120604    1.6448156120    3.6306125236
   3.5164412712   -3.3285173675   -3.5073273980   -0.5949010385    2.8971189681   -0.2041033901
   8.4488707716   -8.4138256309    7.1627645376   -2.1702560985   -0.2936371069    1.0019138088
  -5.9546345373   -2.2479578751    1.2418943237    4.8880478822    2.2751781184   -0.0337870801
  -2.0760841037    7.2708663471   -5.1357047412    0.5476784532    1.3513903169    1.8788303662
   1.3310249524    2.4394628364   -3.4538652724    2.8008273534   -4.5750130248    0.0714117712
  -1.8730416602    1.7136377747   -6.7341780482   -0.6123902591    0.6235611413    2.2752394410
   7.2542532579    2.8445978432    5.4928732111    0.5210873991   -0.8548201141    2.9065089626
   6.9371087421    6.8021035495   -2.9305914267    5.4450149017   -0.3086695487   -0.7975913925
  -8.2367285682    3.3816783422    4.3922022481   -1.1805257080   -2.8677639034   -0.2004097927
   2.9772147903    3.0657811368   -4.1011418347   -2.0654255713    2.0684327577    3.2340513944
   8.4998153017   -0.6631014664    8.0653904183    5.3198544341    0.4162690364   -0.9131149944
   4.3448514590   -0.4115800711   -7.8451144942   -0.6995915039    1.5849346826    0.5425228038
  -7.7008344252    2.9421357332   -7.3936559006   -0.3600932166   -1.2942308143    0.5304786510
  -7.5697249619    0.2587338029    6.3561088652    1.8303608631    0.3147540484    0.0027998916
  -4.1033067528    6.7386555460   -3.7927916998   -1.5960182115    1.4515243082   -2.1712752897
   7.2362664174   -0.8141628929   -4.1659283253    0.1642248205   -2.0528520605    1.9043140702
   6.2940670331   -0.9761894602    8.5342760581    5.8591198274    5.2938119036   -1.0537102663
   5.4406902316    0.2369191209   -7.5795398400    1.1466270273    5.5269253669    1.9102326021
   4.6308588128   -7.9702904018   -2.5790658779    3.3835499375   -4.0325393682   -0.5414429388
  -6.3627212267    7.4705337663    0.1927727055   -3.0263792665    3.2682156147    1.0158823850
   6.2027798846    7.0482079081   -2.2170088790    3.9046251976    0.4172158322    0.4119228733
  -0.2143520086   -6.4272360147   -4.5667564864   -0.4658044279    0.7254408631   -0.9062472395
  -6.4231843926    4.0599879731    2.6866859378   -2.6164125715   -0.9598486825   -5.8866026952
  -4.2161713340   -2.3293524675   -3.6517849440   -0.7922741525   -2.0351154668   -0.1567513742
   3.4071316066   -6.8646242661    3.1578296372    4.6688361303   -0.9829760961    2.1054154749
   8.1044068881   -0.1186156793   -3.7837480237   -0.2300619645   -0.1806548358   -1.2912211398
  -6.2782538364   -5.2244789421   -1.3239911695    0.3320346036    3.6487709836    0.2693570667
  -1.1046056496   -1.1104012338    4.2582125038   -1.6238515257    1.5862440542    1.4813264388
   2.9247019157   -4.9338981783   -4.7119825815    0.9283788115   -5.2925196978   -0.7200052796
   1.6983217743   -8.0129011375   -1.4929673967   -4.8638080031   -4.2902954576   -0.7748368116
  -7.9799316637    7.1464115444   -5.4610489268    2.9077461819    2.0820753523    1.8034518402
   1.4787085072   -2.4978657686    3.4316891840   -0.7536195335    2.0496346707   -1.7261628491
   6.7400771922   -7.6849994585   -5.7968130055    2.6524109032    1.9164779974   -0.0094327659
  -3.9048470424    1.6743160760   -1.7805226997   -2.3672057718   -0.1620580422    2.2740518376
   1.4351317357    2.9619215364    3.5300918675    4.4371202951    1.1999852985   -3.5902941324
  -5.1725866667    7.8092670449    7.2689447059    3.9532627306   -0.0970091723   -1.0450581205
   8.0913952019    1.2090351716    7.6294898632    1.2360608741    0.5249303611    0.4688753712
   3.6410031210   -6.5219361346   -1.6479500724   -1.4224574850   -3.0912341868   -1.7610045101
  -7.0692567809    3.7693293398    7.8333139244   -0.2793191182    3.4794973455    1.8335413676
   0.2080366344    2.7189109968    1.1504662662    2.0835672627    3.4453413085    0.6694558891
   2.2345560480   -2.1827567035   -3.5676923392    1.9632463190   -0.0008248577    4.5292717521
  -2.9030649856    2.8158118498   -7.5523334767    0.1649860950    2.6964956139    0.5526797687
  -7.3211222929   -7.3123486094   -3.5317026653   -0.1962735161    5.6815254313    3.1124457868
   8.0257500213   -4.4835869226    5.0673311519    1.5307187347   -0.1781962164    1.6625014426
   1.0774937530   -7.6106398910    5.6850552465   -0.9009496779   -0.5701338455   -0.9380823130
  -5.6725236048   -5.1038506122    6.4581550019   -0.9483583158    1.0975380401   -1.9073096390
  -6.4158062476   -4.2756023683    8.4148256203   -0.6442113970   -1.7815581413   -0.2935296628
  -5.9615136334    0.1293724718    5.0331481885   -0.7580896544    0.0220740961   -2.1561574609
   6.3457680535    4.5548275869   -1.9642331612   -0.3155064274   -0.2578432508    0.3980075748
  -1.7595506315    7.4045501513    2.7306309822   -1.6425947164    0.0996305474    2.6307875664
  -7.6093047877    1.7007325048   -0.5050005191    0.1438374262    3.0357522104   -7.0708877947
   8.3551807103    4.9736631369   -3.4243905574   -0.2127528043    1.6033227014   -2.0610299789
  -8.2040617483    4.8618449610   -0.9296602556   -1.7890225037    3.0971010997   -1.5254452469
  -2.1475577905    1.0480219454   -5.8730919327   -3.0336518227    2.6938256749   -4.0775408386
   4.7752140057    8.1201834556   -5.9733818450    1.9588238322   -0.4884250769    1.3451851992
  -1.6844964826    7.6263165202    1.7821222990   -0.5474370328   -0.4180246414   -3.4675578690
   5.6629765640   -1.0897296163    3.6149081565    2.0722040543   -1.9672859025    3.1953351028
  -1.3809986888    2.3130235760   -4.0989671601    0.3476894383    2.0233282221   -2.0249996342
  -7.1860476181   -1.8467248017   -3.2834153998   -0.9962838291   -0.7960422192   -2.7285343695
   0.3179245575    7.9348670114   -2.4904235146    0.2270188498   -1.3574320060   -0.3705554898
  -5.7955579909   -4.1008558688   -0.0230606838    1.0380100833   -3.6741525172    0.7347099478
  -3.2315802856    5.4739925878   -3.5020163387   -1.0042931681   -1.3760571349    1.6555819753
   8.2011694593   -5.1652891831    1.7934941558   -0.3821265381    0.6094130708    2.0691325274
   0.9940555580   -5.0941182701   -8.0225489799   -0.2710440492    1.9721851685   -0.2959675926
  -8.3350591609   -6.9264043278    7.4373629463   -0.9187846347    0.9678773597    1.4891103510
   7.0686132717   -4.6730928903    3.5042408219    1.7023009279   -0.7645429984    6.2275013287
   4.6423017306    4.1237752857   -1.4762364934    2.0063744282    0.7648411789   -1.5531739132
   3.1883644832    4.4985372637   -4.6521342783    3.1498714352    1.5611349031    1.5419195033
  -6.8067378741    0.6607765730    6.7055308773   -1.4673703107    1.1296718539   -5.4330820557
  -5.0175032168   -4.2475022375   -6.2692211394   -2.0002665440    1.3228452931    0.2061796736
  -1.2405130885    2.4652944988    5.3806437412   -0.7852605770   -0.1268576227    1.6496288949
  -5.4446831866   -7.2746886108    3.3300489890   -1.1191261196    2.5106186296   -3.8823922034
  -2.5698757835   -5.2179723128    2.8886232120   -6.3590458390    3.8894332465   -2.1640696747
  -7.8842858275   -8.3264406551   -3.3448347225   -0.9716241575    0.2742329003    0.4726544602
  -7.8361852346    2.8823373478    0.7955286829   -1.0248378999   -0.5743990400   -0.8910681835
   2.3172848969   -5.6193513502   -7.6043766296   -2.9698753036    4.3929437971   -1.2229100046
   3.6459598608    6.6735747187    6.8260143156   -0.3695043437    0.8737497172   -1.7280376375
  -4.1634461589    7.4768044491   -2.8703229234    2.2283571694   -1.8223988102   -0.4750235246
   3.0106747007    6.5138700709   -3.2720862128   -0.0838462931    1.5143749882   -1.0558477520
  -2.0263487696    1.7039255913    8.3146385160   -3.5154266190    1.9044137448    0.4774877068
  -1.0723539770   -2.7266636402   -7.5213569429   -0.7373291859   -1.8680315808   -1.9023675826
  -4.3392736265    8.3536310907   -3.0739219212   -3.5140577705    1.1889486994    3.7869309587
  -5.4459810826   -7.7179232205    5.3307317000   -2.0090344544   -0.0306720593    4.9974370147
   5.6758782988   -3.3871347601   -3.7741814148   -2.5978517950   -4.3832216095    1.6979444062
  -1.9568094429   -2.4658507665   -3.5399859313    4.8809874821   -1.1803374236    0.7614287167
  -4.4443772968   -1.9172408489   -5.4426937454   -1.4619293733    1.6431000899   -2.4043448836
  -3.3440579958    8.5315313440    5.1510135617   -2.4217613734    3.5706685175    0.2671656237
  -1.6596049090    4.1548050611   -3.0909421685    0.0194662968    2.9681127890    1.3425705454
  -0.5097836535   -5.2971253313   -1.5346686517    1.6961604323   -5.5313856915    1.2692385198
  -1.8551536694    2.7922999126    4.6318752848   -0.8315644850    1.4743394482   -0.4918077837
  -6.2872155172    6.0518327943   -2.9343940758    1.2195401403   -1.7969472157   -2.8316320332
  -1.1630979419    5.2968533096   -6.3985330659   -0.9673495248   -2.6560535789   -1.2556862438
  -1.7899742584   -2.3032488089    4.0327037377    0.2128215239    4.5245948823    0.1182016841
   0.2740788954   -4.6001260171   -8.3354603470    1.7138959504    3.2061281536   -0.0220826930
  -1.2027420475    3.0077711250   -1.3881081353    5.4038550833    1.3593443099    3.7721485488
  -4.2022345698   -7.7972004403    0.7599549480   -1.1174988977    0.2102258115    2.7372942867
  -1.1938754809    6.1484131678   -2.9812344661    1.8902123262   -0.4781819706   -0.0348019726
  -2.6423430062   -3.4232812504   -5.3927738192   -0.3143409173    5.1188804073    1.7880250601
   7.2452016426   -6.7044791502   -1.7120143486    1.0833384800   -0.5943890204    1.7331431425
   2.4865575408   -7.3264170178   -0.8819771057    1.0590432295   -4.3523595216   -3.7733882910
  -3.0691852623    2.5552794264    6.7514184574   -1.2806833835   -0.7270871540    1.8603548356
  -6.3579225372   -3.7702458262   -6.9649592989   -1.5213006705    0.2367708317   -1.0394135727
  -3.9851826900    5.3753480463    2.4227377512   -2.4673037404   -4.2248953967    0.9111459306
   2.1900980674    3.3941418861    8.2516444587   -0.3985837871    3.4827057742   -0.1067668192
   5.2158441299    4.0295796552    7.3794099802   -2.3383810585   -0.1942517465    1.1697765022
   1.8425659185    2.2363201467    7.8660661983    2.1001164050    3.7125632339   -1.8274955548
  -2.6478195890   -2.8470690841    4.9679251876   -0.6506720546    2.6488708554    1.5807884687
   5.8400361421   -7.7166989294   -2.7274553739    1.0499317072    0.0968614838    2.2162994056
   4.5077560104    7.3445543889    1.4316987325    0.8633414671   -1.4170425485    1.1373189960
   3.4848697720   -8.4249041786    7.4827234222   -1.8991199920    2.0812225312   -1.2650751984
   4.1604012816    8.4672216120    1.8252995395   -2.6731589245    0.1107887472    1.0816083993
   2.7393348825    1.8300381013   -7.6089838580   -1.9301138844   -1.6103653875    1.2283675110
   7.1944045776   -4.0885984858   -1.2666453500   -0.0099669283   -0.2754447458   -1.6146152752
  -0.5400461117   -5.6097040250   -5.8489939813    0.5414941522   -2.9672711350   -0.5781942197
   0.9527328942    4.0388779857    5.5159653730   -4.0562918682    2.5784554692    7.3372216461
   4.5030455068   -4.7371073695    0.5172405682   -2.7332401819   -3.1666882194    2.2182028094
  -8.3496898077   -2.0282586395    2.6162544888    2.1824756937   -1.4002955248    3.4881105621
   0.2338303581   -6.4556156252   -6.3018165903    7.5302931914   -3.6551776844   -0.7710522023
   2.4838677284   -7.8899166644   -0.1115424859    1.4102118460   -0.7044801041   -0.3497651358
   3.6919072366   -4.4716174409    2.7688561083    0.5103813873    1.7756722649   -0.7080648046
  -3.7206504590   -1.4136988860   -4.0624712738    1.1479931203   -2.2096603153   -1.1214206718
  -5.6637477686   -0.6330216832    3.6013313513    1.5491868687    0.2113617738   -1.5624856496
   2.3953444765   -4.6175105936   -6.3109358271    1.1458029582   -0.8251614001   -1.0536040618
  -1.3359095368    6.3738724690    0.2075211021   -0.6698027529    2.1701352294    1.2706079751
   6.7894428482   -3.1271036092   -7.2601994142    0.4770595992   -0.1647256277   -0.4529022710
   6.9085335906    6.2230660823    2.2822290088    1.8992103322    0.8046175200   -0.5073257833
  -6.3828270729   -2.5791490158   -3.5915069749    1.8315667918   -5.1139476515    1.3040368912
   5.0385181780    2.0273792850    6.6596335110    3.8375423005    1.0448834192   -1.4352235366
  -3.4799159081    5.0889045951   -7.2289826815    2.3091411302   -2.5747972840   -2.3730871776
   3.7237799612   -2.8773838595    1.9504691414   -1.3152446729    5.5001636805   -1.6935338626
  -3.0772462054   -3.2189361925    1.2409769354   -0.6316226187    0.4250733194    1.3823240742
   4.5571330059   -8.0676571468    4.9495808430    1.2752894866   -0.9478542020    1.8375870161
   1.2234342017    3.4456089323   -2.2404725809   -2.4000584700    2.1569418361    0.0054967143
   3.5981181871    5.3485469452   -7.0731552962    0.5500073767    4.0369224886   -1.0744674985
  -0.0373311810    0.6422378124   -5.8861700911   -1.4785522421   -1.3528283112    0.2912962270
  -0.4360634252    1.0474575861    1.5235049135    5.6985754813   -3.4286239920    3.2673076819
  -2.6436727803   -1.8707922167   -5.4994961867    0.8943075885    0.1467526346    1.8507356177
  -7.6023974653   -1.7881988293   -5.4926605393   -1.6253345093   -1.4918395427   -0.9663489635
  -6.0544147406    2.6086084714    6.2129122100   -2.9146139071    1.4950080072    3.1733233328
  -2.9306230566    8.0022633028    1.8057043851   -1.3944993818   -4.3533568748   -2.2589831607
  -7.0569869988    2.1185091200    0.3568184664   -0.5770982109    2.9244725598   -3.9301742761
  -0.4804835545    2.0750731575   -5.6855807382   -1.0441059309   -3.7284407959   -1.3246043670
  -7.6182959812    6.7780603966   -6.3749009707    0.5818133682   -2.6332766399    2.0152542193
   2.6382258501   -7.7074296465   -5.8196995205    0.1528149689   -0.9987811935    2.8604298429
   4.7155060346   -4.7291172679    8.1330948380   -0.3192935708    5.4297024163    0.3599291357
  -4.3417457747   -5.1294347382    2.4503179577    2.8522487259   -0.2388564908    1.6014594157
   2.1663197609   -2.9503831073   -4.3491580866   -0.9660727927   -1.9236688402    3.4298570817
   1.0767027818   -5.2512999111   -1.6574849711   -0.2708728048    0.3505426276   -0.6896341075
  -7.1957029235   -4.8861645576   -5.0139603149    1.4710792302    2.2688220479    1.7570089630
  -3.5707241046   -8.0490336693    6.7388129635   -1.4906403210    1.6650453466   -0.7194321900
   6.3413879328    1.2384449114    0.3008436372    0.2321850969    1.7836876280   -1.1039444677
  -0.0495832307   -3.5625382850    7.6681677830    3.1166829602   -2.9722629863    2.1675372911
   1.2452476148    0.3560756178   -7.5769022537   -0.6574426043    0.1587172350    2.7301794074
  -0.4071074079    1.0884072063   -1.5367537695   -2.5712286698    0.4964116147    4.5387214147
  -5.7073307494   -1.1775845833   -4.6308085150    2.3555333450    1.6226115842   -4.2386266151
   2.4481590363   -2.1649647668    3.8164787872   -1.6906731058   -1.2939729849   -2.6985886895
   2.3315390439   -5.8839279943   -3.8081932805   -1.8850428264    1.7539501024    2.2133776488
   0.7277236806    1.2613866345    1.3528760896    2.6825562120   -2.0300115692    2.8282486627
  -4.0407422685    4.0651822176   -4.7166869107    0.3907340192   -4.5088922644    0.3544856447
  -4.3888904032   -1.7627022706    1.0355105253   -4.6501472971    3.0961960820    0.7565830533
   8.5091739701    7.4727258294    6.8892037934   -2.4490112642    1.5209563367   -1.8784188235
   5.4969104142    8.2972222727    3.0937602977    1.2587838644   -4.1307694527   -1.5495126565
   1.2694718043   -5.8559962048    3.1142798054    2.6595501131    0.1753358214    0.0453060366
  -6.8455037277    8.5270405921    8.0147530492    1.8742502417   -0.6817155518    3.8897177652
   4.5851333361    8.0692356995   -3.0348618153    3.0097738009    0.0775261900    2.9881751849
  -7.9242209555   -5.6441762035    8.3953263271   -2.6872197256   -0.9278949837   -4.7406215681
   1.0289382524    7.2984506711    1.3332479657   -1.8617349192   -2.5737610388    1.3366369358
  -5.1131247174   -6.5681435604   -6.9832436136   -2.4264088074   -3.1791372996    1.4468789309
  -4.3917227531    6.5726725651    0.2080789983   -4.0574755566   -0.6044933640    0.5323616590
   4.0614912412    1.6682857752   -6.4752297508    1.9153916174    1.5046454483   -0.9701523779
  -3.1360688084   -2.4650039334   -1.4787284943    2.0954471315    2.2066212366    0.0289832881
  -6.1515916674   -3.4490923490    7.4882845638    0.9870652888   -0.9862595693   -3.6698647039
  -5.0343360309    5.9682807781   -8.3364843743    2.0306673786    0.6055857121    0.1082874712
  -6.2700906390   -3.9990917788    1.7629008201   -0.6525904957    0.7238371487    0.1912040312
  -1.5637681773   -4.5269755399    2.3018589470   -2.7632472156    5.2267028933    1.8102953999
   3.1953364873   -6.9468655207   -6.3318334351   -3.0281583702   -0.0203182547    1.7961860382
   5.5826332016    4.2890210882   -3.1967332177   -0.6095819133    1.9950385724   -1.3759720215
   6.8581036368   -1.8963973226   -6.6875664090    0.7747659334    3.6597848142   -0.9304859018
   6.4853591261    2.0480674968   -6.9457894277   -0.0538604078    0.6529548832   -4.0885513894
  -1.4587571634    4.3309305433   -7.7132198977    0.5292766491   -0.9852276264   -0.0658745508
  -8.0395064616    1.2210641674   -4.0085722056   -0.4821893449   -1.2261001976   -1.3090673057
   7.8096678672   -7.0577595469    4.5877528013    2.3884852300    0.9153722318    0.5962680865
   1.9261242502    4.2945581623   -0.8491213038   -2.2622581289   -2.9463424370   -0.1863453117
   1.2474762238   -1.7035108291   -5.7316771374    7.3500977092   -0.9892676789    1.2417042011
  -0.1923150599   -3.3132291447    4.2810810564    0.8724448123    1.0834180001   -1.9042056422
  -3.9251755132    3.8083984232   -3.4470726112   -0.7017701022   -0.0700743295    0.6874839003
  -7.7705783546    2.5433493640   -5.9869287452    0.3657792092   -1.5555821245   -0.5374889961
   1.9174052141   -0.2281723157   -4.1203397263    3.0133884561   -1.7503155132    1.8766844361
   6.0164946855    7.3046841563    2.8301709463    0.5010883741    0.0539894128    2.9648833101
  -1.7860397086   -0.6082215925   -3.0937988004   -2.0768419294   -0.4639138709   -2.0729108459
  -3.9155188388   -4.1414766106   -0.8190367295   -0.3449966186    1.9964535700   -1.6452393133
  -5.7110267773    8.1088046609   -0.2920826588    2.5972808280   -1.8437873123   -0.2206619083
  -4.5681445641   -2.4487053091   -7.3804470939    3.4314931095    0.1324169594    1.8702696275
   5.6271543492    5.0655481778   -1.3854851096   -2.6481665963   -0.4044303756   -0.8954493483
   3.7421722045   -3.2005086292   -2.4570608541    1.4966397563    2.2816540777    1.2509977378
   2.5722756509   -4.3739615386    4.7042218865   -5.2990407254    1.2605648029    0.1980400828
   7.3530781036   -1.2641004600    0.9919453706   -3.4177950019   -0.3941073617    1.8408637321
  -0.6998139225    0.6263406836    4.0811230887    0.4068030104   -1.8382253765    2.1537816933
  -0.3773933463    6.5664448891   -5.3637720345   -3.8177816378    2.0524337782    1.2519705493
   5.5254954038   -1.9182012235    1.7703237755   -2.6855151148    3.2975475240    1.0712242167
   0.6804030329    2.2188255158    7.9906391731    1.1882781837    0.1229916285    0.4307504503
  -2.1804340569    5.5318514215    1.9486370134    0.0361755081   -2.5215439522   -4.1839115036
   0.7832476273    1.3853543799    5.9583556452   -0.3350232644   -0.3148293341   -0.9510088046
  -6.1531678603    1.7568801830   -1.2792546768   -2.4548268274    1.3237412715   -5.8928356865
   5.3858569240   -3.3144447320    5.9735169589   -1.2818905801    1.7582683601   -1.6767289322
  -2.7405837048   -4.5297129789   -2.8692643366   -0.6020853701   -0.6888007236   -3.1627897076
   0.4903482187    7.7932753603   -6.4012144933   -2.8529175829   -0.3281212748    2.9029896446
   7.6500479486   -2.8029489646    3.1707416670    2.6692441640   -0.7552994214   -3.2993769943
   1.2388037252   -3.1320499108    7.1417489825   -1.6530788414   -2.0786431242   -2.0330249652
  -5.2199647460   -8.0143762195   -7.9685169815    1.8782791079   -0.6644447475    1.0834443369
   7.5028511728    8.5263548261   -1.7814214249    3.5701890860    0.8729330579   -2.7149134674
   0.3691217867    8.3519721168    5.5886139247    0.7367247256    0.6457433905   -3.0187692464
   1.1521431730   -4.9594092543    4.4672682323    1.2160740583    0.1890280404   -0.5265952564
  -7.1647449726    5.8925417423   -7.0362314721   -0.8568842278   -0.0584511564   -1.3812889852
  -6.9692200377   -3.6677385126   -0.9564066331    3.0816532899    1.5017133020    0.4296608127
   4.2551554839   -7.2356337779    6.0839663271   -1.2950856465    1.2168582442   -1.5711891130
   2.2666544583   -4.9076783225    5.5266467683   -0.5953789236    2.0032173414    2.8642153674
  -0.9666775632    5.7872265593   -4.5609461838    1.3142922460    0.5309960055    2.7062273361
   3.7416041111   -0.8198535622    4.2388947466    3.1945139857    2.2218964620    0.3306885721
   4.1787790184    1.7652152680    2.9173247126    5.6280461967   -0.7652614837    3.9112493022
   3.7648742815    2.8328404398   -6.7704851419    1.4768635167    4.1757763434   -3.0392754968
  -0.7923309751   -2.0307137369   -8.3037652306   -0.4108090101   -1.5930707420   -0.1140843233
   0.5247075484    5.5262445101    2.2013163582   -1.7957097239   -2.7076193844    0.1949217344
   0.0799430387   -3.2620877465    0.1012296456    0.6073831619    1.8892150913   -2.4994096460
  -2.6411871379    7.2058053048    2.4932118237    2.5888554336    1.0503222434    2.4903140420
   7.1464036480    0.1921409413    0.7274857137   -1.3126596701   -0.1913371009    1.7881386365
   6.0149967912   -4.6972599651    3.4281337387    0.9705457130    1.2410656504    0.0215487999
  -8.0513764673    4.3272536414    1.5106937557   -0.2203126266    0.5218159308   -1.4528561393
   0.3185212015   -4.4752168146    2.7342579565    3.5798354084   -2.1127760192   -1.1529395250
   6.2191352927    2.5482902668   -3.5016710293   -0.0618658150   -1.0856330260    4.1670140659
  -8.1342974479    4.8599071321    6.5896246553    0.9202990225   -0.5437052086   -3.3131005418
  -8.1850682964    5.0514286089    3.0432539573   -1.2125679824    0.4367513736   -0.7432745142
   7.9314890864    3.0678742486    6.5150309607   -0.5093706926   -2.1946467243    2.7611451427
  -4.3225113447    6.2094625596    8.0302494184   -0.3603260588    4.0525618914    0.0998257687
   3.4296257207    5.5298458515    7.7655297866   -0.3235631993   -2.3828334431   -1.2959858679
  -3.9215019773   -0.7777565942   -6.0175097403   -0.7979683095   -3.6209031194    0.8948051337
   0.7542242046   -5.6066875114   -0.8525883234    0.3049125096   -3.0570593998   -1.7315608430
  -0.2463838295   -6.7720141825    0.5011285501    3.7187646683   -1.0094382885    0.6115378501
   0.5512541275    8.2902260153    3.8846976918    0.6272255861    1.9009104080   -3.2784286806
  -0.3533447712   -8.2084043811    7.5327083961    2.8234383639    5.7683586921    0.0615408507
   6.6186071841   -3.5169316402    6.1954567141    1.5983238470   -7.5403214059   -0.8808182124
  -5.6553771323   -8.1167687266    7.1009506787    1.7779731861    3.9231179503    2.5846072408
  -1.4119119839    1.8562660751    2.8030234677    0.3660435837    1.9808729482    1.9440751249
   5.5414861156   -0.1453383634   -2.3110179899   -1.0780482615    3.8681454608   -2.1367171313
  -2.8966064688   -7.4590727483    5.7060501863    4.3461638004    0.9221768138    1.7242489446
   5.7475867488    6.7065614515   -0.8275097558    1.7728091906    0.0835505613   -1.7774666267
   7.1338534893    8.2275303841    7.0179506002   -0.0231764149    0.5066982080    1.1131444332
   6.9837153415    7.8380380608    4.8814021091    1.7109222878    0.9742684566    1.2538858285
  -2.6677624817    3.4734621480    8.3163324393   -1.0607320993   -1.1975199721    3.7779216124
  -4.5798306453    2.9531917249   -4.6191918178   -1.6893453442   -0.1233298771    5.1044289270
   6.1102197331    4.0615534632    5.0320168580   -0.5709603386    2.9196963665   -1.3174164812
  -2.5302859205    0.6802995632    3.1326174143   -5.2777094582   -1.6942430521   -3.9574341004
  -7.9428834995    3.5992179087    2.4685384104    0.6331046633   -2.9590342914    0.1301924629
  -4.9230014826    5.9634346706    4.4951081626   -1.7800481544    1.8580627234    0.2184304428
   2.5061467410    5.7947565082   -5.9792172614   -5.1433342448   -2.3061855910   -2.6268438381
  -7.8351847465   -2.3376975560    4.0253917860   -2.1120327058   -0.0609255983    1.9290230638
  -2.7043450170   -6.8746966812    0.8646459778    1.9125447256   -0.3778955890    0.0963338537
  -2.0385180867    0.9081703408   -2.5965620927   -2.6108186878   -1.5232213479    0.3596783178
   3.4871596964   -7.7433941700   -3.1709904245   -3.5058247915    1.4408945032    1.8121843371
   6.3676566029    4.3714776152   -5.2204709208    0.6163874588    4.5927244264    1.7321405646
  -2.1462063221   -7.4219780526    8.4224077335    4.5197558515    1.5685536613    2.2312451142
  -5.2051746040   -3.5486421019   -4.9410530145    2.0752434613   -1.9828832306    1.2866470090
   8.4191118768   -8.2036384781    8.2793996029    3.2690473683    1.2497848520    0.9777985962
  -8.0675418282    6.1038559862    5.1388157769    0.9837325369    1.3010605479   -3.3139171697
   5.4142489026    3.1018386458   -4.8195823335    0.3140308323    1.2361992414    3.6052114840
  -0.5249534610   -7.2649812922   -6.2305864582   -1.9830256922   -3.2257063366    0.4237563119
  -2.9418626260    7.4885923370    0.0889394946   -0.5182281497    2.9786046700    2.7069517808
  -4.5102308359    8.3528686544    3.1692536468   -1.8948344672   -2.8133940418    0.9047684030
  -1.2729750580   -8.4883556065   -5.8093451773    0.8041735131    2.0989632494   -3.0148655775
  -0.3415541244   -3.2848404964    1.2936573475   -0.6119878910   -2.5045617693   -0.8524699687
   8.1764687032   -0.4324445793   -0.3952033901   -0.8208183877    0.3999781825   -0.3999230344
   5.3550877426    1.2201283267   -8.5049803505   -0.1210712397    0.0417237947    1.9870132752
   4.4486157482   -4.3391847851    4.9389869953    2.3600944857   -0.8639505446    3.5299681389
  -7.0940663187    3.5905586819    0.6739392106    4.3737325532    2.4552483242   -0.8914679410
  -4.9145558966   -1.3230672102   -0.0687292958   -1.2932571597    0.6972715301   -3.3797708658
  -1.4922949275    0.8328711321    1.9137253943   -7.1567492540   -1.0436735319    2.4739498810
  -0.9621230928   -6.7005779131    1.8163199322    1.0163425585   -0.1349564042   -5.4237957290
  -6.0041652932    3.7934889973    3.7703757855   -0.9133731139   -3.3119129611    1.2877429416
  -5.9942074550   -7.6999778930    8.3424878793   -1.1869851784   -3.1360774318   -1.5985000335
   7.9385981194    7.7876688307   -7.7426172180    0.1801618680   -0.3271349849    1.4159109223
   2.4187467429    1.1293674374   -0.9592631329    0.8089463443    1.0036739462    1.4753862807
   1.0721985499    5.5568866193    3.4836200518    2.2114680369    1.4358381680   -3.0865368072
  -1.5214549726    6.4672355536    4.6631144560   -1.6333067119    5.5940053534    0.9782605893
   2.4975598609   -6.3851465153    2.8437103262   -2.2668164951   -0.4642747041   -1.9263894541
  -5.8530260644    6.3342575568    8.1226825007    0.4550805716   -1.4142367786   -1.1053348436
   6.5331485007   -3.1020057689   -8.4432130470   -0.8903229772   -0.4556378643   -1.2877928707
  -3.0636008650    6.6360461448    4.8867535465    1.8993571042    0.0115441607    2.2762833541
   0.5010445906    8.1668169442   -0.2852796421    2.5013852045   -1.3201194329   -4.1419889672
   0.4011482064    7.2980718016    8.3433168069    4.2701020561   -1.3946758636   -3.7336413960
   3.9277178066    3.3911660475   -4.1844611178   -0.0735991460    0.7545510804   -1.0644866250
   6.3587665547   -2.4617905428    4.7891787815   -1.7531474638    2.8290097273   -0.2731193762
   2.4563556714    8.1404731728   -4.9026042232    2.6095810761    3.2815041715    1.6362244733
  -4.0295218071   -2.8672623189   -6.2030551589   -3.2583450235   -1.6949276385   -4.6694543619
  -1.2954230145   -7.9688331082    4.6673131250   -5.5621334418   -0.5704610414   -0.5291038998
   1.6733249488   -2.1827580556    2.5167260903    0.3504527840   -4.4146956036    3.6099021621
   6.3423000250    1.3147360689    7.5674986905   -2.3500448219    3.2697521342   -1.5948225093
   7.2998376833   -7.0135415516    0.9760056742   -3.4533941077    4.3468041223   -1.4634113154
  -3.7248022193    0.7271751818    2.8222147874    2.2142293612   -2.0430009969    3.1432589073
  -0.6045800755    7.4700109384   -1.7954051328    3.0277000814    0.8221819893    2.0610192329
   3.6685896027   -4.7264691784   -8.3426643617    1.8604810317    1.2217880897    2.5121440240
  -8.1192303616   -3.2704446268    5.8180001936    0.1591027724    0.4378076625   -0.4844510878
   4.6712236281   -8.3923771755   -7.3231230922    4.1917976230    0.5168955216    1.3881138899
  -6.9201817868    3.5146828458   -7.0904952159    1.5498459307   -0.5680119966   -0.8326312548
   6.2212207892   -8.4295564983   -1.5315704413    1.3209812137    0.3673050957    2.5287960670
   5.7530177552   -3.1759344554   -2.3284273983   -0.2795343730   -3.4374658894    2.0379452497
  -5.1937765580    6.8891582857    2.5683028162    5.8541239342    1.2158809364   -3.8726867583
   1.8587004726    0.6728071403    4.6899501156   -2.3688406817    0.9386539777   -0.9138522751
   7.6209667972   -5.9255243603    2.9625706211   -3.7015904248   -1.7960007068   -1.2472184153
   2.6567583225   -7.2269954113    5.2366418669   -1.8992063197    0.7841638219    0.6160966489
   2.8255502840    7.5280753902    6.9350490280   -1.3118027388   -2.0120984530    1.3690721428
  -7.7594176793    8.4240534706    6.6005982286   -2.9270115937   -0.1676162664   -3.7735846607
   4.3938785349    2.1998458167    0.4291822014   -2.4685313574    0.5537486384    0.0852347770
  -1.6899957583   -3.6377331211   -0.8144837162   -0.8719732299    2.3232778887   -3.1126516000
   0.5043904068   -6.4778414510    3.6671204000   -4.0353607168    0.6152072358    1.6050795745
   2.5057358640   -0.1360074930   -5.6684866116    0.4251623683   -0.4893097116   -3.3930074127
  -0.9215500393   -4.0378634559    5.0487793368   -2.1731047200   -2.8315454849    3.5534082335
   7.2676842850    5.7230382932   -2.1869148168   -0.0377464019   -2.5687121294    0.5754788807
   8.2478454845    8.3529020983    4.5831676574    3.1465442740   -2.5937648521    0.3562879767
  -2.1108303965    1.4107614831   -4.9672655115    2.4733993668   -0.5079754629    1.1089378480
  -4.3278113773    7.1360336790    5.3722092462   -1.8526057227    0.2906770149    2.7636699962
   2.4542092227    3.9043719914   -3.8056537688    2.1883616743   -0.1576227400    0.5108497908
   2.5730652914   -1.4999355388    1.0413474592    1.6810265393   -0.0108164049    0.3849153906
   6.3376838850   -5.3383859931   -6.7322914816    0.3206604840    0.9114091560   -1.1247817672
   3.0580573274   -6.4032298429    4.6867014988   -1.7101536443   -1.1178414854    2.2789713495
  -1.0902081335    4.8824959893    1.9387498352   -4.0333650523    0.4228185246    1.8244302051
  -4.6212123844   -0.4006677798    1.1427572924    2.3015013206    0.4526171887    1.2431468903
   6.7576970213    6.2022724490   -8.5311616394    0.2111717764    1.6750256659   -2.6671896373
  -2.6457556358    2.0077959178   -2.3002542669   -0.9190775524    0.3653519230    1.4158388933
   1.4293372302   -5.2453492189   -0.0342541899   -2.9747595230    0.1974048379   -0.7197848099
   5.7285327848   -0.3746191494    4.6101384578   -2.8054604408    0.7983145866   -0.7074580118
   1.3646074721   -7.4653676698    1.5440685398   -1.4509288836    0.6424728241    1.7436208666
   7.9964590984   -7.4314746859    2.3339574381    0.5575253387    0.4793614103    1.3975812684
   0.0697398255   -7.1915704445   -0.7387218292   -0.9112887729    1.0743930467    4.2217452523
   2.7933676575    3.0350947856    2.5308442733    0.9289067540   -1.8908175275   -1.6012063751
   2.7624606727    3.3713132157    5.5581348832    1.6474738829   -5.1328379567   -0.1817774656
  -5.9033685559    0.0328104635    6.7349129459   -2.8901852984    3.3331244426    0.9447028974
  -0.6757813230   -0.6530528800   -1.9662311322    4.2780090227   -2.6970728593    2.7823993543
   6.8272515694    8.2786465350   -5.1952973048    3.0184710677    1.4314884081   -0.4386625236
  -0.6037421056    0.8671844438   -0.2135764676   -0.7897463260    3.7533768837   -0.9942824115
   1.3322354967    1.5503305534    6.7688946678   -0.5642213750   -0.7456260143   -0.2651186432
   3.6108121613   -5.5392709987    3.6602653567    0.1234590669   -3.2836246661    0.3929927795
   2.4185044252    6.8445302594   -2.5678225740    4.3021579780    0.7532872667    0.2955922916
   3.8468873044    2.5292451041    1.6588828529   -1.4332038950    0.0790267963    0.2537413463
  -1.0706046686    2.3106779089   -7.1454814205    4.5524305176   -1.0817344396   -2.7169379896
  -2.0489764203   -5.8637519350   -0.6171605013   -1.6985258020   -1.4984164685    2.7644599960
   0.8520881478    0.1121113625    7.9970456348    3.8420934201    0.3157968578    1.4025177183
  -6.9630965602    6.2217525157    4.3630972624   -2.8029578815   -1.8452521805   -0.9259664877
   7.6929161756    3.0370901000   -3.6627869978    1.3920157304   -2.3923296740    0.9779571663
   8.2002692336    0.7069819837    4.9771158516   -2.1513423053    0.4503980919    1.9155243608
  -2.4832701372    7.2572409388   -2.2865226001   -3.2434773121    2.2716248822   -3.0827400062
  -6.8535360561    3.1182636344   -2.0080483206   -1.9506861829    2.3452299690   -0.0966426544
  -0.2565468314   -4.1704623426   -1.5072706729    0.9571763851    3.5125438873    0.4608569436
  -4.2850540024   -3.2814174627   -7.5974598338   -1.2328890463    4.5335740860    1.9794743171
  -4.0024729328    7.1244862259   -4.8993840334   -2.3215310864    0.3910298759    3.2833021855
  -6.5474020061    2.3708317823   -4.1791701630   -1.1253261639    0.4989543918    3.0228671652
   7.3346961886    6.6815940497   -6.7547101808    1.1932362550    0.7365991490   -3.2746214388
  -6.8322980881   -6.3651197804   -8.4049971295   -1.8851052347   -3.3920163808    2.2626773672
   6.9862295039   -1.0487407641    1.8701220819   -2.5006510103    0.6261722111   -1.7757888878
   7.9260410152    2.7377160438    1.4487629613    4.0022636277    0.0464393192   -2.0135104707
   1.0056095731    4.4390995351   -6.8101268542    1.7574086397    1.3685999704   -2.8544655363
  -6.6740629858    4.5086496200   -4.9836810265   -1.9112918064   -0.5044411086    1.4243286416
  -6.0344492663   -2.7549786718    3.8885740814   -3.0451832218    0.8632726970   -4.5560793643
  -2.4110026199   -5.6672293764   -5.9457223205   -2.4148474590    0.1837024989   -0.7524192365
   4.3801116720    6.9678973272    0.3874607634    1.9726860268    3.0801303367    0.8113270355
   3.9483181454    5.6573214190    2.1096874538   -0.3135844211    0.1189127119    2.1239341955
   2.7095377548    5.8877134544   -4.3521747603    3.2011808385    0.8415597624   -0.4130918734
  -7.7990989620    2.6886791286   -0.4031058743    2.7837333212   -1.8140525781   -1.5663382007
   4.4266512497    2.1129402448   -4.6513337448    1.2974683700    4.1094271401   -1.1735677334
  -4.4217638979   -2.4598693934   -1.8339499841    0.8981088450   -1.2107246221   -0.2533360126
  -7.5426122855   -7.4216958576   -2.0713330338   -0.6038645779   -1.9970332433    0.7668458871
  -7.3430755432   -1.1713854709   -2.1000098095    3.0332147492   -0.5950642480   -2.7205617135
   1.3119475373    1.2818945548   -3.9280958342   -0.0626650727   -2.4412864835   -1.3329641126
   1.3723055884   -4.1031686852    8.5477789085    0.1793496449   -1.5979938304   -0.7809289688
  -7.9837213970    0.7860658032    4.4079051024   -0.6520005468    2.3088481586   -0.7444425501
   2.2725629405   -0.1285913779    0.2596496131    1.8138458043   -1.2876136127   -2.5002816495
  -4.9512957230    1.4373846541    2.7800956640    3.7312641127   -0.5987843651   -1.6597492024
   3.7834731285   -1.2805855615   -3.5141937239   -0.7673279760    0.3671398859   -3.1423242143
  -3.0306112452   -5.4908424939    0.7730981068    2.7049396619    1.0244229983    0.2854554289
   1.7186371882   -0.5877251230    2.3498090065    3.9987011253    0.6586821606   -4.4824590805
   4.2336166888    1.3781619017    1.8403409978    0.5840714795    2.0828608854   -0.9918886992
   2.3813846475    2.8223918942    4.2314529684    2.3689023877    1.9159394241    0.0428872497
  -1.3443456911   -1.6599846658   -2.6051412099    3.3530097584   -1.2794971253    1.7546274685
  -3.3571247881   -2.3367528487    6.1326651639   -0.8864567030    2.6737587862    0.5347398065
  -0.3831261527   -5.5411681657    0.3556757491   -1.0675792483    1.2837745871    0.6303926481
   5.9501457114   -0.8791938935    7.1957869225   -1.1879469511    1.6514790493    2.5968135374
   8.0181452755    3.0200139778    7.9402058378    0.8499655125   -2.9934530893   -2.3279376636
   6.9164883096   -3.8081072514    1.5691925906   -1.3792505546    3.3137094969   -0.8125103720
   5.0314360788    6.1735504169   -7.8954976100   -4.0504927282    1.4508082501    2.8386373531
   3.8067163263   -3.5486705169   -0.8931334737    1.5537305528   -2.7582284521    1.0747871896
   2.5316898906    5.7460058060    2.1099107004    3.7835710298    0.4484478708    3.1278884253
  -0.6852331593    6.2445585342   -6.9688542175   -1.4374847351    0.7836584363   -0.1740842381
   1.1614347620    8.1587107092    2.9392013967    2.5470617406   -0.4410255728   -1.1432372135
  -0.1722973222   -2.8415743040   -5.9715261513   -3.0394743201   -1.5654180124   -3.5565945562
   2.2832196270    6.3393133487    0.0894322138   -0.7231664988    0.5405397676   -0.8734864126
  -3.5987118368    8.1607274373    6.5867965543    2.6690016466   -0.9232144731   -0.2509200718
  -0.6956091063    6.4502443937    7.9921107052   -3.6123091806    2.8018393116   -0.0633496412
   3.5182342849   -6.6584453807   -3.5788845182   -3.7480226248    4.7508474975    0.0230279193
   1.3780730068    1.2814546073    8.2102351846    1.0456558052    4.0746980995    0.5802005551
  -7.9269571273    3.7877099692   -0.3936754072    0.2804358603    0.8363873850    1.2869195312
   2.9284561530    7.1073648066    3.7643118080   -2.3455527103    0.5440310194    2.7593896010
   4.8945561332    3.3879993175   -6.5603822597    3.5055990467    1.3848882063    0.6294689009
  -0.3168262243    5.8778038823    0.4602752406   -1.3406859017   -1.4188281067    3.3245879710
  -6.5238748469    4.9408580782   -3.9908869228   -0.8336344399   -2.2451792173   -1.4693510377
  -4.2086116258   -0.3686698075    7.5245255000    0.7953564453    2.3253042095    1.0594185042
  -2.0659019173   -6.9517233577   -4.5160290391   -3.9793676228   -1.9801264410    1.7965850426
   3.9716293553   -0.5756198383   -5.2164429231    0.0428178742    2.7036323094   -0.2925297753
  -0.0898490569   -6.4111385958   -8.0529504524   -2.6783774140   -1.5868842795    3.2718513089
   1.9676868508    2.1771426076   -5.1896828998    3.1140026401    0.8852567911    0.3356339025
   2.9681362879    3.4256035042    6.6250675067    1.2871760811    1.2616778038   -0.5218596123
   4.9085861143    8.4860995278    7.6219410394   -0.2971418358   -0.8294708153   -1.5839289801
  -2.9409913029    2.7035616036    2.1917373221   -1.1997569885   -2.7501851798   -0.8431194530
   0.2664493431   -8.1413286023    0.9287916844   -4.4847517068   -1.5813669666   -0.8447383022
  -1.9314322867   -6.9155911895   -6.6412608608   -0.1383648500   -3.3558365962    4.1287189978
  -7.1346734750   -1.3346059380   -6.2935585372   -2.9044360142    1.4625872807   -0.0834674437
   2.6661806968   -0.1255042218   -8.0598055119   -0.1169457657   -2.7566996367    2.6685486925
   7.6697811710   -1.1570870876   -6.3400612558    0.7493938779    0.8063989459    0.4964433410
  -2.1055652221   -3.5405503961    7.9626024560    0.8751145262   -0.2072210678   -0.2537284774
   0.8273832939   -3.9429726728   -6.4607753455    0.1574654837    0.5494013156   -1.0049718140
   3.7574970372    7.5296522782   -2.2832698869   -1.6845705329    1.9349098216    0.4129866198
   6.1977320335    4.3676061543    2.5698738633   -3.4682259443   -3.8681562596   -1.3001159676
   3.5590789465    2.3094136917   -2.4314103391    0.2227210123    2.9904352461   -3.9670046675
   2.1925639254   -1.8980428609   -2.2547591827    0.7561747673   -1.8958531655   -0.8292722553
  -5.4417591959    6.6959394454    0.1705745189   -0.0723690662   -2.7854946974    5.7270568181
  -2.6576127846   -8.0734750404   -7.0025079232   -0.9503535075    1.3007367047    2.3577568653
  -3.3821267404   -7.9142616873   -7.9739155952   -4.0437033663   -2.3529639289    1.1146598090
   4.1898112248   -8.2343185344   -4.9342838951   -0.4953806999    0.4316912331    4.5355504160
  -5.5703174124   -3.7967370639   -2.1885261908   -0.8284611269   -2.2877938182    0.9533209741
   4.9159075726    4.7496931714    0.8899433909    2.4732187707    3.4309557080    1.9768402781
   1.1777089345   -6.4631383641    6.4764946732    2.0678377399    0.4460270760   -0.1344295948
  -1.1652275754   -4.4799262966   -5.9607076931    0.7288959692    1.1173927263   -5.1745951759
   3.4122383097    4.1064979302    0.3840219097    1.6287161595    3.4046218771    0.5931074925
  -1.6507398587    2.2948916555   -8.1664822288   -0.1817009361   -4.5511703004   -0.5791510254
   1.1503620757   -7.4603239516   -7.7876389773   -0.9556239286   -3.0951542168    0.2858340728
  -7.8121719690   -0.8859971187    6.3835193624    1.9089983248    1.8636659488    2.5964193702
   6.5184117334   -0.5358732131    3.6332395592    1.5246842329    3.6109591926   -3.8022188527
   5.3339308637   -6.1315203125   -7.7036227453    1.6645470545    0.4764120557    3.5622178781
  -3.2772625448    3.9462996519    2.1232356114    0.1143774891   -0.0671930267    3.0907481467
  -0.8895467463   -7.8091427938    3.0817828774    3.4290998764   -0.0911828790   -4.1100768738
   1.0655337227    4.3756574080    6.4892195247    1.1205713967   -3.7218138878   -0.0240484736
  -6.2307189967   -0.7481549173    1.3249300583   -0.2393173439    2.8412881114    1.7571270412
   5.9538995959    7.8840410595    6.8084164756   -1.5439602986   -0.1641174949   -2.8817223085
  -5.2443536923   -8.4718533731   -1.1483451641   -3.5260008207    2.7174649439   -1.8437571545
  -0.8964972101    3.6607601615    1.2724095006    0.6649676585   -5.0149823914    1.7196005013
   3.7683742903    7.1925337709   -5.2261046518    1.1744833974   -1.7533860245    2.2810904731
   4.1344401543    3.8093068042   -8.2984383941    5.3732889033    2.2588615643    0.3464554279
  -4.0855253027   -7.7243183312   -5.2734431361    0.0935001430    0.7217926140    2.2641351795
  -2.7932438310   -0.5396716407    5.0495257660   -0.1243518495   -0.1257218232   -0.9975272509
  -6.8080779625   -1.4633332279    3.4072812965   -0.8372786411    0.1117196781   -0.9141397552
   7.7861895825    2.3679824795   -5.9281372193    4.3983457551   -3.3823260766   -2.8992484465
   8.0639008059    4.1371581096    5.6241266174    0.0012707661   -0.8260785414    2.8571572784
   0.6302466416   -6.5202734613   -7.3284284743    1.3892357675    1.9542920349   -3.0413300208
  -6.9331538457   -1.6711808003    2.1390587265    0.4907771397   -2.4518681967    1.2729319223
  -6.4906515630   -3.1364674407    4.9284822222   -3.1732875932    2.5823370191   -0.5225185381
   1.4638583098   -6.4472180453   -2.2424682320    1.9319458089   -2.4450015121    0.5651062353
   0.0587118483   -5.8509229034   -3.1072927980    0.2747004439    2.0276741837   -1.3717234514
  -5.4745975204    5.2933567847    2.2317207999   -0.0500594383   -1.8207468589   -4.3905935668
  -7.0883676770   -0.3861482292   -3.0714441001   -1.6377350222    1.5409825466   -0.4719604238
  -4.6326678392   -6.3993506359    1.4534497943    2.7779150014   -3.7499673736   -1.6846054592
   6.9070904444   -8.3123710899    6.3589507621    0.3502288321   -1.3852606743   -0.7173662915
  -7.4484268703    4.8604264803    0.4446523996   -0.5818016795   -3.0376039382   -1.1210887568
   5.0351795272    6.2702159903    3.0651320277   -2.1247818125    3.7892529708   -3.2448585134
   8.1095294086    3.6062808636   -7.8428521900    1.8244514078   -1.4734795634    0.4103716760
  -1.8230322121   -7.5981588914    5.9457574876   -2.5406860291   -3.5551278736   -2.4911422896
   8.4853413795    7.0303586668    0.3321182486   -3.0253721477   -2.2157966494   -1.3509248797
  -4.5754477427    0.0086113577   -6.2492418041   -6.5415344760    4.1162130923   -2.0681101119
  -3.4197413183    3.3688621776    4.9870158584    3.0963737319   -1.4689867674   -2.7261115668
  -3.2895132799   -4.5846830010    0.2714110046   -0.8135969448    3.8169638796   -0.2933439276
   4.2712305675    7.0956033282   -3.0180213927    1.2080956536   -0.5980383509   -0.9938751959
   3.0054149789    0.0496344245    6.4534342292    0.5227151745   -2.5840919216    0.5919039022
   4.6329757693    3.1034727124   -3.6192754370    2.3918809283   -0.4225209636   -1.7819644730
  -3.4882964393    0.8395000085   -5.5870473819   -1.1262385857   -1.6792422222   -4.2761897687
   4.0377674871   -0.7248439128    1.7462369092   -0.3577008669    1.3725442733   -2.1143936740
   4.4756107465   -1.9861189399    1.6646760103   -1.4959863833   -1.3394367612   -3.7343295849
  -3.7247224449    8.2342363410    8.5378168077    1.6075071789    0.4347084568    2.4568330918
  -8.4490658672    2.1474695220    0.0119103535   -1.7777049086   -2.0206089465   -3.3669972152
  -1.6751676524   -7.6033224026    1.8992602144   -1.8460263302   -5.3820569761   -1.4460386239
   4.5910142014   -3.2493386297   -6.7198905524    2.1242197180    0.3904296541   -0.9512870926
   3.4017647760    4.2233137550   -6.4631050061   -2.0695092028    1.9765581068    1.5397202887
  -2.4952183562    1.8816213827    5.8877686037    4.8924541352    0.0714861790    6.8395061636
   3.0039853237    8.3344617996    5.3331976660   -1.2893271569   -0.9919050032   -1.5757287148
   2.3933855718   -0.9969970462   -2.2375643345   -2.7662070843    0.8589691471   -2.8191794553
   3.6987020891   -2.3465637798    6.1277238574   -3.4951258262   -1.5999794352   -0.7593057639
   4.9186474022    2.1070398949   -1.3242135949    1.3193097683    0.1071178181   -0.4598754365
  -0.0744136348    7.6408756164    0.9580455967    1.0922842891    4.7960049489    2.2188200673
  -5.3712778931    7.6390429977    3.3370461150    0.2760540440   -0.5034104617   -0.8875663803
  -0.7281269729    1.6887427947    6.3449320306   -1.8511196604   -0.6430748463    0.7100001861
   0.9599904081    8.1796880032   -4.4152450679    1.1138192807   -1.1337949866   -0.4521374249
  -8.0435480099   -4.4857178392    7.4457650606   -3.9833566442    0.3198064143    0.9455740340
   2.4364638676   -1.0491225534   -4.2040487833    3.3463241868   -0.4113252864   -1.7096405243
  -5.4681470741   -5.5884967937    2.4818397580    1.8922047933    1.9899427997   -2.0280015722
  -8.0782829672   -6.9494484291   -8.4077583713    0.3869632612   -2.8252959075    1.2449095323
   1.7803594222   -4.3634270495    0.1795565764    4.8426753517    4.9315672045   -0.2442816490
   2.6010809763   -4.6045821501    0.8766656010    0.6574657068    2.0874764173   -0.0268762412
   7.9503844033   -6.4898306057   -8.4372376635   -3.6421058509   -1.7356527488   -0.0058875819
  -7.0632131108    1.5507328956   -5.9546988392   -0.0230008621   -3.0141364066    1.1930708910
  -5.8688818933   -4.6271857251   -6.2888853320    1.4564939175   -3.4887345487    4.0080832743
   2.8038761240    8.0689927558    1.8463020878   -2.8931233858   -3.2271888665    0.4463054816
  -2.7655630133    1.7788778140   -0.1031033388   -0.5200665621   -0.8746131920   -0.4175026824
   0.5565534002    2.1767188701   -4.6923210219    2.4454399448    1.0754537429   -3.8909531544
  -2.0050664533    0.4784098004   -0.4074933685   -1.0813183810    3.8059959832    3.2119529675
   2.7712242903    6.3685716206    5.7960835816    0.2484366821   -0.6822231709   -3.9296687013
   5.1625873838    1.6941347158   -6.7442023788   -2.1805321302    3.6304915816    0.8653660386
   2.1311012875    7.8346883341    5.9331401452   -1.7945343496    1.0104282648    0.1477316047
   0.3632781624    4.4939698653   -5.2039200402   -2.1225146788    0.7936850735    1.1012516237
  -5.5881873719   -5.2913803325    0.0673924389    2.8374637529    3.8682825250   -0.9358016376
  -4.8460680114    7.9944545208    5.4200903889   -0.7879373698    1.8689667545   -1.3538766350
   1.0813498858    2.7068605134   -7.7217892566    1.2682658261   -0.2404091809   -1.4597118034
   1.5297267647    2.0696200659   -1.4220521505   -3.6540302564    0.1609593208    0.0880416355
   3.8779166000   -4.5630232851   -0.1584455272    3.2871726583    2.8370784174   -1.1955468368
  -1.8813421611    6.8864077381   -0.5114750429   -2.8894241826    1.1969426844   -1.6893810918
   5.5406658244    1.5559295542   -5.4059003409   -6.4540732701   -0.4066788947   -0.6218781469
  -5.9027903512   -6.0081273831   -0.7006116596    4.9406911909   -2.0799099239    3.8066663316
  -7.8191575547    6.1702415468   -8.1783130130    0.5680792404   -0.8981741795    2.3128137662
   3.7576053804    5.3253872393   -4.3382232206    3.6119693357   -1.1627770879   -1.4541516109
   6.3743686097   -5.8721640072    4.8276707408    1.8869270371   -0.9720623381    1.4529877896
  -3.7320727518    2.5096761645    7.7572362820   -1.9093794946    0.9985368610   -1.4494299623
   4.6447611318    7.0252497744   -0.8480473680    0.8394721089   -0.6895601028    1.3482377541
  -7.1370533426    7.8679065519   -5.0429974709   -0.4317733729    3.9776005874    1.0856760847
   2.5052665550   -3.0286224445   -7.3283258151   -1.5321030540   -2.0161618968    2.0324806417
  -0.8352393748   -7.4772335044    7.1892035361    0.0224701541    2.3418080808    0.3186439458
   6.9667268204    4.9929934486   -3.9306568291   -2.7672661113    1.1418059132    1.0786308820
   8.0061687425    6.0111424763   -7.7163972281    1.3080355818   -0.2697081470   -2.4365887883
  -2.6539305795   -4.5694867358    5.8323332373   -0.7386209945   -4.4301754846   -2.7521396149
  -3.3620846981    3.3024730902   -4.5012940005    0.0252268018   -1.8848615815   -0.3988533751
  -1.8121672475   -7.8530256326   -5.1811706616    0.2055124275   -2.4465899495   -3.7143386946
   5.6199141829   -5.1478729872    4.2861411701   -0.2055120323    1.8908791773   -0.5185785640
   6.4181421539   -6.9266501536    1.7213283508   -1.6134645537   -0.5804184536    2.9829475334
  -5.8298937816    1.8132910141    7.7736730350    2.1711987068    4.8001251956    2.4406067789
  -6.4106140295   -6.3930680446   -3.0221923479   -2.4817851216    0.1569589465   -0.0461138534
  -4.7139899465    4.3542961780   -6.2307008992    2.4084441307    2.2621243633   -3.7355670505
  -4.3784961700    3.7371009243    0.0422861997    0.8320156140   -0.0909328184    3.8093131916
   5.7831535512    2.9815600591   -6.2170139054    3.0865122346   -2.4657234421   -1.7772301460
  -1.5343675829    1.2675334266    7.3725313206    2.2725398571    0.3430820639    3.3756829486
   4.5294305589    4.9133075777   -4.6094431844   -1.0295792917   -1.3840265598    2.6706305789
  -6.4686485413    4.8541763343   -5.8570742408    0.0455217378   -1.3596950122    2.1178970230
  -3.8931357556   -0.6815285393   -0.0502010285   -0.4973010763    0.9754750804    0.0647160423
  -3.2237607215   -1.8184044427   -0.7179108603   -1.5933716005    2.6767345498   -2.7007297606
   1.6601036803   -2.8647999351    5.9878251218   -1.0978027564   -1.2565860933   -1.2417479967
  -7.1844612614    1.5207533637    5.7106004121    1.9640619261   -0.4961943035    1.7111538313
  -7.4837718987    5.1695709528   -8.4191464314   -2.2366132408    0.1581095342   -0.6681007560
   1.5634873090    7.2562934121   -7.6385393500    1.3698869912    3.1249560058    1.7322673327
   1.5248115668   -3.7820865351    4.6436601656   -0.6530610986   -0.6344296646    1.7744290416
   6.2492617818    4.1972993892    6.0900793966   -4.1939826045   -1.5755932221    3.9866103433
  -8.3464084084    7.2855022919    1.7432020208   -1.4601916971    0.0544688460   -0.2713748156
  -2.7754916494   -8.4440142622    6.1088250477    1.6038507039    2.2328686403   -2.1486761008
   4.6274737570    5.5771845552   -0.1234281361   -2.0947915365    1.4490027108   -2.6316701125
   0.4275206343   -1.9330964650   -2.2111637713   -2.2080414027   -1.9430950204   -1.8737890943
   0.2415438307    2.1536828996    5.2060944086   -0.8482729756    1.1694000211   -2.5910706363
  -8.3676224233   -4.3555511052    2.6418040458   -1.4102557299    3.1547496989   -3.8291534048
   1.7818900007    3.6612958258    6.9500013479    2.9617599802   -0.2187377478    2.4722490398
  -8.0123130294    0.9304204886    0.0183083864   -0.0966707544   -1.5378394532   -0.7924763646
   1.1326540889    8.3533345170   -1.4667312041   -2.2628411397   -1.0603991402   -0.6343641158
   3.7484633132   -2.6546868226    4.8914916861   -1.2470949193    0.1092888708    1.3070548285
  -6.8392859354   -5.6786228939    0.0883333931   -1.5467455724   -0.8592757829    0.2572353710
  -1.7349928810   -4.0368234556    4.5178135675    1.8805061215   -0.0786890180    1.2676854603
   7.5746007608   -5.9420768545   -3.0409823599   -1.6771508835   -2.2194814107   -0.9431199779
  -5.7309104765   -2.3929983090   -6.8606773507    1.5695546422    1.1441141144   -0.9094108318
   1.4046208599   -4.4219126184    1.5166254003    0.7196229523    1.9541575128   -0.4370366784
  -1.8178982942    5.8221143800    1.2530674303    1.1791970438   -0.0438408901    1.7117573802
   3.0277510555    8.4636541015    0.2893186594   -6.2332054429   -0.6105083967    3.2714998307
   2.5866538116   -2.8045737064   -2.1763667361    0.5509676731    2.0942194150   -2.7919185049
  -1.9181547041    4.5975564055    0.0285242461   -2.5780331107   -4.0924800996    1.7478159400
   2.9943443705    0.1476858334    1.3226605043    2.1940435403    0.9185951186    2.9045964267
   2.7058580235    6.8874542785   -4.6483690521    0.2008760744    1.0689395032   -0.8823985900
  -5.3114430441   -7.1554964191   -1.4833737046    4.6868829579   -1.4324889117   -1.1612519408
  -4.0591964772   -1.5576661026   -0.9805789513    3.8249304648   -0.4465087800   -3.6294569757
  -3.0600100191    4.7264302884   -5.3702193802   -0.3972878860   -1.8722156202    2.1030662003
   0.5161516119    0.0683431363   -1.0749605545    0.0894413470    0.8119047941   -1.9186314086
   0.9945030144   -0.9847186323   -0.0518724724    3.3373651053    2.5907087015   -0.2314904297
  -5.2201852697   -6.8910487138   -4.3342165658   -0.8453817337   -0.0501068600   -0.2617091105
  -7.6076900002   -3.0520142180    3.0085440538   -1.8608586750   -1.6846566746    3.2402379755
   4.8388379706    1.0390369580    6.8224743301    1.7371862304    0.4973111403    0.9672728292
   8.2197094489    3.0005016207    4.9868813714    1.3043405006   -1.1773478442   -3.7992604299
  -3.6859328756   -5.5190391679   -4.9035043799    5.5688813180   -0.1987235559    0.2575478591
  -3.8557059616    5.8834461443   -2.7859226653    1.0048344396    0.0741535684   -3.5672229908
   2.5505394554   -3.8503067118    7.2537370188   -0.4456830802   -3.5489669704    0.5025584012
  -2.8546206296    2.7664548769   -5.7558241294    0.5375198299   -0.0801442998   -2.5994744556
  -8.1663571760   -1.4503081172    4.6346229024   -0.7178203589    0.1536903845   -0.7153076193
   3.4702410337    4.6482689165   -3.5593587236    2.2613332566   -3.2672174474    0.4035785074
  -7.7156081688    3.7101708373   -3.2322471706    0.2270715952   -1.2534039130   -1.0489112696
   0.9356470800   -6.2360701448    1.2823632482    0.7088719052    3.8513700244    0.1999385230
   7.5446357698   -8.2903183117    1.5437760329    6.4683538520    1.6981569815    1.9646082498
   3.0233837815   -1.6519586389   -7.3378866605   -1.1452491877    0.9384994652   -6.4468226090
  -7.9809344292   -4.0168627623    6.3867032898   -4.8293724110    1.3331731739   -4.3434297381
  -1.9882029847    6.6423788345   -3.4929890564    3.6695302116   -1.4838585946   -2.9537231793
  -0.0247470995    5.9065128054    1.2565403735    1.3903876299    1.0903442976    0.8121191826
  -5.0093403966   -2.2801700748   -0.6798072197   -1.6783642114   -2.7489020873    1.5421356021
  -7.3678584743    0.9890623627    0.7882357364   -1.3115208015   -2.1892200868    0.2801570903
   0.9353095843   -0.0372521384   -3.9635784882   -0.9995961392   -0.5015228026    1.4044028511
   2.9604548033   -5.7060465412   -1.7101899255    3.0118071756   -0.6356244491   -0.8875558099
  -6.6468025148    4.7808228554    7.0894168539   -1.9433603894    4.6109991593    0.1141346620
  -2.4925415084    5.9134425536   -4.2505583410    2.0568169314    0.4137033239   -2.1009867948
  -3.9828154293    7.2912849075   -1.2320236967   -1.2001750784   -4.6317233021    2.9883004639
   1.0102893247   -3.4637524222    1.8340201189    3.6629290595    0.5488588736    4.3929851167
  -6.0699929683   -6.0328215322   -2.0380438649    0.0591999213   -1.1091600705   -1.5732879293
   7.4492272305   -2.4917807288    0.7341161629    0.2596948984   -0.9204429086    2.3952224810
   2.1221861961    6.7380128675    2.6159612418    3.0367543914    1.5641966756    1.8139635682
  -8.0701365754   -2.2818238807    8.3199799149   -2.0832321882    1.8138628346   -0.7870518465
  -4.2956660950   -7.1964972634    2.2548793912   -4.7487784984   -2.2962818093    1.7825202154
   5.8084645495   -2.4687391525    3.9584997465    0.3710366507   -1.3052284585    4.1164646171
   1.8881861446   -0.5294130089    4.5299438617    1.6979383060   -1.8198499054   -1.2364483280
  -3.4547357391    0.5876146782   -1.0582100555    0.8838985850   -2.2437133435   -1.5683207638
  -5.8415322823    8.1050759527   -2.0898853391   -3.4212915650    0.7805602818    6.9007259582
  -7.6347700931   -5.8711546857   -3.8109020008   -2.7017159308    0.0180561898   -2.0859196943
   2.0812790816    4.1417604378   -5.9952339180   -2.4025349802   -0.2273663832   -4.5203535579
  -4.9205571520    6.5517273621   -4.4380950687    0.5282391676   -1.6728415512    0.5490646545
   8.5481009719   -3.0832429319    3.7564506260   -2.5298521164   -0.0688277175    2.0380141923
  -2.4119091491    7.1417201427   -6.0348720429    0.1896039629   -2.0662963943   -2.6401222012
   7.4716898561    1.7966188286    1.4095228645   -1.3696385163    1.5964836527    1.1751941355
  -0.0783429383    4.5714197436    2.7946735142   -1.0071452260   -1.7581048372   -2.1635291477
   3.9675193369   -8.2431925768   -0.8439999820   -1.0867779030    1.0749888116    2.0121843378
   5.1104039012   -3.7182617522    0.7982317287   -2.7446033914    1.1135632645   -2.7207117596
  -1.3294197943    4.1913254911   -6.0633818589   -2.9244727859    0.6506696824   -1.2564103950
  -1.2818969091   -0.2065381741   -8.0828385815   -0.9502024055   -0.5886234553    0.9932412225
  -3.4867132359   -2.1477219609    2.4375092872   -1.1423536389   -0.0091759405   -0.3491065400
   3.1761158825    4.9340623135    4.9972034704    0.9299499796    1.4152274139   -2.7616095067
   2.3446104027   -7.9896858615   -4.7375133615    0.3625406823   -4.1124562260    2.5636888116
   0.1615413914   -2.4038195966    3.3776924780   -1.1733771204    0.4703270570   -0.6149834547
  -4.7536792059   -3.8317035522   -3.3888860330    2.3260125973   -1.3512385839   -1.7264339237
   5.5355475954   -7.8242413922   -5.5422691478   -3.9049753817   -1.5151703915   -3.4699964763
   4.6891048395    0.8088749846    0.7074679079   -0.0215393066   -1.3617683926   -0.1844095127
   1.1623780108    6.7307432877   -1.9880314079    6.4520513251   -1.9467756539   -1.7492353965
   7.1709679834   -4.6303614523   -5.5478188814    1.4214825088    1.2286894541    3.7728397155
   5.2758044995    3.7990760328    4.5776638302   -2.7458883395    1.3949484882   -0.6203341673
  -3.6762560698   -2.7040294339   -2.3911828068    2.1037045298    2.0447531184    0.0120874716
   5.4905371031    8.0111839662   -7.6183461552    1.1801180043   -2.2110767116   -2.5524824451
  -1.2237664871    7.9730658435    3.6520080108   -0.0432521787   -0.3747869048    2.6138134233
  -4.2280780159   -1.6397139138   -8.3899275832   -1.5372288235   -3.6592842653   -1.3695946808
   7.7740179939   -7.0151163350   -0.2118904805   -1.7121985646    0.6822209194   -0.4718503738
  -4.3888426317   -5.4886813502    1.2964532585    0.6555011797    2.9878568951    4.4918165277
   5.9522229656    5.3993491923   -5.3220161928    2.5930737522    0.9647189476   -2.3704723046
   0.1680855817    4.9902960996    7.3741733028    0.2791618353   -1.4274531589   -3.9043391183
  -5.6703479076   -5.5779034775   -4.3208811549   -0.1976977952    1.9468098890   -3.5759250858
   2.7298346813    6.7962345582    7.5901995761   -4.0651015487   -3.2272464111   -3.4109918064
  -5.7433752998    3.6853840984   -0.0951921317    2.0634453326    2.2099142403    4.0719337991
   6.4107502798    0.0282503456   -7.1808390742    2.5695750904   -0.7243662242    2.0665666433
  -0.9583912198    2.8793393417    7.0211695991    3.0518447109   -1.0427423580    4.3175569770
  -0.8343466406   -2.5356237762    6.6881554004    0.0201422582    0.7480833872   -2.3863384796
   3.9397838996    5.0069498686    2.9904791486   -5.0511683203   -1.6203541010   -1.9965134890
   5.7162357441    4.8625850698    5.0276632420   -0.0439303674   -1.4156784385    2.9430438395
  -4.4350424977   -5.5412361309    4.3701040160   -1.6185428114   -1.7172392676    1.2798675512
   3.3567469461    7.1416188518    2.2515375696   -3.8164579922   -1.4854604519    1.7435075956
  -8.3199389838   -6.0173056399    4.4768329745   -4.6326549931   -1.6932163232   -1.8859004111
  -1.2175777539   -4.1888611981   -4.1398355382    1.9605435056   -2.8044743144    3.9202226215
  -7.5243682823   -2.4914301389    5.8332835225   -2.5055323242   -0.9588778806   -0.8481936360
   1.7737993061   -3.7633708918   -1.0181702014    0.2644512878   -1.2331546912   -0.6639595820
   5.8530969305    6.7194409686    7.3824923526    1.1837784289    0.2850029925   -2.5786234470
   6.0008654831    1.0869604114    3.8598109804   -0.7928605314   -0.0473190845   -2.5968698044
  -3.2839152268   -5.0311869101   -3.7376526504    2.1250079637    3.4879069933   -1.1598792419
  -0.2239058047   -6.9066604840    5.8749727557   -0.3335421270    1.6377401787   -2.5288781572
  -0.2433478746    3.2495801161    8.1128145084   -2.1039042150   -1.7296137469    0.1050930012
   2.5994943514   -5.5977685225    4.6223879304   -0.2080254960    0.9177846879   -0.6086524355
   0.2090826554    4.1550150449    0.8961055516   -2.4232194200   -2.7109831304    0.2688962108
   8.0491335232   -5.8536563280    5.4054519787   -2.7625750855   -3.0500316633   -3.7340912195
   5.2936373476   -1.6866379632   -4.9427342028   -3.6475235773    1.8738603466    1.5196827838
   7.9695867719   -3.0551881504   -4.6086336543   -1.2870467272    4.1823542078    1.0690920150
   8.4957942074    5.2485271038    0.4381592434    2.3213415559    0.1915804442   -1.1900498082
   4.4927303080   -1.9483225954   -7.6561176230   -0.0807838380   -3.1962089916    1.1709921671
   4.4421790008    0.3445343552    2.2964675952   -1.4508017234    4.3797550050    2.9563440425
   0.3316133840   -0.8966615578   -4.4030494953   -3.0749306708    1.6748095298    4.7900775207
  -7.6743328827    0.2611532754   -6.7431002195   -0.1362560734   -0.8438562031   -0.6738526574
   7.0380873127    8.5353356406   -2.8344936338    0.8790252506   -2.6558348473   -5.4923779934
  -2.5650720721   -5.4591717681   -6.9613079875   -1.3152713483   -1.2826660734    1.3266215653
   2.1053972571   -0.7382760444    5.5580418794   -2.3264811518   -2.4227211975   -2.4496473037
   1.0615526758   -2.2243734454   -4.9184777781   -0.6452986228    1.4547723461    3.6963400863
  -0.4890896326    1.7873644622   -2.7643414477   -3.5570874344    0.6574370135   -2.5754821808
  -4.5444913732    3.0678273419   -2.2108397116    2.7534077320    0.3731829372   -4.2199634701
  -4.3730878408    2.6700816943    1.2404381587   -0.4099502767    0.3630411995   -3.8678654193
   0.0419998520    7.9910006413   -4.9168808992    3.7048073272    1.4358270320    1.8449806345
   3.2069532585   -3.8633552334   -4.9023367207    1.2750291491   -1.6557818142   -2.7068464154
  -0.7129028604    2.5769215985   -8.4968116777    0.2352840178   -2.9858097851   -3.2760943866
   1.9275710578   -3.6451313672    1.3772138330    2.0975034931    2.3955145701   -0.3659297150
  -6.6284806574   -5.8636216426   -4.5386434880   -4.0942139722    3.5874380491   -0.5375887026
  -5.4858923677    8.0115460656   -3.1485539363    0.1578545440    0.4561521918    0.4701265948
  -6.9745353907    3.8860336031   -5.7448844009    1.0387007889    3.6044322636   -1.3679991090
  -2.5858108351   -1.4675298400    5.2534552957   -1.0917135834    0.3451053738   -1.5901835403
  -5.1978486177   -2.6054115721    6.6678585196    1.9091000679   -2.9559877248    0.8441431713
   5.8510792925    5.6316781761    7.1622849110    2.8924729814    0.3773013505   -1.6544876463
  -8.1638157834    5.8282221329   -3.6118656767    0.2765138645    0.5156644807   -0.7897113763
   7.2871124814    4.6784220073    4.0735202961    0.9481741778    3.5497832032   -3.5698962244
  -5.5426684488    6.6591594763    6.7597818444   -2.4502242005   -1.7859172302   -3.9996539684
   7.8268086016    7.0819647679    3.6722401187   -1.7029619805    0.2285709083   -4.8778227096
   8.3190592973    5.3979033697   -8.3122436202   -1.7587533416   -0.4992022795    2.7713450353
   6.2440479501   -0.6961600572    6.3337907205    3.3253846867    2.8665677051   -4.8069182986
   7.2608085356   -8.4217629299    8.4606315595    0.5039737393   -1.0834365945   -4.0262730475
  -0.6393080333    7.0209752532   -4.3513264166    0.2256751691    0.4293557312   -1.3799249475
   7.5153701855    3.9864842668   -1.9173745954    2.1955095562   -2.3171498982   -4.2159170197
  -8.2431440624    8.4223854494   -4.5511329661    2.8001085479   -4.9765355431   -4.3352983976
  -7.2775149056    5.2156271879   -3.0474925308    4.3353908939   -2.5202523206    0.6698072866
  -8.3278584143   -0.1364734951    2.8432105633    2.0267314859    1.2166746824    0.6683403192
   6.0922938301   -6.5101735525    0.4899305597    1.5747169208   -4.5930707384    3.0721383253
  -2.8323690816   -0.0688818167    1.8038400678    0.5827978302    2.6741138239    4.0525115093
  -2.8917352155   -7.8158623007    1.9334948349    3.5255915279    0.2728502039    1.5206366660
   6.6825470335    1.4475382430   -6.1414603838    0.7274573545   -0.8080482116   -1.0305868718
   3.3269859426    6.6335593406   -0.3932591467   -2.8196778832    2.2798895642    3.6907806953
   2.8015121309   -0.0229425290    4.0508433799    5.9246901235    1.8617767676    0.7627980504
  -8.3910750157    7.8241588882    3.1042653130   -1.8814467903   -0.7886008396    2.8970283514
   3.2770598175    1.1031244738    6.6177799338    1.3538426983    4.0548225250    3.1332293561
   4.2105612603    3.6646551245    4.1273821415   -5.8366928343   -2.1838561698    3.2148303059
  -6.3401139697   -5.7127831247    4.2056791345   -0.9740315880    0.7409220214    0.3629200074
  -0.3594417858   -4.9686583506    1.4008099746   -0.7535495156   -3.0472994426   -1.3923329215
  -6.7216988890    4.2245191930    1.7338963437   -2.0675877837   -0.0779160049   -0.7157351549
  -2.8937998562    6.0434661198   -5.9642251743   -0.8474618544    2.7417430424   -0.5104452417
  -3.7806551483    4.2143505640   -7.7548413323    1.0550364310    3.0828023109   -3.2229627695
   0.2889096624   -0.9596580735    6.1836323043    3.9712625874   -3.3693692598    1.8803684828
   1.2184058460   -3.1456072410    0.4489298396   -0.8832473604    4.2581779929   -0.7712472514
  -8.0201868580   -4.6080070916   -1.7032857001   -0.9706633657    1.9539433764    2.0851447514
  -5.4787867239   -2.9829047133    5.1182853884    2.8370670837    1.0493937732    1.4421224619
  -7.4069320382   -3.7875493038    0.6070505448    3.7835229950   -3.4804847684    3.4463534381
   0.4614884724    2.5509938361    2.9422670824   -1.7387426324    2.8952334942    0.4201130450
   0.7042461325    5.8594033873   -3.7518062937   -0.4655929026    0.6673244941   -0.7145355853
  -7.6598585381    0.2355725556    8.5217691747    2.1642450928   -2.0460717433   -0.1392140377
  -0.7232051125   -3.5794904937   -4.6174508505   -3.9482425226    1.5900559599    5.2815296230
   6.9570144222    1.7492760080    4.5542511161    1.6368210436    1.2375310139   -3.1251470384
   7.4094499011   -6.9967363891   -3.2232359402    1.7721667733   -0.5850563417   -1.6847564933
   6.4052849716   -2.6609501967    0.4019682715    3.3888119415    1.9932690617    1.0401053124
   5.9944864720    2.1882481745    4.6691386025    0.3764966282    0.5413878996    1.0125906569
   4.1985510929    8.1366823586   -4.0820282001    0.2320760526    1.4135226269   -0.3924978078
   2.0348555148   -2.5732369614    0.1009318245    0.2446230901    2.8578533604    0.3913988151
   5.3317260451   -4.6662105683   -0.2687645579   -0.4079877922   -1.1288069253   -0.8765525325
  -7.3140915277    7.2992208619   -3.8916967879    0.8683864398    1.8823536153   -1.9997404803
   8.2005830745   -2.4302030491    7.0390403097   -3.8593310714    0.3014645549   -3.4121327899
   2.1536040066    5.1881355149   -5.0001292356    1.3231118384   -2.3406837304   -1.0964232592
  -4.7341878980   -1.4791979177   -4.0362582651    1.1395994526    0.2313540281   -2.6068596482
   4.0249285004   -5.0930605009    1.7498834045   -2.2456896945    1.4833906929   -2.7362283565
   6.1846886520    1.1846415690   -7.3415164395    2.7983597509    2.8398937392    2.9350240009
   4.5796866562   -0.7641443224   -3.1177249557    3.1968745866    0.0492764174   -1.6986489055
  -8.4625107973   -3.7983735410   -6.1836200344   -3.8517793721   -0.5884702183    1.4860679957
  -4.9481993426    3.3607227310   -6.3198515711    0.8069061464   -0.4298658756    2.2447308832
   8.5453868709   -7.3588493740   -4.9567424774    2.0289350748    4.0380185614   -2.9390181439
   3.0208926429   -0.9092768022   -5.9242484941    1.9623467747   -3.9140221018   -0.2656037759
   8.4445142572    4.5666817379   -7.6733823645   -4.0325831651   -0.5383683496   -4.1445547294
   8.5372365524   -6.7251825521    2.9644803123    1.6868354704    0.5423763929    0.1260410646
  -7.6843860625    8.2623912291    0.9644717854    1.4610355384    0.3320370846    4.1682944901
   4.8293494936   -3.7627329034   -4.7745157989   -3.5095869701   -0.7977027216   -0.7513676954
  -1.6103287294   -0.1840712372   -4.7796228779    1.7301671024   -2.4887318357    0.2694461553
  -5.0028618666   -3.6002434011    5.7157774053    2.4176951509   -2.4745790993   -0.1960497570
   5.7211484872    2.6276130803    0.6763224312   -0.7680249367   -1.3080968084    1.9672945910
  -0.9447132835    7.3186425360   -5.3193670836    2.6072502212   -2.8554687166    0.6663240249
   8.0502246086    7.6538585647   -1.0757627630   -0.6305992232    0.7038651155   -3.4523551525
   7.4008674096    1.8759503007   -0.9147376585   -1.0184519123    1.0920039068    2.0014262388
   7.7767089335   -5.7958931212    4.4551618590    1.9391302012   -0.8463355579   -0.5021611294
  -4.5810234518    7.0282405915   -6.0334128052   -3.9498693704   -1.3502474683    1.8086522544
   5.4526227666   -7.4888456090    4.5159995051    0.7845615304    3.0780044978   -0.8074035193
  -8.4337923769   -6.3962462112   -1.1124193390   -0.0608584410    2.9171827741    0.0973401120
   5.2377153795    1.1279088930    1.9334890187    1.4807253623    3.4892992517    0.3596235709
  -4.6950130453   -6.2827177641   -5.4964047982    3.1884670396   -1.2752935330   -2.2378780809
   2.6785403313   -4.3480969819   -1.6805034556   -1.5087985910    2.3554193854   -1.7257477719
  -2.9603093499   -2.5207410137    0.1371620252    0.4051879523    1.4851550971   -1.0015134532
   4.2902407095    0.3953156561    6.5343502601    2.2758107801   -2.8867125219   -0.6873589487
   4.1967745885    5.4445886353    5.1145368700   -0.8064446923    3.5347883923    2.8015178259
  -1.9470752405    4.2447224193    1.1945957383    4.1740354801   -0.3180268595   -0.2249028064
  -4.8779793064    1.3019680159   -2.9645573306    0.6784359080   -0.3787233360   -1.4203362694
  -1.8472058640    1.9541612706    0.9480484100   -0.1575709841   -5.3666674176   -1.1935790654
   1.5834614429    2.4501349014    5.8279011464    0.7646302680   -0.6598472988    1.8037037319
   3.8318147705   -4.7907213761    4.3842331463   -0.7697454238    4.3146893238    0.9208439627
   0.1961952673    5.9482398343   -5.8492574894    0.5359538141   -2.1519131144   -1.3630002993
   6.7317902421    6.9885812560    3.9203255605    1.5047341896   -2.1356581252    0.3762403167
  -1.2120261875   -5.5027418548   -7.5274908175    1.0175733024    4.2195479103   -0.0674716071
  -0.2850460849    6.6857607687   -2.2908206128    3.7951899760   -0.6377355344   -0.3195821078
  -7.1277196660   -0.2405213864   -5.7891568657   -0.6278716122    0.4423078784   -1.1458620536
  -8.2165912624    6.1855250077   -1.9976465896   -1.7756306542   -0.7676609400    4.4715885882
   2.1910038797   -3.3534550386    3.9268827677    0.0238800196    1.0544345119   -2.8909401645
   4.5568510131   -4.7365758653   -5.4968976298   -4.4958486260   -1.8788078687   -1.6162685665
  -0.4951784391    8.3578689188   -4.0187094793    0.9516132242    1.9277056541    1.3278530762
  -3.5743274457    8.5276843884    0.1350143316    2.4163679051    0.6979571412   -0.0051795157
   4.1690756132   -2.0768299770    8.0409893641    3.8535261398   -1.6963303613    3.3872735707
  -4.6062055796   -3.8686341507    0.3007095411    0.1895691039   -0.2831445130   -0.9704136636
  -6.9965987151    0.1479437011    0.6777256205    0.1443223386   -2.5678101361   -3.6947590999
   6.6800995017   -0.6531080982   -0.1668100335    0.7294362525    0.3880849646   -3.2332453383
   8.0754958474   -4.8097108875   -2.1620811898   -2.7727753200    3.1290851183    4.7449899529
   0.4390865483   -3.9713459143    1.2597999402   -1.7450035606   -0.6531479051    1.2861629720
  -4.5448705150    2.2371875818   -5.7493411048    0.0167492930   -1.9327511369    0.3400766845
  -7.5644858465    5.5784594824   -0.1342901540    2.0767460111    2.7592947181    0.2289721612
   0.5455321268   -7.8444400585    7.3295823184   -3.3532882281   -1.0256628620    0.4915511805
  -7.5286545587    7.5318531276   -7.5589230229   -2.9201396371    0.4491794479    3.3796676614
   3.2130092788    0.7019700912    2.0893786697   -1.4329061667    1.2461517330    1.1959487415
   4.5599730862    3.7027738630    0.5364067518    2.0809536512   -0.2244640091   -0.0924617719
  -3.6494081778    7.7901008673    3.0461856561   -0.3293634346   -0.1595796114    4.4499869758
   5.7238171081    5.4968231265    8.3813568371    0.4158959454    0.8104992881   -0.3858124536
  -1.6566103327   -2.4661376040   -0.1911133274   -1.5279541092   -2.8849651222    2.1768860872
   0.6772860486    5.5453369853   -1.7054711445    2.3986626362    1.0757207733    1.6534510711
   3.3628389921    2.9809237536    3.8970206663   -1.5867660163    1.3350533240    0.0609167011
   7.1245120196    4.9545519769    1.4506666428    0.5972641234    0.0772281124   -0.3885064361
  -4.2411596352   -6.7596117910   -1.1456759022   -3.1585428125   -0.8825885178   -0.4908722788
  -6.7784460203   -2.7229493917    7.6855491275    0.9028425874   -1.1666667527    2.2303608152
   8.3112968686   -2.4607580625   -3.8755930167   -0.1669748111   -0.8602114988    2.2159653072
  -6.9299194239    1.4111456263   -4.1282389464   -2.0489806976   -0.5511530552    3.6325348179
   7.2869103910    3.5091220997    3.7544899427    0.5791090390   -1.1187262852   -1.4653289379
  -4.2249222189    4.0232025705    3.1584709199    3.1882637442   -2.5922371449    2.8725871372
   6.5777491489    7.0436845719    8.1694375495    0.7770226264   -1.9997331011    1.2678211983
   2.9964812249   -0.1645748070    5.2862863089    1.4197554874   -4.7376369019    2.6802421502
  -7.6232822427    7.3528012983    7.6391120992   -0.6302714864    2.1220568014   -2.5816011817
   2.9411345030    1.1010353176    7.7833433292   -1.4073078307   -0.8026555207   -2.0743148636
   8.2043963777   -0.4293381980    1.4067824439    1.3366472528   -0.9927767166   -0.3159172574
   6.4342818369    4.4651974225   -0.1967080426    0.1129965682    3.8019752107    3.7334098746
   0.6716918535    5.8215211654    4.7388387237   -2.3799624956    1.6235069485    1.4924519068
  -4.7763188510    3.7145411918   -1.4337669811   -0.1411808016   -5.8149183587   -1.9227018590
   6.2905839147   -4.4847614168   -2.2928895496    3.0588390514   -2.3976646528   -4.0380387960
   6.8935747771   -7.2184923793   -4.0873973797   -0.8517553068   -2.4768999641   -1.6417490188
   2.0138579805    7.1044557174    4.5025899393    0.9623686903   -1.5626565514   -2.3897505218
  -6.4239843061   -2.7053952656   -5.9658799856    3.2671272878   -2.8098400094   -1.1270414431
   4.5742225951    7.4092490995    7.6858511009    2.2879310973   -1.0112631633   -5.7499935060
  -8.3587434132   -3.9048055077   -2.9379660531    3.9317576335   -0.3780977722    2.1833845761
   3.3253235982   -7.5114019877    8.1886866696    0.5027104659    0.8927938062    0.2596300298
   4.9173099025   -7.3264993410   -4.7576266356   -0.4961823819   -2.9457702552   -1.4931125080
   2.1517811688   -8.3486539827   -3.6700317144    3.4033195466   -1.7408891132    1.0279992632
  -5.3700624572    5.7158605417   -5.4830949513    4.0928143592    0.2165382476    2.2230547220
  -8.0761372665    7.0488398958   -3.3900562551    1.0735266798   -0.5139304409    0.8005350221
   4.8222013868   -1.5593254617   -0.8186608632   -0.8038496652    1.5517067876   -1.7680686878
  -1.9243018359    2.9629009141    6.5020261235   -3.8338179300   -1.7536911866    0.4385233772
  -1.5505919677   -5.5905040729    1.4059196616    1.2773775924   -2.9053053770    2.6652777284
   3.5788102526   -0.5197240621   -0.3942364648   -2.1899023350    1.4182149036    0.6417885502
   3.8378510130    6.1328977066   -5.6359101845    0.8280487925    1.9311439501   -1.8189668381
   2.7000346327   -5.6183277431   -0.1696587288   -1.9897783311   -3.8859228278    0.1657104127
  -5.6784597265    1.3070438978    4.9827970134    1.1571531511   -0.5092289405    0.1366059194
   3.5958022488    2.9290455298    7.8379304810   -3.3658966065   -3.7394839471    0.8284932280
  -5.8014832405   -6.5985939267    1.2100871600   -2.5741907123   -0.2618801733    1.4992022017
   4.3657148148    5.8787814757    1.0974127287    4.3981719288    0.4974768371    4.0041516327
   5.7131350206   -5.2051685012    2.2817614546   -0.3114893080   -2.0950093994   -1.5187666140
  -4.4328607409    3.0202277755    7.3943996664   -1.0522033649    1.3445246568    1.2863432441
   5.4247565758    0.1736136134    3.2027995421    1.9646439935    3.4003426967   -0.4940735778
   2.1498311269    3.5420924390    2.0834730883   -3.7869344581    0.1699444698   -0.8420510557
   1.7680962734    4.8607080227    4.6971845330   -1.1685735427   -0.2524524037    2.4729664435
   7.4896908109   -7.3002381851    7.9141573402   -1.5562810709    0.1756312023    2.3831982039
   2.4768540386    0.2187643722    7.3445980232   -2.3525895672    2.8497924390    0.9956331689
   3.4268193770    7.7624307236   -3.3856847280    2.5540390295   -1.3879566248    0.0686594545
   3.4818311543   -2.0997439206   -4.7500785203    0.6647532797    3.0827719922   -3.9925989476
  -1.9993538968   -6.7975685089    4.7026852755   -2.3103698458   -2.4979303472   -0.1674817760
  -7.4336144153    6.0106284093   -5.6753985139    1.5783315184   -1.4532656751    1.7902166482
   5.0218822367   -6.0643092374    4.7983787405   -2.7473610164   -1.7008685836    1.7763639775
   6.5596884522    7.6463969868   -6.4496445799    2.0209816221    0.6305178301   -0.2026283601
  -2.3809223172    4.0742943126   -2.3629865977   -2.1291910716    0.7470225519    1.2184345766
  -1.8732199568    0.0850439012    2.5437795409    1.2583932257   -2.4912524089    1.3115560344
   3.6826879884   -2.9230884947    0.8135667444   -5.7198736774    1.0525553106   -2.3187680474
  -2.3717339728   -1.3364078492   -4.1517679374    0.6632296150   -2.0897682832   -0.6743979696
   3.5233610785    7.5407808046    7.9563333667    0.2898801840   -0.2613226565    1.7649700044
  -1.5491678902    7.0019386080    0.8809972584   -2.2126235559    1.5724083953   -2.6031867236
  -4.6045163839   -4.1021291430   -2.1556297497    1.5740757011   -1.1228994232   -3.3356097686
   5.7364635432    0.8658087053   -6.1638939994   -0.4260790690    1.7437058410    0.4724162652
  -7.8411261422   -0.9209321876   -4.8138174138   -2.4074100092   -1.1263039390    0.9848716418
   7.7066240458    2.5504523269   -1.5782990659   -1.6552636362   -1.2633535418    0.6862644315
  -4.0339325882    2.0854017841    3.7600828969   -0.0135563257    3.1286446759   -0.8345744378
   7.0921643067    3.7123640055    8.2629890537    0.3785561027   -0.4026782907   -1.3046014221
   7.0453880228   -1.7348536862   -3.6160028055    2.5817274983   -4.0231735486    1.9625352560
   3.5587295467   -7.6176286381   -2.1503366241    2.4456364097    1.5359479492    1.8572360040
   0.8275258038   -0.5981939625    3.9778509717    1.3820849854   -1.4816750914    2.2660647815
   5.8336773277   -2.8821522581    2.7157214060   -1.5893519907   -0.7298381902   -0.2206809271
   0.4421985623    7.3061875335   -3.1773197609   -0.5157138925   -0.2431334798    0.3270782874
  -2.5050797660   -5.9620952246    6.0879567639   -2.3339283375    2.1098459816    0.4400398326
   4.9562875706   -5.9992814849    7.7540644623    0.2236710491   -1.9364651434    2.4598329618
   0.9464978780    6.0573435431   -2.7690403756    0.3615727796   -3.7997635138    2.7882770227
   0.3000273747   -7.4458494539    2.8905057341    1.3478695365   -0.7648428163   -1.4839417375
  -4.9615493947   -3.1123452887    1.5380163019    0.7428005339   -0.3970445734    3.6353400430
   7.7907999143   -4.4541521483   -4.7255362917   -3.0642844941    1.7219149085   -1.9530336924
  -1.4557764613    4.0762338126    5.9402710259    1.8891172814    1.9999403393    0.9365796893
   1.7732385697    5.5987224666    0.1637033788   -1.3912200107   -0.0674237906   -2.6576546395
   5.1127379822   -2.2399827749   -3.0902454903    1.0987014448   -0.7452873003    1.2701976663
   1.5118337232    4.8363284104   -1.4644631076   -2.9861335088   -1.4079022731    2.9570682243
  -0.2507589206    6.5454795219   -0.7111088837    2.6532757842    1.8722233754    1.0334707617
  -4.6289095461   -5.8282881478    3.1217423409   -4.5956951570    4.1841352490    1.2815059823
   1.4387770358   -4.7363310936    7.3495527752    0.2540404358   -3.2914849250    0.0694907129
   4.3843452694   -1.3145386369   -5.9124861361    6.7034274764   -0.8091004395    6.4171609392
  -7.3708764778   -7.1528470726    4.1573669349   -0.3535839083    0.9791618293   -1.3515380546
   3.8683951927    4.8475906035    8.3397135666    0.4415047096   -2.5584986748   -3.5532661260
   8.4616231931    7.3365351413    8.1320755217    1.8534857966   -1.1868297026    0.5748499476
   4.1773182447   -1.7928403568   -2.4783450075   -1.4967176488    1.5297442419   -0.2719017316
  -5.4941953527    4.0387340365    1.3433937372    2.4325278233    1.9929239915   -2.4147043448
  -2.4181932344   -2.3142423760    2.6619093518   -1.6682089178   -0.3708241992    0.8553185339
   5.8418966170   -4.0952078060    0.5810881751   -2.6413456415   -0.6699081527    0.1680413671
  -0.2344825989    5.7733710175   -2.7392546442   -0.7970978326    2.2006185117    1.7381145182
  -2.1945988261    5.6861738585    6.6290120819    0.3125467418    3.0456538171   -2.7606122339
  -0.6592860125   -0.4090871114    3.7843117724   -0.2771675184    0.7697547305   -3.1506874667
  -4.1701301203    7.7348803659    7.6791431814    5.3419126982    1.6086328277   -3.0656224616
  -6.2921165020   -1.8304130942    4.8119042306   -1.3002314968   -0.5752914380   -1.3655811537
   3.4179340421    7.2747192998    0.3263317772    4.5932512016   -1.8231290883   -1.5809372175
   4.3848806433    6.2158713871    7.4126610041    2.6392826359    4.3263085397   -1.8768182400
   1.1004452404   -6.9159933512    7.8282869966    1.4133784657   -3.6213157424    0.5644619619
   3.0171484415   -7.2150507391    1.5509550736   -4.3636615672    3.7845176644    0.0465921066
   6.0936257224    5.5557189213    2.4978541689    2.2719950380   -2.3729898001    2.2736990784
  -4.5790902794    3.6080826508    5.8739573458    1.1393861245   -0.0586388469    0.2984826965
  -3.8252453298    7.5122695365    0.8553319599   -0.5752629839    1.0346818448   -0.2119528729
  -1.9243932971    0.6955234421    6.6207472463    1.9195290625   -1.1980637393    3.4494002095
   6.2481418157   -1.7996247944    6.1737620093   -0.4676318567    4.2894777272   -2.3457049040
   1.2508356325    0.0699564437    5.6797976361   -1.0728077899   -1.7834270218   -0.1191066897
   2.4581351746   -0.0028275627   -1.9847420431    1.2669518512    1.0093917822    1.0324858802
   3.5661556020   -2.4132373768   -8.3596610616    1.9712422914   -2.2846358752   -2.7219852469
   5.3075836096   -5.8093496754    0.5548656473    1.3682174308   -1.1453832926   -1.0754158546
   6.1539012321   -1.7488576324   -2.3911048587   -0.8985782311   -0.4911534843   -5.7831990034
  -5.7969025486    4.4093075992   -4.6919959684    3.8127603038    0.0620195040    2.1341825581
   6.0916288166    6.7796047909   -6.5275712598   -2.0842466719   -1.0369600512   -3.7898240501
  -1.9591944448   -6.3930808893    7.3984390195    0.4523456136   -0.6054610056    1.4193453449
  -6.5209496468   -6.8359540956   -6.2854535251   -3.6341895817    2.9060881687    1.0949354870
   5.1446855631   -0.8261444529   -3.9593592051   -1.7259152813    0.9078865444    0.0137897655
   0.3242844578   -6.6127318439   -2.1802521373   -2.6584492079    2.1713545170    0.7251119334
   4.1467300276    0.4361922668   -6.6900587913   -1.1416347500   -1.7344532813    1.8270025882
   6.5919749671    2.5661474613   -2.1480597035   -2.0317367244    3.7738208378    2.1741517977
  -8.0650239676   -0.8030713335   -8.0303562274    1.5867620129   -3.0122035810    4.5333627187
  -5.2458471434   -8.2946205481    4.1698511220   -1.0040194854    1.5079826312   -1.8752881694
   3.1234826444    1.8901988568    8.5457430232   -0.4868070647    5.3782182973    0.5395258030
  -3.9229190281    6.7102363879    6.0877514767    0.6528253547   -0.6514066085   -2.4879639244
   1.8959280917   -4.7954802458    3.9101514205   -0.0466310798   -0.4457501980   -1.8674815071
   7.3579492332    5.9144471412   -5.0072698846   -0.0043873994    2.2254139946    1.8450436508
  -2.0512033839    8.1945797943    7.9215087531   -1.6525913562    1.8532606959   -3.5061159287
  -7.1879264321    4.2730571917   -0.9473615322    4.3113929611   -2.0206540604    0.5263548669
  -5.6068054976   -0.0003478656    0.5044358322   -3.6109478921   -0.4797559448    0.9802144788
   0.5288761485    2.6708156530    4.3281729938    2.6591706062    0.1095866332    0.8263375216
   8.1303843887   -5.6625291828   -1.2804012861   -0.1652939664    1.2465256627    0.2843181925
   6.4993077515    5.3028692320    0.2784792331   -1.0129534364   -0.1300171500   -3.5772915797
  -4.9005137843    2.5833089967    0.3923718639    3.2439976185   -3.3681905421    2.5073658407
   1.1657809335   -2.3170110740   -1.6216084455   -3.8666607879    1.1410979997    0.6980792857
  -1.6382891863   -8.3474575601   -3.8624303840   -0.6631777016    0.1725759335   -5.0531671262
   8.0068944593    5.8744642160    7.5135282036   -1.2705161849    3.9269152743   -2.1579581312
   8.4482914427   -3.2807888768    2.7601655370   -1.0046512730   -0.7188175763   -2.0747178561
   1.6638795182    5.1387526902   -6.3079859526   -0.6192858686   -2.1664474354   -0.1334295950
  -0.0234182555    4.4259652534    4.3743744626    2.1646670166   -1.0732047230   -0.1800826634
  -1.4196265319   -4.9107790656    8.3947750571    1.9147740692   -0.9386457497    0.7434234031
   7.0846728166   -8.4079999270    4.0598966482    1.2098388996    2.6917807110    1.2191855767
  -6.2457952197   -3.9319260180   -4.8092841643    1.3791962606    0.3364906795    0.9372795689
   0.7376379700    0.3050794735   -0.2496509093    2.6606653388    0.4329491809   -1.3889356313
  -3.1934481284    6.4958176273   -2.6518988375   -0.1541052422   -1.6190995853    0.8970954683
   0.9254906909    3.7766362899   -8.5372085162   -4.0899012236   -0.3799855412   -2.1328334790
  -2.5790735478   -0.6385638209    0.6069809378   -5.1616695776   -0.5247518752    3.4340038439
   1.8025681985    6.8193066915   -4.2473435083   -1.1243421901    0.2795974838   -0.1394492479
   5.7281525669   -0.6746917982   -4.8754401473   -1.8239116211   -0.8983148868   -1.4966991329
  -3.9104368492    2.2316859789   -4.0764809548   -1.9019305893    1.8983513237   -1.4069525046
   2.0725471624    0.6194593825    8.5439258593   -0.6598653287   -0.5993613729   -2.0203638520
   1.5404803735   -5.4422327035   -6.9614900227   -3.2653468447   -3.0595013329   -2.5666386332
  -0.5425985049   -1.4273136503   -0.3252950218   -0.1742180983    2.7586534821   -3.9352341170
   5.7174571422    2.5603640707    7.8405744628    2.5621463466    2.9697341831    0.9845215067
  -4.1468800128    5.0993425040    3.4063405819    0.8783380347   -4.0871715487    4.3316395416
   8.2946356365   -8.3159073244    6.0459146679   -1.5710249119    3.7205686093    2.1348719083
  -6.4519318167    8.1223848022   -0.9873329303    0.5286395439   -3.4032962868   -0.6843601973
   2.4751793472   -3.0824267601   -0.9535477115    1.5722532979   -0.4462251985   -4.7941955859
   7.0566557344   -3.3994083292   -0.2171279365   -4.3435399395   -0.6097447297   -0.5289367192
   3.8296582457    0.6889247568    5.5367242133    2.0170822708    1.1734513642    2.5940773770
   7.4228155828    0.8262081216   -1.9477042556   -1.1461252746   -4.3616141922   -3.6612065766
  -4.7672292485    7.6739657949    4.0056817382   -0.1196735123   -3.0960850482   -3.9547566605
   5.5277363817   -4.3373715319   -8.1489756290   -2.5096835871   -0.4730027406    2.9213369593
   5.2947674008    7.0156648510    0.0164562615    1.2861322696    1.0513215394   -3.5151441284
  -5.5000069639    4.5765481423   -1.5122804314   -0.1158745305    0.7896057892   -0.6219641159
  -3.0753814371   -6.9028123023    3.6271212179    0.7469190415   -0.6318426164   -0.5967474317
   7.7258970204    0.5665200412    3.5729489011   -5.2988038647   -2.3991411184   -0.6346053118
   2.0523414781    4.0655522835    5.2994647515   -1.3892868216   -2.0611375848    1.0437775999
  -5.0757295248   -6.6070043454    2.4804702560   -1.1939587399   -1.3877843382    2.2387914462
   6.6393802332   -3.1592184253   -4.2159216057   -2.9238612539    0.3898978401   -0.8232823656
   0.0554027998   -4.7299988971    0.2349612156   -0.6424532274    1.2924035612    5.1449209720
   5.5208641301    2.9984916076    3.6590759085   -2.1089342549   -1.4339377961   -1.2587299352
   1.4027557059    4.0064157581    0.4329780716    2.4671621108   -1.2102841789    3.4256879347
  -4.7582275749   -2.0274132675    3.4816287251   -3.4118851978   -2.6374002710   -0.8208335186
  -5.9408056731   -6.9787786014   -7.8910223920    1.7718499774    0.8362466281    0.0524989388
  -0.3382663137    1.6573924449   -7.5690575011   -2.9599976713   -0.1608658457    0.8803188420
  -7.4277615322    4.7707621982    2.0510441934   -5.2895614712   -0.8868080092    0.0535363973
  -6.2456581079    6.2382679887    0.8284007456    1.6358934532    1.7688115266    0.7826160872
   1.9513046078   -7.9094986118    3.4707175616    0.8489462098   -0.6289999376    2.0279583351
  -3.4295064280    3.8422368447    7.1574867898    2.2850323810   -1.0522075442   -1.8732571868
  -7.6122569321   -3.5537915243    4.6062196488   -1.9205752987    0.4056626809   -0.7993773281
   6.9217530107    7.1201298043    5.8261002178   -1.6371695209    3.3377163753   -1.9398077455
   2.9278536551    1.3078017886    5.3684448987   -0.6241012441   -2.8776876377    3.1585438395
  -7.7914628922   -6.7221176224   -6.3612285362    2.2850563112   -5.3815634775    2.1063682125
  -6.5339257971    4.3695419084    5.8860809217    3.9427527032   -2.5567209595   -0.2220836423
  -5.7260809214   -3.6517907831   -3.7753581230   -0.0380699602   -1.3086419664   -0.0258714714
  -4.7826392614    4.9107875027    0.7907164688   -1.8495732551   -2.1093302547    0.4770733956
   2.7794859388   -3.4414951503    0.9403394072   -6.6877097010    3.2017594444    2.0670542104
  -5.9002714403    1.4089312806    6.7515800519    1.2233228063   -1.9567619778    0.5845134426
  -7.2464942777   -8.0801189812   -6.6043074038    1.6039547849   -3.9997111567   -0.9034242908
  -7.1008492351    2.7506064066   -3.2195251351   -0.7527320797    0.3877455952   -2.2087183370
   3.8852137285   -8.4565064873   -7.8435736350   -3.6593975266   -0.1141345726   -1.3906316388
  -4.2487274590   -8.0363024823    8.0140697640    3.0064560085    3.8704327463   -0.1376151084
   7.8672383825    7.8386435927   -3.6594799791   -0.6368260087   -0.6863015040    1.1258926628
  -7.4301278136   -5.0547000840    4.5595809422   -1.2233794468   -1.5814441772    0.4712595356
  -0.3011184028    3.4884393764   -7.9504185617    0.9939290367    0.8241078402   -2.4906796722
  -0.0633763415   -1.0521454946    2.7313025091    0.5939355515   -0.4624810007   -2.1535863248
   6.3515630602   -7.2826739026   -7.8937048687    3.3402132573    1.9728743962    1.1846730748
  -6.4175817352    0.4658398561    3.9753579373    0.5536112311   -1.6131375328    0.3893591456
   8.3594607288   -7.7216912942   -3.8614965085    2.9551115954   -2.1548539385   -2.2159024900
   4.7246793481   -7.9478304855    1.4523007594    1.8102760680    0.5390922656    3.1278192747
   6.6056410864    8.0242914636   -0.6115772641   -0.6348634612    2.3232431881    0.9542020010
  -6.0965588704   -2.5869415349   -2.0880517617   -0.5967008332    3.2616228371    0.8773252240
   6.3257363420   -3.9751279708   -0.3716579308    2.9924120795   -0.2186011226    1.5063574265
  -2.3288132054   -0.7650261419   -5.9837936102   -0.0766623369   -0.7840245651   -0.5642005171
   3.1814439448   -5.3181661254    7.4439996685   -5.7156372031    1.2277784448    0.9481141485
   7.0608232390   -1.8442649853   -0.1043881615   -0.0297699793   -1.0096038361   -1.0427956090
  -6.8059587458   -6.7111056502    3.0366410633    0.1604594312   -0.5178099751    2.4374636812
   4.8871842793   -2.1958727222    5.3586527553    0.7225253245   -1.9391005960   -0.1409923556
  -8.2688321832   -5.0798519204   -5.1459556794   -1.3198777919    1.5927772397   -1.4545511903
   7.0421443420    5.1895836108   -1.3501036484    1.0989446493    0.7339496713   -2.9194796409
   2.2351051724   -4.2842828211   -2.7622112282    0.6944079231   -0.5872656031   -2.0039779393
   0.1030485038   -0.7650972712    5.0872704679    0.1780923389   -0.9985577931   -3.9784574814
   4.8488020470   -7.6499157395   -3.7830354285   -3.6087749033    0.7478660234    0.4195419816
   7.5548356426    5.4670830477    6.4052798311    2.7558250558    1.7022055079   -2.5205515316
   0.7719023650   -2.8889752820    8.0162458300    1.5024100878   -2.2152020722   -1.2951625460
  -7.7582389863   -7.9117462435    6.0007993565    1.7149933861   -0.2009425290    3.0388033141
  -7.0507733279   -8.3662833755   -4.0586983325   -0.5885704302    0.6667756996    0.7347202610
   0.8773048565   -6.2085344820   -4.7375056725    0.7675066871   -2.3323042004    3.7629343719
   0.3270628378   -7.7953607679   -7.2802621698    3.2165061521    1.2654101146    0.4285192999
  -5.9339102295    1.9783663356   -4.7780695973    0.6355099071    1.7545258033    0.4770638312
