           1000
    17.09975947
   7.4299049494    3.9010463050    0.2430378681   -5.3178147326    2.0378205053   -2.1431915636
  -3.6914796107    4.7641551821   -7.0969580823   -2.4608055130   -2.5429140960    1.0055499488
  -1.8055598690    7.4120324881   -5.0180672670   -4.2933431122   -1.3288351194    2.4972745574
  -7.7846722363   -0.6371468294    1.2990768000    0.3882281798    2.5400281888    0.6674418720
  -0.5103887373    5.6116217983    3.1434750356   -0.2739661827    1.6561560221   -0.6837193141
   0.8696697795    2.4250085119    0.0045921888    0.0002505149    2.0614931053   -2.7950688013
   5.1261325678    3.4141911715    5.0173447225    0.0191281247   -1.9863478693    2.0435461709
  -7.2175546679   -2.7691457063   -0.5619554040   -0.5204647344    2.0823719199    0.4368149811
  -7.5919309352    4.3320529935    0.3530369117   -3.5088629824   -0.1052778870    0.1464954624
   0.4761809506   -2.5266420016   -4.5644729089    6.2860687792   -0.6227718593    1.9544876204
  -1.0615720225    3.9189618777   -0.7243868623    0.9735942550    2.5693314224   -0.8506501504
   4.5641539226    1.7832935864   -1.6721513737   -3.7314435394   -0.9090153676    2.6290796398
  -1.9194568320    4.0413445794    0.5789872830    0.9635785524    1.0981241986    0.4231154050
   1.6711833518    0.6486365241   -2.6369264770    1.1979918632    4.0886104655   -0.8308922610
  -6.1561728325    1.8618878058   -5.9449933424    1.0601776901   -2.1217273784    1.7028296505
  -8.1172748203    2.0381023105   -2.5428680497   -0.6816427633    3.1741012276    1.0860599596
  -4.6210054756   -6.3038015781   -7.9473985591    0.9330931030    1.6507382760    1.2606049038
   3.5671268939    0.5330865599    8.0289445760   -4.9630449747   -1.9596508203    1.1794472725
  -0.3495230416   -5.7364769004    3.3279496070   -2.2929081321   -0.5417275490    0.8505614816
   4.6085815182    0.5116194267    3.9267919332    1.1778611924    1.4376810429   -3.5703396844
  -4.5289244830   -0.4663024373   -8.5034315223    2.9358148237    0.4106472754   -3.8340544893
   3.6819626467    6.2226047003    6.4472992034   -1.8418277910   -0.0303863256   -0.2136218605
  -0.1108535325   -4.8041734884   -0.3814252410   -0.7974637419    2.6697307072    0.2692395814
   7.1575477449   -5.6675686734    2.6126522913    1.0698099574   -1.5405126860    1.8319463822
   5.4571363412   -3.3381993913   -3.2654637429    0.8888994691    1.5162091088    2.2774444022
  -4.0388365266    2.9034243781   -5.8219661786    1.5116140734    1.8374019807    3.4149299282
   6.9643402692    4.7570789136   -6.1576744792   -1.5026237458   -0.6377876455   -1.9256028470
  -0.3899756554    7.6829482081    3.2452668471    0.5186043610   -2.8383691703   -0.6208927719
  -0.0981296324    0.2446392809   -7.6226765784    1.4676764177   -0.6069751517    4.2090568264
   2.1360199357    7.2845815743   -1.6920568129    4.3013756973   -1.7804156660   -0.7576298552
   1.1865354579   -2.5390018391    1.3314955397    1.8941450192    4.2499258261    3.9879244617
  -0.4578292291    5.8872934998    2.0421222360    1.0087472830   -2.8122253451    0.4506797116
  -5.0163485357   -4.2137136814   -4.1584385510   -0.2654868664   -7.7467584019   -2.2187357713
   2.5085770227   -5.1263346350   -5.9033731505    0.2253478401   -2.9676144761   -2.3382538408
  -4.7493404966    2.0944163886    2.3006309308    4.0067028500    1.5626979723    1.6649041401
   3.8442110876   -2.3835566995   -6.2997495775   -3.8247940125   -1.9421081254   -0.6725655132
  -1.2364082092   -1.7356254648   -5.8975343062    1.9692880005    2.5949827506    2.5773123053
  -8.2612587042   -3.6848663701    0.5911549422   -2.6314833648   -0.1143439270    4.0632143762
  -2.8277457503   -3.0769776440    5.4953992106   -3.2118786843   -0.7679048816   -1.8413915845
   1.8541900289    1.1711367303    5.9505739240   -0.3982545816   -1.0995747020    0.4552294549
   4.9294133639   -8.5191525272   -6.5869163072   -2.5687009850    4.1528535852   -1.3985253661
  -3.3404682134   -3.1889605394   -3.8538743565   -0.0802383647    1.2614484493   -2.3919892569
   2.7193960981    8.0704017341   -3.9520092184   -0.9667644684   -1.3942991219    3.2990198945
  -6.4269193286   -1.2795145567   -1.0710584389    2.1699638237   -0.4379498828    0.5635385259
   5.9039803375   -4.0436725354   -5.8737387806    0.3175550176    2.1053325076    1.6958422257
   4.2114715613    0.3296181753    5.2529152163    2.4134598937    2.4174652417    3.4098861092
   7.0229444331    7.9809794560   -8.2469538009    2.0976338513   -0.4231635516    5.5757933237
  -0.8962933433    3.5122024494    3.0153518189    0.9048240247    1.1083590404    4.9428190019
   1.0125936743   -0.7222803972    1.2617470859   -1.3708278440   -2.7110806748    1.7700996150
   2.2098762037   -0.9093646585   -4.4058204906   -5.2093455826    0.3909115910    5.3505354124
   7.9519322194   -3.6182106092   -5.1943058918    1.9945947335    1.3408221072   -1.1639770293
  -1.7560345797    5.1829771840    7.1252649570    3.0419974509    1.6168435134   -1.9996785470
  -5.8160392889   -1.5362288176    3.0176830707    4.0834702715    2.8715729248   -0.4229179126
  -8.2166036802    6.1398273972    1.7669326661    0.1031500985   -1.0753948201    4.6846673395
  -4.7604056053    7.7987533181   -7.9346793029   -2.2553822516   -3.5019910985    2.9688904709
  -1.4629076450    3.5989828465    4.3755363185    1.1570528039    1.9793127410   -2.3066898850
   1.4546312052    2.7837366694    2.2439430458   -2.0686225540   -0.7580714531   -0.5968190286
  -5.5160359335    6.5153274068   -8.2246619017   -2.8690134251   -1.0042030799   -2.7226081704
   1.0284240552   -3.9689985132   -2.4615489133   -0.4345285319   -3.2137713177    2.4901963032
  -2.2233688882   -3.8677872192    3.2743309240   -0.1776587227    1.4170966946    0.8972943708
  -4.6152477079    1.4607364133    0.4093688420   -1.4967608768   -0.2226939928   -3.5203481712
  -7.5518059811   -2.4553800852    5.8256403381   -0.4500959421   -0.3867555176    1.0903879167
  -1.9546488451   -2.4506874746   -6.8387386961   -0.6294987638   -1.9395028656   -0.9977038922
  -0.4155694508   -8.3084561878    1.3832685607    2.4752002359    4.1704069533    1.3597136757
  -0.2968344211    6.7252936935   -7.1662896301    1.7723297770    3.7591498331   -1.4800316695
   5.1273640170   -7.3687465778   -5.7977615823   -1.7512303584   -3.2069145393   -1.8017018663
  -8.4128019435   -7.0498090799   -0.4088267210   -0.7589978771    0.2565367181   -0.9254979460
  -6.7033010685   -1.4385579183   -8.5380336286   -2.2205144382   -6.1620243463   -0.6044487970
   3.8434570962   -5.4870694488    6.4378240746   -0.7904641681    0.6944359207    1.7454862052
   1.2636520985   -8.4184388980    7.0453098014   -1.4951187606    2.5633078654    1.9698229605
  -4.4039886288   -6.0297707589    1.8077575895   -0.0886907527   -4.3352791168    1.9196601573
  -2.8736611594   -7.8375789857   -4.2033967428    2.7571194163    2.0930785959    2.1544909686
   3.0679521955    8.0347286715   -5.1043567162   -1.9931560125   -0.4884330758    3.3643920713
   8.4016585917    5.6179463901    8.2062033940   -1.7286909298    3.5215790169    1.9314497026
  -1.7827728849    8.2272234973   -4.3829757412    2.6872136604    0.7266282482    0.0519415367
  -7.3082796107   -6.7154186843    5.4976699420    0.3997229703    1.2407350343    3.0830023476
  -1.4854968184   -4.5661101795    5.2941400359    4.4961606289    0.9064211335   -2.4531393899
   4.0733608474   -3.3183785368   -3.6542169963   -3.7001426595   -2.8973318555   -2.2668726978
  -2.7476273222   -0.7788918602   -7.6117887184    1.6230973900   -0.0765812351    0.0396008410
  -6.7420122553    2.6678760249   -4.2730533254   -0.3979071713   -1.4447615217   -1.0470142599
  -3.4733330916   -4.9063456683   -1.8711584175    2.2603264804   -3.2615320152   -0.8855507601
   1.4422535815    4.9531821144   -0.1757119746    2.5061344263   -0.5915098718   -1.1650609402
   3.7190210454   -4.0092707014   -1.1344650199    5.3233182355    1.3956627311   -6.7842100189
  -8.2752781616    4.6998661370   -0.7775278685    4.2343582238   -0.2584188451    2.4039256795
  -5.4058008242   -2.7300933664    7.2874567422   -0.4298395822    4.8747001078   -1.1726033105
  -3.5790556813    3.2372961026   -6.8260918372   -0.8617814545    2.0991560405   -3.4499679269
  -1.0565577060   -3.3128835692    2.4029045533    2.8954360286   -4.4992477922   -1.7411497036
   1.4808297456   -2.1723730456    8.0626535129   -0.2693067668    3.1789142344   -0.8334412099
  -4.1235141611   -4.6839700386    1.5005664695   -0.7590149796   -2.6481993058   -0.2022290405
  -6.6034209233   -6.1050498442   -6.3545047274    0.3751293311    0.6951752513   -0.8404112599
   5.0712244048    4.3729157686   -6.3316688314   -4.6026218013   -2.1471342366    1.1066107025
   1.4850705729    4.9257295311   -6.3184573949   -1.0337891386    0.3136978269   -0.9993938583
   6.7784951248   -7.0131553140    1.7769073730    1.8693402049    0.9595797658    1.3507313184
  -8.0368821762   -7.5959735624    1.6158532983   -0.8480752249    1.4176867655    0.0043263902
   7.2548471769    0.2227996402   -2.8261938252    3.5455508971   -0.2174252625   -1.2888298614
  -5.1796901658   -1.1636867875   -4.1398937354    1.5767854869    2.0777838303   -3.0464805663
  -7.5947972680   -2.3786015261    3.9731988097   -1.4789307725   -0.7432283743   -1.6671770346
   7.2695279308   -0.5355142617   -7.1094267031    1.4473550914    3.0838609202   -0.1365621755
   3.3243530053   -2.7907178712   -7.9702094749   -1.1603918105   -1.0939579377   -0.4815014773
  -8.2784694761   -6.5608356628    5.0216535483    0.4059895753   -4.3565599876    1.7274316837
  -2.8928866065    1.5729803248   -1.2100604448    1.9011983092   -1.0086292950   -1.8691878507
   4.5524830434    1.1162503968    6.4544058575    0.8498146320    1.3295617353    0.3563736090
  -6.0695707437    7.2472637753   -1.4162590187    2.3099313296    0.3364891276   -1.8839932670
   1.7721748925    6.9579023967   -7.3247119780    2.3297710334   -0.0035825014   -3.7235668688
   0.6474080886    2.1799990220    0.8629456912   -4.1497830364   -0.5777390877    4.2386606518
   6.6032227200    5.8346381896    1.7962680300   -0.2113249343   -1.6139917804   -7.3440810504
  -0.3209941464   -0.2262989408    8.4087996116    0.8981872006    0.3635223706   -4.6159893105
  -0.3520251822   -1.7768287233    6.6205238010   -0.9189151179    0.2915686986   -0.0778827525
   1.0553794860    0.4045384270   -1.2946203935   -0.4405649972    1.6239857055   -4.5396483832
  -3.7935691237    6.6683503101   -1.8922503171   -1.3189142929    3.6486917352   -1.8418799804
   1.7843174877   -6.9853087737   -7.9957668403    7.3830829066   -2.9355879382   -4.5006933652
   1.6286016468    3.4973282028    3.0053042167   -0.8318832451   -4.2175383082    0.4781343406
   5.6468152357   -1.4807764209    4.8768235230    1.4941391541    1.3696336478    2.4556698301
   7.4918036026   -4.8781173264   -4.2390783408   -3.9231843973    1.9530724560   -0.8624174078
  -7.7710481635   -5.8464526065    2.6502661666    2.1507367084    3.7865144443   -3.2594576070
   7.2960513207   -7.0321949189   -1.5106521325    1.7743088954    2.5916382831   -3.0167611344
   5.5056990284   -4.3991646247    7.9382292424   -1.7693978476    1.3177779846   -0.4118713178
   7.4794606400    0.8937118872    1.0757621536   -1.4727380580    1.1397492647   -0.7518278129
  -3.0289592919    0.9917860643   -2.6461756292   -0.6488420621    1.6217217516   -3.4357320916
  -1.3982240766    1.6723122706   -1.6377316260    0.4427206135    4.1131425408   -3.2618884326
  -4.9663418334   -7.4813864941    5.4613201419    2.2353673531   -4.1123518891    0.9272830980
  -3.3873903581    1.3815703710    0.3997112419   -1.4497340823    3.4702916553    2.2418496487
  -0.9851155309   -2.4397481822   -8.2847189916    4.1877941364   -1.2345330396   -4.1656369682
  -0.8627053816    8.2535716653   -5.7926373801    1.6089213474    1.9358660698   -1.1353992476
  -1.4215760386   -6.1887551311   -8.2957511093   -1.4027263564    2.4862905981    2.0348565819
  -6.0783085785    6.2088752825   -0.2743370293    1.5595352790   -1.2695098329    0.9268653942
  -7.8737878464   -7.2959599828   -4.9071279330    3.3992964065   -1.3472075114    4.2981226987
  -3.4999083642   -4.9108872709   -0.2294704446   -2.1641784644   -0.7289422795    1.3897499211
   1.7579189550   -4.2478507132   -6.7604430750   -0.6145274746    2.6975167140   -2.8486214281
  -8.3016840098   -0.4827229173   -0.7078522726   -1.6957953875   -1.2240945547    1.1914984638
   8.0358889289    0.6270944680   -0.1395154027   -1.5503197768    1.2960964455    3.0630924083
   3.5071819561    2.2289865136   -6.5276844792    1.6789858650    3.0581207383    0.9067485505
   0.0915495071   -8.0960666665    7.3881930010    2.0501601177   -1.9800628671    1.0634733212
   7.7139327895   -2.3468970908   -8.4847777519    2.2660054702   -0.1181988926   -4.5401605299
   7.5492787550    1.5112395033   -1.8611983328   -0.6593447662   -1.3406720606    1.8522222636
   5.6537853420   -2.4832303360    5.7542686841   -1.7943764002    2.2563117316   -2.2928341975
  -7.3362890652   -7.4286239009    4.9052373828   -4.6834632069    1.9862217469   -0.1997031937
   3.5340696517   -3.9547295477   -0.2837022970   -2.9718817066    1.5338628006    1.4653869452
  -1.1898440503   -0.8168669273   -8.3049601097   -2.3328058453   -2.2606026728   -3.1771803519
   5.9649011006   -3.3837589218   -1.1803094148    2.3328182579   -1.0803223113   -5.5183049526
   2.7683914102    7.2142684360   -2.9487987903    1.6964683776   -0.2280239246    3.4305445188
   6.1055874860    2.0978098266    8.3499673074    3.6798052944   -3.7924341874   -1.7812707669
   4.9380320382    1.0919576735    2.0770677338   -0.8236135789    0.0932824757    1.7390969783
  -4.6877551428    0.2211835538   -3.2036437036    0.3469130120   -1.6417563818   -0.5055366736
   7.8569963908   -1.5806088405    5.9455192422    1.5185649983   -2.0437450071   -0.6815679153
  -5.4818976904   -1.4255781022   -6.3438945766    2.1758293335    2.3803803083   -2.9723053415
  -7.4190746873   -8.1638578907    6.5352037097   -0.8124667208    3.8620041392   -4.3319730707
   8.1916148712   -6.8124227378    2.0456282499    0.4745042603    0.3571138919   -1.9321077540
   2.1264492905   -3.9630270707    7.0716465819    1.1328927545    5.2523448349    1.6067409441
  -0.4484718365   -4.6204011278    1.7383183174   -0.1129994979   -3.1808915804   -3.6237437617
   5.6205887989   -7.0781874555   -2.0846947215   -1.1315290576   -1.5270665629    0.6611436006
   6.4287327844    7.1073683916   -6.3434779288    0.6358754314    0.4875482609   -0.8428681293
  -8.3414857585   -6.0906055564    3.9483012824   -3.7560288386    0.2565266210   -0.1953576667
  -0.4479746450   -0.9136394363    3.9688037575   -2.1373930109    0.8353408484    4.4296319713
   5.8318562627    0.2667987947    6.2215537935   -3.0118314202    1.4613117053   -2.9783749416
  -1.6220394190    3.7994794060   -4.6129539511   -0.1475495783    2.0602051157   -4.1632531965
  -5.5525750065    0.1507459645   -4.5352808213    1.6904875590   -4.0216245401   -0.1182153700
  -4.0180610881   -5.7980204044   -8.4970748516    1.0900679746   -1.8018250814   -1.4441748299
   8.1099652964    4.1771465702   -7.7541702871   -0.5715234943   -0.0235038766   -0.6746890454
   6.1818576108   -7.1523833725    7.8738534567   -3.3640588060    0.0998836504    1.9638675797
   6.8441431585   -0.2470027595   -4.8754776748   -2.7915291289    2.6859041088   -0.0708536167
   3.3391296234    7.4486139780    1.9094749209    2.8637390864    0.4671799458    0.3786088474
   7.0393493060    0.7596174693   -4.0873021022    1.7902965733    3.2916345407    3.5152319890
  -5.9569101842    7.1757839715   -0.4467597682   -0.3932187405   -3.9262148449   -0.0538354495
  -1.7894752319    0.5346489485    4.4012879772    5.2858257088   -3.6886078095    0.2818115484
   6.2896699477   -5.5607289371   -0.0955902756    0.7667138655    2.5556837925   -0.1346704025
   5.1428294058    3.9930030009   -0.9863488513    3.2801521271   -4.4061792550   -1.8541126753
   5.7031469277    1.4082820938    3.3587313518    0.5466761097    1.4419579624   -3.0097215357
  -2.7357530181   -3.4959538409    6.8323993153    3.3519391951    2.9114577137   -3.5069016423
   3.4897022608    2.8802470917   -4.7587274603   -3.7923276875   -2.4047541016    4.1193504141
  -5.8942109963    7.3523977475    6.7029385226   -3.9494633980    0.7950175404   -0.5020753346
   0.7477336366   -2.0099038004    3.2699514654   -5.7428197077    0.6258708657   -0.7194910728
   0.3116600896   -3.3929576077   -1.5050658454    2.6120894625   -0.5618627590   -4.5931482336
  -2.8526690977    2.3108024212    7.9834585185   -1.5171892589    2.0459484695   -0.0414645956
   6.3754511453   -5.6536025339   -1.5248416232    2.1811031424   -0.3920471322    4.1210103233
  -8.0856230382    3.3674390361    4.1825235089    0.7166207945    0.4865427959    1.5404386282
  -5.4038629968    3.0480805949   -1.0797645494   -1.1409123943   -4.4158166526   -0.5493001959
   5.9901101629   -3.4723445698   -7.1904914724   -0.5601170538   -2.7224336887    2.9864386718
  -8.2093654317   -0.4746489475   -3.6070797618    1.4649988031    1.7397395526   -6.6928799579
  -1.9785617568    6.0065507226    1.5220454674   -0.7231452990    3.0305686788    1.3646477987
   1.4404579266   -5.2485066330    7.1851424987   -0.2205063840    2.3493748971    1.1247694000
   0.2123092913   -1.1287815977   -3.1210173835    0.4941871921    0.7071895202    1.3358809997
  -2.8986163234    1.7589048979    4.7434429727   -2.2139827928   -6.8592012754   -1.4026014298
  -6.3070964146    0.8066937292   -7.9073250997    0.4587598946   -2.6697981389    1.7224912855
  -3.4917325551    3.1273975354   -1.7236845566   -1.9895068507   -3.5404668023    0.8828310463
   7.7133077085   -5.6892806498   -5.0280080216    2.7876793743   -0.6811026674   -0.4642918633
  -2.7058400118   -7.4336694813    0.8342395453    3.1134762559   -2.2694307536   -0.3362125077
  -0.8644469216   -7.5467723051   -0.6333160168    1.0391716363    0.4703068271   -1.4492917164
  -7.2579461970   -3.6921610896    8.2205624469   -7.0835464254    2.7093889619   -0.8613263827
   0.5945589170    3.5958931704   -0.1756046811   -0.1472928857   -4.3023759384   -1.4414694120
   2.9981262248    6.5948021055   -8.3076749357    0.5286425132    1.1646845799    3.7409973045
  -2.5128772468   -6.3701848529   -7.5801209504    1.2834132205    2.7724345258    3.1202524042
  -4.8172160966   -8.1146430577   -2.0241190328    0.9641492638   -2.5111681586    0.4217140435
  -5.3098855856   -0.4650567643   -7.2622546594    3.2411594416   -1.2455186743    0.4667157475
  -4.0891596032    0.4792831542   -6.7774116038   -0.3827146652    2.2584631309   -3.3486207024
  -7.7908564476   -2.3914789869    2.0890322315    2.9038009206   -0.6789308431   -2.2192762221
   1.3098743146   -5.0649929960    2.1031579090   -2.8101850383   -0.0437360111    0.6970120100
  -7.3573533911   -5.4906885622   -6.7240492962    0.1839094698    1.9614695108    4.4949023750
   3.9247013943   -6.0389864731   -2.7231418795    5.1719349176    1.3229848356   -2.1349535987
  -8.3659058225    7.7398564540   -1.7432388241   -3.2305116036   -0.2422675082    0.5567953830
   1.1032372776    2.1767791417   -5.0245146305   -2.7474897630   -0.9482250301   -0.5716509036
  -0.9162575278   -2.1488623620   -2.5148546826    0.0010925738    1.4447283606   -2.9280224989
  -7.6245630466   -3.6062582528    2.3297613564   -2.2509875711    1.9043857177    1.0326646719
  -3.7199759092    3.6456141237   -4.2114535121    0.4877330954   -2.8385375565    5.4255432292
   3.5137243592    0.0978285272   -6.1288101560    2.1135325857    2.1071666164   -0.2500079464
  -4.8191733840    6.7880829529   -1.0207920409   -0.4279768709   -0.1012529624   -6.4400275853
  -2.3536143196    3.5891233780   -1.3514378435    0.5639789434    1.9494163865    1.3292500913
  -2.8227212844    3.3966758179   -0.3310527738    4.3739525091    2.1860854979    3.5695995536
  -1.4930792983   -1.4981246544    7.1755275432   -2.7039096202    2.3581988402    1.0697592639
  -1.7691211029   -0.6008310584    0.9840034945    0.4597231169    0.0546201820   -3.5473349969
   4.2783858368    4.2257685172    4.3438430854   -0.3335917316    4.1553936313   -4.4333656980
   7.2997446406   -8.3085015726   -1.8926978472   -2.3381030710   -3.0158208161   -0.1113322473
   8.0701348086   -0.2405645442    8.1722242228   -2.5637227263    0.6004888809   -1.7681113294
  -6.4325878327    6.1503481711    6.6585937767   -1.0102534376    2.5339622581    5.9275778366
   5.5798778637    0.4645151546    1.8634130521    1.9346121456    0.2779069642    0.7284047055
   1.3648928829   -7.3063902221    8.1855612218   -1.9333579123    1.2196200280   -0.3844218667
  -2.5527759403   -1.3297974762   -4.8714244385    0.4066583800   -0.2055451257    1.0243458507
   2.8095503468    4.5584149894    3.7681097393    0.9235991874    1.1681250267   -0.8870850046
   2.2062288505    2.8393175844   -2.6112121443    1.0468045484    1.5457694715   -1.8838729137
   5.8010101557   -2.0029670264    0.3808325201   -1.2013507354    2.5422090817   -2.1431128525
  -0.5411187686    6.2425349317   -3.3888196740    0.6876322705   -2.5642587565    2.1756780603
   5.7102265209    7.1355538447    7.9122959760   -3.8790206147    2.6797134254    2.1601587100
  -4.3211011168    1.3871014132    3.5672993009   -1.2675556291    0.7347094950   -1.0308424476
  -7.1415539838    5.5020829921    2.2482181925   -1.1744276459    1.2319473428    1.9608047207
  -4.4087772589   -0.7481632091    4.4755235876    0.9418891370    3.0279537900   -2.5380632767
   1.8544654755    0.5899159450    1.9487837109    1.1050460576    2.1713574903    1.9140056963
  -1.8066923213   -4.1895914497   -2.4110295369    0.2349604112   -2.1029983667    0.5584071819
  -4.2192012907    8.3865804832    4.9919043624   -2.1779118266    1.1394452933    1.7699540282
  -5.7002652942    6.2160112168    4.1353157310   -2.0575431216    1.0559976181    2.9027315290
   5.3455710833   -7.6169410943    2.1156827288    2.8927878271    1.6105783475    1.2527285294
  -0.7419923555    0.2431355318    2.0161006487   -2.5128465078    1.1060846249   -2.6885843328
   5.9848968476   -7.0528498450   -6.3462649101   -2.0069188986   -2.8855317031   -0.5539208951
  -5.1446001360   -4.4787394491   -1.5401372013   -0.3113321529    3.1295670152    2.6500220344
   3.0170819120    7.7719486258    0.4508383083   -4.1193566759   -0.1571610972    2.1004929998
   5.2237582975   -7.9194319467   -1.9281441127    1.2421027000   -3.6655254754   -1.5295311123
   4.8024610702    4.5139432626    7.6673142115   -0.1484327641   -1.4087744852   -3.1823764581
  -7.2360572489    2.5156255689   -2.8615331121    4.8328357475    2.4189207464    2.9712446135
  -5.3385117281    0.8284202702    6.4084182655    2.4987613689   -3.3368582189   -3.5198319092
  -5.5180121095   -3.3879026835    3.3066398199    1.1573875726    0.0379489080   -0.6312004950
  -2.5256278234   -1.8192486723    7.7467331884    0.1242214031   -0.7564200058    2.9233371646
  -1.0678721834   -2.5297444061   -6.4374515834   -3.5553556486   -2.3139850549    2.7449276547
   4.6743048704   -0.3853499799   -0.1129062446    2.0642666098    0.5075024997    2.2721662121
   0.6607756461    3.5384419985   -5.8756493358   -0.1748638307   -1.6455081579    0.1397123776
  -1.3423352102   -6.7360052720    3.4366576624    1.8479724876    2.1192788776   -0.7440764171
   1.4833179072   -6.1367966241   -4.5248000375    0.5651365036   -1.4437155252   -3.7825979819
  -1.4980048305    2.3680568121    7.0710606546   -0.4103234373    1.4572381516   -4.3136861261
   6.8235754616    5.5493585017   -3.1198893861   -2.2206913640    1.3817751009   -0.9037735150
   3.3237972933    6.1885711513   -4.1144435658   -1.3193475130    0.6064785636    4.7401466795
   0.3450134678   -4.6813083591    0.7053442583    0.4360645742   -2.6896074362   -4.3986682581
  -4.5210170203   -2.7692170201   -3.9340724022    5.0827034631    2.2046463814    0.0549935530
  -3.6172893905   -0.1336212774    6.7213262565    2.3795997104   -3.9105387424    0.7688196535
   4.2491131179   -0.5570519102   -7.0676730114    3.8676090910   -3.3703882199    0.9088028265
  -3.1942907941    7.4377939540    3.3875229095   -3.9464879567   -1.7041433904   -1.0378708066
   8.4727974085    2.0701821123    7.6935519805    2.8786753841    2.7432876624    2.5507905645
  -6.8341828964    6.0224185185   -2.1121763357    1.5980915395    0.3515050773   -1.6456409887
   7.8126624872    7.1725185005    2.1363608057    0.4069971550   -3.2383852119   -0.5295549818
  -3.1275671042    8.4640270401   -0.9930398788    0.3128560451    1.6054417411   -3.7982294106
   1.0454336630   -2.2441162439   -0.7703128599   -1.0933164098    2.8737689769   -0.7676499221
   8.0229046704    5.0499896073   -3.5016426846   -0.4540299137   -0.6388469571    0.2001514147
  -4.9781671154    4.2358814858    0.6745416948   -0.2395486670    0.9112849505    1.3454018760
  -5.5681003857    5.0222671148   -4.9951779354    1.9382002893   -2.2494787709   -2.1039912726
   3.8372847019    6.2959488874    1.6848596846   -0.5843146568    3.5226340740   -0.1399212609
   3.3655232001   -3.8690699551    4.2844480820    1.4368127350   -0.6778989569    4.3780052946
   0.4736218689   -2.2475919955    2.0189972988   -1.0829195336   -4.0788775335    0.2805831447
   1.1802457385   -2.2096281807   -3.3871055907   -1.3635318435    0.7857023892    2.3870301357
  -7.7099737110    2.1707745600    2.8321557291    2.4980467291    1.2406097089   -0.1142862957
   8.1394433735    0.4639197362    6.4794414434   -2.1395287261   -3.5865250401    1.5691719769
  -5.2522792970   -2.2813583621   -6.7065089302   -2.4165985035   -1.6767740767   -1.4270309531
   3.3850233730   -4.6003413773    3.2927679395   -3.4188831074    1.5543357080    2.0095361809
   8.3710038379    3.9025031963   -1.7190071703    0.2054819460    1.3852167254   -0.6376627098
  -1.7270604053    6.3808374570    4.8247903715   -0.5825668257    1.5174005622   -1.3066734367
  -1.8007708977    7.7171426750    7.3612152253   -0.5516551622    3.5893350666    1.1811447256
  -1.9448460411   -1.9318832870   -2.1550625562    0.4142482047   -2.6189720925   -1.1338021031
   7.2143736619   -3.7890132952   -4.3949783182    2.6823309101   -1.6423451734   -4.7765363863
  -5.3512413599    1.3708337307   -0.9994799572    0.8043286378    1.4177052277    1.1750991930
  -6.5463778213    2.1077107326   -7.4188027097   -1.2196261150   -1.0410326322   -1.2768751478
   4.9770359950   -6.1319279808   -4.8239053961   -2.2277801562   -0.2341870457    3.0264133472
   1.6629319026    6.8903658606    5.5225148277    0.6244090736    0.1145624721    1.4719758740
   5.8022600163   -6.3644140850    3.8522095454    3.4392842435    0.0926399611    1.4141806816
   4.4620667614   -3.5850560883   -7.8984406587   -1.9092899061   -4.6633625302    1.3625824787
   1.0162250280    0.5109958345   -7.2990962405    5.8485774972   -1.6426010199    0.6941853816
   7.2191259546   -6.4611706817   -3.5230225547    3.0260117530   -4.3796081994   -0.4193634035
   4.0113943095   -1.4629031514    2.6047604965   -0.2807237588   -1.1373841354    0.7658880616
  -8.2662486418    5.4939194360   -3.7744662661   -1.9892330047   -3.1790323891    5.6914325438
  -6.0791334532   -3.9054016394    6.5547599251    3.6815991831    2.5025625820    3.8328410124
   5.0962352532    5.9501189795   -4.6097607670    1.4487256098   -0.1526025319   -0.6151448164
   6.7742524705    7.6729417541    1.4688399368   -2.4311411166    1.8961840229   -4.8427816956
  -1.9897463544    6.9747282024   -6.3454086913   -1.8187821420   -4.0208476094   -0.7165993470
  -6.4778859872    1.8816530276    3.3602157674    0.3140242571    0.2884740539   -0.7884972322
   5.7179233329    5.7515499892   -7.1401304995    1.9528671566    1.9003554392    1.7762662962
   2.7447838017   -0.0812048311   -3.4732139320    1.6143415475   -5.8657325113   -1.3872826604
   1.1046732024   -5.0588657727   -6.5416106593   -0.9108486759   -2.5487157022    1.0176823701
   2.5430780502   -7.9605635536    2.2405892763   -2.7834519682    1.4986428884    2.2664215773
   4.9805496190    7.1822872007   -7.3050952081   -0.7084520359    2.2559382718   -0.8578103052
  -5.5869064978    0.5907971820   -6.6935335773   -3.5668512683   -0.8300168484   -1.4850761292
  -1.0195771951   -2.4161089235    7.4316437013   -0.8521997098   -0.2209745678    0.9042659178
  -5.0601201577    6.4339180027   -7.3326152359   -1.0243439240   -2.1518468657    1.4152077489
   6.2979510969    6.7017838357    3.5571236275   -0.8096159699    0.3025330941    3.3938145955
   1.2856034830    8.3427381813   -4.2437850993   -3.1228074805   -1.1654000038    0.9999091409
  -1.3113514446   -8.3810238247    7.6564157160   -0.4128208909   -0.8394756880    0.8536750975
  -8.1704544077   -6.5554134370    6.9253954737   -2.8024781714   -0.0200149520    0.0342064116
  -0.3463127216    1.0651820546   -0.9063906927   -0.4175658797    4.3932060786    1.3683697919
   1.8159378571   -4.7071560603    6.2022629319    2.1414008530    0.2502330351    3.7791930852
  -2.9212170350    4.8968474991   -1.2462640465    0.4895771478    1.3856217702    1.6946383076
   8.5170471386   -7.0761451885   -6.0090637850    0.3261718306   -5.0945015419    1.9775417613
   6.4135229270   -1.7658638855   -5.5996651286   -3.7755149695   -1.4124448387   -0.4440703198
  -7.9256995614   -1.8140135491   -8.0959996617    2.1903773416    0.4349414504   -3.0658730528
   6.0856588687   -4.6897239090   -0.6634764474   -1.7990854481   -0.2117296464   -1.4697165597
   4.6074099235    7.4499485238    1.3609982358   -1.7840221895    3.3972866975    2.1719167666
   0.0026115341    8.0835417524   -4.4366448375   -0.9738082267    1.4293599595   -1.1097429098
   0.4506982285    6.7818074677   -6.1483942997   -0.1591005474   -0.5957678568   -0.2452127021
   0.9951494810   -1.6343669143    5.8011028454   -1.5332872020    2.4281730534   -2.3167861582
   5.7415654108   -3.0392320248    0.0713954666    0.2579781532    0.6403888784    2.9730945932
  -0.3940974277   -4.9681607736   -6.6091478052   -0.3256227429    1.1433520612    0.4068578558
  -0.2348627389   -1.8460947206   -3.6784461829    2.0053605857   -0.9656554422   -0.8815582211
   5.6852242660   -6.8722503284   -0.0441725178   -1.5639213011    0.7771492136    0.7870176372
  -1.8649122354    0.8781865547   -4.5844275247    1.8518373946   -4.8938569836    0.0003848570
   0.9593086744   -7.2887526475   -0.7026430387    0.4872044718   -0.6328949763    0.6643290563
  -3.4311267612    0.2677725002   -1.4902366539   -1.9642708576    1.3587100022   -1.2992786244
   0.3864872880   -0.0405576919    3.4066753823   -3.6576736646    1.8950272356    0.4369878008
   5.1916436244   -0.4378413961    5.8708002853    2.8078100670   -0.9696389836    2.9916192246
  -1.4162597033    4.5968368808   -5.8132425270   -4.6324218370    0.1527677608    1.9764138835
  -6.8362121308    7.5757290050   -7.0816343469   -1.3727975281   -1.4680170085    0.2951285088
  -3.8408172623   -1.3191788413    1.0714413604   -0.2291292412    1.2009059933   -3.7816354707
  -6.2057238886   -1.7839649483   -7.3885453347    0.9404018349    2.2902650333    3.4437261479
  -1.9918632500    4.4161141161   -0.9834304197   -2.2312687934   -2.8150278085   -0.2870677868
   5.5117806773    7.9913338353   -2.9539722632    1.8617826967    0.2287445004    6.2077563341
   7.8988866732    2.3222049726    4.7455433121    0.9363008804    0.0716142798    3.5386734513
  -1.4033407605    6.9045756563    7.9811948390    1.0389187322   -1.1561231240   -1.2634077271
   5.0977185354    5.3620341362   -7.7262551729   -3.5463993323   -0.7990911127   -2.2846549145
  -7.3649829245   -8.4287453137    1.0424357234   -0.4984377968    1.0470634504    1.9579891798
   5.5363137592    7.9164213699   -5.3198022546    0.1870963638   -0.3615073617   -1.8640603087
   3.1219913914   -4.6432829850    7.6494277325    0.4996402322    1.2465289737    0.4974592712
   2.9514037738   -7.9382245284    6.3820437637   -1.6299883114   -1.1574228411    1.9076470014
   7.5418809411   -0.3087467093   -1.2489456939   -1.7779117280   -3.5888850530   -1.8461566542
   2.6111463461    1.0361957411   -0.2601886787    4.5876724233   -3.7878420977   -1.7003619810
  -4.7982723915    1.4485169697   -3.5851874123   -4.5900284772   -4.3183893713   -2.4103640151
   7.5726773115    0.4623454841    3.0773601504    1.0498311942    0.0941276824    0.4435206795
   6.3376552968   -2.0868353120    6.7634835093   -0.7456852223    3.6780886700   -0.9116508885
   1.8432097428   -0.6474851702    2.7530110728    0.3375796044   -1.5031858880   -1.4889580896
   6.3268994600   -0.1301631011   -4.0638608615    5.4103597646   -2.8097955589   -2.0108905291
   7.9053557086    7.8088094374    3.4506145179    0.9930156347    0.6287659346   -3.1246691145
   4.8122615381    8.5213244709    7.5767357765   -3.0159328493    2.3047126228   -1.2188221131
   3.5318895096   -7.4311191878   -6.6352146156    2.6408412610   -3.7536681147   -0.0874592191
   1.1348903102   -4.1788902559    1.2833637910   -3.0358228782   -0.2351812827   -1.7792365505
  -7.4566949977   -5.8455273558   -7.5981073222   -1.4283823843   -0.1995500191    0.0957962943
   6.2733566626    1.4111866491   -4.7764410762    0.6502643718   -0.4573490417   -0.4537404239
  -6.8106057090   -3.0412463316   -3.6050484164   -0.6439241985   -5.5011399462   -0.1531124184
  -0.3379722522   -2.4739269995    2.6303663945   -1.4067425075   -3.0527656796   -3.0845142423
  -6.6600275236    2.8818402433    2.6007132504   -1.9162733219   -2.8447070959    0.5765126461
   8.3374492663   -3.9866302309    6.0795768597   -2.3831187319   -1.5160298348   -0.6940034377
   4.0147605938   -0.5979217534   -2.1198574498    1.2822714276   -0.0616773373   -0.9377138451
  -6.6868661716   -4.7710173630    8.3508397551    5.4604008328   -1.1960573191    1.6587028066
   1.2409134026   -0.5718770516   -7.5812262458   -0.9891653677   -0.6420668804    1.0021363819
  -1.2895935670    4.7762934285    3.5671483963   -0.6421885579   -0.6752446943   -2.6786067133
   0.6341263019    2.1800222194   -1.3784316475    0.8042728199    0.3369021998    1.1348400568
  -0.8532833572    2.9426828350   -2.1233140356    0.2286318861   -0.0024046861    1.9187840469
   7.4365364968   -1.2784246072    4.1168021975    0.5187316944   -2.4938563856    1.0653254717
  -5.7447574448    6.6353012123   -3.4339608628    3.3719424104   -2.7895219288    0.0325332844
   1.4539351098   -0.1461025929   -1.8956702939   -3.3604483013   -1.6449713869   -2.6639731192
  -6.8978312407   -3.0414592002    6.3615426789   -3.6302279553   -1.8018130529   -2.5796409720
   6.5255043922    2.8155366106    2.0053442589   -0.0544593904   -0.8603335343   -0.0875138437
  -7.2764932250    0.9746380673    3.8850532987   -0.4190140281   -2.2272821595    4.7159593272
   5.6682760574    8.3723671142   -8.2754450778   -1.6506928664    2.5964895272   -0.6019558356
   4.2334846095    3.6961711025    7.0583055563    1.7747724510    0.2586216275   -3.6063652562
   3.2611680886    5.9659501069    8.0929622190    0.5005580875    1.3640304589   -0.6241842701
   6.3217251207    4.9079413961   -5.0348686683    2.6621047919   -2.5969777641    0.7305854944
  -6.2624518918   -4.1638958796    4.6410556281    4.5000772999    5.7889520839    1.0837212189
  -5.8876440402    3.0346184440   -7.5513762328    1.9758851514    4.1840789750    1.4360342956
   2.3312586060   -6.8139269292   -3.9814532432   -0.7311130956   -3.2417934540   -0.9085791613
  -1.3144628568   -1.7236462977    3.3514852549    0.0623986912    2.0457417645    1.8592796563
  -4.6747411217    4.3301869496   -7.0110424600   -2.6510819992   -4.4232938103   -1.2554466574
   0.9001125943   -2.8266524139    4.2866416784    2.3163623309   -4.1226491314    0.1889118190
   3.0832485396    0.0859373341    0.8951327802    4.5712640749    1.1252212410   -6.1057971265
  -7.9040416219   -7.1153909996    2.8570189686    1.5466685951    0.3138597575   -0.8754625685
  -1.0313950040   -7.6494918047    3.2464733620    2.6165901353    1.1562006047   -2.0458311159
   1.1059669626    4.7185126886    6.8126403812    2.8841832077   -1.0622948671    1.5759744056
  -1.8069951095   -4.6407351214    0.9751732755    1.9510676690   -1.2659103131   -2.3973802413
   4.1928491797    8.0753716297   -3.0225242320    2.2381537369   -2.0799089727   -1.5732099966
   2.9736742449   -7.0327209299    2.1956078609    1.6065792009    3.6055293415    2.8173713865
   6.3339869285   -7.9144468385   -1.8196914792   -1.6358107119   -1.2732001993    0.9929097227
  -8.4048328023   -3.6944218254    4.3536709875    1.3282999962   -1.1257120772    0.0460209592
   8.2355162210   -5.0218655231    6.0985512907   -5.7416495434    2.9032132158    0.8777800798
   3.8755101695    4.1538821226    0.3503834719    1.7415881683   -1.1904966352    0.0618697272
  -0.1960625141    5.7139311269   -1.1902404901    1.5008950911    1.3369241347   -2.7970085933
   2.4497020889    8.4594764540    5.0244583124    3.4327831684    1.8605694697    0.1987155465
   1.2578398333   -2.5321242862   -7.4276469950    0.5832166828   -0.6386754540    3.1065791642
   3.4547361912    4.1877795523    8.0911220729    0.8416098908   -3.3950286825    3.3827350458
   6.0012292547    4.7129620079    1.2490381164    0.7889265633   -0.4832305968   -1.8028846970
  -4.5900621944    5.4720257532   -8.3095333970    4.1512004607   -1.1066136726   -2.8561959760
  -2.3510965506   -8.4507734145    3.7709325344   -1.1879774055   -2.5638672423    0.0243050879
   8.1382864674   -1.8549555228    1.5483768010   -1.9399161266    1.6502176058   -0.6391942526
  -4.4475359755   -7.4283510968    3.3890651139   -1.0740620398   -0.3817214392    0.7374665596
   2.7374661863    3.6804632039    6.3809413747   -0.4456770223    1.7693889996   -4.3090901642
   6.7844467102    7.1106796954   -3.7064282063    1.9858194143   -1.3201792862   -1.2690291904
   1.6762594116    3.0980195770    6.5670724634   -0.9274570873   -0.7530362915    2.8445870605
   2.5429407659    5.6771928082    1.6007229327    2.5421011005   -2.9908596693    2.4104199802
   8.4139744992    1.4182174430    3.8353452818    0.1431181589   -0.6858730061    2.8234411971
  -0.6192406312    5.6423611299   -4.4766165392    0.6123238562    0.6472335452   -2.6857489362
   2.2539789877    6.3415664483   -5.9432683976   -0.5832819553    0.0541735149    4.7423638113
   2.4198870005   -2.4143579224    2.1691201312   -0.0823299331   -0.6353512885    0.6444414931
  -2.2650698238    6.4278018977    8.3939221662    2.5418352362    2.7303758827    4.1446073391
  -8.0044959863   -5.0614391106    3.5143386513   -1.9289617707   -0.0935260695   -0.5409487144
   4.3004482723   -5.0648944289   -4.5705173454    0.6702749745    0.5535909943    1.2198889216
   4.8235983733    2.8656959265   -2.7156543279   -0.4048532684   -1.4112062749    2.5254536829
   4.5340892112   -0.2451423258    7.8589480186   -1.7700493440    0.4607165401    1.5674127908
   5.0840965542   -5.9989162089   -7.5459491413   -1.9927066657   -4.6213606067   -0.0130735327
   2.1035619795   -6.5542130849   -0.5258404076   -2.0138479333   -0.1689372874   -1.0686064325
  -8.4863431640   -5.1732220351   -6.2748626234   -1.4962623981   -1.6375156355    2.1592115209
  -0.8638118650   -8.4695397004   -0.9847342070   -0.4526534415   -2.3183891829   -1.9547492478
  -7.4770341170    0.6083261797    5.1594794364   -4.8837733375    3.2603394630   -0.4206352629
   5.5986649086    6.3999612172   -2.3166600810   -2.1004781312   -6.5568809989   -0.9689953355
  -6.5861108253    3.9954592157   -0.3645684817    1.9341547228   -0.6242291734   -2.5297670528
  -1.0165494012    1.6120394523    2.7578188488    0.7236673179   -1.0781420001   -2.4476494033
  -8.0208109352   -1.0677082435    2.1190866514    5.0229641629    4.0824011728   -0.5770321880
   6.1697278159    3.7429693695   -8.3691732405   -0.6841807828    2.0580430076   -0.1637508776
  -3.2534771947   -3.6825044777   -1.6429764401    2.1254854357   -0.4303927472   -0.2305543329
   3.5886367892   -1.1236823980   -4.7137233722    4.0044579752   -3.5028462544    1.7446096068
   1.7026665315    1.5930199971    2.8242867608   -1.7912554828   -0.4380326800    2.7902179427
   5.8428879692    2.8763712947   -2.2905024178   -3.1747594434   -0.1494694546    2.6171090884
  -0.8532819469   -5.5126333667    1.4443031392   -2.4094628415    2.0807077668   -0.8972720075
   8.0527698217    6.9983257509   -1.4060515837   -1.7014028636   -1.7568258604    2.3451964987
  -2.7956935125    1.6504213991    7.1122106560   -0.7960588874   -0.5556460599    1.2877243222
   6.1432618175    3.5373324541    0.2106970989   -1.0159191377    0.9041772430   -1.7404259243
  -6.7600261097    6.7280501495   -3.3464370300    0.5833915079    0.0496461727   -2.7072880052
  -5.5158097520    6.2945295091   -6.2450316367   -1.6674189066    0.0443692611   -3.7914842598
   8.2716187730    5.2828527573    0.0296179835    0.0785336930    0.9631361820    0.4871850500
  -3.8662142350   -5.4543021051   -6.2034892414   -0.8744036361   -3.1710038960    0.7615494324
  -1.4523455018    0.3738682023    5.5611123202    0.8430718479    0.2623695016    3.8640424075
   4.3428958641   -6.6628901301   -8.0776154556   -3.0178510643    0.3599075862    2.1155174347
  -6.0362258085   -5.2702007200    6.0906810821   -0.9273365930   -0.5929388856   -3.7328938893
  -3.5928026075    6.0324605869    1.4410263695    2.8791141311    1.3674869959   -0.8332630000
  -6.9717744254   -8.4715374577    5.0510277852    2.3301955917    4.2387898486   -0.3785045812
   0.5885973047   -5.8451993061   -7.3549713284   -2.6292332036    3.1568842092    0.9834200421
   1.9323797790   -0.5957407657   -3.6401609827   -3.0259818005   -3.5359051069    0.8098189805
   3.6807181118   -7.3613651754   -1.7521824293   -1.2592631405   -1.7707765495    3.9166648063
  -8.5391199264    1.4698872415   -1.5523716588    2.7757479501   -1.3487671793    2.7574251308
   4.9021711011   -2.0258856477   -6.8171750522   -2.7451685107   -4.8333730338    0.8445309505
  -0.3577360708   -6.1066485446   -6.8047389361    0.1890598065    1.9111908491    0.2248921289
   8.4413194296    6.4961082494    0.9245303150    0.4763728228    0.9090696160    0.4089289878
  -6.1286690178    4.6692020747   -7.4845351030    2.4785485263    2.5744214073    0.7116778932
   2.6924970470    1.2681606438    7.8774668833   -0.1005335107    3.0553354825   -0.4657910224
   3.4654798897   -5.0719003655    5.5234898477    1.7517719530   -2.9806278474    1.8164068274
  -5.0272812107   -3.5454375459    7.3331432170    1.9497417840    3.8852349653   -0.3022631934
   8.0841060768    8.3235158998   -2.8593649097   -4.6333045861   -1.5463482632   -1.8527607332
  -1.6511651738   -5.2463842467   -8.0667603362   -2.1503480389    0.6862810896   -0.1788291929
  -1.7049646354   -8.2322478053    0.9560083076   -1.0064458676    1.5972733664    2.0519877409
  -7.3463837420   -2.5421865009   -5.7921185904   -2.6355127904    1.7881680566    0.4755763518
   2.6698994027   -1.2058415418    0.1996405688    2.4458936542   -2.2569086222    4.6251806567
   5.1145578425    5.6953672052    0.4288517251   -1.8673381821   -0.9720602093    1.3790721934
  -3.1287211762    2.5498546503   -0.8111103691   -0.7108824762   -1.2592298088   -3.1681377759
   2.5181329432   -0.0507196845   -5.1081679353   -3.1774621067   -1.0653011882    0.4239560925
  -8.5195600193   -7.6685109591   -6.8069639228   -1.2557679177   -0.6818425044    0.9599096371
  -7.2531920438   -0.0786474467   -5.5977692540    2.2831992690    0.9684526975    0.7508489287
   6.6451578210    3.3063679520   -2.8714913881   -2.9400364980   -1.4482750743   -4.5432681437
  -4.9423947910   -1.4488412754    1.4250354903   -2.7264360424   -2.8264268342   -0.0384955165
  -7.3166061614    7.6034955127    0.4384529484    0.9357849469    4.4591548344   -0.6648891181
   4.3248609075   -7.9770337164    3.7040255199   -5.0803695356    4.5668019748   -5.6032838974
  -1.4691795264   -2.8342729975    3.5508677374    2.5898143963   -0.6028749487    1.2011721435
  -5.7387634955   -6.5446239001    2.7737252811   -3.8891001805   -0.1879146144    2.0837500688
  -5.1306098603   -5.6793938308    4.0500253124    2.1967161276   -0.7317992499    3.8300240837
   5.9073160313   -1.0621582597    0.7303598604   -0.2205642981   -0.2471542339   -3.2412410683
   4.7833016644    0.4362001517   -4.0531580190    3.0589669716    0.5298012320    1.5474650189
  -0.3604451906    0.5740608875   -0.1432227193    5.5645214788    2.1563483164    1.4836530683
   2.7813391365    3.2793426037    2.3169030238   -0.9314496506   -2.8535892406   -1.6163801323
   6.2813947294    4.1315703880    3.0639351378    0.8624313201    2.9288246432   -2.2749684589
   2.0143697023   -3.1536096420   -6.6146779898    0.0224545040    3.9581096869   -0.2843558404
  -3.1516029826    4.4326432992    7.0233210787    3.0533703422   -0.8316939525    0.5174597210
  -1.5687383144   -5.5313879039    7.6394250217    4.1907092092    2.8127665916   -2.5981917932
  -2.4875108544    3.7885123894    4.4767329546   -1.1199904400   -2.1506754211    1.8979385669
  -3.2653168811   -0.7797482991    5.0307882442   -4.8036864362   -0.4875511349    3.1316842984
   3.4933559750   -7.3379654565    3.6592685974    0.2863296369   -0.6491243386    1.5602580849
   4.9751852504    5.9219877589    7.5120042588    2.7254185532   -2.2401561605    1.3497510036
   5.2617879809    1.1670882976    4.6701471004    5.0392476470    1.0919003723    2.7853513549
   8.4931444838    3.9433518940   -4.6246576078   -4.2743512970   -4.5767231963   -2.4277050683
   8.3694635465   -0.5103456043    1.2383683747   -1.3329285175    2.0785899066   -1.3622897158
   3.7846005910   -5.9468761585    0.2883339963    1.1128612588    4.8695581268   -1.4269925968
   0.8343216095    1.5026205782    6.8406079777   -0.6743380190   -2.6382232565    0.5634772255
  -4.5692054598    1.0353830479    5.3171031240   -0.9349637076    0.0336498634    3.6242131146
  -7.1106749230   -0.3688778195    2.2227427129    3.1242682771    6.5151104865   -1.2852404135
   2.8941236752   -4.4472259331    4.9996204291    3.0428557701    2.8939429662   -0.9577429696
  -6.5142545686   -2.5099301178    4.0883093775   -1.6213783154   -4.6421557237   -7.2485300197
  -1.2153677089    6.4936185213   -4.8671239616    1.0828756511    0.8999613530    2.6986756233
   5.1951150960    2.8004713347   -6.6333137547   -1.1504816633   -2.4874750044   -0.4354237722
   5.2429498857    2.7743137307   -1.1441567224   -1.4690632603   -0.2821464630   -4.4015539851
   1.8785126092    3.5649074169    1.9037176802    1.7940192694   -1.5172467639   -1.2448851488
   0.1285772249    6.1119448956   -0.0416014694   -1.3631940034    2.4104841439   -1.3963718684
  -3.1085255404   -8.0382801787   -8.4730307055   -0.4778928808   -2.9733151202    3.6242672966
   3.1623958815   -0.4071843442   -8.4106451219    0.0636487213   -2.7971469457   -2.0123356328
  -0.3915590543    4.3527293133   -6.2296048207   -1.5827174834   -2.0841022650   -0.1765730176
   4.4058501842   -3.0577501672    0.4364721475   -2.1844938358    1.4967605607    0.9801245920
   2.7815045065    0.9448329161   -4.9876859644    2.4375882336    1.6222121598    1.0537743694
  -4.1220895404    8.2516760086    1.2702934847    0.6486072710   -1.8849754150   -2.2764609830
  -5.1233433353    7.9805777569    7.2741549231    1.4271588228    0.1320922035   -5.1071656811
  -8.2927559646    2.4870558076   -3.8725946133    2.1372203678    0.7312950792    1.7919212589
   7.2946088583    4.3427443105   -5.3514451097   -2.4446638869   -1.8257900680    2.3516395532
  -3.4823790118   -0.9051600629   -6.4686819012   -0.4686611812    0.0165366328    0.0727880911
   3.6455191334   -4.1780243514   -2.6549859372   -0.5736717323    0.4689527196   -1.4474988363
  -2.4833629780    7.9985044600   -3.3429768247    2.7618432211   -0.6119413999   -0.0279171611
   6.5180190914   -7.1784701401   -5.0542031517   -1.5603681228   -0.7093636866   -5.7366425748
   3.2016106885   -5.5914971703   -0.7432208975   -3.1876292910    0.6442923389    1.1328134167
  -0.0048479965   -0.7681166412    1.7151920242   -2.7337269244    1.6146328963    3.3724724943
  -4.3819534453    5.6671859144    0.6873801699   -1.1046057772   -1.4829208955   -0.4193096776
  -1.2926051425   -8.4147711460   -6.8344561951    0.4374410086   -0.6473681636   -0.7793232492
  -3.3476631427   -2.5073540058   -2.0650410645    2.4437943564   -1.7750576675    1.5442538019
   3.0230783384   -5.9666047035    7.5894368250   -1.7563784682   -0.8851224082   -0.1662198809
   6.2327283469    7.6933570879   -2.0760404088    0.3862668780   -0.4060481712   -2.1728392155
   5.6546052076   -1.0722045533   -6.1678596875    1.1309008355   -0.4232356658   -1.0027689030
   8.0942621655   -4.1301070301    2.0373047267   -2.8465883918    2.4845120009    2.6491015006
  -8.5356209895    3.7997613067   -7.0332833415    0.8779158470   -1.5749887125   -0.7016770093
  -3.6500255987   -2.9284380108    8.0059569026   -1.8594392530    1.0980100919   -1.5323027330
   4.5706454759    6.1528632483   -2.4349319370    1.0170537888    1.7566863949   -1.6746536156
   6.0831601264   -8.0477505347   -3.7151934659    3.8387150056   -2.8232182208   -1.8292233963
  -4.5348629752    2.8477549874    0.4186560613    0.0168947426    0.4035645631   -0.4393718269
   2.6050414727    7.5802422740   -7.4398990248   -2.3979356725   -4.2587065042   -0.0785418327
  -5.7060693227    2.8532353056   -4.0907543073   -0.3434262944    1.5166575459    1.4132177519
  -6.0820190888   -4.5219961635   -5.3780015892   -1.8432375831   -4.6663305658   -0.6225826931
  -1.9272306975   -5.9465895256    0.5694340811    2.2000187064   -3.0193793107    5.3236669781
   3.2242280708    3.5838430358   -0.2823966270   -0.7742238122    0.7363985397   -2.4476684502
   4.1372539421   -1.5018924950    5.4004218503    0.6127404304    0.5863307221    0.2699100035
   4.8086476748   -3.7401788664   -0.1938016923   -2.1447984261   -0.8294349169    4.1284091515
   7.4193791503   -1.2054637334    0.6265638200   -2.6727292744   -1.9109462338    1.4393067425
   5.4795064929   -1.9706325936   -4.6564927399    3.9661051697   -3.4737219201    1.4607536086
  -5.4042661564   -0.1319807535   -0.0179723796   -1.3280811811   -1.6746944893   -3.0155625403
  -2.6418772820   -7.1269188297    3.3395745600    5.5887590261    0.9285246868    2.9235288986
  -3.6020566006    8.3496853051    6.8384372874   -2.0160549036   -0.8381582528   -2.5757931986
  -3.1817928984    5.1503414146    5.9709668724    3.4355264508   -4.8448952137    1.3582268407
  -1.7273755826   -8.1659905020    5.5045740287   -1.6197294131    3.6035990960   -1.3579673942
   2.5565289662    5.0096571098    6.8950718120    4.8003630661   -2.0764334206    1.1576193087
   4.9508474567   -5.3718177913   -2.8372572307   -2.0605269884   -1.0724412507    4.4891822829
   0.9236788919   -7.4825679152   -2.3546728281   -0.4687404408    0.1600772070   -4.2617549771
   0.8859580094   -0.0729373678    0.1893088609   -2.0038457819   -4.2379821318    3.3333968445
   7.7530614592    7.9669772887    5.4236109064    1.2467586148   -2.1868794334    1.0695721443
  -6.3342227025    7.4904080772    5.4352213737   -3.9979947527    1.7099239456    0.1760096101
   7.2285158540   -4.7450507445    3.9751460082    1.9338039596   -0.4339957061    1.5674489665
   0.4823964413    6.8002794474   -2.7692470171    2.6720433565    1.2802548626   -0.6305731397
   3.7587176340   -2.0987531249   -1.4045428172   -2.9157692568   -0.8250297013    0.0669048857
  -2.7657581574    2.9220515927    3.2097081443    2.8240356903    1.8613741312   -1.9438948541
   1.4950420809    6.6824196995    3.5503588494   -2.9733331375   -0.0669495122    0.2995284199
  -6.0325010578   -3.5155530063    5.4289905724   -2.9176918073    1.9834062008   -3.2537451350
  -5.6594921261    5.5748087034    1.4863661734    0.6232260126    4.3094207885   -1.5719134615
   8.2779185007   -2.3172932026   -0.2273175962    0.7598537536   -1.1004007818   -1.3804881720
   2.9176113513   -0.8134161353   -6.0473032595    1.6850594335   -1.2324889613    1.6334663763
  -5.9936225100   -1.8327600583    7.1335835165   -2.2795592312   -1.9537201841    2.9504925968
   6.6329937370   -1.1709469413    1.5649248009    0.1745296034   -0.2763832124   -2.3258452346
  -4.9100291945    4.1134841550   -3.9562484318   -0.7659095176    0.6785124688    1.3308574707
   5.2253151550   -8.5056929021    0.4885470232    0.6840326844    2.0593332907    0.0143628441
  -0.2060270687   -1.3692356290    4.8382028363   -3.7553790285   -0.2842769101    0.4057364130
  -1.5805349917    2.6417482018    2.6056914049   -3.6654781098   -1.1538440238   -0.6059757928
  -0.1697070301    2.9556285830    0.5259270098   -3.4240598992   -1.1278699254   -0.6769870267
  -5.7930060207   -5.1083797273   -3.0397498900   -0.7337384044   -0.7760896835    2.1776395334
   0.8142365745   -0.3060286805    6.8362544061    2.0935566111   -0.2609170226   -2.3627555369
   8.1456244179   -6.4795299846   -6.6419483437    2.6125605198   -0.3120572209    0.1653975385
  -6.6026616120   -7.7525085883    1.1771348467   -6.2354780667    3.0826320982    0.9682405461
  -7.5432128888    0.8568613186   -8.4194209264   -0.1713930317    0.3001632240   -1.4656628126
   6.5233122805   -7.7628687459    3.4407901528    0.4151702144    1.2111761129    2.0111690282
  -0.5504829520    0.9934522158    8.4062710258    0.1761375207   -3.6556959686    0.1331962482
  -6.0988490421    5.2202431909    4.7295560280   -1.7516402668   -2.6856986788   -0.9920375738
   5.3009627382    5.0897308530   -2.9178875119    2.2061787291    2.9669616703    2.0903923054
  -6.6487092097   -7.2201406136   -3.6710261854   -1.1036613967   -0.4002571168   -4.6236929110
  -6.7475627601   -2.1022345730    2.4010221636    5.4678200467   -2.3212406528   -2.0481737031
  -4.4339485110   -1.3604338476    7.7167413257    0.4977031449    4.9121133889   -0.2650970698
  -2.1548854400    0.8498787912   -1.2072594326    0.2328575665    0.4787578388    0.0654181696
  -4.3256006312    1.3909949910    8.1500134609   -1.6664875737   -1.1510538744   -0.2747910919
   5.7442689150   -3.6220855867    5.6715475902   -1.7989713482   -1.0534861777    1.6754461611
   6.3138117726   -4.2870939438    2.4385804762    0.6614109684   -2.9876465354   -0.0875359939
  -2.7032551507    5.2297265517    1.9967535400    1.2417504738    4.3624271144   -2.7183723758
   0.3564906056    4.2637500624   -4.3403094651   -3.6808565712    3.7984777807    0.0938944191
   4.6282010552   -2.5206753525    3.2644518901    1.9321516733    3.3190141087    4.1634834748
   5.6142219595   -5.4576601683    1.1055355116    0.7482334503    1.0537260451    1.2087322863
   6.0955623279   -5.2240951314   -3.1403199783    1.3040333297   -2.4610909898   -0.3756179226
  -2.4054881727   -4.6407795957    8.2262156080    3.2492785610    3.4013663624    0.4027084597
  -5.4311484565   -1.0799601651    4.1551056417   -1.2721068359   -5.6383819026    0.3329172746
  -2.9744613051    4.5618126071   -0.3827330976   -1.0787971246    1.0039139095   -2.3440389617
   7.0694230492   -5.8031712814   -8.3480433726   -1.4043191099   -1.8877441590   -2.0464567278
  -7.7293524490   -5.1441551348    5.8346177378    5.5068037894    0.4981659565    0.7357136406
  -6.0293846256   -1.4264244462   -0.1778731068    3.1525940498   -1.5324888866    4.5222656154
  -2.3257691245    2.5719857515   -2.1362286745   -2.4771466431   -0.0746045484    0.1172474429
  -2.3377224742    4.6602041980    6.1861056495    1.1594436942   -0.1449348200   -3.0611609094
  -0.8833739384   -2.8296201558    4.6127722043   -2.1744323900    0.7427930633   -2.0824897227
  -6.9675532189   -5.3348616853    2.4741700565    1.2843382051    4.1291205288    1.6528297130
   6.3165598266    0.2091952003    5.1817433137   -2.1390883443   -0.2531916556   -1.8176768698
   7.6023105338   -0.2383658669    3.9765946659   -2.5752605471    3.0862323017    2.0368706848
  -0.9885952741    6.5918100007    3.2305755427    0.3804613497    1.0708922539   -0.3967423229
   7.8752392320   -4.1356009181    0.2566719396   -1.4548511275   -1.2690056224    0.6119316431
  -5.9183093612    1.2079265059    4.0498588960   -1.6880946285   -0.2458343759   -0.9543747856
   0.3538295698   -6.3291909311    5.6518131542   -0.6520184647    2.1985381015   -0.9797349261
   7.7233802648   -3.5394596713    3.5920024448   -1.1896937350    0.1285268511    5.3133471712
  -3.4796927688   -7.4468747305    7.5621401294    1.2334537556    2.3437332351    1.3297188239
  -1.3176848305    7.7983576148   -1.0940919646   -2.5337640731   -0.1786179355    1.3966102725
   0.9843251103    4.2541605945   -7.7205568424    4.1058931175    1.4691154162   -0.1077363200
  -2.5115251747   -6.2726460340   -2.7950776934    0.5873520834   -0.6210992810    2.0788138081
   3.0245023015    4.5716643505   -4.4874731581    2.4218830015   -3.2777173565   -1.2267859611
  -6.9509130237   -7.5945039162   -2.6826161074    0.2132631856    3.0101244203   -0.3279078773
  -4.9144357296   -0.7452387732    6.3046871605    4.4904478021    0.9234351141    1.1804832777
  -4.4889803510    3.6473603606    3.9835842179   -6.2587609766    1.0327748260    0.0125718017
  -2.2687260346   -2.2306460513   -5.7369019940   -1.4843046068   -2.8314514177    1.8156592838
  -4.8854440304   -4.5994362425   -5.3912862645   -0.0521917182    2.2205751681    3.6374211605
  -5.3271087551   -2.9948670001   -2.2789351401    1.7178740781   -1.0166448891   -1.8797777980
  -6.9339541515    4.6000827547   -3.2002450338   -2.1634316428   -0.7684536868    3.0150122181
   8.5453678915    4.1718485366    2.6273906375    0.0161239083   -3.1268058729    1.3456880160
   2.2916991586    6.6513792872    1.5176536061    1.6677595728    0.9547705827    0.4863430042
  -4.6306774873   -7.1597360851   -7.8963024235   -5.0539816841   -3.2958458061   -0.9692832558
   3.9323424348    5.3188973948    5.2739142006   -0.5715221346    1.0203047656   -4.5569190696
  -7.4343572319   -6.6678478532   -6.6031190444   -2.0650390299    2.7331677129    2.1679485452
   5.4001480158   -6.2523853706    5.2563386905    0.2766727003   -1.8594368752   -0.7489239966
  -1.9893777840   -7.9838259049   -6.4209632798    0.7822956702    1.7328299840   -0.6490000007
  -8.3384774434    1.5046311462   -5.0534221404   -3.2686126560    1.6955195363   -2.1826133536
  -0.5721971992   -0.1173351215   -4.0390077394    2.9885267835    0.4118007866    1.8052050885
   8.1725122642    7.7053494745    8.3093487410    4.3942530501   -1.2660193112   -1.3799985274
  -3.6505814440   -0.0828366763   -5.3840139695    3.5743998666    0.0909053676    4.2292162104
   3.3825010273    6.2816026678   -3.0539584567    0.5905167144    3.6266485443    0.9816554059
   2.2343390957    1.4221631379   -1.5202576505   -2.6925214354    0.9072102028    0.4195288131
   0.0111181777    8.5065093538    4.1703198405   -4.4132667500   -0.8030013245    2.1317509782
  -0.1582687213   -2.0193681056    3.7146744788    3.4080880958    0.8321951969    0.9882624238
   1.2752452861   -1.2574586527   -6.0135715172    1.5573329048    0.5760878571    1.9270067826
   7.1973703834   -1.4769687219   -5.0137733721   -1.8059727149    1.6070559124    0.0712477441
  -2.2422004377   -6.2691289776    1.9532539750    0.6310832138    2.5806724868   -0.1153950376
   6.8971994935   -4.4195313848    0.1649696535   -2.7097388428    2.5429044951    5.9814239962
   3.5156791677   -0.4540211590   -3.9193613415    1.0304818083   -0.5465450797   -1.6828271166
  -8.2054229059   -8.1388717462   -3.9155735251   -0.5776750254    1.1332735478   -2.1113510224
  -1.3765118550   -5.6167428062   -4.1741445838    2.0019290225    2.6326044773   -1.9444618189
  -6.6422303869    1.0944892690   -4.3406972287    2.7843324691    2.6330135291   -1.9010725582
   8.2986847145    5.7195284119   -2.1007630410   -0.4289175090    0.7975196912    1.9636045553
  -3.9504658575   -6.3350151100    7.0107876438   -0.3210231231   -3.6825842184    0.0979296184
  -2.0928976236    5.3371080207   -8.4642787600   -1.4193451396   -3.8971900946    2.9380494690
   1.6074858841    3.2361105672   -3.6049486121   -1.6693345189    1.9643570116    1.0995615568
  -1.3882914520    1.5364000868   -6.6029834747   -2.5725634335   -0.1785783096   -3.0774129515
   5.7475177914   -8.3699377868    4.7450658623    0.6689969204   -1.0529659240    2.1868335881
   1.1187405693   -7.2631520606    6.8123747350    0.5505859654   -0.6239664081   -0.1243218739
  -2.6457627468    0.9766620882    0.9777083634    2.4922450629    5.4218342576    0.1620752849
   7.7761078479   -1.3443311217    2.8667636406   -1.8948797727    1.4914607858    1.0846878587
   2.0790799903    1.2382184114    3.7896385292    0.9912792512    0.0174483423   -1.9351181924
   6.0756608463   -7.0932312359    5.3516230488    2.4735837097   -0.5441265967   -5.7057140721
   1.2093701572    1.9982295349    1.8388174925    0.4158565794    0.0063732218    4.8078560749
  -2.7059814939   -7.7657207017    6.2526946540   -5.9134397434    1.8150603945   -0.0109757966
  -8.0687027018    0.1370567884    3.6330213422   -2.4788342515    2.2824796094    0.0182886343
   0.0965372256   -5.5795257530    8.3503505544    0.4021238254   -3.6383856119   -0.3514511908
   1.2838391501   -6.1628053588    6.0879569359    1.1991838669    0.7876202797    0.7482929511
  -4.5049290557    3.7087694575    6.3130305660    0.0160430166    2.5411770472   -1.6078396422
   6.1728858846   -1.5818603755    2.5035668337    0.4837830460   -0.3665166192    0.2449595173
  -0.4723358548   -5.2642776685   -7.6217907377    1.2229868977    1.5807761325    1.9986320256
  -8.3863198833    1.4289153551    6.0250008438   -2.9788560072   -5.4065278469   -0.4443358246
  -2.3387782823    5.4086264380    4.6790353255   -1.1108416197    4.0628815741    0.7566924088
   4.8974100040    5.6911517387    3.3079863578    3.2338085623   -3.8874169553   -0.4195913028
  -2.7156284054   -5.2592660347   -4.2970377880   -0.6557370536    1.4873899464    3.3181919023
  -4.2109958115    4.8253442291    2.0269155727   -3.0554515222   -0.7461001751    0.5444245833
   1.8075191731    5.0411812801   -7.5940547793    2.2001151708    0.5414713284   -2.8928851989
  -7.4512399449   -1.4993553996    6.7709854507    1.0482925146    0.6609744439   -0.7461569610
  -7.5518788253    2.6877594149    4.7097655974    4.6144516152    0.3251587764   -0.0836004069
   7.7022644237    2.9630708354   -6.9234794682    0.1617461713    0.1525531570   -3.7211835857
   6.3193925016   -6.3245050242   -5.4649303171    3.8252637870   -1.9959180229    1.8520201696
   7.5297671013    1.8768011381   -4.5356594799   -2.7199022913    2.3712018440   -1.6970461172
  -3.8656170972    6.8577958409    2.2769086592    0.9758585071    0.7509811271   -0.1890346848
   5.3501432586   -1.3193498445   -1.7892565179   -1.2824719858   -0.2587299268    0.1848204307
   5.9705155297   -2.9687429437    6.9123757624   -2.6247508299   -1.0229787775    0.5217072768
   0.6985343288   -0.8319409179    4.1449664368   -0.5418834194    1.1285125672    2.4812835012
   4.7616081365    1.8786158525    0.5753232001   -5.6242447919    0.7817230160    3.0380627830
  -8.3237870667   -1.2387647507   -2.3999054070   -0.9833761623    0.7048357512    6.2140679276
  -5.2653355114   -0.3622156041   -5.9959078371   -2.2252232851    0.6865674003    0.1872625050
  -5.9166725049    5.0554807111   -3.3975954992   -1.8965999933    2.3882536460   -1.6448795495
   6.6638187260   -0.8597052956   -0.9913611288    3.0525151199   -1.3193351724   -0.5813776989
  -2.9474738053   -2.5171363867    7.2571003170   -0.1311584817   -1.2241430511   -0.8348026981
   7.2924904764    0.4525706874   -7.7325126509    2.3385459284   -4.3470684163    1.0264623388
  -2.9691196661    7.6431034288    1.4243113952   -1.0321371224    1.0685120672    0.0039022194
  -4.7360090303    0.4544969557    2.1336634712   -3.2097088553   -1.3740353957    2.1056504305
  -5.9687231144   -3.0422398154   -5.2026423449   -5.0223927691    1.7750440561    3.1751805924
   0.3789849323    4.5288246525    4.8467098556    0.2977027674   -2.4354729519    0.6618182181
   1.2074748920    0.2774280934    2.7483850003   -2.0117621004    0.9570532926   -2.8129809936
   1.1880085339    4.9552720129    4.4914260501    0.9597316439   -0.3341018210   -3.1629250869
   3.2822908678   -1.0323089446   -0.9372600313   -0.5072378575    0.6110669015    1.3076052981
  -0.2861925759   -1.9167001762    5.5876621262    1.6204745345    2.9734460185   -2.0571077982
  -3.5067087168    7.3473265572   -3.5215400090    1.8192785665    1.6248308844    1.1454866681
   2.1849434682   -1.0860624969   -2.1455839368   -0.0066734503   -0.2854654877    4.8921726151
  -3.1929702349    8.4157086996    4.6478716591   -1.2590460543    3.4471684693   -2.6194122989
  -1.1857488691   -0.5432015601   -6.5015504309    1.8204815264    0.3453749610   -3.3073334931
   3.5534946365    0.2355124396   -4.9068334874    1.5903167113   -0.0411482259    0.1525931493
   4.2636430798   -5.5401576966   -5.5210353138    2.1347599308   -0.5717537349    1.6070498241
   7.0237497367   -8.0282599098   -4.4535341138   -2.3641758704    1.6650062490    1.2085204663
  -6.6698220528    5.1011780413   -4.7523567797   -1.0599106134   -1.1734272669    0.9342576854
  -7.4531795806    5.7535405753   -6.8587321983    0.3213595866   -0.9887176336   -1.9531917047
   7.1632845202    1.9638844075    1.3915731177    1.6990037482   -2.5771495957    3.1486987103
   0.3348916469    7.4027977551   -7.6049944576    1.4394277962    1.0504702616   -5.7378628660
   7.4001883261   -2.4677320871    4.6887881940    0.3846880689    0.3397177614    0.0188951336
   7.0388609616    3.5766566790   -1.1101893289   -2.5994200451   -0.5532843702    3.2491946164
  -1.9805177008    1.8450329549   -4.2271727286    0.5042757797    0.3335504062    1.0578308005
   0.5092878891   -1.1887958916    8.1431232893    2.3197264252    0.3979337548   -2.9177912872
   0.7417610072   -1.2220907747   -0.9536427789    0.6355189562   -2.9283755230    0.4718478645
  -6.2844816459   -3.9490938808   -6.9239227097    0.6527437739   -0.1841346789   -3.4844962725
  -4.5336632093    0.2523939160   -2.1002533298   -0.7386746884    1.1694608339   -3.1101487772
  -0.5197060659   -5.3986928041   -1.1995107359    1.7243900628   -1.2185984362   -0.5839872483
  -1.7543870016    7.0674827869    1.8816642421   -0.1486870693   -1.3454823105    1.4241082242
  -3.5467529104   -4.2539234956   -6.1349512957   -1.0522467030    1.2003598452    0.8261977303
  -0.2929390709    0.7989186728    3.2999310003    6.6914218222   -3.2241213638   -0.7164357497
  -7.0837672712    5.6051965345   -4.0470790754   -1.6498692637   -0.9850161498    0.1765474979
  -4.6713819096   -8.3260660617    8.1443532029   -0.2209451836   -4.2915787777   -1.8749217275
  -3.3066060030   -4.7342072653    3.3421601691    0.2542599508   -4.2821100215    1.1843793554
   4.8193645917    0.8695279880   -3.1170582686   -0.0703558894   -2.7254594584    0.4188778583
  -1.8286210139    3.2171940600    7.4211692469   -0.2319305897    2.1095414815   -3.1283105439
  -0.6200624507   -3.8559776375    3.6130312945   -1.0636188111    0.8776235867    2.6171286329
   3.0628941996    7.0125832750   -5.6701689258    7.7424146855   -2.2734730209    3.0790236476
   2.4054762638   -3.2905143676   -4.0371000824    1.6051287578   -0.4781022043   -2.8968069073
  -5.3965844641   -1.6765016825    8.1721265899   -1.1313727997   -1.5512134127   -0.3902320028
  -3.9300797275   -7.0007827717    8.3342378824   -3.9911530324   -2.7014183094    1.2584385697
  -5.7465264081   -3.6305486944    0.4868634851    1.0045897656    0.4323424259    1.2610227960
   7.7816961627    1.0363479774   -8.2381887959    2.0983386572   -1.4531807577    1.6505831930
  -3.1656143216   -3.2564155143   -5.1697881932    2.2935716083   -0.5338732569    0.4868416707
   2.3340653173    0.3233568328   -6.5902107681   -2.8175812135    0.3475388516    2.1806139562
  -3.7228401312   -7.5163490002    2.1642706509    1.9378655709    3.5683261400   -0.6648950366
   7.0771177361    2.5486228373   -0.0416372676    1.2945717818   -3.1278549092   -1.4822236004
   1.7445971329    4.6152137215   -4.9507221998   -0.2123455997    1.2270269419    2.9720225906
  -1.7784725210    1.1570417180    3.4010740811   -3.8043926816    4.2135817946   -1.7280580506
  -5.3786967971   -4.2574928648   -7.4869405615   -1.9077422848   -1.6976088084   -0.0226930183
  -6.3640317733    4.6441052078    8.0547627716   -0.6348075872   -2.1313239163    0.0635940896
  -4.7470720716    6.7804018126    7.3741463702   -0.1214659566    1.9584565811   -0.8302436428
  -5.9564959896    1.3777936107    1.2162135271    0.7886122320    0.5752354354   -0.8142521448
  -2.7574397399   -7.0977726356    4.4757066623   -1.2478074731    1.6020632222   -1.2753093357
  -2.0030432710    4.2401633566   -8.1409381482    2.3391615542   -3.1754233439    3.3529570510
   0.9990970731    4.2838686084    2.2547993032   -2.3892476094   -2.8265571370   -4.4751651897
  -1.3612276275    0.5244842347   -6.2860206640   -1.1297674374    4.4227806351    0.7122383289
  -4.5555884510   -4.0550820700    5.0051366483   -3.9572575948   -1.7530362453    1.3672645882
  -0.5529022817   -6.2954168408    6.3406635749    1.7624825568   -3.4688985805   -0.7054774066
   4.9056150659    7.1185837596   -6.1327240408    1.6840918847   -2.9285371408    2.2901011708
   6.1306364700    2.0953926078    6.7328814551   -0.4446595517    1.7095470460    3.1851326576
  -5.8237491449    1.2931090574   -3.7286763437   -4.6404529697    1.5205820217    1.3746643461
  -6.4838879818    0.0724293878    6.7893683223    2.4594327623   -2.1857806041   -0.3427864392
  -5.9920241933    0.2772413317    1.5998671419    1.7512192062    0.0300011453   -4.4151333817
  -7.8630527355   -4.9312126750   -7.7269541850    0.1981992613   -1.4907221168    2.5833383646
   3.3612774431    1.2112398001    1.8436002026   -0.6948423597   -0.0783147304   -2.9748376522
  -2.2455888785    7.7796714916   -1.6368775249   -4.8644375016   -2.3399443597   -0.7384911190
  -1.3733783733   -2.6265240231    0.4064581490    0.2260782017   -0.3434600489    0.8898855739
   6.1934634772   -6.0773488482   -4.2096717646    2.2448819511   -1.8344055397   -3.7529936936
  -1.7050695885    2.8235209212   -5.0177324608    1.8877648573   -0.8414853610   -1.0877369185
   1.8687970021    1.9107606442    0.8936969157   -0.8802650796    0.2038225705   -0.4261403171
   4.4005081602    0.7633794665    8.5307787221    3.0726006989    0.9985442014    0.8123612585
  -3.6257633714   -7.7092980965   -6.5878575374    0.0324284799    2.3483011700   -1.9818051184
  -8.4953299614    7.1297970505    0.0847303899    0.6285891578    1.1129573301    0.2947612971
  -6.1888879079   -1.5622328179    3.9133531452    2.5470294924   -0.9665962334   -0.6598057289
  -6.3051730640   -2.9754118180    8.2754165039   -2.1623993383    0.5450507279   -3.7363569756
  -0.0363876024    6.4740032780   -5.0195748317    3.5750921017    0.8959630510   -1.4769196728
   7.6975826157    1.5116536601    7.0513736793   -1.3480212001    2.1904944187    0.9401093758
  -1.5301035499    5.8283761140    2.4884361137    1.0118837820   -3.8827491504    3.2116743335
   0.9070929011   -5.9226086410   -0.3935853383    2.5987482623    1.1682117294    1.2782554596
  -0.2010622503    1.8100427791    2.1998431358    1.8421374584   -0.8011079192    2.1101861962
  -6.8761528709   -5.3812313154   -0.9075055028   -1.2459741980   -2.0206825056    1.0207420759
  -1.9285750260   -3.0425601978    8.3587161667    3.4755978925    1.1432440558    0.3023399638
  -6.9599426421    3.7396042113   -5.1851089458   -0.8861682001   -1.2727654546    1.5431638724
   7.8995704181    8.5268680341   -4.0752162883   -0.4329114481   -2.9917592785    0.6680948574
  -3.7127025125   -5.2154823333    7.0012651609    0.6073342857   -0.3321255602   -2.6990856266
  -4.9330327029    6.1572071390    2.1815022424   -1.1970215623    0.0518720905   -0.4316888733
   1.5557603054   -8.1267383143    5.3495672294   -0.6205713469    5.6330134735   -2.0376082488
  -5.8848169711   -6.1740761352    1.8072505394   -2.5342057451    2.1860369917    3.0257145704
   6.8164050301   -4.1114506987   -1.3431596999    4.8843031515   -0.4203039699    2.6048305365
   8.2848901652   -4.5702143766    3.3200120577    1.3750810634    2.7470293654   -2.9177235151
   0.4107544360   -3.2958389001    0.4047337419   -0.0399564762   -1.1140779044   -1.5460733240
  -1.1355419398   -3.9420752844    1.3137740939    4.6947124424   -2.8869884933    2.5921129712
   6.0403702097    6.8619988133    1.6424816338   -1.5961907092   -2.3669919388    1.2944227932
   7.2047508911    3.9633035706    5.6037056736    0.8698278341   -1.3444141525   -1.5952590357
  -5.7320323575    3.6881471195   -8.2306907412   -0.9429314007    0.4247839800    0.4042388669
  -8.0920910633    4.6856578699    8.4277722723   -3.3655268961   -1.4107116395    0.8668560764
  -6.8691246965   -4.8298744238    0.2182865884   -0.9198141629    0.2344395773   -3.1875984495
   7.9396180577   -7.6796759898    7.7754313512    0.0495736599    3.9121886535   -2.2970582489
  -3.3039741218   -8.4542845516    5.7809450388   -0.5216438276    0.3609990997   -2.3595994874
  -1.4047772896   -8.0736752110    4.2109739319    5.0545244490   -0.0652734060    0.0176573645
  -2.2234177956    5.9060501547    6.0671830728    2.6085937606   -0.8550203193    1.2553072714
   6.2231612435    6.7808081135   -0.4368530439    3.0788744702   -0.2530576119    2.0288415037
   6.4709837694    2.0243764579    4.5543537183   -1.2872071883   -2.2189084826   -1.0514156401
  -4.1321906931    6.1488887121   -7.4069795762    0.4705649522   -3.2979433770    0.6663311989
  -4.5565673549   -0.6327036151    1.8735211271    3.5954367465   -0.7745388860   -0.6418820834
  -5.7617732506   -8.3925590954    4.9115783941   -1.0880216411   -1.5443554860   -3.1211810394
  -1.8511208133    4.6469639054    5.2701467277   -0.8821111886   -3.0997560271   -0.2730093627
  -6.2235303890   -6.6784698131   -1.6211228093   -2.5222786260    4.3143842238    0.3850844753
  -6.9276029975    8.2461179593    3.1062049242   -2.4169173347   -4.3184959414    0.7649078356
  -0.1238976071    1.1426919602    6.4653650327    1.4072690984   -1.2148784261    1.6885530978
   0.2765487684    7.6315291600   -2.6377332626   -0.6358689264   -2.5093455724    3.5287641162
   1.4945996395   -1.3279590310    0.5405874301    2.3672316466    2.9981900805   -0.6792641723
  -5.5290341455   -5.4432846016   -8.1887968867   -1.5148164830   -4.5255992737    4.8888858422
   4.7328552462   -6.7827445333   -1.5647132237    3.5336954680   -0.2474067018    0.4558470674
  -4.3500697364    7.1623172181    0.0747747671    2.1563347019   -1.7759728853   -2.4396686945
   5.6027209554    1.1832885374    5.5627890414   -5.0185287615   -0.3615911074    1.7559152426
  -5.2160254540   -2.3951274887    4.1091957258   -0.6433891606    0.2731131363    2.6800497141
  -8.4479888294    1.9737397822    0.6810154847    2.0896961094    7.1594927939   -0.3683084630
   1.1834008214   -4.8918207531    4.6595612982   -0.2281167734   -2.0616908005    5.1339158686
  -4.9980089881    4.5900109366   -0.2771681470    3.7306018906   -2.2099638103    1.9282047763
   1.2417878708   -5.0259621655   -7.6616217140    1.7139468275    0.7558148534    4.3781562590
   7.7491702963    6.3990079385    3.4058184846    1.2646730426    2.5739013538   -0.2598797562
   7.3576227640    3.6730468185    6.9989373172    2.0117691058   -3.3545182414   -0.5860261084
   1.6341212061   -8.1036428591   -3.5089812728    2.7510645926   -0.0969523809   -0.0247535861
  -3.7473080027    7.9835790078   -5.7230105178   -4.3828967483    0.3798361257    0.6132467129
   1.1313406285    5.6292544302    8.1459126956    1.4559504268    1.8001088803    1.5980926535
  -8.4717910081    7.4172842007    2.9420563331    0.5272595777    1.3979121301   -5.2256828122
  -7.2049090527    8.1656175774   -8.0720196701   -0.7100069779    0.4062792478   -2.0867330612
  -0.3402284245    5.9624937146    7.0395387616    0.7220516235   -4.1687601089   -2.7120916614
   0.0396129900   -3.9910876349   -4.1330019602    2.9926197244   -2.0298378597   -4.4768632876
   3.9423477022    3.0368811230   -6.2425260178   -2.4421323560    2.3619426993   -0.3509627771
   6.9511220459   -1.1267376325   -8.1445058916   -2.0188861919    4.2519661862   -2.8638422755
  -6.2984424191    2.2757384881   -1.1170118445   -1.5675552984   -0.5826472549    0.3575194899
  -7.4488811438   -7.6871247649   -1.1108794169    2.6877486491   -1.4689742760   -0.8528105599
  -8.1812606643   -8.2621520670    3.7801283548   -1.5350737723    0.6529677300    2.1172690932
  -5.6326414262    4.2858792232   -1.5276636697   -3.2648100775   -0.1442714216   -0.2066221677
  -4.7408783892   -3.0723513684    1.6838151712   -0.3648065373   -2.6340696803    0.9433396935
   4.6676640940   -5.4847367258   -1.5681645265    1.6790294977    0.6677261419   -0.9846120236
  -1.2325285623    4.0634946122   -1.8065150538   -0.0743602158    4.5704102739    0.3133605338
  -5.8801835186    2.1467508379    7.0592046071   -1.0295881179    2.6741693987   -3.0773439659
  -1.8728330628    7.2808401367   -0.3444415304   -2.6899271919   -1.8335287652    1.4982111937
   4.7226477036   -7.2739806239   -6.9596314555    0.8966354285    2.8510282226   -1.3081435184
   8.3959042008   -8.2774865120    2.4265051727   -0.8082763644   -1.4430998511    4.1804887366
  -7.5544582692   -0.7253475298    3.2457399278    1.3438911649   -2.3771222322    1.8494312739
   2.5822270293   -3.2749323165   -8.3165848725    0.1451785179   -3.6837707500    1.0906913662
  -7.1140350432   -0.1277343479   -7.5508860708    2.5199595560   -0.5843781664    2.1456898464
   4.9404962097   -2.3736078649   -1.6933073991    2.5943984764    0.9729053611    1.4614604684
   7.2782985235    3.2422768133   -4.5046246752    0.3951752486    0.4452248723    0.5434704607
  -5.7438390231    6.6714334698    1.2011130997   -1.8537243593    2.1091376234    0.4264296024
  -5.8988087821   -7.9219646755    5.9343681581    3.3813633822   -6.7203313929    4.4110942583
  -2.9089639900    1.9802094681   -6.7309064821    7.3203468573    2.8015395700    2.2426126677
  -8.3601335946    8.0209721233   -7.0455555204    1.9628971514   -0.1386142650    1.0075201187
  -8.0466565348   -2.6537385421   -5.0457618521   -2.2107385774    1.2082929126   -1.9927976682
  -1.1044488022    7.6204722205    4.6644498092    0.9345885950   -0.2792621969   -2.2731327684
   2.0037642496    1.8010573693   -5.2184382109   -2.6875469063    1.0138877788    0.9370969722
   7.9333765193   -4.6728919483   -5.8877788974    5.5338076262   -2.6674063563    2.7591793854
  -0.7953422226   -5.0081081621    0.5157484603   -0.7800928170    3.5410950023    0.0039096032
   7.0935862773    8.2753398385   -2.8432191011   -1.3367154524    1.2857529948    1.0374105575
  -6.8447952906   -5.8937096442    1.1515938564    2.3503850459   -2.6816732318    0.2400690622
   5.3893796090    5.3556249645    5.2683748131    0.8707250954    1.9517752501    0.6026357901
  -2.1639710606   -3.1775324074    1.3137602316   -4.1185699630   -3.7898263186   -1.5025035701
   6.8304315333   -8.2559323111   -6.2510502671   -1.4357691829   -2.0952170397   -1.5765096276
  -2.8820573968    7.6672121685    6.1411440008   -4.7311412535   -0.0844543354    0.6621041467
  -0.7856012972   -7.1134547637    4.6522307539   -0.5383716891    3.6046807653   -0.8784034082
   6.7718928002   -6.6489398511    6.1561339067   -2.0809530221   -0.2793058422   -1.1518190809
   2.6059437762    7.9879484001    7.4453181184   -0.0604358631   -0.0571669736    1.0732761542
   0.0766251914   -5.7161473810    0.1857360545   -5.2180119715    0.3650938124    1.8621351563
  -7.2258647346   -5.0727554893   -5.4767507822   -1.8688358792   -2.3131117706    1.9881807819
  -1.5389582719    2.0990250032   -2.8451183710    1.1561733860    1.9981127183    2.0563397231
   5.9736678638   -4.5352578846    6.2232170105   -0.0229443131    0.2849539393    0.6531181720
   2.3808871363    8.4319886910    6.1407104277   -1.6055904508   -1.1523041684   -6.4077073117
  -5.8861703927   -2.2998546664   -4.0795199374    0.0838310821    0.2303445984    1.1272515725
   6.0151037169   -3.4728105861    7.9447415299    0.0129811087   -0.7902630318    0.3793511677
   4.4308583943    6.9614571450   -3.2500478376    0.8841302378    1.0965522710   -0.8935916797
   3.5896539777   -4.8060718871    1.9437161369   -0.9798179548   -0.0916822319   -0.5649985591
  -4.0141174055    1.6252602759    1.5449145484    1.2753906547    3.0472623794   -2.4794104891
  -6.1648643800   -1.0018175297    1.6173158920    3.4892106238    0.6745347997    2.7600314957
  -7.1901424373    6.4818978422    2.4587724283   -3.3189177434    1.9624635766    0.0882498043
  -0.4314331605    7.3700757856   -6.3244169291   -1.3484827790    3.2807663164   -1.9679959767
  -3.1769728523    6.6519268103   -6.3793949272   -0.7424783152    2.2171924771   -1.6003884227
   2.2965074206    5.8406592008   -1.2090971554    0.2100269811   -2.1465856575    1.0280788899
  -2.9173751127    2.8255730610   -7.5546209622    6.6210752258   -4.9481592476   -1.9023829249
   2.7918665598    7.5386669714    3.9822434396    2.2279959513   -1.3022082835    0.5591166256
   0.9356541103    5.6202093072    2.8729674393   -2.2971221222    1.2081504541   -1.3314541502
  -8.3239899871   -8.5393879114   -8.4272950450   -3.7692605566    0.4552163788   -3.1835789796
   8.2829223505    8.2028294854   -0.8072320925   -0.1369180014    1.7224194015   -1.4725578160
   3.1705845245   -2.8124118398   -2.8821913472    3.2027480622   -1.0896433170    0.7465440185
  -7.3452862166    3.5991484217    5.1303927523    1.8743438212   -0.0533038450   -3.8464195010
   7.0717108980   -4.0753483437    5.2764873353    4.9678947023    1.3098239144    6.3609031114
  -3.1049713428   -2.9220764751    0.2504868139   -1.3586824848   -1.1608959346    3.4392330876
  -0.5807328168    4.3667344754    7.4689171056    1.8040387831   -0.8488911855    1.0015494516
   0.9255037619   -4.9673405371   -0.2082028447   -3.1607850621    1.1690733510   -0.0425218328
   7.7662321775   -2.9174363636   -6.7379812894    0.8521344351   -1.1186507313   -1.6014451692
   6.9427878342   -2.2176443996    2.2398720710   -3.1946814511    4.3349366837    2.7503334464
  -2.9708138303   -6.4101957167   -4.5444791637   -1.4162673100    0.3285883394    0.4961168130
   3.9913856699    0.8604632496   -6.1773998719    2.5602342279    3.4232172085   -1.0434543397
   6.9898801483   -1.1386491578   -2.9693695341    0.7472681799    1.0141419985   -0.0839943195
  -2.7981879039    7.9996397077    2.3560375489    3.6597445861   -3.2205569098    0.5609108273
  -7.4879738436   -2.7138414224   -7.4021563142    0.0156614642    2.0478084094   -2.0842519054
   3.4537617035   -2.4953316329    6.9132913669    0.2520220195    1.0230160820    1.9628565672
   0.8141095999    3.5393592999   -2.3410202632    1.1647285257   -0.5356415939    1.8679521598
   7.0463988899   -3.5465707139   -0.4213874517   -1.0473508118    0.4682528099    0.0373438814
  -7.0149208283    6.8369350532   -0.3104147396   -2.0764861662   -0.1093363751   -4.5982242951
  -5.6103658677    5.1963794956   -2.3723368578    2.7192197711   -1.1329263979    4.3070524187
   4.2837034868    2.5339372511    1.5414073029    1.0864209323    3.2684819754    3.2048141267
  -1.6240751552   -5.0202180878    6.4552348938   -0.9633915457    3.5933723164   -0.5000407054
  -2.4134007828    2.3964607519    0.1918028731   -0.7324959009    1.2874796690   -3.1545877869
   3.7850790878    7.0852131053    7.7781271522   -2.2396657134    2.0838228130   -8.8976745250
   3.1783597623   -2.1674983942   -6.8194359002    1.3641001977   -2.7078378290   -2.5175703854
  -6.2478935549    5.7862191350    7.7980647478    2.1128181310    3.3057265678    0.8781117167
  -2.9512219291    4.2769452776    3.3607142118   -1.7480034505   -2.0742013890   -0.3437524041
   5.1094642112    7.0278514928   -0.1189715895   -3.5618447711   -0.5486778116    2.0993611919
  -5.9390198380   -4.3309473576    3.5656351122    0.1649342760    2.0920914594    2.8715560991
   6.3624536600   -4.9690345944   -5.4400676046    0.9162605273    0.5309907728    1.9705411771
   4.6006622839   -3.0132301532   -6.0792238536    1.4325630713    3.2066629573   -1.6155261664
   1.3438211601   -3.0478830304   -3.0088091146    1.2839861665   -0.6083467482    4.2031149222
   4.5056680231   -2.0458585834   -4.0843635497   -5.9737372276   -0.2814952824    1.1626871922
  -2.3602108361   -1.2392735592    2.4416542879    0.8879580032    1.2514589416    1.4962964851
  -7.8960357684   -4.4315914884   -6.2499683605    0.9707711583   -0.9289714678    1.5189448682
  -6.0488266810    1.3976810293    2.1129397805    1.5063592047   -2.7186277656   -0.3109139019
   5.2407201949    3.2024953611    8.3158830377   -0.7422824677   -1.5255955292    2.6260458256
  -4.8289231048    5.4098714859   -1.2608177142   -1.0658383728   -2.3957598678   -1.6561997751
   0.8352728722   -4.0647097626   -5.9597336183   -0.3630053109    1.4751961043    0.0167799391
  -5.0395433415    4.5558123877    8.1340140030   -1.6990893864   -1.2042423185   -0.7731343142
   6.6277080200   -1.4581789631   -6.7188613955   -1.0682962597   -0.7114345897    2.3123506122
   2.5471541321   -2.3389907168   -0.2952809797   -1.4260993390    3.6141903287    0.4182397366
   1.5324432697    4.8002536353   -1.6883619505    0.9768753674    0.3863695171    2.1947599349
  -7.6338171384    0.9781231148   -0.5485550683   -1.7908268255    1.5595975382    1.3836775086
  -4.3602447308    2.2022899894    4.2994847691   -0.5166947611    2.0564757096    0.2948277385
   2.5287987335   -4.9305998736    2.4461112896   -0.5309265385    0.4252501293    0.0326994999
   2.8183249513   -2.9125458392   -5.6198414506   -0.3270508011    3.2783738411    2.8221122955
  -7.5188367221   -6.1640262277   -2.3858766903    0.6051625183   -1.3257382341   -3.2450294160
  -0.0237427545   -6.6372701163   -2.5920309829    0.5772813926    0.1077989140   -3.0308020515
  -1.5748501284    8.0215369119   -3.1185790946   -1.1865961859   -0.9475490043   -1.0469772687
  -3.6960349091   -3.8109894485    3.5739186988    0.6912951462   -1.4014744489    2.8387839382
  -0.3853232055    1.6271861360    5.1891256849    0.6383961762   -1.8700838859   -2.1059963291
  -2.3970800977    1.0449355921    2.4191000611   -0.1490799006    0.2913809972   -0.2987360701
  -0.8551508617   -4.1447553252   -2.3807087430   -3.8063204976    0.5265372146   -2.9300398597
   8.2150188617   -0.5433600181    3.3058757385   -1.7643084901   -1.6690819583    1.5366833894
  -4.6569725543    4.9487176318   -2.6675289159   -2.1266630975    2.3550867724    2.1646245065
   2.1207153157   -2.1255300656   -2.3299768531    3.5955570113   -2.3971874841    3.5265285969
   2.8833729449    6.4736713678    2.3009766871    2.4749022518   -0.1293934006    0.0787603738
   5.5386879343   -0.8123435882    4.0033487198    1.2986599401   -3.0513509730   -2.0529865404
  -1.8060721682    2.4487985934    1.5945298637   -1.2570979188   -1.9615397497   -1.4376083557
   8.2688705348   -0.3379127896   -4.9452209042    1.1715835155   -1.8753091310    0.2646198822
  -5.3103488486   -8.1931291259   -2.9619940082   -2.3237873575   -0.3074114508    0.8911838870
  -0.5432603587   -5.3031298192   -3.9730726975    1.4448111061   -1.8367034050    2.0567766415
  -6.3910182370   -6.5559939463    7.5073444024   -1.5080601002   -1.4947890814   -0.6059560226
   5.4767806382    6.4798446497   -1.3810012556    1.0588431559   -2.5974545705   -0.6093663523
   7.1680206825    8.4000042036    6.2739130315   -1.9328877718    2.2719514715   -0.5861305632
   3.8418702771   -4.5009390964   -6.3761606125   -0.9564339327    2.0798813155   -0.1154929510
  -2.1859952866   -2.1650351409    2.8908091456    0.6225694803    0.3640117449    5.0105891059
   8.0554776391   -7.2068601810    1.1840647690    3.1577246948    2.7869947067   -1.7522517808
   6.6883779791   -7.9942137690    7.4923107432   -1.6021926960    0.3530548800   -1.6550005307
   3.3697755264   -8.2653690547   -5.5758908571    3.0995860274   -3.9963264710   -1.2936845016
   8.5484852906   -4.8672572092   -8.3603967007   -3.0002384789    3.6706147695    0.8860822621
   7.2415576934   -1.1796969327   -3.8741002497    0.5786766372    1.2728621409    1.3374133035
   2.7579301994    2.4956792636    7.0242513128   -4.6092764977   -2.2362263368    4.3940763008
   3.7824840301   -6.6825103623    7.1404317374   -3.1259439573   -1.6360519661    3.9582817374
   8.0793520724    4.3772412470    3.6225514361   -1.7170571986   -2.1114549301   -2.8403675791
   6.6791136326   -5.1613578625    3.1042386482    1.3312302098   -1.3244515196    2.7228636198
   1.8331928263   -4.2976214577    0.3696451352    0.8840579524   -0.6166371011    0.7737463244
   5.3653220609    0.7874116465   -0.1918824473   -2.6717033065   -0.0814898447   -1.5871406444
  -2.5756369828   -1.6183407225    0.4512493554    1.3428013297    0.0273744057   -1.9963571694
   5.4896760504    6.1148644266    4.3170963684    2.1308337087   -4.0492994267   -4.1531138658
  -7.3705022303   -6.1419828609    3.5930286609   -3.2725575155    0.8988288921   -0.5470225628
   0.8200175071    3.2391759203   -4.6829421406    2.3707113048    5.4937577559   -1.5241465952
   7.9392955713   -0.4673262185    5.6902309789   -0.1475201139   -0.9500918930    0.7686570070
  -8.2327074678   -1.7729979780    6.2016607453   -0.0461855626   -1.2162533891   -4.4369405066
  -1.3467521853    1.3769200132    5.9893198312   -0.5458336374    2.7583910555   -0.5861652238
   8.3196137835   -2.6974372404    0.9504976370    1.2690844780   -3.9144389261   -0.7019391208
  -1.3723669642    5.7648670540   -7.8239431690    2.6055164110   -3.2544104074    0.1702502306
   4.4153204691   -7.9451695792    5.6443984351    0.0392605117    1.4395085830   -1.0328007323
  -6.7768517288    3.9931599047   -1.7834110742   -0.1348751608   -2.7689480590    2.4490537985
   2.7875129144   -5.8190005613   -7.2911214214   -0.5228000116    2.7406267814   -1.9336487920
   2.1518797599    8.4375971251    0.2325874975   -2.4695608745   -0.4710508191    0.3856931370
   6.7249989557    0.1408354738    1.9935227168    0.1166583251   -1.7537872572   -0.9786551376
  -6.9426362875   -2.1639665294   -4.8419963458    2.3149289638   -2.2492567859   -0.7989647563
  -1.1598176211   -0.3528169548   -1.4041436270   -1.0101170989    0.2560887838   -1.4332577335
   4.1522375425    3.8191390513   -0.9432980144   -2.2931349053    0.9243477360    1.8659238339
  -7.7785744519   -5.9369502011   -0.9255942258    1.0724095184    2.8820738292    1.3204243893
  -1.6288164678   -6.0547147708   -6.6955346101    2.0330956143   -0.8217117105   -1.3625646422
  -1.8313901196   -1.8799461685   -0.6369506460    0.7164602113   -0.4883970838   -0.2799221484
   5.9553300823    6.5965269025    6.9783511237    1.1648137099   -1.8371836861    2.1264585604
   1.9015238274   -1.1709625953    7.9330127089    1.1623146962   -2.4243947752   -3.8911773638
   6.2334855923   -3.1985246499   -3.8174799055    3.1583143176    0.6092221539   -1.5873494863
  -1.2574012694    6.4238096419   -0.4544381674    1.2189400900   -4.7093201934   -2.8669922495
  -4.1680217465   -5.4037573060    5.0133556174    1.4558909596    2.0838671590    0.0848805395
   0.0535665374    8.4180564309   -7.6080365173    1.9565572608    0.4096015882   -0.3883602631
   0.1557725251    4.4757997898    1.2007844327   -0.7857669388   -0.3132856716    1.3775562103
   1.3616833907   -0.6983473358   -2.7991974734   -2.9911267498    1.9276149211   -1.5860880689
  -2.5271783533    5.0378029699   -3.0747575941    2.0099339545   -0.8805604872    0.2737758988
   1.0996620394    3.1997620607    0.8286250771    2.3450044072    0.1605670588    0.1700913423
  -3.5345344804    0.8737481331    3.3619386082    0.8454624269   -3.6285344109   -0.1000163131
  -7.7413882327   -1.3904733067    4.9839419242   -0.7458692715   -0.2606905535    5.0167502375
  -4.3422967978   -0.2113468013    5.6854536524    0.9653298124   -1.3316466788    4.5537689936
  -4.9818602413    7.7773274077   -0.5338269198   -0.4994958980   -0.4481605656   -0.4376681729
   4.3713728400   -4.1182563802    6.3555444290   -3.0605254085   -3.9219420511    1.7024074718
   4.4508616480    8.2783106696   -1.3125255682   -2.5742237650    0.2266180066    1.3688219021
   2.4290822240    4.7432708323   -1.0052349973   -6.6432513234   -0.5973492464    1.9491752002
  -7.8060930968    1.2839970843    0.9566876034    0.0579555946   -0.8294143946    0.4955419147
  -2.9452064499   -0.7818624047   -3.8202366854   -1.3617725767    2.3664952054    0.4331535202
  -2.6156108881    6.8492330865   -1.6548824377   -3.8102189206    2.0241944751   -0.6739127318
  -0.7954691032   -5.1814946233    4.0811149413   -1.2266593161   -0.3607169348    1.1451949622
   7.6605267957   -1.3731597830   -0.5377567200    0.6057073892    1.3748497332   -2.1050025991
   0.9825558430   -5.6849790749   -1.3212040332    1.6928255210   -0.9455663399    3.1351381778
   5.5445869688   -4.5046027875    1.5368416467    3.9134160353   -1.8214098800    1.1187334601
   4.9292828356   -1.4743980236    4.0139570709   -1.6824018553    1.8748007061   -0.6663246405
   1.3630636446    1.3861954435   -8.0542308300   -1.3100390881    1.6653879427   -3.2564581645
   4.3180480401    7.9665614636   -4.7131431202    0.4887278220    4.1978608633    0.6035225629
   0.2249598105    3.2245881021    4.1614969656   -2.1286260745   -3.8042055718    1.6718404269
  -7.5127933747    6.0390663580    8.1777034170    0.3617598268   -0.6157856210    1.3258010435
  -8.2255594794    3.7759635864   -2.7097088403    1.6858867291   -1.3018261984    2.6521149264
  -1.0848159229   -2.9383664726   -1.6907477864   -0.2188693094   -0.2643753837    0.6607370289
   8.4504988974   -5.0370396018    4.7295907389    2.9025640752   -1.5106369790    3.1427423010
   4.8675502404    1.8683172921   -7.2516485952   -0.7171731873    1.9419761893   -0.7120248451
   1.4728177137   -3.3688373286   -0.0818030311   -1.7037536384   -0.0769148798   -1.0476646482
  -0.3410619132   -6.6241905237   -4.8734223218   -0.4784563745    2.4841999056   -0.7463564470
   2.9349597149   -5.5138769816   -4.3225668341   -1.4726141307    2.5838689937   -3.8681860495
  -3.8943271551   -4.0499168581   -4.4347897460   -0.7740887940    3.6410100757    2.4858592890
  -3.6370986731   -6.1135951077   -2.4618401845   -0.6017206983    1.0958765784    3.4934353347
  -5.2976859282    7.0852288122    1.9116113323    3.7908688847   -2.2535384657   -1.2842447699
  -6.8974298674    3.6150687627    1.9472299355    4.5195418194    1.2620128236   -1.2339417607
   8.2173840216    4.1354295350    1.5267256470   -0.2765107283    1.9951616529    0.3902224933
   8.3329363884    7.0599373819   -4.5307044230   -2.3322074790    3.0029375975    3.7741102114
   1.5584618415    3.7510378167   -1.1716036321   -4.1234074989   -3.1990736753    6.2796844723
  -4.4551737134   -7.1796860163   -0.2242064595    0.4622909284   -0.0817699682    1.1004480175
   1.5747985009    2.3228371000   -7.1191041225    2.4208296922   -3.6267820218    0.3911554866
  -7.1729034743   -8.0932479757   -5.1102850987    0.4978747892    2.4406339987    0.5332500823
   8.3243729874    3.6806098516    7.1193297538    0.3409202871    0.8903772460   -0.3892709333
   0.7224084688   -4.1185667760   -0.3877130843   -2.3475559765    0.5730237954    3.2863260394
   5.7827929170    6.3414694840    2.7922981989    0.3091308407    4.3031423048    1.1967575908
  -2.8058761471   -5.4794621784   -5.5514396824    1.3750442586   -2.2670540777   -2.3773938891
   1.5733563471    1.1344714170   -6.6815765055    0.3915134491    0.8414093061   -0.2581519416
   7.4659584880   -4.4254517184    8.1534739575    3.3972178077    2.8455106923    2.3001619855
  -1.7719066125   -0.8401921746   -0.0253244327   -1.6769675711   -2.1425255138    3.5604801767
