           1000
    17.09975947
  -1.8140772945   -3.9557281463    7.1956884503   -0.5350285587   -1.4026319505    0.6620686437
  -4.1036748992   -0.1497402940    7.6041480084   -3.8660351087   -3.6665983810   -1.6788680712
   3.2383868833    5.5303031661    4.4389976957    0.6596203018    0.7350270212   -0.9468020621
  -2.1994767962   -4.6431858799    5.7986861313   -2.6836412955    1.3885813509   -1.3053754016
  -6.7062867412   -7.8874908089   -6.2543252364   -2.5868488292    0.8017058383   -0.1281263937
  -7.2993795561    1.2568021831   -6.1558948732   -1.2554900221   -0.9527139206   -1.3775618407
   3.8441750963   -3.0103995609   -7.5218384627    0.6162725325    3.6499564612    5.3969725253
  -2.6623328461    3.9845086651    0.1040292598    0.9053247797   -1.8238454314    1.7512625660
   5.1464900558    5.0518738100   -1.2635030437    3.3144138495   -0.1108618962   -0.0216376166
   2.2553459542    8.3783207189    0.8243344770   -2.5085270117   -3.3542642272    1.3826728161
   2.6277147788    5.7264336593   -5.1189935429   -1.3667748228   -0.1791237786   -1.3294294523
   2.3609510042    5.0324611270    6.6637600862    0.1068238086    0.1954507211    6.0896901879
  -0.6340135208    3.1051656845   -6.1979637165   -1.2740861531   -1.0853339048    1.7873032218
   5.3120963118   -3.4822665009   -1.8909986375   -2.1286583169    1.2014772977    4.3488823665
  -4.8838662470   -4.8942112423    8.0902156993   -0.9336624104    0.9800995680   -1.6341952607
  -5.6067565951    3.5001591839   -8.4709569608    1.6799636251    1.5484476794   -0.4809381162
   6.4873488282    4.2917915372   -6.9235054428   -0.6034240844   -0.2077286573    0.0160186918
  -1.3437310616   -6.8248838957    3.9243098192    0.7115711298   -0.0370971091   -0.2535549190
  -7.6105301533    5.3502607167    8.2460114105   -0.4496896801   -0.4713079454   -0.2790494337
   2.4244763527    6.6821719863    4.1934981846   -0.5522820112    2.0816810594   -2.9376706373
   0.0306930220   -6.9300215651    5.9479355861   -0.8121304268   -0.5425740868    1.3962344889
  -6.8901551624   -0.8699037835   -2.4275070377    2.1395061548   -1.4519688937   -0.9759828610
  -5.2157858493    5.2123639276    2.8184445786   -0.9473690677   -0.2872918929    1.2773709425
  -6.0846629152   -3.6653908239   -2.1114096918   -0.6867186783   -0.1033417182    2.3573983689
  -7.7046487416    5.7556457567    7.0683826615   -2.5844079657    2.5067260809    1.6620108665
  -2.8162007867    1.7719969176   -8.5217020201    5.2626920145    2.7013367937    1.7053902853
  -5.1201411032    6.3659023090    8.3712093554    3.1119719026    0.0282431918   -1.0139778395
  -2.5332711219    3.1550589806   -6.7100102471   -0.8049403449    2.0164989983   -0.6485928608
   7.2748595112    2.4751421988    5.9824703691   -0.4460587315   -0.3640797351   -1.0160883400
  -6.4895384486    0.6706938382   -0.5720196192   -1.2538329378   -1.5125700163   -4.0642397086
  -3.6520403951    8.0256761838    3.0609943729   -2.4322975116    1.6183801087    3.9365117700
  -4.2941064103    6.4630163911    7.4105340230    2.1785950004    0.2379713100   -1.2456393977
   2.8156262512   -4.1711148443   -5.9570506539   -3.4046829968    1.2851446565   -0.3572810738
   6.5297617868   -5.5361600620    4.9453444579    3.0386388089    0.7749310335    0.4632238699
  -3.2687859880   -8.2521129211   -6.0614903585   -0.1433368246    0.1336447618    2.5519130703
   2.5792244653    3.5906842475   -2.9489774454   -0.1221457709   -0.9544030302   -1.9962852113
  -8.2166720763    8.1837519156   -1.9990264166   -0.6128513143    2.2189379379   -5.2108328799
  -4.3190323969   -8.0629819860   -2.0663166804   -3.0123940936   -2.0577170491   -2.2582597563
   0.0095053227    4.9885684284    1.4971816002   -1.1922758454    2.2633915947    2.3804791058
  -5.7136550041   -3.7605748048    0.4472232850   -1.7753608481    4.1562862350   -0.2789986940
  -4.7604797645   -7.2449542967    4.6955426982    2.9288581801    0.3896830914   -0.5808458669
   6.6132780365    2.3768572509   -5.0158576597   -0.6041796816   -1.8853082896   -0.6456096890
   3.6828994442    0.9746534960    2.5712195591   -3.1253535185    0.6276321325    2.4200565412
  -3.2784494068   -0.3680966667    6.9033379640   -2.6195603411   -3.1646674410    6.2122350579
   2.8808633614   -7.1507440754    6.2794588279   -0.4379527313   -0.9943311201    0.1040699763
   3.8821681775   -7.1499346496    6.7538618490    0.4046416979    0.8665017362    0.5453023468
   2.9839418646    1.4856190095   -7.4661802980    2.3548353841    0.3475278683    0.9384830048
   3.3994404154   -7.3465318480   -4.6289869614    0.7535372251    3.6221084172    2.8533895135
   7.8723777896   -0.8754837852    3.7691248317    2.2458077694    0.4645819623   -0.3826729138
  -0.8291235450   -2.9139945572   -0.1104399883    2.4805292922   -0.1679662074   -1.6173672547
   1.5657974982    5.2053890502    2.9348420215    1.5656648245    1.8184543218    1.2325636839
  -3.0516267996   -6.4516537120   -4.2221074270   -1.1186505137   -2.9500296971   -0.7791286820
   1.0059839860    7.3812882573    0.2485154136    2.4728399880    2.5709539583   -2.6463350919
  -5.4316639788    0.4148206517    0.6595085033   -0.4189597770    0.2639645881   -3.0067768618
  -2.7211961607    4.7966239426   -2.2238784123    2.1196024210   -0.0050232662    1.5014423890
  -0.6608933512    3.9236460706   -2.1915774350    0.9412935615    3.5961098563    3.3544987605
   4.1858720806    2.3767354325   -2.3477927203   -2.7190499771    1.2281584262   -1.6501959620
   5.7868894472    3.9854111455    5.6806987531   -1.9048800413    1.3185888103   -1.8217883576
   7.3039432039   -4.4134935525    5.6559317569   -2.2276902886   -1.1785633017   -3.0352328521
  -6.2461615526    4.8543436444    1.2563361400   -1.1966855776    4.1237702817   -2.2619163590
   2.9685169508    7.2150478712    6.0169163742   -0.5872844631   -0.6859718633   -2.8259117210
   0.1296945727   -1.6018431130   -6.2208454710    0.2542731670   -0.9996437957    1.4668603264
   4.7442744619    0.4901935754   -0.5179013731   -1.2207696104    2.0899718042   -1.7182798801
  -2.9793656055   -5.3306336110    2.6317593382    1.0675026420   -2.7324906643   -1.3490224648
  -3.0651570994   -3.5248677904    8.2141052068   -0.0897800067   -1.2793828573   -4.3643582665
   5.8563255823    2.1311400262    4.8097729567    0.7070707051    3.9491992182    1.3316274779
  -7.0740199019   -5.9140409662    8.0228648386    0.6130160975   -2.6260870461   -0.2294781992
  -5.8368802330   -1.3898341108   -0.9795584086    0.1635709749    1.0743346964   -2.0007983472
  -8.3097877603   -0.4908905873    1.1347175424    2.3688964910    3.4459677546   -0.7442887973
   0.0124534068    5.8430881150    0.9971441540    0.4737496651   -0.9426827523   -0.7674362069
  -4.7158779418    3.0167210547   -6.0791048841    2.0918402578    3.7730745152    0.1154227767
   1.6597696638    0.2280252757   -7.3202395815   -1.3217786279   -0.2082498960    0.7846480859
  -4.3927864802   -3.5436844858   -7.2501550146   -0.9540928570   -2.7477503965    0.0002435777
   4.2226706166   -3.1157632751    4.9057384846    2.6096495464    5.1958529826   -0.3059175961
   6.7281004749   -1.7866455026   -6.0911959411    1.2740306100   -0.7577490740   -1.4274318665
   6.2622397897   -6.2613263219    0.4958995202    0.7299497100   -4.4692967128    4.1577960752
  -4.1688702007    8.3285008553   -3.6763746030    1.9734434536   -1.0578132603    1.3151414524
  -2.3191771290   -1.1769335217   -3.0153995428   -0.0967327618   -0.5561114078    0.7867193942
  -7.9293935495   -3.0197043164    4.7448996915    1.8716197554   -0.8089603290   -1.2183976033
  -6.2025460302   -5.9308018166   -7.0298351665    2.1281229395   -3.3298925606    3.6861964475
   1.5799854014    5.5835203623   -1.1602090976    0.8113893493   -3.2305324001    1.6192107478
  -8.4928052373    5.4200504452    6.2226314879   -0.9187839701   -3.7647830748    4.6478871593
   4.2748749229    8.3969595069    8.2574933031   -0.8692945661    0.0799384456    0.1115633787
  -2.9446737783    2.4997740875    1.4088961533   -3.2593062210   -3.2372943792    1.0264400971
  -0.9586444319    6.6258551572    6.7266771411    0.2021696747    0.4556564257   -0.3273817097
   2.3939285909    3.5824291194   -0.1751248612   -1.5798480327    2.6464653128    1.1988888447
   4.5193378555    8.4749590939    4.9052165155    3.3901026942   -5.6742709345   -0.9294546385
   6.5699482443   -6.6016599803   -6.4881482276    1.6128120657   -1.1759185611    2.7860645966
   6.0636932902    2.2377060126    7.5403000753   -3.1349104705    2.1076532533   -0.7114318264
   0.2766743630    2.5525666976   -5.5173691651   -0.1387366576    0.2408508431   -0.6167515213
   8.4157160793    6.2113722383   -6.9743035107   -2.1389180908   -1.6542172900   -0.5233447065
   0.7720152867    6.3540083396    6.5628778890    2.1212654924    3.1398210503    1.5718072832
  -6.8750730010   -1.9887554829   -8.1865020414   -1.7227411299   -4.0906967618   -2.6583946225
  -6.0910173898   -1.7970263281   -7.1721317142   -2.5610317282   -2.6893583345    0.1765876564
  -3.0558406121   -2.4401336483   -7.2649670047   -0.2762370499    2.1563427410   -2.4201730021
   4.3928071200    2.0734993681    4.8665668653   -0.6469094219   -1.1273577444   -0.6900533928
   3.8209591817   -3.8239064928   -7.7875831363   -2.5248211623    3.9907517741    1.4879543356
   6.5095747036   -7.9829687153   -6.5488828055    0.4095078456    0.6323862811   -1.8079221461
   6.9207901801    5.8913658587   -0.8616008940   -0.5109911209   -2.1742839459    0.0873244628
  -7.4328592772    4.4326757652   -0.9275654597   -0.2759949047   -0.7933018983    0.5793320200
  -0.6940432389   -0.8287693091    3.8081234863   -2.3120924186   -1.8031711767   -2.1185375541
   3.1289364138    4.7684783289    2.2042399737    1.1060025949    1.5328830069   -0.6158532278
   1.7932844150    3.4699248815    2.8268782391   -2.0494210282   -1.6627553418    4.4454931184
  -1.9058344403   -7.1491231648    0.9791424510   -1.4649972897   -2.5641483534    0.1236347413
  -2.1346706069   -4.9579568401    0.4447434847    1.8423374798    1.0353253854    1.1035357357
  -4.7489209218   -3.1354314243    3.5327270454    1.6858749518    0.9404697760    1.2144832555
   7.5899524427   -7.1721140068   -4.9958493415    2.9862926024   -0.2557833759   -4.7129457374
   5.9549184160   -5.2075260970   -6.5541040125    2.8209514460    1.3932592667    2.3531128674
   3.3490885101   -7.6731046232    7.3623491918   -3.7689392269   -0.8058544782   -3.0521228331
  -0.1996711467   -6.6930613585    0.2417607103   -1.6036753074    1.6567354470    0.2027396255
   3.9645348015   -3.0286974084    2.0731124062    0.2425229944    2.7213233157   -0.3066493021
  -0.2927157596    7.7366451797   -6.8601120884    2.8341758190   -0.2655878818    3.4203566625
  -7.7807440224   -1.0340929418    5.2220567839    1.5431554340   -2.7003158827   -4.0979702185
   4.8237162182    1.4869573560   -7.1489648806    3.0429417673   -1.3430684159    2.5326723020
   1.0923454094    0.7175964126    2.0869833342   -2.4227265668    1.4792859244    2.7721204088
  -4.6410723641   -2.7374375194   -1.4405387778    1.3660108890   -2.5235352986    1.4468868073
   0.8978483066    4.2771063053   -2.1136836964    0.0401544039    1.8848084791   -1.6910499295
   5.2177227103   -3.2040584453    7.6098282006    2.9987484145    2.6616134147   -3.4448227933
  -6.4735557646    2.8432426824   -6.5961301599   -0.2320627224    2.7647884292   -0.1138724199
   3.1740300582    4.1588542903   -8.4900323901    1.2076901227   -0.8524405913    1.2070724706
  -6.0989843776    2.4693169327    5.0670262675   -1.0993272154   -1.8722806165   -1.7073879621
   7.4956933797   -4.2349310998   -0.1601917050    0.3133566067    2.0406218325    1.0639849212
   7.5453397713    4.1310541006    2.2190768142    1.2829072080   -4.0461059924   -2.3997649294
   6.8004213285   -3.1791225182   -8.0710563501   -0.2014303735   -1.7147791565    0.9375612517
   0.8448047274    3.2903397824    4.4307199902   -1.5816319293   -2.0402583081    4.2984412159
   2.1644098506    7.8328872839   -3.2247396022    0.8478500889    2.3821350457   -4.2902714467
   6.7838236427    0.5865862477   -4.6749434673   -4.3468651528    1.9922634808   -0.5314550028
   1.8730277047   -4.2491590026    7.6949808768    6.3167823520    1.1899477163    0.3592923172
   5.0100748505   -6.0079396482   -4.0937553763    0.6777797554   -1.7177718713   -0.2742940117
  -0.2741599375   -4.0926448833    5.5953367059    1.5376203855   -2.1601588987   -1.5472444872
  -7.4994161740    6.7729271901   -6.9697111937   -0.5817652173   -0.3543692215    0.6722049520
   0.4398746317    0.3365520261   -0.0998175351   -2.3183110749    3.0428091598    0.9799973668
  -4.6067357099   -2.5394536908    6.0030267569    2.9752496047   -2.1803331225   -0.1254324455
   1.5163344819   -7.8899165798   -0.4566339740   -2.0182198283    2.0242158530    1.3812319145
  -3.4024384777    0.7440119365    8.4786404116    2.3077478724    1.8229265633    0.6581717201
  -4.0661494239   -7.1633356988    1.5928252374    1.8420518316   -3.7877486566    0.6684457735
  -2.7065743864    1.5360029622   -1.5410185476   -1.8370429778    2.8833319581    0.3815179827
  -0.2430397543    3.1793589766    7.9564075985    2.3915220134   -0.2094635496    1.6688852134
  -2.8921654777   -5.1748542982    1.2767764528   -0.2044253709   -0.0504433612    0.7470296987
   7.2616942745    8.2640629163   -0.9100206286   -1.3367270041   -2.4483505589   -1.5455100455
   4.4454182412    3.4085129341   -0.0423072252   -3.6528805545    1.3688463988    2.0186437148
  -5.3280007742   -3.0447785596    6.4666041582   -2.8894883148    1.0513598634   -1.0416955422
  -7.1471266577   -0.4794311060   -1.2184458332   -0.1691665059    2.2327167890    1.4084920079
  -7.8075128214   -0.8132720972   -0.7223125123   -2.5796809102   -0.6661402174    1.8297402026
   5.4359480806    4.9890380833   -3.7424956189    2.4371086830   -1.0227629320   -1.6703952523
   5.0788152043   -4.6665234634   -7.6531717332   -3.6969121030    2.0954923406    2.3601040839
  -7.0166691609    0.6050090096    2.7772040931    2.8964054259    1.3526776387    0.2025513078
  -5.7477811165   -1.2594583276    3.1269733914   -1.2080690019   -1.3111268955   -4.6259325562
  -6.5591156547    3.4432710295    5.6245985467    0.1329173231    0.0984347504    0.4969826932
   5.5815513217   -4.8827141711    3.7417352005    1.9833758365    3.4018790357    2.0293946547
  -0.2414245224    1.5420118300    5.2128727835    0.0683125142    3.4589614818    2.1429726567
  -2.5407958876   -2.8311641814    0.4894705229    2.3086177167    0.5322367994   -1.8640888518
   4.1426232594   -1.2475726369   -6.7771244425    3.1320392356    1.9331597758    0.9383905357
   3.0148008329   -4.7550883189   -1.1078760129   -1.5203013251   -1.5218397772   -1.5698437766
   2.1407108216    3.2075379303    7.8235608519    0.0288041346   -0.9339375042   -1.1821616803
  -5.5480536372    5.2745216379   -1.7675774183    3.0533124422    3.9344011638   -1.9943841407
  -2.8152991573    0.7235825304    5.6106794483   -4.5628214589    1.8259719932    2.3358415146
   8.0458078272    8.4669742979   -4.9695979571   -0.3616188022   -2.1736468601    1.0593973704
  -7.4130376524   -4.7613154987   -1.8806002943   -0.0624069667   -3.1868704933    0.2815956719
   7.0807010884   -6.6102454975   -8.4955576447    2.3551928087   -1.0424210103    2.2680203609
  -1.0515757812    3.6644127349   -4.6052619413   -3.2172092580    1.0618005606    4.3323916280
   0.4870663522   -3.9200836954   -7.2745897785    0.5051219562   -0.0925289628    2.4595079689
   1.9338183653   -8.5451446767    6.5517047470   -0.9460797934   -0.6872724247    5.4409539540
   4.3967534198    6.4057465849    4.1507068842   -1.5208713992   -2.7173148671   -3.2482144624
   4.9929334959   -6.7453568341    1.2223765082    4.3496086911   -0.8927009947   -3.5384988977
  -7.4171144638   -3.8071168995    4.6345662420   -0.9190338263   -1.7296000127    0.6725242685
  -5.3179406817    3.4847469605   -5.3387994863    1.8786943736   -0.2091596152   -1.2379662009
  -0.1860997939    1.1262553235    2.1552821278    1.3065549000    5.7742193027    0.4816496760
   1.1363652462   -3.1984339836    5.6818578863    1.1257360575   -1.4431165760   -2.4814708861
   4.5875095135   -7.2591279751   -0.5570057893   -2.9520443204    1.1937567694    2.9150058153
  -2.2799140001    2.1652177529    3.9602030010    0.5159246861    3.0184760908    2.1028801426
  -7.3976603097   -5.2492808459   -6.9130769451    1.3104994131    0.3332395589    2.2950520519
  -0.4328115953   -7.5839360068   -2.1969343973    2.0740401326   -0.7256272501   -1.8466468405
   7.6630581494    0.5160774168   -6.0628463046    0.0398012114    3.9919666202    0.6251061042
   2.9684211599   -6.0920349525    8.0067635544   -0.0444985558    3.1865726648    0.1569817280
   1.4296807287   -5.5989407145    6.0140324276    3.3757537063    2.7202769633   -0.3131343757
   2.0199259856    4.8045187002   -3.4353347679   -2.9053501574   -1.7844364983   -2.3182850638
  -2.2521478558   -6.3848445516   -4.8157002309    1.8231786234   -2.5117973718    2.1125711526
   2.2781034704   -2.1128752822    5.9972907790   -2.7750976669   -0.3778353786   -0.0227026395
  -3.5942139055    6.5698392579   -0.9154475521    0.8814070562    0.0853307969    2.4070600076
  -0.3356911123   -1.6793711626    1.4448627450   -3.2247973205   -0.7664099892   -2.1615174066
  -7.7352859827    5.7841847119    2.6603166525   -0.7261629036   -1.4803919676    1.1173264157
  -0.6076163737    1.7946668538    7.3647118663   -0.6193499528    0.0777061348   -1.9472751354
   6.3846963952    2.5757500149   -6.4907708411    2.6081360408    0.5423641902   -1.2278896548
   4.2843919008    5.5139709498   -2.9056904442    3.3897672499   -0.9246183669   -1.7881980573
   4.3794559661   -7.2399585988   -4.2522203478   -0.9250092786   -3.1229294493    2.3175124474
   3.5409752904    0.0493672297   -7.6821487519   -0.0145278688   -2.0480975509   -1.2850435788
   6.3447264918   -0.6288445751   -5.5287818159    0.1201825036    2.6503901461    1.2581944081
  -1.4166867594   -1.8472852845    4.9080910685   -2.8603054777    1.0029229317    3.9464299514
   5.6917910313   -0.5087613834    7.4891630927   -1.6943968908    1.6406226913    3.2091090784
   7.7047514133   -3.3756621576   -1.5014335608    2.2901992847    0.7150175699   -0.0441143883
  -4.1016453993   -2.6792874719   -0.2381151570    1.9637983498    0.1830788205   -2.9945154547
  -5.4798416796    3.7117089492    6.5598120526   -0.0900496416    2.0602215065   -0.5791411834
   8.5130889039   -1.6797623170   -7.7568748144    1.1786746051    3.4161837301    2.0123553054
   8.0972127390    5.6767573021    8.5016624326   -0.5543987298   -3.0877851465    3.1674919394
   8.2841589016    8.1300628271    5.7154971723   -0.3670438789    3.7265112724    1.8945975836
   3.2530773409    2.4464856032    2.5998320658   -0.1091311700    2.3553133384    1.1046954041
  -5.8832128881   -7.5974409537   -1.5447559289   -1.2073613877   -1.1198559630    3.7234477520
   0.0800154478   -1.3282343785   -4.6659779062    1.9832762532    2.3739748135    0.6271556838
   7.4157347276   -2.1562652034   -1.9776661256   -1.4089918248   -2.9037133668    0.8711925047
   5.1364726771   -5.7825294395   -8.1898195702    0.1012772481   -1.8089243827   -1.5362493280
   6.9241283601    5.5101532038   -2.7559983768   -2.1025641194   -3.1941005501   -1.6356357857
  -1.1555203272    7.8318741485    0.5060856084   -0.9306119857    2.9066284464    2.9206043166
   7.7748991406    5.4337067807   -6.7580370148    0.8255838885    1.3417380844    3.3103592385
  -8.5301456098   -0.5404283164    7.3811204021   -0.4179295189    0.7776543693   -1.4568379394
   7.3213734983   -6.9482627800    5.9732609619   -0.3756870979   -0.3966693088    3.2069650344
  -7.3391601444   -4.2845874044   -7.2254767043    2.9994060461   -1.0639010783    1.2883258986
   0.9320667391   -3.2937790701    6.8657342413    2.0388076034    0.6793588273    6.0382275268
   2.9115053459   -1.2190757527    6.7203799154    0.4627020465   -1.2854206943   -3.0212335744
   8.3093676476   -1.3760350340   -0.6424668518   -3.0751556526    1.3546354037   -5.4849777579
   5.6467323070   -4.0091137921   -6.4826393512    0.4521390692   -0.1943218290    0.2061448571
  -7.6216334744   -3.4773320462    0.5804470927   -4.0453645652    1.2034829111    1.4871293324
   7.1302096980   -5.1379167342   -3.9662687748   -2.6855463065   -2.9041695967    3.8334036455
  -6.7219534064    2.2874403013   -2.3681913753    0.5953811352    2.9462523816    2.9997291561
  -3.9160964515    1.1769355517    7.0626355807    0.5064742104    1.5681870424    0.6693667155
  -3.3308669067    6.0662308910    4.3572238822    3.2220617868   -1.9251784284   -3.5884793152
   6.9794766173    1.3762598453    4.7481469780   -0.3488022609    1.7022888230   -1.9549509562
   5.9717854570   -3.2096540220   -3.3116545698   -1.3337149448   -3.6082644866    2.4641538640
   2.5864833704    5.9872170043   -1.2502241116   -0.5134079985   -2.8960735581    3.5991868643
  -7.9227118205    8.2150669347    4.0984942668    1.0938170661   -0.3384244685    1.2349131876
  -3.3610237572    4.9617319917    0.0811700609    0.5266610346   -0.9602269263   -2.7348090092
  -2.1660543961   -1.3786528933   -6.0272027815    3.8216127479   -1.2162881339    1.8170107976
   7.8892418599    0.6244807054   -5.0030277487   -0.9755246678    3.3696971551    2.5075538279
   0.1080694070   -2.3510945041   -5.1180858028    4.8714827457    0.3459360041    0.5530064042
   5.5993366545   -2.9296690440    6.5915352178   -2.9132859473    0.6156414950    1.0829662590
  -7.3633717399    6.3883430207   -8.4547255074   -3.1274720029    0.8878557653   -0.4041483780
   5.2334229256   -2.1169877508    2.5574125778   -3.8925471883   -0.2394196319    3.3885529974
  -6.0403397764    6.3364083143   -0.9928039955   -0.2974145974    1.8271285117   -0.2165246369
   6.5210040123   -0.0067211536    3.4140866676    0.3169612288   -1.4771147940    1.0039568810
  -4.4246526988   -1.9839546630   -2.4162936880   -1.8983159989   -1.0901593648   -0.9808645881
  -6.8647356808    5.2752482935   -7.2664460443   -0.8885294221    1.4468772992   -5.0690034443
  -6.3324157313    8.0397305110   -4.8576421937    0.0965892961   -2.8947639335    6.3051914974
  -5.9199182880    3.1163592443   -4.3371174524    0.9193602806   -1.6183373278    0.6273900770
   6.9636676115   -7.7886993682   -1.6967185418    0.5460946151    0.5902401898    1.6920403839
  -6.1382595579   -4.9356350383    0.9502906721    2.7905024036   -0.3487893160   -2.9221254082
  -7.1185174289   -2.9294013904   -1.5704385641    1.8222011076    1.0222919982   -1.7151904801
  -6.5031108897    5.4946611539   -8.1597242367   -0.7798832037    4.6011543839    0.7711917575
   1.1555191839    8.3066754663   -4.7087253108   -4.0536833245   -1.1404411759   -1.2257202781
  -5.7411446344    1.5419324734    7.4762802370    0.3421804126    2.6236963317    2.1580479649
   8.1975607845    4.2654736807   -2.5166198561    0.2881876333   -3.0124919844    1.9755355114
  -6.1659361611    7.4974980159   -0.9108237077    2.3747321632    0.0890613529    0.6977812088
   1.9371227263    7.9648669156    2.7927328785    2.3516537752    1.4596290858    2.8760716148
  -4.8243717961    0.5532363795   -4.0517773731   -0.0019577503   -0.2955002144   -4.8118733030
   1.2959044094    2.0844283090   -6.7415444429   -0.3900127123    0.2349257435   -4.3691383973
  -4.9191536753    7.5091525425   -1.1272808846    1.9359401853   -0.7001097749    0.0161451845
   1.3643279601   -6.3963186064   -7.1597775977    0.8631048944   -2.0173771807   -4.0986667864
  -5.8788159704    8.0902085237   -7.8840056885    2.2775685826    0.7914781303   -1.1487992534
  -0.3681310592    6.3900209490   -7.9591128401   -0.3950962289    0.8726689026   -1.0982942300
   2.0590235925   -4.8602692437    2.8627255242    1.7972497651    2.7817709636    0.0571775965
   7.3632497976   -3.9674558228    7.5918474249    6.4697737505    0.6383651314   -0.4668633671
   8.4253425011   -2.7857130684    1.1666568362    2.5341562613   -1.0572859337    2.5632998469
   8.0107419485   -6.1568237386    6.0698527379   -2.8273324054   -4.1634903554   -3.5034116648
  -6.6985553795   -5.0612708325    8.2994286324    1.7621207147   -3.4641972793    1.8654540715
   4.2644330278    7.4502518582   -4.0808705313   -1.0795588476    0.7075989398    0.3514174614
   0.2006849963   -2.5350212123    4.9970884554    4.2156067536    0.4044242705   -2.2460955758
  -2.9552716728    5.9722983711    0.2260560035   -0.6841089313   -2.9275687938   -2.6032867106
  -1.1338440835   -6.9895469756   -6.7308730739    3.5080264585   -4.3244731763    1.6972247489
   7.9121307049   -3.0772722147   -6.4312506708    1.6468517007    2.3743562447   -0.0178406140
   6.5448540572    0.4464884982    6.8233448771   -0.7013310374   -1.9411762733    1.1755111802
  -4.8604099174   -7.0960034348   -2.2386109032    0.8650731136   -2.0304985040    1.7172561428
  -3.9243000594   -7.4335714763    3.8202216199    2.0808953408   -0.0962713975   -4.2374095134
  -3.9969607173    0.0868503824   -3.4490299363   -1.3390453397   -0.3778579294    2.2961118884
  -1.4369292678   -5.9093238654    2.1456353985    2.7622707451   -0.9397850507    2.4459807113
   7.4437221607    3.6006200855   -0.6032141577   -3.1355675815   -0.9035976698   -0.4119138406
  -1.6054080704   -3.4227854444   -4.0039012095   -1.4317427666   -0.3998856143    1.0409124681
   4.6828165740   -0.4372623710   -7.8682969126   -0.5469970302    2.0874989832   -3.3515688486
   3.1923891966   -1.7605708414   -0.7766432653    1.1326772975    2.5924197453   -0.9205730577
  -3.4432020775    7.1882636138    5.4207179456    0.6384411413    0.1551991247   -0.3108383366
   5.6531278883    2.5286074726    8.3902050436   -1.8704628512    0.2381565193   -1.9571240721
  -5.6328779261   -7.5073179709    2.8666458350    1.2292255991   -0.9970257551    2.6242190165
  -2.7073763721   -7.0368309717    7.5936875226    2.1379060400    0.9580766135    0.3955022563
  -0.3630739815    0.0436649829    4.5613623495   -1.5409300412    2.3672990824    6.0579475888
  -3.2942417786    8.1983344452    8.0652616975    1.3423529368   -0.3843592113   -1.8784345314
   7.3347495375    6.1966219784    4.5806437780   -1.1244238029   -0.2798663479   -2.5365629859
   1.9074075982   -1.5616923976    6.9783661248   -1.8869501587   -0.6555405507    3.8278526544
   3.3793740739    6.5714443804   -2.7821107443   -0.4185646408   -0.6838959171    0.5664069368
  -5.9637490198    5.6633415078    4.6707044483    3.4938413211    2.0779003852    1.0475440265
   7.9732656676   -4.9485553820   -0.7922624572    3.5562826560    0.5738676935    0.3874844557
  -4.6173529818   -1.9383700793   -6.8336909481   -0.4440936342    2.2538571192   -2.8616653624
   0.8969935528   -8.2206607605    1.0683520075    0.5968470856   -1.4098063184   -1.6159273310
   3.4756746081   -2.2365393849   -2.4685798684    1.5599449016    0.9891162670    0.2884286671
  -1.4323397902   -6.3098821228   -2.2280993858    0.1004361014   -0.3361683601   -0.4793868413
  -4.6710766150   -1.4433631512    3.1149414916    3.1815334091   -2.0567630810    1.2247898371
  -2.7921368366   -7.1122203119   -7.0457714737   -5.0186887312   -0.1325597217   -0.3630437341
   6.0672104141    7.0684772850    4.1132006658    1.4235580035   -3.6499959441    1.1897766879
   1.1236271305   -0.2755804360    0.1758339653    1.3735665680    0.7333558612   -2.9468938461
   0.0767962157    6.8874140242   -4.9733628785    0.8654592653    1.8602923949   -1.4623377047
  -8.3678463200    2.1298455465    0.5791050440    0.2268354407   -5.2690438076    1.1133454471
  -0.3440514668    5.4713176723    7.5429202520    1.2735379870    0.9214693370   -0.0047007663
  -1.5581090293   -3.4595530964    0.8248487725    2.1653043909    2.0751986467    3.2544807254
  -2.4343141584   -0.6198499496   -5.2282770665    1.5951570724   -4.0882609294   -0.9027675264
   4.6011056417   -3.7755971444    8.3223517871    2.1008975614    1.9092737457   -1.3114725932
   8.1337821708   -5.3978329986    1.2114369833    3.6186926592    0.9569957416    0.7724696033
   8.4241098961   -4.8890457118    7.1051811374   -3.0635056527    1.2308283269    1.2883659263
  -8.1745805519   -2.9119798903   -3.8543307641   -0.7790036199   -1.2299152432    0.5604448646
   7.0248180054    7.9294615907   -2.1399172221    0.7789907605    2.0724173352   -2.0254442457
  -8.0010611145   -3.0196634240   -2.1429674951   -4.0704742415    0.1444513090    4.2002485678
   2.8799427056    5.4858554083   -0.2171769250   -2.5520910212   -0.1220881229   -3.2790362444
  -0.8638801592    0.3473254969   -2.9422870022    0.0964791470   -1.2899153294    1.0645402125
  -3.4758746171   -3.4499108208    5.1101072883   -1.1126498030    2.7380673727   -1.0422901934
  -0.2655245648    7.4002670688   -7.7639500118   -1.8263748156    1.8853839058    1.4302459923
  -6.2925414590   -3.0314095786   -3.0541359523   -0.4723527219   -2.0815071235   -4.1811032581
   3.2998705828   -0.9459202999    3.6439573108    1.7246953286    0.6788262665    0.1620835947
   6.0510066254    2.6444589530    1.9002497711    0.8420818233   -3.1613128439   -1.2976213398
   0.1827869917    0.3214610857   -7.6576070152    2.5707170025    0.7076795908    2.7168768147
   2.5975702616   -2.6673941798    6.8298282571   -0.0207555853   -1.9259143005   -0.0385104260
  -5.8899967120   -4.8014220569   -1.8931187523   -0.8684131676   -1.2029553141    4.5518767039
  -0.6377065131    2.7797893226    1.3609223553    1.2577067571   -3.0732301822   -1.9561431667
  -4.8730369503    6.8803346383    1.6731245808    1.1240955319    0.5120762932    1.2978252636
   5.9355244054    2.7080796221    3.6144448805    5.6478362947   -1.4248043782    0.1609217400
  -4.2873672710   -6.2767231648    6.6819813339   -0.7918606732   -0.1196309882   -2.0573325654
   3.8081438159   -2.1896961288    5.5009352401   -1.8456558887   -0.9850072593   -0.5461990967
   0.5801460697   -0.7629798437    3.4490847260   -1.9254874152    1.9886849910    1.3902646908
  -6.6254153744    0.1741146812    1.3208723929   -5.7164697512    0.5613209731   -0.8099146778
  -6.6527212421   -8.4105840280    6.3215516472    0.3810249370    1.5935710649   -0.6997445701
   5.8718788277    4.5975844444    0.7672060218    1.1057331101   -0.8156358268    2.2076503530
  -0.5513298200    7.7665134933    8.4798232028    0.5971322100    0.8323807509    5.2467347623
  -7.0008242222    5.5997793707   -5.9629566449    3.1614714465   -0.7390015082   -5.3618730221
   7.2862544697   -6.3123370856    4.8662245995    1.2379323194    2.8677064442   -2.6468598431
   0.5210476536   -2.6771702582    1.7238461039    1.7919351657    1.3502730286   -0.6152175948
   4.0564933646    6.9281615481    5.9800018023   -2.1501605026    1.1706871451   -0.5579360955
  -4.7722991538    4.2610746642    8.2465150227   -0.1360254792   -2.0026845029    1.3570917421
   0.4627806928   -4.9230219566    5.8180976439    0.1269339879   -0.0073538402   -1.5825081437
  -1.5267273768   -1.6230232229    8.0810647694   -1.4223917774   -1.2457958992   -2.2437338413
   3.5533541202    3.1837023966   -3.9473511414   -3.2082829167    0.6616842629   -3.0272136638
  -6.4649380710    3.5957984407   -1.5729891227    0.5391057752    1.9054041651   -4.0410272809
   5.2115985325    1.5337015009   -8.5323396310   -1.4426668496   -3.5230710287    0.7830329060
   3.2767383387    6.3987772614   -7.3073456849    4.1697647463   -2.6841268582   -2.4377089979
  -1.7683451866    3.9406845340    2.0992647852   -0.0926874806    1.7098901132   -1.8302509502
   3.8833664509   -1.0776436924    5.1798624059   -1.2047197784   -1.6938395330    2.6379267297
  -6.9862774863   -7.5664961366    6.8631716494   -2.7589416553   -3.9182839058    0.7133337673
  -4.3687449066   -5.4371757219    4.6870724676   -0.2256967698    1.0627239827   -4.2299995519
  -2.4749326515    6.1500336169    3.8372737413   -4.5631151983    0.1009394611   -4.6842524514
  -5.3614194963    4.1637606416    1.6941013289    1.1015298003   -1.2749169826   -0.2896100007
  -3.5989720779    0.8890910883    3.3594230818   -2.4647299965    3.5113399929   -1.6249861544
   5.2136784494   -1.9151461686   -8.4842547443   -1.6659469020    2.9124267484    0.0235242785
   4.5826474002    0.5416432765    6.0008126202    0.5368200126    2.8443619889   -1.9181261993
   8.5450962156    4.6522632778    5.3708547269    1.0801674478    2.2937933581   -1.4206098707
   3.6190173670    3.5411211225    2.2815544863   -0.1887411021   -3.4663830986    3.0540344562
  -0.1231578518    1.1003306171   -2.4922608219   -0.1559640325   -2.4597779351    1.3016866489
   3.4056798075   -8.2740553143   -0.8272643779   -0.9541435234   -3.6405753637    2.9311129519
  -0.9673254871    3.9613325284    8.3153105310    3.4609264252   -2.2185770058   -1.3198809817
  -2.5102600884    1.3360682053    7.6950736452    0.4499884862    1.9970843333    5.1930960021
   5.5675566011    8.3982338920   -1.2679358230   -0.8053457259    1.6933753169    0.0758726694
   7.6362712188   -8.4461636276    1.8539920168    1.7808234055   -2.2494916029   -1.1306486525
   4.9503048896   -0.3610793984    8.1320676865    1.3527577752    0.0913319776    1.9987337944
  -7.6263330893   -2.6206981100    5.8678374446   -1.5815838643    0.2370014347    0.8552642598
  -6.4178856299    6.6967906299    4.3302993017    1.3097795327   -1.9359053576   -0.2593975845
   0.2766459917    4.5064621966   -6.4852068244    1.8223187411   -0.7810273600    0.9482835208
   1.9869178997    0.1499557495   -2.2095227644    4.0434548194   -4.0216098955   -1.0158774315
   0.1066377146    7.3592322321    6.3500738109   -4.0822216320   -1.8205532116    3.2724484305
  -1.4517496734   -1.7171370735   -5.2913293709   -1.3947196643    2.4205730742   -0.9577623052
   2.3176287274   -6.2189776017    0.0545036709   -0.9770305480   -1.7906813707   -0.4623377194
  -4.0445337935    6.6589956159   -7.2635172231    0.2215642078    0.4810079555   -0.1934851036
  -1.0188088706   -5.9832108087   -0.2962609489   -3.3432161617    3.3117296554   -3.3036575359
  -4.8439852035   -6.9106711951    2.7407028551    0.2523718768    3.3343151611   -0.0689442687
   3.0849662290    1.5591552911    1.5579855635   -3.4209157266   -1.7229219781    0.2138444778
  -4.3306431711   -1.9746504799    0.5181595254   -2.4165992164   -3.7269848082    1.2626379518
   8.1242600467   -7.0694226253   -6.2155958789   -2.1975801014   -4.1010018964   -0.3198821548
   5.5315640925    7.7855874833    4.1786149737    2.0395397864    0.4588286156    5.4354892708
  -4.2594170503    3.4989966591    7.8043000926    1.7574210650   -1.9697072562    1.0721509351
   6.0589193572    0.9540657829    4.6914020638   -3.6004802014    1.9611252242   -1.2546601126
  -8.4043778545   -3.1539298070    3.0427475807   -0.0588168562   -0.3958152383    1.3122422535
  -0.1829155369   -4.5953787187   -0.4106558783    2.6308612807    0.9127944138    0.0112626962
   5.2403934757    3.9216406344    3.1324432778    0.7235944408   -1.0501152417    3.1497958779
   7.7367664742   -6.9298982093    1.5210387043   -2.3623122303   -1.2525004041   -1.5061447673
   4.9874308354    6.3382488102    6.0245086374    1.7851358432   -0.2873508297    2.3678597210
   4.1585985699    4.6815379771    0.7926417797    1.4540516611   -1.9343198896   -0.7778595092
  -3.2316406037    7.6496893309   -6.9203167637    0.4697034384    0.7782883887    0.3449171996
  -1.0884386591   -3.0939009087   -8.4891356695    0.1631653929   -0.3242195877   -2.1348705168
  -3.2815852694   -7.6032774714    4.9126980240   -1.7122449272   -1.3899769674   -0.4521969124
   7.9112932219    1.9044559804    8.5449802101    2.4429420753   -3.2021722877   -0.2968586535
  -5.8359025578   -8.2005465151    1.8215075032   -0.6599666988    3.2102036243    1.1485583273
   4.1154202822    5.6124342081    5.0621515276    3.6392217580    0.8477449564    1.2272473047
   4.3408902415    7.5611030315    4.4286113462   -0.6817482291    3.0381743037   -2.1305661903
  -6.2226389626   -7.4078937054    5.3099692907    3.3672354814    0.5293724203    2.8854574518
  -1.3793903522    1.1701467383    5.2459747666   -0.2061788719   -0.8809294441    1.9383038661
   3.6108014214   -5.2818433622    2.6681657191   -0.9241253086   -0.0989396814    0.5303917798
   3.1030552667   -2.0824226136    1.3850312365    3.2404837732    2.6027449915   -1.4231021168
  -1.5432262319    3.5197147290    0.1205314458   -2.1055056554    1.0240377612   -1.1298065039
  -8.2022642455   -4.5181372161    2.8707527865   -1.8025199279    0.5194450224   -0.6149772450
  -4.3541040098    3.2522538788   -7.7146454110   -4.5005828949    0.4170032811    2.9890199821
  -1.6439516141   -4.0543945987    4.1381991217    0.8591929886   -2.2175103510    2.7725098475
  -1.3110442402    2.6724427355   -2.1005522764   -0.6457023802    1.6335481980    2.5815199726
   7.6949617853    7.3301281575   -6.0847740062   -2.1373808186    4.3564604558    1.8811722102
   6.9496468601   -0.1680301261    8.1451183026   -4.4082552063    1.8422080947   -1.3523036390
   0.5955587979    2.9890285962   -6.3644017831    2.9316928252   -3.2210224037    0.2875655126
   3.5470304723   -2.8406181361   -3.9021197400   -1.7957414780    3.2342830188   -5.5309350325
  -0.5631471928   -4.9492803963   -4.7873188873   -0.3077910085   -3.2380796559   -0.0452380183
  -8.3410541964   -2.0264987304    0.1760092165   -0.4514339905    0.5818130409    2.4067279757
   8.1163657084   -4.4407042253   -5.4121487165    0.7325620589    0.4740979398    0.8868088525
  -0.5363351897   -6.4256900052   -5.5654208578    0.4715992468    0.6012373542   -0.1818950248
   3.2128566397   -3.2829214773    3.3682831685   -1.2299399273   -0.5854228162   -1.3588606183
  -7.3710810112    0.3536552232    8.1254324642    1.4023311550    6.5744138624   -4.9201674017
  -0.6965505866    7.5978746467    7.3717880500   -3.8245812890    0.1860033988   -2.0536902975
  -6.7171395968   -0.4238114691   -4.7578853983    0.7202332579   -2.9133541052    1.3086125197
   1.8355605975    2.0484508743   -3.1526601695    0.3847118100    2.5523401579   -0.4459296770
  -6.9655554406    0.7383253316   -1.8010123124    0.9324457298    5.5760256383   -1.0789206315
  -4.1296923296    0.8392740432   -0.6007557732    0.0412050616   -1.0573650054   -0.0359435668
   0.5636010103    5.1661112001   -4.5407276246   -0.3548792650   -1.5128415739   -3.2626188222
   7.8302206985    4.1277267867    4.8079592813    1.7858311421    1.6613849544   -1.0302597244
   3.8220744794   -3.3234618526   -1.9712888228   -3.5676968501    0.2082091635   -2.4927825250
   7.9239977935   -4.5057965867    8.5139900831    2.4581896764   -3.1845639742   -2.2038447210
   6.9739454372    1.7296920747   -1.7595284297    1.3220055798   -1.8575680349   -3.0632495553
  -3.2764239443    3.1222460121   -2.6263838027   -2.7921160219    2.2854053748    0.1443305738
   6.7453368032   -1.9749821351   -5.1206418592    1.5117900918    0.0582165541    2.1716155563
  -6.3401885559   -6.9111355799   -6.2645137441   -2.9031843282    3.6851242505    0.0349308324
   5.3794594268   -6.6608661872    7.7487952074    1.8092790880   -0.6339900462    3.3401229226
  -2.6556681531   -5.5815388773    3.5377318878   -1.5798982009    1.3090777883    1.6134681735
  -4.6942310089   -0.9538335711    4.5266143842   -3.3826493637    3.2277937152   -0.5624818379
   6.8735644952   -5.2902228432   -5.3846960947   -0.2402276725   -2.5151283793   -2.2525756420
   3.2923833233    7.2732074905    3.8669847228    0.5657131548    4.2642114520   -1.0816733654
  -0.1119451286   -2.7900022483    3.2393900740    1.1324068951    1.3922142698   -1.7886985088
  -3.7769018501    3.6580475457    0.9724996654    0.5650322238    1.3087484841   -1.6075937818
   3.5721624083   -4.1572159169    5.2469076683   -5.6364744515    0.5429271042    2.4409772437
   4.5672487165   -5.8671955328    1.3998402171   -0.5462853480    0.6023996126    2.8038912228
   3.0551893717    0.2406668777   -4.8197888955    3.3287953335   -1.7693676442   -0.7845052955
   4.8885315401    2.5868297405    6.6758039877   -0.0092337672   -3.1837222035   -2.1962230549
   0.3403477937    1.3436013776   -6.3036047060   -3.3196285703    3.6934853759   -2.2850596338
  -3.4144590023   -5.3846078070   -6.9708042350    4.7201832707    0.9461930893   -5.4519831058
  -5.7232339658   -6.7603627376   -3.8758111598    0.7875458855   -1.0857325507   -1.7779754932
   0.0680684253    8.4987180032   -6.3110076207    4.4428804935    0.2195900517   -0.0276160448
   7.7074533928    1.2530905989   -6.9109937595   -0.9152262710   -2.0000002848    1.3210190816
   0.4726249289    2.2403876157    1.5946262546   -0.8052811377    2.7790855950   -1.0552768245
  -8.5456077545    1.5569582207   -6.2286902877   -1.5716714007    0.6606953792    0.9946874353
  -8.5372275487   -6.5362668895    3.3555145051    0.1208628460   -1.1778597794    1.9227036409
   7.4466060281    2.8826783692   -3.0536575381   -2.9491236476    0.4793270322    0.9852015791
  -2.7666474342    4.5236467551    3.9957033541   -1.0629780698    2.3736197184    1.7224697218
   3.8756373891   -7.2543294076   -1.5709291484    1.9623484697    1.6894326566   -1.9419259247
  -5.4883808356    2.2278505795   -7.3708030776   -0.2961736834    0.3102222601   -1.0873639265
  -7.4155216917    7.4446483977    6.9239822595   -0.3969634593   -0.5768604184   -0.5380738421
   0.3185317799   -8.3687738307   -2.2994727134    3.1205437019   -1.5604201081   -3.6814566570
   5.2290121852   -4.0773724883   -1.1626182634   -0.5768452550   -1.1412310193    0.6065384504
  -2.9762581290    4.6899936558   -7.5742705307    2.0749998064   -1.8780692345    4.1898607938
  -6.3184159390    2.3325205769    2.0440201920   -0.4361305703    0.8285407250    2.4444859843
   5.5250254396   -2.0771898916   -6.9688909092   -2.5265399339   -2.1736988315   -2.2355835163
  -6.2792365408    1.7554264870    3.8594289566    4.3720052837   -0.2884437618   -4.4648591307
   7.1683370123   -5.4471380905    2.0227136577   -0.1831289507   -0.7358965685   -0.1262880661
  -6.8433470549    6.1216580182   -2.0903664406   -1.4254101712   -1.6116902814    0.2027619854
  -1.7220309107    5.7408922515   -0.8074721672    1.8877839558    3.1540286465   -1.4194111507
  -1.4231390208    0.2939572647   -7.9635378045   -0.8274566824   -0.3797139028   -0.8951024699
  -4.8766104451    2.4523977188    7.4840750038    0.6813467081   -4.4098460282   -1.7872691151
  -5.0906270830    2.9536141389    2.5383483786    0.1213987989    0.5836354826   -1.0149086582
   8.4501536620    2.9644965608   -0.1164512009    0.6178897744   -1.0061690088    0.8080242361
  -4.4927735841   -5.0884806859    2.1425843903   -4.5958308992   -0.7387868242   -2.1538207162
  -8.5351196576    5.5527342369    4.7113274244    2.0610122575   -2.5559219656    3.8772486770
  -2.0009070261    5.7453352754   -8.3218674682    0.0064595860    0.8567859948    2.2408013565
   7.8335898249    7.9314005744    4.6438808333    1.2616740766    0.6249639104    0.6444348456
  -3.4759297544   -3.6692883663   -0.4257658615   -0.2215854337    1.9440404312   -3.9586300715
  -0.3165820986    3.3091839104    6.5525896604    1.1627252359    0.3737830045   -0.2367923496
  -3.1725754107   -6.4461909666    2.3038599865   -1.5391545732    3.5633218958    2.0037153221
  -7.9151837010    3.5251518487    4.8404524449   -1.0976660104   -0.7146536967    1.0255277304
  -4.2060004133   -1.7203380406   -7.8249664599   -3.8512643207    0.6526589626    2.2374338706
  -2.6426107049   -3.9564833289   -4.0093327636   -0.7487108982   -0.3343576570    0.4647886551
   7.0596865690    7.5535006932    8.5184124850    0.9867499056    0.3397369667    6.7034841422
   5.7696762709   -1.2558414668   -7.5453051319    1.9704809947    3.2267682517    2.5244565305
   7.0445748394   -5.5334242530    6.8688383722   -4.7495800637   -1.0658249338    1.4453339476
   4.2029308244   -7.2522289663   -8.0119450287   -0.7435859488    1.9650990482   -0.3140784086
   0.6068909099   -5.5860276780    7.1941645284   -2.2125614971   -2.4239438446   -3.3145545876
  -8.2210100446   -6.5885359659    5.9491297228    0.7182546472   -1.2362400808   -2.3592647215
   7.0820861700   -7.5175006299   -5.8544566613    0.4623696206   -1.3351212588   -2.0388773656
   2.1769733273   -6.0470490424   -4.1123886550    4.2124616074   -2.3287792418    0.2325312379
  -6.3542161676   -4.9628344431   -4.1758655386    3.2396937801   -1.4198335112    0.3740718975
   5.7223138530    3.4635683966    8.2298178478    1.2592740429   -2.5293229358    0.0946099547
   2.4076930835    0.5234436330   -1.0131741186   -0.7118777354    0.6302140613    3.2242324072
   7.7749709381   -2.4171039195   -3.6825896979   -0.8360620440    1.7275681039    2.6032771723
   6.6327254501    8.3698532407   -3.2049172085   -1.4386665864   -2.0961213157   -0.5553843359
   0.1534503836    6.8565512745    2.8993608374   -0.7449314572    1.9020051875   -0.4900610906
   8.4149893244    7.0288708770    0.7836897823    1.1611002156    2.3742388401   -1.1325751699
   6.6454416938    7.6220900073    3.6091347070   -0.3348091538    3.2584528445   -0.9526720441
  -1.4669322248   -2.9195615955    7.5807479719   -1.4673957676   -3.2023709163   -2.6870494089
   2.2208761465   -3.8622253161    2.2119809065    2.3518858303   -2.7606855519    0.6454308164
  -4.9843161099    1.7159847903   -8.1882804899   -1.1201502922   -2.1028212341   -0.9540999413
  -3.0631015029    6.0966211700   -6.9981421669   -3.2898333665   -0.1667186841   -0.0842606257
  -2.8672206842    6.4026580073   -2.4620587330   -1.5718610563    0.4199512712   -1.4009496611
   3.2741145260    6.0941999984    3.4396037223    0.6017841901   -0.7504768877    0.3007011835
  -1.6795335259    7.0212547639    1.5659257387    3.3307961403    0.3006644598   -0.9884872233
   7.0807192740    4.9623680427    0.6198352271   -3.6062402298   -1.1784597809    2.7837758857
   0.1488238354    5.0370553486    6.1571777724   -0.8329939594   -1.0803732898   -2.9057274801
   2.4917159073   -0.6288616332    4.5536278886    2.5103353825   -0.0648798652    2.2130815310
   2.1059034780   -3.5794588911   -7.0600246917   -4.5869565181   -2.5725953518   -0.8094307413
   3.6547908648    4.2736714802   -0.2198251839    1.3741105243    0.2869713616   -1.5418060070
  -2.2780765204    3.2750827016    1.7900662622   -0.2864810399   -3.3710175995    3.7596166555
   7.7674736834    3.0900646654    1.4726161189    3.6652202608    4.6681541216   -3.6385882890
   1.1744433890    5.5087648153    1.0980104884    0.6973016230    0.0647182278   -2.5201733866
  -3.8063089403   -5.6833939957    6.0458533105    2.4673759622   -0.0810887896   -1.4914864970
  -2.9574685738    4.8322876921    7.6527666000    1.7126020004   -2.2608835664    0.0889488831
   4.5121358534   -1.6998955467    3.4815863284   -1.6796594413   -0.6356795079    0.3466089486
   5.8858900538   -7.6906336013    1.2480255338    2.1590092300    2.3677446203   -0.9482460021
  -4.2536095881    0.0968428940   -6.6528586433   -1.5878896663    0.7685317516    4.2753843577
   2.2029557591   -1.1379978776   -2.6287602892    2.6816788866   -1.5424091805    1.6141291618
  -7.8682602344    1.1842545376    1.6737661631    1.8765581915   -2.0390879052    0.9076969701
  -5.5106387083   -3.6730066192   -4.4292633435   -0.6706156876    2.2895221326    0.6452299481
  -7.8261972010    1.8377598333   -8.5231662819   -0.5660270104   -1.3269030734   -2.0828804617
  -5.2122220204    2.8909667345    5.2148980857    3.8742651468   -1.7117139345    1.7536326435
  -3.2306377388    7.2232368069   -8.1131468595    2.1384966224    0.6827048215    1.6415887313
   0.0263087852   -6.4689449298    7.6400610154   -4.8640646217    2.6082146131   -0.3513497195
   5.6386832778    4.7457080282   -6.0955991160    0.8667219565   -0.2268073438    1.9114858363
   6.0988084815    6.4324957933   -2.2480710177    0.1598831858    0.2204172735    2.0716945509
  -2.0578515903   -5.3106854274   -7.6483918632   -0.5351225319    5.1489551535   -0.5916480476
   1.5903650769   -1.0553956915   -7.9781976947   -1.8883531687    2.3234763136    1.4093971293
  -1.5569153882    8.0858151144   -8.1748849782    1.1413699088   -3.9916278424   -2.3552113111
  -0.9291966503   -1.0453704404   -6.1877840253   -3.3271738358    2.9417934939    2.2987685267
   7.8161324414   -3.4260345356    5.3680839965   -5.3077534021   -0.4997032657    4.2004068130
   4.9950179631   -1.3957459332    0.9087484333   -1.8783612136   -0.3293510302    0.7439677922
   4.4894619574   -0.6188890003   -3.4963437364   -1.2282719857   -1.0326428179   -0.5210568934
   5.5150097475    4.5906178939    6.3826983868    2.1816836598   -2.1189877556    0.9585759465
  -4.7710883919    1.3085496085   -2.5528487994    3.6266930745    1.1300369984   -3.6227185277
   6.3195759714   -5.7386959522   -7.7349027876   -0.9749870513    1.9345873453    1.0863620038
   1.9852221700    5.6724592850    5.3940225175   -0.0321800012    1.6743835669    1.6311401462
   1.9235228693    0.0876033442   -5.5947861764   -0.4281727761   -0.4077921584    1.4352262244
   7.3824698701    3.1554892734   -5.7699500110   -0.7972842438    2.2026556289    0.8182342505
   4.6280238171    7.5621809900    5.7088819879   -0.7733816627   -2.8348068927   -1.5692738499
   1.9445122991    4.2089151315    8.2633507990   -0.4675335676   -0.5662670559   -1.5946822434
  -0.3098085781   -3.7386594389    7.2865552751    0.8345100008    0.7666157820   -3.7162544148
  -8.2539456830   -5.2337403830    4.3012732042   -1.7019727505   -1.1056359433    0.9370497099
   2.7317831636    7.1399961165   -4.2487445307    1.4556681948    0.5359298032   -0.6811291225
  -4.2057392571    5.1056578745    7.3829802375    3.9737497420   -1.5446688246   -1.7660369083
  -7.5908096661   -5.9255060438    4.6501280276   -1.1923908544    0.1819390684    1.8282306584
   6.4143178615   -7.0294808427   -3.7196339919   -0.1614619007    2.4724613723   -0.6992903381
   5.9188441946    2.2929064802   -2.3432075068   -5.9655887762   -0.2793681999   -0.0738144659
  -5.2534344546   -4.9940331439   -1.0672155077   -2.0318265247   -0.3720574438    3.0613160148
   3.5154128167   -6.5411231608    1.5043598740   -1.7661814418   -1.8801025117   -3.8376306383
  -4.8927747911   -5.6699292515    6.4211842782    0.8115006924   -0.9716275375   -0.3122175963
   0.4687377980    0.3284869869    3.2185129557    2.9406193521    5.1666416089   -0.1061698365
   2.4082357846   -7.6830211234    7.5808356286   -5.9079980891   -0.1933149385    1.4133331769
   0.0066470234    8.5379887618    7.1008599002   -0.2442392567   -0.7954885666   -0.2781582802
  -0.8631031171   -7.6907483304   -5.1351872568   -0.5696550934    0.0165523701   -0.8635030296
   5.3843455877    8.4863097981   -4.7283893370   -0.4347622236    3.1059692433   -1.2689243916
  -4.4533095928   -4.6189590407   -0.1893289135   -7.1226889174   -2.5426172595    1.3787953863
  -6.8094324762    7.5204367345   -7.5166313304   -2.1899628113   -1.5833057669    2.0085869480
  -5.5089220748    6.7410574433    3.1093560169   -0.0865205748   -0.1105173044   -2.2006906382
  -7.0879806929    4.1525034437   -0.0936223240   -2.5060530823   -0.7993636740   -1.6649548947
   5.4147155224    1.3970868889    2.5329449158   -2.1314836513    0.3556773537   -0.0404927235
  -1.8679616331   -4.3191942439   -4.5784119840   -3.6927812921    1.6250428019    1.7308119128
   3.1767489550   -0.0186476805    6.7158721604    1.1715596835    1.3595928913   -1.5852291184
  -8.5159237867   -2.8892849444    5.5230765621    0.2017025732   -2.1973174384    2.2444969152
  -5.6502610530    0.5230221237    3.9451783534   -4.6103137580   -4.0201264008   -2.2000697800
   3.2037227539    5.0227050122    1.1597742821    2.6040460145   -1.1403874204   -3.0993377895
  -0.6565792220   -1.8968999140   -2.7929176986    2.4412949594   -4.8035150262    1.7582074151
  -4.6872877405   -4.6653043498   -3.6879687534   -6.0666133716   -2.7043224391   -2.7036169889
   2.5161573188    1.5984160211    0.7715315787   -3.8003019352   -2.7270035724   -4.5382491149
  -6.0425985801    1.5381984878   -3.4023552343   -0.6253036156    1.9395622680    1.4797842533
  -1.1733115636   -6.7929997547   -7.8780347457   -1.8802060074   -2.0411120594    1.1770311319
  -1.6003107959    2.3199569471   -0.9609038965   -3.9605053773    1.4212597261    3.9173349181
   7.5900145926   -8.1806175502    6.6084133879    0.7052994590    0.6141003722   -2.3459499897
  -5.1992341924    7.6120176634   -3.8767730579   -2.0701938789   -1.1892363368    0.7882422076
   5.2078943506   -3.9350942234    3.1793826459    1.0303824225    1.1323360417    4.5180763875
  -1.7810821008    0.9992931131    0.6504887968   -2.8750118553    1.4524888523   -0.9859321229
   3.8373750308    6.2228219351   -1.4918830949   -2.0032344120    1.5789093899   -1.0905036487
   1.1575171032   -7.7425928821   -7.1370937870    0.1513388155   -0.0195269715    4.5559801669
   8.4281957103    7.0930308264   -1.9743407898    1.4184666033    0.6409170797   -0.2128304236
  -2.9379811623   -4.6343748209    8.5216218190   -2.3375828757    0.0674849678   -0.3428301316
  -4.6243991608    4.8745410230   -7.5167800534    0.7894220024   -4.7451724262    0.6264458408
  -7.1495254124   -0.6550388467    6.7531145732   -1.1035521071   -3.0002862135    3.7582334942
  -1.4446199987   -6.4645569617    5.5073828997   -0.2585691737    0.6413010781    1.2395797700
   6.8229764162   -8.5094803869    0.5205527570   -2.1772428009   -1.2005317141   -0.6574087607
  -5.7917963714    8.4815640955   -6.6145010026    2.5372787941   -0.2126648354   -0.6998790123
  -1.5919093223    7.7808389398   -0.2673844138   -2.2324964449    1.3200204319   -4.7927708659
   8.1077799134    5.4258234025    3.8796429702    1.1250933619   -1.0133326072   -0.7912268320
  -1.1008122606    0.1027509075    5.8941295083   -0.8559793956    0.3931978696   -1.2596609469
   6.5673745342   -5.1087527561   -1.5307984053   -1.9187841383   -2.3077886472    3.8899727778
   2.1020399268    7.5502259119    4.6680597312   -2.9860921852    1.2488244883   -1.3038107435
   0.0613617468    8.3686962588    5.2543626147    1.2126660674    4.1709041792   -3.1878460117
   7.2901615386    1.5969008620   -5.3147535118   -2.9516624607    0.1994355005   -0.3993663880
   0.5942888824    7.5319771956    7.5567883507   -3.0413901424    1.4729186207    1.1445440720
  -7.7772380628    7.2268067947   -3.6629944074   -1.0950491512    0.6201981507   -1.0619127625
   3.0012554622    8.2198563248   -4.1562535913   -3.7144610095   -0.3911611910   -1.1449002605
   1.8844838679   -7.4756791527   -2.3862123277   -1.7670462638    2.5703535648    2.7938116476
  -1.8243638303   -7.6542046831    7.0408541022    2.1895134243   -7.1737783689   -0.1208034856
  -5.6244881854    0.5442801700   -5.2467979072   -2.6822950914    1.2035418726   -0.9780986507
   0.6253851979   -4.0518990978    4.2354282855   -0.4385039519    0.6827826620    0.1996828554
  -3.6823716175    2.0581326365    0.4954234548   -3.4403019163   -1.8311217591   -3.4961868672
  -7.7588869563    1.7717537958    2.7930271347   -1.1880706090   -1.9341560865    2.8936823480
  -4.7095123439    0.0154448456   -1.8311797000   -2.1596682720   -2.7037070411   -0.0015375404
  -4.6052099917    6.8784588306    3.3353373997    0.7938497624   -0.8042010970   -0.4919240423
   3.8721072754   -3.9801257493    3.5899793681   -1.0031234631   -1.1932158629    1.0545797531
   4.9208023577    1.6352342841   -2.6703367494   -2.5349152333   -2.6414710098   -0.5780432206
   1.3815968937    1.5130417225   -4.4632074104    1.4565698718    2.4824404379    0.4749080827
   4.5521460992   -1.8500586055   -5.8754965762    1.3366197025    2.4052069662    0.5902053889
  -6.3301239766    1.1218572956   -6.4983231815    0.2595927413    1.8988734438    2.2670987437
   5.7040323486    6.6844221727   -3.1407865116    0.0169046568    4.1896595890    5.9116001111
  -7.7664402313   -2.6679564757    2.5121261054   -0.9306490619    1.2649055520   -1.7840824429
   5.4617110324   -5.1894884882    2.5757036060   -1.1294432279    1.2805755672   -1.7214288534
   3.9302277888   -6.0329825649    0.0709374159    2.9360386053    2.6782048076   -0.4936999692
   2.1571068521   -1.1149593574   -5.1224545086   -0.3280980151   -0.8408021234    3.0520946572
  -7.4646698140    2.6598493119    5.2976439474    2.9696866149   -2.5225122795   -0.1371329193
   5.9301556936   -4.2314150201   -5.4593322501   -2.2553380805    2.5006327586   -0.9266656795
   8.0216915912   -4.2391111230   -2.9984916782    0.7084101635   -1.8270771188    0.2935332503
  -2.2406498396   -6.3961609380    6.1545787346    0.0240224749   -0.5448063262    1.1023122664
   3.5633734563   -7.6886985637    0.9340285340    1.8753554808    0.9967133013    4.4330708635
  -5.5742735038   -4.7518655954    4.8692422433    0.0814267854    1.1236703753    0.8062442696
   7.2611681933    7.9117875692   -4.2650140901   -0.3308662992    1.8639329773    0.5358462606
  -8.2773579468    2.3987386856   -7.6039666813    2.5238242526   -1.5787712392    2.1028094213
   8.3615671448    1.0904694700    2.3657545524   -1.6153274936    1.9624446640   -4.7695174431
  -1.5338780370    0.6875135314    6.6700519379   -0.2955202626    4.4843056275    0.0990963896
  -2.8333386147    2.1907240720    5.6334310052   -1.3372073887    1.8126428087   -0.0550461280
  -4.3216662721    5.4991138612    5.5224428807   -3.3525562226    0.3453946920    1.6704924467
   1.4236937173    2.3684469329    2.5128813328    1.4159389384    0.4706812276    3.1525575746
  -2.2608412189   -3.4519678862   -5.6141519871   -0.8305018487    1.5702171567    2.8635204311
   1.2400120751   -2.9031839311   -1.4451758431   -2.9842920744   -1.1344045941   -3.3636315777
   7.4594419043   -7.5621526896   -3.8943941584   -0.9610273445    2.3636482849   -4.3221035123
  -5.6403557468   -1.2246747436   -7.9982393322   -1.3836751917   -3.3396278530   -0.0380625273
  -3.6036314417    2.9219144707    6.9687516048    3.0615885785   -1.1661004939   -1.6377380395
  -6.1353236948    6.5953479090    7.5894480923    4.3126035881   -5.0401826356   -0.7372241291
   7.8955261756    0.2018511159   -3.2171904808   -0.1006494952    2.0745702756   -1.8467117331
   3.6251011376    2.4702297336    3.8835652270    0.6472485849    2.5837276107   -0.1232825986
   7.3834652035    6.8501866325    1.3434609273    1.0373995014   -1.9154510452   -1.0483828682
   4.4438265729   -2.5700091325   -3.5372101427    1.7200437408    3.9277627021    1.8530214725
  -0.4126879812    7.2859317483   -2.5151259294    0.3320371317   -2.2941794674   -0.4819623742
   3.5743499912    4.3350856608   -1.9394918320   -2.1394581261   -0.0048062595   -0.4652301722
   8.1968116604    6.0972862413    6.8147341811    2.3097497436    1.7923684825    2.5885822608
  -4.7305674317    0.1025980620    4.3355978503    1.1023231424    3.0026504979   -1.2452864491
   1.9105483478    2.9274501628   -0.7910824303   -0.0255905051    6.2090402741   -0.2087227228
   6.9234463254    0.9114810711    8.2111415306   -0.0819419734    1.7801136202   -0.2771690902
   6.6829379372   -1.0549368548   -8.4324229046   -1.0513351380    0.2458646152    2.2845917934
   3.9589109479   -4.2254182274   -0.7738936865    0.8855142738   -1.4678869863    1.6060800408
  -1.9795022706   -3.4339519679   -3.0915563802    3.4987328040   -3.5762808112   -2.4802826960
   5.0517438775   -4.1135691656    5.2038856824   -1.0627788242   -4.7874324584    0.0722157626
  -6.1342195265    0.4250780924    7.5746513322    0.2754814660    0.0399867694   -2.3382755954
  -5.6395263038   -7.9928370837   -0.6355826816   -1.5096617761    2.1146929746    2.0808440085
  -3.7895630453    4.5963007234   -8.3759044946   -0.8146574939    0.9820056162    0.9534855638
  -3.2307525382    5.1136385754   -5.3672547897    0.8689027173    2.2966220820   -0.5274155658
  -4.8406972542    6.5799335836   -6.2947366552    2.2564015852    1.4646028336   -0.1258492002
   1.0834328128    7.0651387010   -3.6144538606   -0.7578837087    0.9543912504    2.4847056974
  -6.6150950044   -8.0248197225    3.9158922050   -2.8394946323    0.8264171580   -3.9551162804
  -3.8781343749    7.3193475182    6.3017668274    3.0134030452    2.4535991049    0.6732792876
   2.3661689987    3.0443475618   -5.5438116440    0.0587147218   -0.5065360918   -3.9434281722
   6.9937864779   -7.4497846109   -7.3002864752    2.0003733356    0.3613709903    0.9800367299
   0.0115812955    4.5991343272    2.4388698209    0.6247914462    2.4773778387   -2.9913519740
  -6.5892572126    3.3467433409   -8.1618388316   -0.9928698351    3.8512986878    1.6270853061
  -3.8681151942    1.7896089036   -6.4127937425    2.0096817546   -2.0609170691    2.2343191456
  -0.3789922364    7.6189312094   -3.9466543784    1.2066049195    3.0695317320   -0.1610101476
   2.8330151989   -8.4769665817    0.2079266422   -0.7579231273   -2.0370254892    0.4562159316
   0.0578772182    2.9360999957   -1.7313250639   -0.9088685538   -3.8956894281    3.0008671612
   2.8125605675   -5.8475151479    4.8286515290   -2.7956199774    0.6950819761   -2.9253918637
  -6.3787968484    3.3761701405    2.3053002972    0.4804988830   -1.1548762089   -2.7827200120
   3.5043926303    8.4764403346    3.3491239487   -2.5826096990   -4.1694557432   -0.3767791821
  -4.8240720016    1.4031928195    2.3721625193    0.9128601579   -1.1611692197   -2.3892581081
   2.2401382123   -0.3649734736   -7.9834775379    1.0608389819    0.5493885626   -2.0030957053
  -3.7610595973    7.5750822423   -4.7829100289    0.2245795890   -0.7796621452   -2.6832924223
   1.8063644895    5.2102212176    4.4603464740    1.9575785900   -0.4946596086    0.9786578470
  -6.0281422441    0.1519896233    2.8776750304    2.5225565328    1.5082046448    1.2847069591
   7.9124928521    1.5919016302   -1.5495290335   -0.0922814135    2.8972206669   -2.5795823992
   6.5597157506    0.8710267758   -6.0054179767   -1.4762128834    0.8060559913   -0.5674591934
  -0.2005503587    7.7470050277    2.2982767893   -0.7905887605   -3.4551502692   -2.1211176258
  -4.6430620417   -8.5009593931    3.9274353783   -5.8319465144   -1.0092619728    2.2126984374
  -4.3717834635   -8.4203764649    4.9454487792   -0.0346985760   -2.4692623004    0.4850427990
   5.0587646628    3.3269303830   -3.2066499491   -0.6640639570    2.4706669865   -1.4673941999
   2.8501214510   -7.0627468732   -8.2351586842   -2.3819811491   -0.6582489925    4.3465673670
   3.2096055806    5.4804020692   -1.8861828019   -1.8346670075   -0.6237263405    0.4564043206
   5.4425317807    0.4375199607    7.8120791011    1.3241747140    2.9744450223   -0.3186610000
  -3.1170658404   -5.2644889278    4.9811235686    0.7074051793   -1.3801489982    0.8263292691
   8.4462944208    7.3588974044    7.5880341139   -0.4097976298   -1.0107742039   -1.4175424708
  -7.3042938149    8.1870646072   -4.2123323756   -1.6652888220    0.5198889792   -2.1868663341
   5.1788118346   -6.1579503514   -2.5055316047    0.5823226699   -1.9903083328   -1.2076659960
  -6.3197413069   -0.0063296283   -3.4454833607   -0.2986571212   -3.7350517295    0.9290234901
  -7.3933776025    4.7410666652   -3.3461477340    2.1965997367   -3.4617936255   -1.2776173951
  -1.7977832202    4.7428529830    4.9460119747   -2.1331191276    1.6730513562   -4.2654448746
   5.7834395033    7.8904448029   -6.1990836202   -1.7877654028   -3.3404879684   -4.1515879315
   4.2562914631    2.5452134147    8.1460133638    2.2530686652    0.7359284438   -0.3901580462
   1.7920625710   -5.9491112347   -8.4011382687   -3.4621344218   -1.6187367997   -0.6387752882
  -2.9295830970   -4.7215773141   -6.3144041692   -1.1376787421    0.9193012239    3.2157718437
   1.2367910217    1.8901356910    8.2742860310    0.7435883831    0.7716343287   -0.7649554837
   1.2697879994   -5.9721067906   -2.5792864476   -0.5518114361   -0.3042097767    0.1342160780
   8.1683297800    3.6840537998   -7.5620749599   -5.0136714880    1.6036409252    0.0960361360
  -8.0173738798   -0.0342530755   -7.8217870205   -2.6963289747   -2.1370897706   -2.2472513193
  -1.8378013685   -4.6938803484   -6.1427798532   -0.9952436611    2.8499313565   -0.7388414064
   0.4042805886    0.8500581429    4.5011089244    0.3765474233    2.6475035531   -0.6648841924
  -8.0411706864    4.5612211190    0.1349253117   -1.0756043750   -0.6343126018    2.3104368118
  -5.6235237450   -7.0405106722   -7.5437184646    1.1162847562   -2.0907062825    1.3804466046
   3.3989796544   -7.6530328593    2.5079291261   -0.9804510545    0.9139321168    1.4862020785
  -0.3233219275   -7.6906851810    5.0304313380   -1.1755490880    0.1691743490    0.2862832394
   4.6710940294    3.7334170200    7.0414395308   -0.8303178792    0.9897895204    3.7147237709
   0.7893623495   -0.7114372076   -7.4528558053   -0.5468899876    1.6519772252   -0.1893784056
  -0.5380140810    8.3303291051   -0.4347240617    1.3898239587   -1.0577340190    2.8232315103
   7.1545667000   -6.7947299947    7.4152924805   -1.6855934058   -1.2990636731   -1.2833512833
  -5.5972770483    7.2396995296    0.0328510176    1.8471063278   -2.2578388417   -0.5359505841
   7.0873113872    4.0825493676   -3.3910085410   -2.1367322329   -1.7398658494   -1.9365680573
  -0.7967913714   -7.9385695989    0.2888750177    1.5998828405   -0.9934940671    3.3009453191
   5.5946302550    5.9305657573    4.5346832731    0.0553561281    3.0181898902    2.6068048952
   7.3096517382   -6.1344199436   -4.9453096674    1.5591778215    1.7568920026   -2.1610492662
  -5.0856900404   -3.4456636334   -6.1439744829   -4.1692191218    1.3883270718   -2.4722801680
  -1.2687732562    4.7167611860    7.1189252261    0.5229121194    4.4599309018    3.6426430223
   4.4390990059    2.6324495532   -4.4883308452    1.4568604171   -1.4414599541   -2.4531198798
  -0.8283740137    2.7474303911   -4.0225464867   -0.2034243666   -1.1864304797   -1.0289671717
  -1.7333476046   -0.3720207674    6.5104882045   -1.6274922550    2.9966449305   -0.0171482326
  -0.7432119571    7.4393538208    1.3636148138   -1.4295343553    2.3914905104   -0.4744475303
  -7.9617329207   -6.3051977429   -3.3962569735   -0.9406035070   -0.2290045453    0.4541344739
   7.2119550793   -5.6951186639   -1.0915848667   -1.4504427685   -1.0164477814    1.4579155007
   4.8598092500    0.7128882707   -3.5203380847    0.8431519475    2.8311388372   -1.2439570975
   6.9467933637    0.0443673591    1.5291862750    2.7928400742   -1.2205455868   -0.5012477739
  -0.9977040804    4.3665527578   -0.8601069785    2.7444028932    2.3244811324    0.6512379036
  -4.8857728046    8.4553623629   -4.5962202965   -2.7074299557    0.7112875397    0.7369939054
  -0.5757033382   -4.2988959714    8.2961868210    0.8466893811    0.0715014997    1.4669524579
   4.2818047396    7.1662804778   -7.0734019812    0.5720814019    0.3584650560    1.0220724381
   7.8934920110    6.7355324077    5.9650183288   -0.6934254453   -2.5085357797   -4.1520457358
   6.0080325516    3.8183865768   -4.4938714081    3.9842582599    0.0790218610   -3.4838331077
  -4.8817197706    4.2155501844    7.2099228775    2.6855128042   -2.9227053712    0.1351499368
   4.7156686754   -0.4852800235   -6.5574469534   -1.1759838225    1.5423444726    0.8964322195
   4.6623601551   -3.7329030809   -4.6623315802   -0.3045398938    0.3921091075    3.7385224358
  -6.7218930076    4.3516589519   -5.3383981374   -3.7547138879   -0.7089719106   -0.1226339346
   7.2102464574    3.7304349165    8.5003815463    1.0438428130   -1.7056844104    0.5683401526
   6.6758249749    7.4165520176   -5.9696797990   -3.2514598379    0.4193653848    0.5060223310
  -0.8663413733   -4.1858743933   -4.0557539291   -1.3856558964    0.2294842905    0.9296098661
  -6.5243115829   -0.1293873512    4.4157736347   -0.8685765753    0.6930472856   -4.2443785921
   7.4326975441   -3.6311379145    6.7117147519    1.8602280656    1.0664594246    1.7189217900
  -3.9509831692    7.5368904846    1.9576871493    3.9608383779    2.6413024283   -2.9550097486
  -4.7009828432   -1.6045512911   -4.6477343228   -0.4270091733   -0.6606587327    1.7631836796
  -6.7286880760   -5.0612228868   -7.6322581518    5.8058611653    2.2729989776    1.8127273022
   5.7104197889    0.1524351558   -7.5408475440   -3.6179513416   -0.9616883241   -1.6331177214
  -3.0127341299   -5.4422854301   -1.2227399712   -1.8129025787    2.0265942020   -4.3840192062
   4.0482809022    0.1399245459    0.1489380582   -2.0388499200    2.1807624675   -0.2580173139
   2.9503087124   -6.7858042684   -3.0238117412   -1.8436594184    0.7204854551    1.5333096296
   0.5498153332   -7.8466845917   -4.3536440694    2.4814307538   -5.0542391479    2.8486004639
   1.9738523666   -7.4761355625   -4.3569436289    2.1663308457   -0.7022428522   -2.3430764946
  -0.6495782263    0.8427641495   -5.5671032615   -2.1821670245   -0.7657204105    0.5425961229
   4.1277805140   -5.2264701698   -6.6795027185   -5.2963058775   -1.3783482819   -3.0824931420
  -6.7162619148    4.8793336418    3.1826650190    1.2611498306   -0.4136846528    0.2508183315
  -2.6353740801    1.9455152568    0.5081310814   -2.1833708831    0.0810781960   -0.1955342841
   5.8637599251   -2.8797866148   -6.1971686481    0.2149769112    1.0531058485   -0.0309428061
  -4.1610326203   -0.7069794986   -4.4267409300   -1.8302616491   -0.6346265750    0.3079342565
   7.5434198369    4.8242810428    7.2430047844    2.0169777176   -0.5977652436    0.0728409901
   1.6808975632    6.5375417815   -8.2087983636    0.1083343894    2.3044516428    4.8793137041
  -7.3458730991    3.3939705055   -3.4997404523    2.9068361926    0.5050200132   -0.7983450059
  -8.0952021675   -5.2864241604   -2.8027800184    2.5742704858   -1.0005145481    1.2949740478
  -2.7133879251   -4.0818175402    2.6872109529    0.6273125380   -1.1880901285    1.7384601825
  -3.9959184409   -1.3482127874    3.8777937192    0.2856478956    1.3662415597    0.4862849472
  -7.1599198214   -4.9223363552    6.2337098691    3.9189629497   -0.9958307700    1.6555414821
   0.2381122656   -4.2387049973   -5.9082249030   -2.6728821219    0.8953958042    4.8419037582
  -6.5843647498    6.1667177009   -6.5121422543    2.5415314681    3.4780699149   -4.1131227292
  -5.2959762309    1.1225331545    5.5076173226   -1.8400407885    1.3330762745   -2.1813354692
  -4.7672349752   -6.3619008632    4.1618472528    2.8947795206    4.0540788089    1.0011315378
   0.9485438691   -6.8663568549   -4.1813248410    0.9111970408   -5.6899373913   -0.3157537210
  -1.0858705742   -3.1599086713   -1.6399661178    1.2711850718    2.0248646265    3.1789182126
   6.7194876865   -2.6217331693    5.5792983674    0.1399059399   -1.8876874234   -1.2578387276
  -7.6518055226   -1.6759046196    2.8774092893    0.3748644392   -4.0407522602   -0.8165379800
   2.8170011151   -5.2323973731    6.6326987223    0.7757204796    3.5175225113    1.7413683432
  -4.1450720898   -3.2733850375    0.6060419310   -0.2827252512    1.2658735358    0.9457768522
  -5.7615116905    3.6959449707   -2.7385530038   -0.2746955681    0.3877308641    4.3559284826
   2.8349238510   -8.2891418324    4.3420860016    0.0323384943    0.9443756721   -1.7647724132
  -5.6868329936   -6.6206784420    5.2502833611   -1.1571726349   -3.1077103944    1.3616808225
  -1.7710335330    1.0215519672   -2.7955867766    1.3621293423   -0.3866891725   -2.3137642747
  -3.4186682089    6.8583421752   -5.4766865217   -0.1677839259   -0.3440611856   -2.7132248707
  -0.4973289672    2.6117747263    0.3480621394    0.2887576804    0.9560997554    4.9691266315
  -4.6450259804   -2.6541245674    2.1890563652   -1.7108342185    1.0271614154   -2.9481821728
  -4.9124882909   -4.4531745351   -2.1437505372    0.9629165485    0.3019955448   -1.0376578220
  -1.9366148165    1.1689235589   -8.3434504024    1.6239524296    0.2363645249    0.4859145796
   3.3501407732   -2.1253787798    6.5297471433    1.7989432122   -0.0414529535    5.6955783710
  -5.0575263909   -2.8328975594    4.6986635245   -3.4304661963    1.6523874619   -0.2639146503
  -4.9002225707   -0.5802788229   -5.6453010371   -1.6330544965   -2.2162177911    0.5642145917
  -7.4969856824   -6.2264822115    3.2608457488    0.3392763212    3.8666212743   -2.3577563608
  -6.5979595090   -5.9453152695    4.6371787738   -0.8478158415   -1.1190741181   -2.7861277794
  -4.8617881420   -1.2116116694    1.4380569989    2.4249773903    0.7577640872   -0.6256812663
   8.1703786008    0.0963843463    5.9650745991   -1.1345218342    2.3186188779   -0.6369034233
  -1.0025569269   -8.0820936058    7.0233499608    2.9335737343    0.8413803429   -0.2848436240
   0.4154609838    8.1119792423   -4.3265718507    1.0808854506   -3.7226906240   -1.8837254312
   5.5023583568   -2.6025734857    0.4507585559    2.1580573392    1.1192689465   -0.1897213421
  -1.0376081190    3.0484679811    7.3137656303    2.8081555020   -0.8419942336    0.0754830502
  -2.8222036429   -4.1246726341   -2.2343104013    0.6341190609   -1.0586700110   -0.4057713397
   0.0689858305    2.1987042892    4.3890188523   -0.4278576514    3.0689327098   -1.2514846953
  -3.5648789088   -5.8776748908    0.4401515094    2.1456631396   -5.2194668535    2.2983451637
  -4.2232286932   -1.1198310803    8.5387698360    1.5310622070   -1.3068366530    0.9059839063
   3.8410562429   -3.7502419249   -3.1523705517   -2.6600755593   -0.0310589469   -4.8179486006
  -8.4803405562   -7.9071138250    7.9824026512   -2.7357703131    2.4782549308    0.9462313135
  -2.4325217776    7.6809057106   -5.0548342135   -3.6537580291    1.0997230644   -2.0477170072
  -4.6685215322    3.2915903879    0.9583146011    6.6444501888   -3.0503100242   -3.8967394705
   4.8428498208   -4.9695253757   -3.0224909730   -1.4264589002    1.6979552399    3.3407882443
   4.3432738579    7.9738617385   -1.3341742476   -0.5252256437   -1.9891181037   -6.6697650023
  -2.6998557034    0.4563093665   -6.6290937710    0.2689099705   -0.5956725022    2.3888493930
  -7.1651816674    6.2456264745    1.4543607821   -2.4027051277    3.8818267052    0.2493285435
   0.6690569423    2.8326066199   -4.3622178945   -1.3705201645    1.1057257442   -1.3066673691
   2.0344319214    1.6246591195    3.1376912933   -0.4135696105    0.2121365403    1.6290255575
   2.3160088257   -2.1339826551   -6.4236728731    2.1753121919   -1.3568888495   -6.2393539471
  -2.6527998424   -0.8031703482    5.2279439083   -5.0936221377    1.6891891431   -3.2500001362
   2.6177094185    5.2563084169    3.5555419574    3.1721274982    1.3718149029    1.4610417664
   0.2353639539   -3.5631958570    8.1172004282   -1.9919666562   -0.8072942319   -1.1446759406
  -0.3872668471   -4.1178658095    2.9273541198   -1.8526918834   -2.2120567134    1.7084447838
  -3.6932284596   -7.6262154298   -8.4093238905    1.1188044533   -1.4751242826    1.4324638651
   1.2906549913    4.5683967742   -4.3447537046    2.4844362808   -0.3241893235   -1.0338685993
  -8.4979590785   -6.4561638384   -0.1425861991    2.4893803952    0.7130331932   -1.0261683311
   0.7024810015    4.8201428299    7.3286420055   -0.0707139096    2.9206809900    1.5237914691
   2.0015476408   -5.1986280812   -6.7121757042   -0.0663648303   -0.8299546326    1.5103264874
   5.2932920112    6.8674960918    0.1300145357   -2.2840184638   -1.5494176519    1.9604558410
  -6.8414667622    2.0776036458    8.5153362692   -1.2459781812    3.1168643850   -0.6159004557
   5.2274070710    1.3927826788    0.6095946386    1.3328444927    2.5341400822    0.4731600391
  -3.9347515091    3.7234273254   -4.6195841894    1.4489705866   -0.8565040861    2.0380544408
   5.8946121331   -4.0348006658   -4.0257142362    0.7524958716   -0.7991063535   -0.7781372321
  -4.4631627032   -5.3638110606    0.7079581047    2.6718889968   -2.1284353048    1.0196208358
  -0.2361312523   -0.6535075276   -0.7040527028   -0.2449207905    3.1793233578    1.4042810312
  -1.0698756152   -4.6653824895    2.7296936957   -1.6157745940    1.8759625178   -0.2048338635
   2.7669792008    7.1275474463    1.9696058153   -2.9616711391    0.0891915085   -1.2114123455
  -1.0111872402   -0.6559194325    1.6075892308   -3.0488353340    0.9683588678   -2.3058102028
   6.7323918454    8.1139038163    5.6238499029    1.4862796111   -3.6020664920    1.9832567617
  -1.2373072027   -6.7076243701   -1.1557905328    1.0437008838    2.5234367744   -3.6218145279
   8.5253553820   -3.1017944707    6.4931680381    3.4015864012   -0.0409485571   -3.5058622781
   6.3299857579   -2.9784490722   -0.2117419196    0.9736096913    1.0243514302    0.9682819844
   4.2035799191   -1.9259422520    7.2911716346    3.6715280576    1.7419408434   -3.9736500353
   3.7450703855    0.2695058687    1.6319291604   -1.9055612147    0.6949283228   -0.4766375855
  -1.2965930387   -8.3427127511   -3.3766040323    2.2325276410   -1.5084737358    3.1764235521
   6.3544316753   -2.2511829461   -1.6957079524   -2.2321089814    2.9238807229    4.8174831910
  -2.4592313087   -1.8133709077   -0.2809958106   -3.3726515304    1.6705365879    0.4574566769
  -2.0765913849   -6.0378559775    4.3590224478   -0.5127874183   -2.2958834651    1.9219964198
  -2.4602136187    7.8612732011    2.5746161623    0.8561174579    0.9147306646   -6.0054147092
   3.0957378647   -1.8236448687   -5.4678684763    0.0624376058    0.1836351179   -1.0729250394
   4.4554440911   -3.5622593629    5.7937459327   -0.0136760908    2.5962419470   -0.6264353225
   2.0613426348   -4.4623807348   -7.4517633238    3.7667579017    0.1349397453    0.3731717783
  -1.8576637974    0.6917328148   -0.3019399753   -4.3137556787    0.6770738533   -1.8170818287
   7.7021758254   -7.8061833525    5.0103716312   -2.1026625508    0.4367599955   -1.0426995473
  -6.2171088647    5.1125343328    7.5207550902   -5.0221717447   -2.5722918720   -3.3928836294
   5.1504535155    6.8301675729    3.8827292584   -0.9449517391    2.0201880928   -0.5472840516
  -3.2965403860   -0.6774221481   -1.0886380108   -1.9941249860    0.0868056443   -3.3199860423
  -4.1658578848    7.9792572985    0.2404688338    4.6268211653   -2.3486362348   -2.7656256128
  -7.0733877210    0.2872991595    6.2969886626    2.4697608593   -3.3800385865   -2.0398871610
   0.2298206473    6.7799611002    0.4177816745   -2.0389575248   -0.9237340980    2.8887928405
  -8.4008072421    4.4229548417    6.9309263156    0.8022650264   -0.1205582520   -1.5440967251
  -7.8112423942   -1.3137041525    6.6698560146    2.3576222570   -2.6280586115   -2.2818940292
   4.0751717729   -6.4566542067   -3.7730126892   -0.3745351291   -4.1913162492    2.6486057913
  -2.9615702264    2.2355558381   -5.0688213239    0.9394718604   -0.1650473397   -3.3720166064
  -0.7613204304   -0.0269985627   -7.1341977941   -1.4265863836    1.1833329295   -3.1433033168
   8.2851786424   -8.5230618590   -2.9730490439   -1.2168125247    4.6318130732   -4.1028685879
   4.0101281989    2.8626809248    6.9182147278    4.2031235938    3.1859708526    0.6083723945
  -0.0757688299   -5.6060191257    7.9443264111   -2.3088761667   -2.1283605139   -2.9637536933
  -8.1930123414   -3.8706245248   -6.6239534411   -3.7979346729    0.7965811784    0.1990148355
  -8.1814148211   -5.8898448160    1.3502781604   -1.6674205993   -1.8727415681    8.0267379121
  -5.7558835476   -5.8809441245   -5.7931574254   -1.6004943389   -3.1689664410   -4.2678573686
   0.1894139165   -5.4621362400    0.9804394127    0.1437363205    3.3490087823    0.2164007359
   7.3501909697    4.5716990057   -4.2552367430   -1.3593271785   -2.3635023961    3.8083258196
   1.3233502509   -2.2496442638   -2.6792290561    2.1991774709   -0.3071997555   -0.6646424916
  -3.5052467190   -6.1850530334   -5.1953053806    0.1252820473   -1.3284258312   -0.9835989287
   8.2249713852   -5.9033704820    2.5508948756   -2.4406699104    1.6528845587    1.1691397161
  -1.0814456294    4.2345081156    5.6580411367    3.8170038055   -2.2377845499    3.4388977210
   4.3372782257    7.7021888899   -2.8675860651    1.6422391442   -0.8182544980   -3.3186012272
  -3.9525227764   -3.1395997596    2.8598250263    0.5087844074    0.8299293864    0.4596910125
   0.9678784896    6.9949631261    3.7858639543   -2.1008028116    0.0167976312   -3.2665848971
  -7.9376478660   -6.2471406044   -7.8336811195   -1.5026502861   -1.0684683312    2.1229353874
  -6.1146234030   -6.9358466878   -0.7390165355   -0.6795031608   -2.8080036866   -0.1362765243
   4.3334845425    4.9033766407    4.0529521354   -2.5468408454   -1.1789712996   -0.7150791754
  -8.2855630225   -2.7433744499   -8.4369678861   -4.0321471987    0.9945281018    0.3007918989
   7.8251897183   -4.6732439724    3.0034155060   -3.3854146399   -1.7299094495   -0.9822890304
  -6.6405851840   -7.2985602629   -4.3214119332   -3.4488843396   -2.0017651669    3.4765917292
  -2.2218694940   -4.3223858500    1.2665993723    1.5452153056   -2.2448660080    1.6904812461
  -0.5406646151    5.4779068008   -1.8232733783   -1.2536877585    0.0795353661   -1.8748156670
   2.6088817625    7.6467345154    6.8363045442    2.3097020667   -2.2697179561    1.2910457736
  -5.9692965508   -6.6437451212    0.6338189063   -1.6684488708   -6.7041015502    0.0729092734
   5.6966384831    1.8890503634   -6.1492756787    0.6310259572   -0.8126505434   -1.9741807501
  -1.6809821137    5.3624733624    0.4073520807    0.5763506464   -1.3419595857   -4.1495855140
   1.1215563972    7.9439890034    5.4013015570   -1.0678039113    1.2301313186   -2.6924734458
  -0.1252114039    6.0319878229    3.9478525097    1.4114332037   -1.3399389477    0.3783089391
   1.9032536743    0.2717590545    4.5861744971    0.0232732645    0.7823942569    3.9587757543
   7.3643353064    6.9468514615   -3.4991494399    0.3269925866    1.8230144266    1.8858282017
  -6.1069682146    7.0242499002    1.7906774222   -1.7781624219   -0.1951502001    3.6684482212
  -0.4722596029   -2.7659296876   -3.8206584391    2.4558512883    1.8139795820   -0.3417470438
   3.9688460905    2.2801538993   -0.8338442790    0.0957439090   -2.3076365816    1.3245726097
   0.1357493089    4.6241068164   -2.5198297844    0.8656528432    0.1042381818    1.6418125892
  -2.5951110617   -1.9931509478   -8.1507348755   -0.3505855911   -3.3904361319    1.4688990279
   3.2737760673   -6.2625915726   -7.1844814564    2.5104882741   -2.4383856903   -0.3846242303
  -7.8474553904    6.1377948341   -3.9048988357    1.0399185884    1.1096937400   -2.0800415828
   4.7549320198    4.3742616513   -3.1657647641    4.4300522293   -2.8170215213   -0.8256828045
  -0.3712725829   -1.1686709026   -1.7104615069   -1.7348534993   -3.2977459585    2.7570402582
  -2.4547498067   -2.9473047080   -0.4364113419    1.6255239077   -0.0224375898   -1.4887866417
  -2.3999610894   -3.0418576758    6.3696154732    2.7036834785   -3.5393889500    0.5450114296
  -7.4277641297    3.8595316799    0.6974369016   -1.1776166520   -0.4769739475    2.6259748474
  -1.8686005167   -8.3240231409   -4.3393599948    0.6652589140   -1.8313470417   -1.6343372982
  -8.4528467893    7.4682087950   -5.0423380084   -1.0783083404    0.2872277154    2.8484382359
   0.3961276673   -2.0375038666   -8.3089591883    0.0427816754    2.0436800402   -0.8174091249
   4.7904787845   -8.2338547595    1.3610251701    2.9988270615   -0.9732679647   -2.5427242815
   0.4896002859    3.9315148137   -4.4945204261   -0.8675699343    3.4737778953   -0.8609509167
  -4.1161726358    4.3220955022   -3.4486525747   -1.2875369475    0.6340627763    0.4800133387
   1.9148179292    6.6407349913   -6.4233376661    1.3966654645   -2.9952977503    1.1088242114
   4.5692580540   -3.4387459528   -6.9342638439   -2.1371180979   -4.9390166072   -3.5063820261
   6.8973924982    8.3749247463   -5.2038314960    1.1443781706   -1.8666960195   -1.3050276729
  -1.7480444798   -5.8279454941   -6.8083117005    2.0112016730   -2.7965772848    5.6214680511
   1.3645000351    0.5485580678    7.8516299582    0.5844338085    3.4899771319   -1.4145510539
  -3.4462793993   -5.4663265522   -3.8993958402   -2.2625994464    1.1837572757   -0.6425028578
   4.2214126905    6.3709730313   -7.7671153046   -3.3544849710   -1.7249318841    0.4808180943
   2.3491585226   -8.5350314113    8.2845787407    1.3055736145    2.1306460498    2.8369980062
  -6.2989329887   -1.8737190557    5.2002516294   -0.4783007736   -5.2765128029    0.5752371456
   0.5126423012    4.9412120417   -0.0000133056    1.2779711971   -2.8262711272    0.9180698126
   6.6101652756    4.9407579419   -1.5461982934   -0.9791785510   -1.0894751553    0.3486807796
  -4.2559579502    0.8591683803    0.4765120743   -1.5690656313   -2.0560325792    3.3056221576
  -2.3228789055   -4.6964622102   -1.5312779665   -0.5686668509   -1.0322827865    2.1327468491
   1.9813827954   -8.1609490846   -3.0998223355   -0.2188354819    2.1522741574    0.6223209674
   1.1679325052   -1.2881949877   -2.4011943442   -1.1223295636   -0.2177405617    0.0790619144
  -5.3335177173    0.1820615050    5.1407309442   -0.6261030358   -2.4356917639   -0.1067542247
  -8.0431739609   -4.9093638719   -8.4327975714    0.7310865112   -1.2289708555   -1.5823942323
   5.1563026938    1.1045487648    6.9845551215   -0.6884070685   -5.6457324029   -0.2500991046
  -8.4824509982    8.4346896307    1.9769394975    0.0356464484    0.3456009352    0.6365327049
   5.0392594763   -8.2816822692    3.4350804695    3.2822483432    1.0918978385   -1.7614598672
  -7.3348572219   -4.3631971721   -5.6071425069   -3.0832945979    5.3472963485   -2.1662525349
  -1.1219717799    5.0716336210    8.4697344111   -2.2240758160    0.6597470042   -2.1698676849
   4.8893807371   -0.5148892922    3.1753875709    1.2419499544    0.0140149246   -0.3669372184
  -2.2117961110   -8.5136349436   -5.2791312330    2.8495491000   -0.7962773702    0.2952666738
  -6.8078937062    5.4678526800    1.9151610052   -0.4632840553   -1.0163163298   -3.4730647514
  -7.1375429213   -1.5105204195    0.8354611022   -1.4807829834   -0.5630006192    1.7485658452
   5.8452001164   -6.3877697452    4.9778001241   -4.6556828551   -0.9490531068    2.0978310382
   7.2330193824    4.8485617647   -7.9856065684    3.3663731126   -3.4164728352    2.9097880323
  -6.9383912524    3.5536958690    3.2169578136   -1.6612907101    1.7675221995    3.3221903971
  -5.4588650855   -8.5402061294    6.3179654279    0.9973657466    2.0942570105    0.6546008418
  -8.2620573310    0.6994838673    7.4320737489    0.4409093718   -1.3216042010    0.6387147548
  -1.8332320729    8.4989994589    4.0691652467   -3.5025226399    2.1598310766    0.1748538823
  -6.1126168765   -1.0638146603   -3.3013739790    0.2636040151    0.8601873846    1.0351208492
  -4.2260333491    5.1116298796    1.6344904590   -1.7875703600    1.0612512400   -3.8183908195
   7.7502468532    4.8640398007    1.3751497658    2.9703851668    4.4358575527   -0.7170948033
   4.3702396860    2.1276056255   -3.5883993707    0.2579075866    1.2137361120    0.9522951068
  -6.1053344695   -0.4555066216    0.1281213410   -0.2377698020   -1.0875668427    0.9766326394
  -1.7077682760    1.7436778968   -1.9348144715   -0.4560778055   -1.2231278454    1.0602420025
  -5.9821286003    0.5328746645   -1.8843949890    0.9583000653   -0.0590765086   -0.2778997792
   5.2365334068   -3.2773090821    2.3561024701   -0.6414468034    0.9398559277    1.3783701323
  -5.9135623887   -6.3485267462    4.0270755393    2.6557880792   -1.1088385149   -0.8819886586
   1.1828231650    4.1760680612    5.8942732013    0.1040805610   -2.2814312755    0.2278742559
  -0.8282205965    3.1965404484    5.6984455309   -1.7979274785    1.2825859262   -2.6745690668
  -3.6235218367   -0.4365624041    5.4665302077   -0.5889062042   -4.9581235160   -1.3641258594
   2.1013918189    1.9444303829   -2.1098473976   -3.5447007082    0.4096392515    2.2719565459
   6.1805343567   -3.1474782584   -7.0640384602    2.3861651309    4.9185425318    2.7942698065
   5.1004360078   -2.6981355307    5.3980005277   -1.1452363507    0.9237093345   -1.6822469388
  -3.0456875446   -4.0865678978    1.6726467309    1.1911543508   -0.7617950826    1.0703495384
   6.1295378538    2.1733669286   -7.5506828236   -0.8838197474    0.7865702055    1.2032344925
   2.2289491056   -2.6314258813   -4.1518131180    0.1418858265    2.1801023705    2.2272904264
   1.7609899942   -5.8572004581    7.3650493300    0.3337902684    2.0854727140    2.3472292803
   7.8906641442   -1.6277030237    4.9841227844   -4.4948904599    1.1355030577    1.5292564225
   2.7921991053    6.9881139324   -5.2994468179    0.1789701898    1.6251328631    2.0606911210
   4.3685475156    1.7268123089    2.0015399366    1.8755835391    1.8963242366    1.3276086303
  -6.2189623712    5.8401925364    6.3748419322   -2.1085223538    5.0890865501   -2.6969728254
   2.7595534812   -1.9530819074    3.5500433871   -2.7306109451   -2.3866547430    5.5640272390
  -0.8928634108   -4.0002281275   -2.4698803271    1.3223366261    1.1253393351   -1.8397906446
   3.2122883381    1.1950473948    7.9191887642    0.6211839533    4.7330975337    0.5325323357
   7.1669218992    0.5153749321    5.5541731449   -0.9416454461   -0.6405693710    1.6290270100
   4.8259526583   -0.4759570344    1.2995703110    2.0835723854    0.0483127612   -0.5833013725
   2.0440727119    1.1471616109   -5.6979321169   -0.1961257281    3.2782824969   -1.4698243685
   0.8417220996    4.1180117419    3.3623400253    2.5445622220   -0.4831714312    1.0464748750
   7.9670456972    2.5948265315    5.1131496711    0.4373378886   -2.7606939147    3.1790869901
  -1.2175917176    7.7616138317   -7.1853894642   -1.9211109830    1.8291041892    1.6183383316
   7.4959061270    0.1833308474    0.7896019337   -0.9088879954    3.1335293114    1.7512036529
  -6.9136601880   -3.4309993491   -5.1032357304    0.0364232410   -1.3927900884    0.8822486853
   3.6668392877   -3.3783507908    7.6525669944   -1.4499611366    3.0613040623   -2.9780867232
  -4.0454251903    2.2478211045    4.0485146146    2.8585284692    0.6096478490    1.3150279880
   3.7148866870    6.7221825587    4.8886614400    0.0507421147    3.1317110071    1.0377181932
   2.7814802525    1.6561143805   -3.9371214101   -2.5439520325   -2.2404553332    1.6981680783
  -3.3856579413   -8.0116830347   -3.6492343692   -0.4054184406   -1.3081588742   -3.3301112765
  -4.3871842306   -7.0079275600   -0.5799630682    3.4110956859    2.0697838615   -2.2613225811
   5.1046374647    0.8014424051    1.5319054882    3.4774006493    0.5276218200    2.8960407589
  -0.6738665669    6.4517698623    1.3817441543   -0.5123449067   -1.5898571997   -4.0577841979
   8.3791554422   -6.7502238506   -5.2916418300   -1.4031769445    1.0680409191   -1.3409903996
  -2.5138704317   -4.0128465081    3.9046536096    1.3342252732    2.1867907248   -0.8394067664
   2.7131374208   -3.3491084703   -3.2929442098    0.4051145827    2.1263233715    2.6043828517
  -1.3299981271   -5.5524187668   -1.3027796627   -1.2748227088    1.9255599688   -3.2342670420
   0.9027818392   -7.8757456064    7.7913094687   -0.8910831251   -1.1689612653    2.1717170798
  -2.9128817268    0.7188085836    6.9920734841   -0.7059157995   -0.0544976366    1.5572973407
   1.7671007019    6.3862064552   -4.3691727499    1.8642042130   -0.0668090030    4.0739558995
   1.8087892980   -4.4696783387    1.3603173123   -2.2895337254   -0.2126104767    3.4179567566
   8.1692761068    4.5520148848    7.9684984042    2.2112764440    0.0326976924   -1.5873707999
  -2.1118038617   -7.5916323639    5.6947016145    5.9787728278   -1.6610756686   -0.7871605405
  -8.0227927710    4.7291201818   -5.7220611542    1.0050354491    1.3115132852   -0.7791595874
  -6.3658564624   -6.8313285904    2.5781216174    2.8366177700    1.1082137228   -1.7725950805
  -2.5227709730   -8.4907998900   -1.7170560667    2.8025760328   -2.6722400708    0.2868933969
  -4.2917884604   -6.2431809851   -2.9031743303    2.0159293894    0.4111810823    2.4389379573
   7.7974742293   -0.7482858160    0.7140882389    1.0290524604    2.0233148255   -0.2234841234
  -6.0498283634   -7.2240347830   -5.0661403142   -0.1758605525   -0.4059280395   -1.7515204568
   6.2863996174    1.4820539318    1.0449113202   -0.7199850408   -3.2617448113    2.2499850507
   4.8018304127    2.6923336250    1.0244470730   -1.9199777955   -4.3225746150   -0.8991585131
   3.1447686728   -6.1924980840    3.1543608152   -6.0099059365   -0.2720715198    0.2036116862
  -1.8494727223    3.3812735380   -1.4484364178    1.3862762586   -3.9937601596    2.4690370087
  -1.6428256506   -0.9659528656    0.8289222397    2.2937649959    1.0296924878    0.3935205569
   0.3885904290    2.7005360168    7.0460219637    0.5663885221    3.3396635570    0.5887583070
  -0.3787139992   -1.9505878445    6.6601908076   -2.4940411378   -1.8244442686   -3.8329138306
   2.5770668106   -7.2513070662   -0.1093617353    2.3138801298   -2.6848712445   -0.5684213096
  -2.5462487948   -2.3029268491   -5.4147318262   -1.8073281317    3.1578254167    3.8207329111
   5.8851783525    6.3189917083    1.4613762359   -0.6647153196   -1.2004025491    1.5052041379
  -4.3456890770    2.2073836329    5.0777943695    1.1908192483    4.3145874837   -2.8511345123
   3.5871812599    4.1010561883    1.4147739910   -0.9573022262   -2.7588219681   -0.8558962226
   4.0029450559   -2.7252942998   -6.1074002275    0.2658799665   -0.4802205058    1.0455639102
  -2.1976832325    5.8595071049    5.3708429324   -2.8435792106   -1.6540836129   -4.0510732548
   3.2703900932    1.8915365076   -0.2735752590    0.0247757860   -0.6862485411   -0.5829867390
  -5.6085418873   -6.6475394015   -8.4758201190    1.4309854769    3.6510583494    0.3686021179
  -3.3317070812   -3.5689188079   -6.9568120871   -2.5281680270    3.6286980433    2.4108835255
  -2.7779113614   -1.9462365923    4.8744526949    1.7720426066    0.0189025256   -0.2082628459
  -7.6089260921   -7.4152622802    4.0599817292    1.3149036417    2.7759819687    0.6492850875
  -0.6885638147    0.9468553283    0.4510844099    0.3876119905   -0.6707782133   -0.6674829681
   1.8303546454   -2.5242289071    7.6414098393    1.6804540137    3.7923145225   -2.0718782456
   3.4832520293    2.7517156025    1.4037620213   -0.5007369285    1.1241530492   -0.3527160927
   3.5031317257   -1.0262466560    0.8912563304    1.0149652145    3.6844276209   -0.2855701278
  -3.4996369275   -4.5230131884    7.0967358734   -0.7838974201    0.6461200104   -1.4254639024
   3.9391281926    0.3395690979    3.4784514975    2.7545504999   -0.6394918966    2.1860283688
  -3.0284572956    6.8572621513    1.9681622063   -0.7651557034   -2.7441737013    1.9233015342
  -0.4124161559    2.0960816126    3.1779271680    0.3950915916    1.2466671083   -0.6098790882
   7.9974093095    2.6247366869   -0.8980528027    4.1637256547    1.9723995973    3.7167256755
   6.1622046023   -0.6949436529   -2.2536607959    2.7905147719    3.1673970435    1.2873735939
   7.8179380205    4.7522533629   -1.2452488342   -0.4001726936   -0.1055955214   -2.2743314433
   2.1888190472   -3.5765288222    5.4814456175   -0.0443832308   -2.6443972224   -3.0181979222
  -7.3492378962   -3.0463199297   -3.2367201412   -2.4986910099   -2.4179275453   -2.0783031826
  -3.9472635163   -4.9772347884   -2.4544741350   -1.3023189393    0.5560991915    0.4517367038
  -7.0380091549    0.7249823556    5.3157086202    1.5429076744    0.3644931865    1.7934160712
  -2.6327114538   -1.2594439275    6.4292651321    1.2523184737    2.4464319034   -1.8743900500
   4.2996399645   -6.9780246876    3.1458739708   -2.2072289042    0.6190600703    0.8476685574
   0.7971277035   -7.6612352383    5.4668070993    2.5258215607    4.5641602534    2.0260889368
   2.7669247491   -5.3600132753   -7.8617269921   -2.1586849363   -4.1515808720    3.2597365170
   2.7132953364   -1.0968240397   -1.8865231510   -0.3011483729    2.2032238511   -4.8705869582
   7.3749427827    5.1814971584    4.8754733054    0.3986634893   -1.3060644902    2.9657548955
   7.8170115687   -0.0551679523   -1.0734246748   -2.7368421155   -1.3737513916   -1.3340042285
