           1000
    17.09975947
  -2.2241983076    5.2310058920    0.2488673042   -1.4135598848   -1.6460908852    1.5704254857
  -6.8931082679   -5.1323968170   -7.8031712942   -0.6078459626    1.5045156027    0.4941552830
  -6.8582293841    6.2788748345   -7.2491330863    2.7076522818    0.0847613414    1.7665786331
   3.6392594802   -1.6608297486   -2.5742656689    3.0444424458   -0.5325601846    1.6502641284
   0.0206946916   -5.8433278723    1.5003379552    0.3058953768    0.2841763185   -0.8594353442
   2.4638199702    3.3576802021   -1.8977503708    0.6865724907   -3.0550041001   -0.4156054938
   7.5902526904    5.7293201456   -8.4527255451    0.9510441767   -1.6955169215    0.3049618293
   3.5274101830    3.1716738292    8.0358553281   -0.3703410975   -3.0232012198   -5.3488617827
   7.9213706991    0.7827306170    2.5384509593   -0.3590417425    2.5636436408    0.2857051679
  -4.4379240665   -3.2967537450   -6.2176329112   -0.5146556877    2.7229509870   -1.5319057329
   3.9378278136   -5.7075917930    1.8602999377   -5.0232556648    2.9310444266   -3.0421926411
  -8.1055560515    4.1235526364   -0.8537942647    2.3062801363   -0.4662205205    0.4501120045
   4.0072683214    2.5426049955    4.6064276852   -0.7545652106   -0.7497573767   -3.4778057085
   7.0847631203   -5.2705785028   -3.6621219811   -0.0917713000    2.3221834953   -0.1260737962
  -7.4566679090    4.2640055599   -3.0276292443    1.6710628688   -0.9502275588    2.8076491119
   7.1053033635   -7.1698741840   -3.7006805351   -0.6224826866   -2.3878503838    2.2423450470
  -4.2656789670   -3.1454132984   -7.5709891844    0.6420504770    2.5529341304    0.8652477702
   3.4299564050    5.0101236060   -6.5411199539    1.4688890018    0.9044104683   -0.8725136937
  -3.0196327188   -4.1266354383    3.1243161041    0.4718269176   -1.2774547784    0.3015650381
   7.0290268115    1.7423422419    0.4517914820   -2.9657537754    1.0524960483    2.5665582438
   8.0941976944   -8.0391259763   -7.1828788273    0.8936574849    0.1658596878    1.5761171008
  -6.0169156835    7.1830989394   -4.9449238393    1.1168036472    0.5330407310   -1.0969989393
   2.3179545305   -7.4467496553   -3.2659374364    1.1230266773   -0.4158006690   -0.5345448943
  -7.0558962975   -6.7792742954   -7.9640511208    3.5819758268    0.2663033928    1.6432483193
   0.6687614365   -1.6337005931   -4.6912190277    1.2335842267    1.9502751500    2.2054680558
  -5.9253373875    2.0427136830    6.7961660767   -1.4526334903    0.3411211696    1.2575791966
   5.6558560971   -1.4778135493    5.0931392446   -0.5791904598    1.3953897514   -0.2903066814
  -3.7963368307    1.6109556069   -3.1703443309    1.0680000060    1.7534764937    0.7544698581
  -2.6961861638   -3.7677789270   -7.9723119577    0.2610572466   -2.2697540882    0.7952959662
   3.5992479652    7.7929713143   -5.1328863744   -0.7173772947   -0.3609945584   -0.6057362337
   1.4333930675   -4.4010938461   -1.6653082587   -1.7758316557    0.1192743861   -0.2651006550
   1.7447382311   -8.1565017136    5.7490488774   -0.5027786453   -2.9993523854   -0.7330102948
  -1.7759693556   -7.7222896564   -1.1227704637   -0.5535949326   -1.4506480876   -1.3045478562
   1.9591116305   -4.6364502761   -0.1670795615   -1.5356304241   -3.2979944671    2.2254853672
  -4.2832800688   -0.2577250688   -4.2550176522   -2.6113940491    0.7776759982   -1.4904256816
   0.7895264845    1.8630553111   -5.0268059376   -3.6918667682    2.3760061946    0.5064107380
  -0.1140311548   -3.0573135167    3.5668125300    0.8268092870   -0.9963999455   -0.6800963615
  -7.8905773170   -7.8944704950   -4.7478688586   -0.4254210353   -1.4721225009    3.1321506926
  -0.5045325030   -2.5509941869    2.4950850437    4.5104836015    1.4277976297   -2.1077740202
   1.1069272029   -1.1380681238    7.6517965570    0.3991090983    4.2387515926    1.3065187072
   6.8060338109   -5.0643464271    7.8290767986   -1.5118613137   -1.6269067154    1.6711941058
   5.3999884741    0.7956277625   -5.5692970476    0.7875169456    1.8843335368    2.3915765585
   8.1585907894   -6.1484199412   -7.2132562469   -0.2840147467    0.1435454384    2.9768555409
   5.9630299480   -4.9132524458    3.6690099439   -1.2578216460    0.3479767612    4.1843342135
  -6.3964897121    2.6974965386    5.5315966304   -0.2443690532   -4.5907614879    1.2181706398
   3.4166953013   -1.7548273292    5.5434264482    3.4317020474   -1.2914830097    4.6135704871
   1.9035829571   -7.8198262331    3.8192583329    1.7539890611    2.5126011696    1.3078435609
   5.2601924642   -2.6958051098    6.6859022598    1.0380177269   -1.0198317924    3.0081599112
   4.7550469765   -2.7705013730    4.9660316280   -1.3957663688    1.0133277661   -0.6138564243
   7.9738907406   -4.8471298707    4.1790389011   -1.6768874734   -2.6623020786    0.3707125889
  -0.5590552780   -0.3391212702   -3.5536142389   -3.6296408781   -4.2231533836    0.3368568547
  -5.9867483170   -7.0062536422    4.8011129481   -2.6747948551   -6.3367439848    3.0573646252
  -5.6812337427   -3.0589303034    2.8144264101    4.7304259788   -1.3690617100    1.1372849178
  -2.5960824958    6.8171800385   -3.3103150203   -1.8659840859    0.0490902967    2.9076782092
   7.0351995990   -4.4652544969   -1.3808043039    1.5127672155    0.2340169146    1.4491857441
   1.0222984283    4.1557111634    2.5685016373   -1.4419657127   -3.4625898626   -0.4352440944
  -0.7661126786   -7.4198327534    8.2540989282    0.9855410809   -1.4627804982    3.4533551047
  -8.0799037985    8.4222063505    6.4984743496   -1.7612360544    2.2581481627    4.1279272124
   6.3743343258   -4.2988005198   -2.3298722913   -0.4405099062    0.0163645734    1.8139845628
  -1.8567104765   -6.4980215668    5.7645841503   -1.8127062047    4.7001411749   -2.8696756564
  -0.2183765862    5.4215778167   -7.8946261855    0.9802676340    1.6343588215   -0.9766938309
  -7.3455509014   -1.9457418067    7.6402578292   -2.6055796191   -0.9126055476    0.8240875284
  -4.7327849560   -0.7314748752   -5.2752363967    1.1708432786   -2.7990987636    2.5470171623
   6.8250610245   -6.7999598121   -7.9404501601    0.8607351165   -1.2666509986   -2.1182081516
   1.7827023599    6.7176804274   -5.3293451820   -0.2065463505   -0.9438107892    2.6882936166
   7.0087394230    2.3453791400    8.3768977867    3.2167238016   -4.7249682157    0.9791541952
  -2.1215186520   -3.1390220214   -6.3888089981    1.4187237349    1.0861023545    0.3215929926
  -1.3271188484    1.4252036019    5.8701020294   -0.5550973652   -3.2204985484   -0.1643380427
   1.3090387520    2.0943753555   -8.4515218337   -3.7649942179   -3.3129521316    1.0867106244
  -0.8753877541    2.3491299871    7.5000291395    0.4301803654   -2.5834030771   -4.1255904747
  -3.1426257610   -6.3618418868    5.3977564300   -2.3238897016   -0.9544601017   -1.1347589525
  -2.9976087797    8.1732675986    7.9051832366   -0.6462485262   -1.9738152071   -3.4751105157
   3.2918314396   -6.2151285702   -6.9535070198   -1.7265186697   -0.8015772817    0.7826490945
   5.3448774652   -6.8792209877    3.5525304128    1.8468473156    1.4589769432   -1.8846028773
   1.0545560430   -4.2775216476   -5.0972084540    1.2125934576   -2.3742154207    0.3575762975
  -7.5524249682   -2.6560372982    5.6901458233    0.9207953639   -0.8409418167   -0.9811459186
  -3.7314536510   -0.8434341748   -7.2742088531   -2.3022249223   -1.4234160713   -0.5061301194
   5.3828951615   -2.2854744034    1.1999378889    4.5791374907    5.2105963626    0.2175743326
   2.8173082955   -4.0325263518    8.5315832901   -0.8907506360    0.4167758674    1.5196559776
   8.3400636383    0.2102661575    1.0594492184   -2.6535666255    2.9412319404    2.4721045705
  -2.9830349803   -4.5967763368    1.0551824988   -0.8919361468    3.1442836732    0.0279913726
  -3.1275077267   -7.2831830600    3.4688957938   -3.1032970224   -0.4712823012   -3.7591398951
  -1.6925591227    2.4344266486   -6.3300235535    4.9252887028   -3.3398306119    1.8673039045
   4.2699708741    0.5907618807   -6.7327919697   -0.0521883584   -1.3092533380    0.0459521923
  -4.3117463171   -1.4607781258    3.1905834919   -1.7038913353   -0.4360631348    2.1014061328
  -4.8960764209    4.0584909981    3.1547549230   -1.3640700144   -0.4978434637   -0.2858375303
   4.8700495222    7.9146667914    6.9858146578    3.8460815680    1.1747598492   -0.3587505536
   0.7756031969    6.4878569488    5.5492877750    0.5597948224    2.8181533509    3.2254079046
  -5.3044137282   -4.7852479416    5.2681906344    0.2359911340    2.4528846375    0.4596067766
   4.6374772297   -2.3729788385    7.8501595760    4.1087215567   -0.7801341195   -1.2178405284
   1.3121399332    6.3135410898   -8.3399735046    0.8992263257    0.0802053337    1.2537005329
   4.3415587274    5.7966468446   -4.2790055802   -5.3281163074   -1.3533003061   -1.0048503420
   3.2357186331   -7.2860537234    3.3568024679   -1.3837769911   -2.0922443229    2.9118409753
  -3.4620928876   -6.2255449250    1.2055106385    3.5427474400   -2.7295920678    1.9794078177
   1.0725306861    3.1004713865   -3.6806512519    3.0566208446   -1.8356181983   -0.4727399702
  -3.3716772467    2.8323673315    0.8454625388   -1.1539225743   -2.7955981900    0.7931887614
  -5.7946766676    3.4345732814   -6.6484378759    1.9413186617    1.2564910178    1.0215936757
   7.8669426257    0.3205210996   -1.8635839861   -2.8532841943   -2.0808489445   -0.9097975587
  -2.9400110816    8.4027760103    5.7007695034   -0.6423373678   -1.6451542203    1.5040630966
   7.7483104032    8.0643156750    3.5565834302    3.7982645823    1.6416156209   -0.6451791829
  -0.4060147560    4.6292926209    2.2254175543   -2.3701930457    0.3595560553   -2.3955157473
   1.3971055524   -1.9355805896    2.5199185437    2.8085299747    1.2739788349    3.8623683713
  -6.0427942879    5.3484977396   -0.2660744211    2.9795032500    0.6804287103   -1.8125005451
   2.1853328688   -0.4795164234   -6.9061043520   -7.6561935184   -4.0685524138   -2.0653764845
  -5.5102826228    3.7662984330   -2.0224510477    3.2404282169   -1.4079660622    1.0081297501
   8.5224620578    7.2180920955    1.8587870157    2.1286423936   -1.6507711707   -1.3956411850
  -1.9435816985    2.8277366454    5.7105275295    3.2971245197    4.7101167048    1.6770424604
  -0.0189544121   -3.4788305183    5.3585185390   -2.4210151644   -2.0776288484   -2.3790372275
   0.2471146304    4.0584487293    5.2954783999    0.2845136313   -1.2350532012    1.2525356525
   5.0035213168    6.2033782926   -1.6119960056   -2.6196963735    4.8237660673    2.1396658507
  -0.9729066913   -4.3725757817    4.8749398956   -1.4942744526    3.1780301408    2.3311929354
   3.0019293861    1.5574983338    6.7722254720    2.1697901605   -2.2477910208    0.9293844225
  -7.9464875329   -3.6430903320    6.9256873454   -2.2240310748    0.4115188167   -1.5907995265
  -5.8241266897   -7.2353855421   -0.9960925928    2.2336278451    0.1414566475   -2.7277263134
  -7.6298846865   -5.9543511596   -0.0822641989   -2.2987992303   -1.2571178033   -0.1547346658
   6.2029045699   -2.8133771341    0.5694591321    2.1061195929   -4.1509842265   -2.1079587166
  -8.1082483165   -7.9856981512    1.1530882680   -0.5796363639   -0.0265265353   -0.8664500997
   2.0575828185    5.8220775736   -4.5598027154   -1.0180409173   -4.0217247904    0.3177524392
  -3.1739429199   -0.7858617518    1.2379360738    3.0226114589   -3.5107943097   -5.1621047035
   3.2087346172    2.6765034243    1.0100548741    0.0094234202   -3.4556492944   -1.0476970443
   0.2739221894   -2.1364198087    3.6947126509   -0.6266675279    0.7461326494    4.0414015094
  -5.1211385701    2.5206357786    1.1919973570    3.5202556023    0.8901925496   -1.7584507488
   6.4091629684    2.5249961789    7.4078086862    3.4819688793   -0.2456086398   -0.7293909138
  -5.1209670705    5.5267210101   -1.5733188284    0.5771999695   -3.8828742643   -1.0110579296
  -4.1753065289    3.9744319518   -8.3359122800   -2.7288086453   -3.0536291319   -0.9069528970
  -5.6045576531   -5.1245007569    6.2414203392   -2.1494159540   -3.2016808161   -3.2955050048
   5.7148291578    6.0607792765   -6.6767516408   -2.2844528178   -1.0073228630   -2.1748971516
  -2.0035348167   -1.3796466797   -5.1891197502   -0.8773872264    0.3151605102    2.6432712228
   5.5594940040   -0.5048590827    6.8809961857    1.3675691083    0.7944719125    0.7470692918
  -2.9551962930    1.6335695652   -0.1706562117   -4.4183009658    1.6409976633   -1.4363582490
  -4.8842201246    4.7871935914    0.1009868332   -3.4862856497   -0.8672652256    0.3420706965
  -4.9246394497   -0.1298907932   -8.4708560935    1.5110333619   -1.0581668061    1.7290530542
  -5.8517391613   -2.0708896849    1.4488938221   -0.3364163746    0.4647259305    0.1430067391
   6.3525789659   -6.7926810372    1.4780598165    1.4238287857   -3.2189196526    0.5021172963
   2.4017671432   -1.9849560978    7.7343630906    1.0599595696    2.7227971567    1.4138773727
   5.8042927889   -3.6544002486   -5.3402010854    1.7436739245   -0.3188888688    0.7263865750
  -3.6643162689    4.0467222975    0.4850648034   -3.9281439141    4.9592333966    3.6978506738
   1.5033328441   -4.5036687182    4.1067231791   -1.2270646470    0.4737604021    2.3051122260
  -7.6901392392   -4.3461368320    5.7585261691   -4.2389321494    0.8604394779    0.9625260624
   6.9073308887   -2.3814396223   -1.9638036648    1.3814344051    5.6070305208    3.1241992309
   0.0846571771    5.7946245750    0.0586302226   -0.3557120151    2.4675002445   -2.7513794783
   3.0853553856    5.9110871229   -6.7604337492    4.0973459033    1.3958039815   -6.4882528516
   0.3851878380   -1.5642917952   -3.4332997421   -1.8446812885    1.7767948789   -0.6272976203
  -6.5674028558    2.5333821695   -7.5637007909   -0.7009148214   -2.2171092751    2.8791711124
   2.3278642093   -1.4622268331    3.7959372496   -1.6978621597    0.8199787498    0.6053464674
  -1.2564372912   -2.6299260079   -3.9656490650    2.3742136016    0.5216516344   -2.4832371063
   7.2409004547   -7.9403336982    6.6439579498   -0.6954934036   -0.9331581172   -0.5926780008
   1.9850873378   -7.7486862581    0.9170541587   -0.0288727904    0.7769188576   -3.4835194456
   4.6834695058    1.3223699625    3.4854533972   -2.0578498804   -2.8261365195   -0.5243813475
  -2.0521728789   -6.0147631786   -1.1788782111    0.2839692215   -2.7519268586    1.1762635127
  -6.7377972390   -2.1812734151    1.5496902261    2.1509475513    0.5701720857   -0.8963448276
   5.9026115772    7.9890960480    4.8223060325   -0.9861540093    0.2479874323    2.9401621657
  -6.8442815307    4.3648466571    3.4974708963    2.1299108324   -0.6974535419   -3.0239044097
   3.0579790799    3.0850850597    6.1406769959    2.3107334560   -3.3257408971   -4.7611198359
  -4.9264329622    1.6781623867   -7.2573764241    3.1496080107   -3.3807761917   -1.1166728170
   2.3603853863   -0.3681767393   -5.2268746011    3.9046784846   -0.2480364649   -0.0933940283
  -4.5110577888    6.9495195385    5.8560031542    4.0478200366    1.8705038198    3.0998642710
   2.0026194611   -0.5504776507   -0.9403337927    0.3066095788    0.3827600412    1.3079005768
   2.1074357553    3.9020228903    7.3714428582   -3.4453130384   -2.1699575094    0.5870183470
   5.0376459645   -7.4709997988    5.6671924006    1.4704542820   -0.7327311289    0.9640698101
   6.7436660271   -1.3011076636   -0.2881093706   -0.8951133747    1.5627857209   -4.0673334485
   7.2555698128   -7.6009011313    5.7147051166   -2.7594671122    5.4756347886   -0.5494381672
   6.2005392233   -1.8134077935   -8.2509904730    0.6424217093   -3.1298974113    1.6987564080
  -5.0858622007   -6.6659444009    1.7322828476    1.2630702066    0.9971906479   -1.4554593939
  -3.4353100415   -0.9353756738    4.6200295915   -0.1225887617    2.9583252817   -1.2757590661
   5.2001125490    0.3624309532    3.5426320884   -2.8454776536   -0.7050220496   -2.1990227384
   3.5497943886    5.2236572284   -3.3249832112    1.4683725686   -0.2520195033   -1.8977230115
   8.0477656663    3.5615420975    7.0273145988    0.9408805041    1.6411343817   -0.1970680909
  -5.9742714610   -5.5332828333    1.2540100549   -3.7520093524    0.8995649194    2.1801241590
  -4.0880327595    3.3010623833    6.8953801224    0.6349678792   -2.1520891236   -3.9198031429
  -2.9136904094    2.6800687513    2.9644554864    1.2456481884   -2.6061946202    1.0530733062
   0.4821760478   -2.6810654808    6.9249743112   -0.2152529196   -1.0708227585   -2.1077998844
  -0.0444410370    3.8568761298   -1.6573065769   -2.9244037738   -1.9822463993   -1.1953023545
  -2.1856747245    1.7356495161   -7.5683677883    4.5559227394    1.4486404195   -1.4067937490
   3.3852030157   -4.1229380784   -1.1832630270    0.6714955596   -1.2929179116    0.9382694701
   2.2294070703    4.7847497789    4.2703571843   -0.9402031446    2.5332612054   -2.2993297970
   7.0126075051    4.6754870546   -6.8689373905   -2.1001038996   -2.4388292675    0.7908580583
   2.6804566198   -3.7639959553    3.1767891840    3.6488729108    0.9715104962   -2.9980452503
  -6.3290145616   -1.2222879160    2.0494937631   -0.8543519161   -1.7382777013    0.8789251395
   1.0445133489    3.5475981834    1.5205563318    3.1085394973    2.5753552843   -1.9197612636
   0.7943572825    5.8290313438   -5.9030863946    4.4695864325    2.7957018112    1.0474296454
  -2.0186552706    0.2042767348   -7.3177484378    3.9350043995    0.1191095841    0.4014053232
   4.9840491234    3.8300730804    7.2850507176   -0.0506143744   -2.2115124655   -2.8931091790
  -8.2567054271    1.9558629834   -3.7024708990   -0.5368898534   -2.5801748994    0.9943809593
  -8.4094006494    1.0595917620   -0.5903335563    2.5824672201    2.7344205030    0.0917400306
   2.2874629832   -6.7350416999   -4.0159626106    1.3430128028    0.0608875891   -0.5954039695
  -4.5094505445   -4.9690622064    3.3002630796   -0.9519659507    3.8227148542    1.3100519690
  -3.8733519911    0.1349211323   -0.1868602837   -0.9221208789    2.7513479928    0.7775998007
   7.1694312274   -4.4219189208    6.7022329732    3.9727643082    2.3756576730    4.3401112024
   1.1072128211    7.9632991971    0.9843677260    0.3814190815   -0.8242804380   -0.2291335671
   3.5001734084    6.9916560681    4.8399239934   -1.8722795401    0.5048628659    3.5081931259
  -2.3523098324   -7.1212434780   -5.5880079465    0.0532541176    1.7237746248    1.8063793155
  -4.3072913322    6.6839921421    0.7387269992    0.2756187437   -0.3726982104   -2.0190988282
  -2.7290937871    1.0832955563    6.1040558073    1.5752294107   -1.9346953541   -1.9234341575
  -4.9197111049    0.4803941814    4.5817931979    1.7054999369    0.6674134348   -0.5252675741
  -4.6575878757   -5.2519615998   -1.0535795749    0.9522187514   -0.5056071610    2.9944630317
   2.8505566730   -5.7547776203   -3.6259661493   -0.2143675192   -2.0381454006   -3.6696434741
  -3.3123296950   -3.1575626729   -2.4507535948   -1.7366225479    0.3366197381   -1.1882728934
   5.3792858450   -5.7626866836   -4.0420656366   -0.4404508123    0.1904632409   -0.0066357654
  -4.6030074175    4.5433566729    2.0563726808    1.3404078099    0.9250591506    1.7531527784
   3.1834072413    6.6853434184   -4.3138427821    2.3696889954   -0.9413466947    0.4948193054
  -2.9321333364    8.5191993658   -5.5501352220    5.5665456798    1.6486496464    2.5386549732
  -1.3466703349   -2.6959134264    1.2324500247   -1.7534534659   -1.7759401454   -2.0272738884
  -7.9220663944    6.6796378177    4.9768320842    2.2345606052    0.8285272266   -1.5205226634
   7.1181473046   -1.5921857054   -4.0329056406   -4.3616935167    5.2754643074    1.9917183441
  -6.4904597779   -6.0131178134   -5.8170354579    1.4777883800   -1.9118196842    2.8174253200
  -4.2632968913   -2.0008076075   -5.2658982797    1.2922141037    0.4903731885    0.0863867377
  -4.7439217376    6.0470782994    5.8417144845    2.0243683309   -2.8633052291    4.0896187764
   4.8288572187   -2.0593592887    6.2230597659   -6.7631269749    1.1417804043   -0.0835173909
  -2.9471767292   -5.7478354901    0.5324554732    4.2495967778    1.2061655557    0.1315622593
   2.3010732551   -5.4580093139    2.4630205276    0.2296435492   -2.6882891401   -1.0039798369
  -8.5190317863    4.6523020953    8.4935530492    0.3853340697   -1.1906587461   -2.3174095208
  -6.8355868597    0.7791589636   -5.2510028229   -0.5467957612   -3.9334957712   -4.8791523896
  -7.3925388985    3.2574741631    2.5264113282    0.7938652698    3.0004914228   -0.8625095717
  -1.2747161377   -0.8114901164    4.6340445700    0.7248993577    0.3856740613   -2.3840353927
   5.1998105069   -5.4508747572    4.4349904436   -1.6643350129   -2.3623434713    2.6187665752
  -8.4723862426   -1.9314859437   -4.0213254718   -0.7961784566    2.0068858789   -0.1354742529
   5.1067621589    5.0744481276    5.8554494763   -3.4330766838   -3.0849726788    1.2147886174
   3.2740430797   -7.2691553403   -2.9887205159   -1.5321726885   -1.2705918047    0.1420274095
  -8.5360009795   -0.3564435706   -5.1936578056    1.9731250935    3.6043128260   -4.0479714752
   1.1369558991   -3.4345997860   -7.5672335982    0.2560843258    0.2744067459   -1.9202753901
   6.9088486861   -4.4554254707   -7.3452426027    0.5729089281   -0.5611237530   -4.0303323539
  -1.9639918850    5.9608379498   -1.0410394984   -2.4921377680   -4.6824354560   -1.1036902249
  -2.8267570228    3.0415957581    3.9721813398   -2.9747946955    0.8688492542    1.0419402485
  -1.9392427814    1.3326121638    6.9831087881   -5.1939699898    0.2734228656   -0.2657950025
  -0.6341426801    2.6793628910    1.8935434712   -1.8595437510    1.7349566530   -1.9830296426
  -1.0233233301   -5.4038905807   -1.4852296795    0.4545548131   -1.6792553942    1.3677292043
  -2.7820415347   -2.2570105995   -0.9255602260   -0.4983317454   -2.5296327996    1.5091840837
  -3.8981673993    7.7645764085   -0.9635602187   -2.8642169654    1.2742545669    1.2651275936
   7.9169507293   -1.4051844717   -0.9503566591    1.5812423470   -1.3048846094    2.1127050472
  -0.2909581524   -7.0411535174    2.7493860368   -2.0024511060    0.4443954593   -0.7700199262
  -3.9302939449   -8.3898445081   -3.9832725957   -0.0603661259    2.7406068216    0.1744920707
   1.0395607671   -1.5456985613   -0.7321494818   -0.0595938320   -1.0410439431   -0.0656923644
   7.0305205195    4.5543015643   -5.0787122332    0.3999881130    1.3072483588    1.9649203621
   3.0638962780   -2.7052502634   -3.4019941178    0.6563946047    0.1300476085   -4.2982872135
   7.2426316503    8.2220330698   -7.7077129175    0.5055293088    0.3764555284   -5.2419883573
  -8.4215222041    2.5971562364   -2.1091204596    1.7183193411    1.5031196508   -0.5060837012
  -6.0639428899    1.9462220708    3.2866967589    1.2242560368   -0.4032200663    2.5753343087
  -7.8612513932   -7.5578558364    5.1048723544   -3.2432330376   -0.7016758228   -0.2577176512
  -0.7534030404   -3.1624816871   -8.1896074145   -2.5172216172    2.1719962418    1.4492478365
   1.1736160090    7.8273734511   -4.2975936212   -2.1220762095    1.8882569894    0.2517811493
  -0.4345886244   -0.1393218022    7.5167819345    2.6258639513    3.8577380800   -0.8207529457
  -1.0260091654    4.0830747960   -1.5999645571    1.2125544297   -1.5643253941   -0.7714304361
  -1.5915073463   -4.6315328268   -2.4022379606   -0.5618203018    0.0976505879    4.4744800080
   3.1148096691   -6.4564537271   -5.9042356782   -0.8628662100   -0.8618943902   -3.1931331334
  -4.2453375363    5.1327655510    6.3641887849   -3.1010951588   -0.6748989325   -2.7320134402
  -6.2726778204    8.1595974896   -4.8264002897   -0.9802683150    3.6392274688    0.7737333668
   4.7836233625    0.4609216588   -3.9337472233    1.8186312444    0.7619329116    0.4966480064
  -5.2704925238    7.0316238411   -8.3532303147   -1.4563883357   -1.0583278185    2.7024749800
  -5.6550472002    5.1048797469    7.6013828981   -0.2146573947   -0.5665158087    2.4174292872
  -7.0869003476    2.8250502996    7.6343505076    0.2331641809   -1.5465474261    2.2410789470
   2.4420476101    2.9210718524    7.2431507397    0.4261188012   -0.5444039054   -3.0039425061
  -0.9314713716    5.0789027212    5.4919886413    0.1891886849   -2.0856368076   -2.5874632620
  -4.7186091299    1.9304953735    2.6058687828   -0.8330213663   -2.9807632534    1.4522705652
   4.9927269851    0.0694332230   -0.3696018746   -1.9023847704   -0.2388636364   -0.1155766634
  -2.7843487839   -7.8939896282    2.6796718015    0.3199493803   -4.5721511043   -3.6436731560
  -4.0773356216   -3.3019217389    1.2522569973    3.3623106044    0.1612729078   -0.7296560664
  -1.8553584888   -3.6188295071   -0.3618108432   -0.9742887627    1.5738485980   -3.8938095494
   2.4564237110    8.4726761344    6.5360412343   -1.6099342719    1.7351427781   -1.0101115389
  -5.0772120657    5.8611678454   -5.6915118069   -1.3943532510   -3.0135628817   -0.8660842274
  -6.1919388599    5.9492666504    1.2558749303    0.9047330070    0.5041817155   -2.5515749486
   7.8176058818    1.8899933295   -1.3559459776   -2.3388848352    1.3304297948    2.5967638663
  -4.7126031509    4.5633568892   -1.8470409980    2.3453894373   -1.2168498553    2.0397966458
   0.8770804816    2.5177196119   -2.4976169304    1.2547063067   -1.7109672204   -1.3889724039
   7.1739900662   -6.0164554361    0.5953157787    3.1855382600    2.3930688217    0.3890777247
  -7.5709555906    2.5935820597    6.0851994622   -2.1520143831    3.0704769851    2.8897729356
   4.7565030544    1.7949186844    4.7242496133    1.2084549296   -0.5297157433   -1.0448252063
  -2.9787069581   -4.7347351935    5.1118732159    1.2629855264   -1.6380663105    1.8684187364
   0.1492753648    6.7049228321    4.9281140322   -1.3302961747    2.2069035836    2.6504826276
  -3.7963071311   -7.7337218014   -5.1973758614    1.4699007085    0.7816210213    3.6505508660
   5.5750134262    5.4295012226    4.9242903443   -2.0877066136    0.2393424721   -1.6739240355
  -1.6737889406    6.3484393028   -8.0488056798    3.0198126264    1.0801398541   -1.4343919700
  -0.6285865918   -1.8297529791   -4.2474537325    1.8514928782    0.1705325017    3.5820289627
   5.0675442062    3.1405417184    0.3717934120   -0.3553905539    2.0296578985   -2.3934464745
  -3.4238811297   -2.1691015924   -8.4990780035    1.4685435236   -2.0811787835    3.3172305525
  -7.5052355310    6.4552381201   -2.5737008141   -1.3979269211   -5.1198183388   -0.9151265766
   1.4893134713    1.3973869152   -7.2450311615    1.4479419558    1.2066298320   -2.2398571119
   7.8159008638   -7.8186705882    1.4489141235    0.7044534220   -1.2944204272    3.5600517340
   6.7234167224   -7.3729799317    0.0327944542    0.0012306842   -0.8354931612    1.9567054867
  -6.9273188788    1.1030362579    8.0274453981   -0.3041574549    2.9899520064    0.3372052953
  -4.2303537313   -8.4529329254   -6.0771436907    0.5450918399   -4.7680985446    1.9267122576
   7.4171700966   -2.6087771432   -0.9463657619   -1.5130933130   -5.4567322428   -0.9785120274
   5.9542499316   -1.5386801834    4.0900632503   -2.8065191176    4.0676303447    0.7383250644
  -6.1543622899    7.4333271516   -3.1170781310   -2.0401992903   -0.6628636416    1.1734763679
   7.3032889599   -3.3296880168    7.6418081899   -0.3329652322   -1.9213209701   -0.8957199119
   3.2207678421    7.0590594028   -2.7382191722    0.9183190721    1.6955153323    1.3991935750
  -6.7266512089   -7.9141551111   -4.7396523951    2.4832470274    0.6443732701   -2.6037998060
  -2.2705296328   -8.2253145141   -8.2171134927    0.6368758711    0.3604797626    1.6485621336
  -6.9209405844   -4.7778442127   -0.0636976877   -1.1882726628   -0.5477300071   -3.3440980715
  -4.4238777613    6.5892139338   -4.6395248675   -2.2953407670   -0.5935211630   -0.0441229575
   0.9089296823    5.7956029782   -4.8675944517    1.0834422919   -0.8184335751   -3.0896726308
  -3.2732823313   -7.7582985603    6.1383727154    4.2741838895    3.1716822087    2.1588555494
  -5.5501348114    8.3008129147    2.7046412618   -0.3291441560   -3.6096282271   -3.7969385566
   7.4732063128    5.4639622761    0.6680336236    0.1716709270    3.0582005264   -1.5508813112
  -4.9727946222   -4.0197980981   -6.3975527405   -0.1794502228    0.6993949537    5.0510231429
  -4.5112470657   -1.1859541837   -7.6085266763    0.7987273154    0.5771105400    1.3392827299
   6.9610915914   -5.7449891242   -6.8735803222   -2.2085621241    1.5868763985   -1.5074967688
  -6.0311139776    5.9524810277   -7.7098071926    1.9645424972    0.8072672020   -7.6459834101
   3.3201949174   -4.7427864212    7.5477753267   -0.8737833923   -1.7235636312   -1.7975138499
  -5.0099681125    3.0699103414    2.6365949129   -2.5584011496   -1.9427606880    0.2258400731
   5.2120039541   -6.2315425761    6.3343673832    1.4667090720    3.4533162189    1.0959891294
  -0.7047579035   -1.3291368066   -1.7261294613   -4.7322739782   -2.5672547715    2.7953654361
   4.1474486253   -7.3783124726    3.4690654947    0.9279429789   -1.5081804906    0.4217845510
   0.1660384438    6.5223115071   -6.5040069754   -4.9488260311   -1.7777515922   -3.2516595305
   5.4789993554    1.5405862836   -7.8125971982    3.0020966600    0.1440270382   -0.5027743167
  -7.6872083210   -2.6315490128   -4.1373099791    1.4389749196   -0.4554956074   -1.2188658080
   7.9423932051    0.5130715981   -8.5294739921    2.6093791806   -1.8202198563   -0.4877196001
   1.7119214899    1.2599406972   -2.4893506346    2.1078328374   -0.4899490308    0.8419585766
   5.6472212394    3.6828968276    2.8850536814    2.0302163794    0.2047179679    1.3389924388
  -0.1705906380    3.3629415067   -4.6526483262    2.5742255110    1.8611773526    0.9974639377
   0.8604484231    3.4957489280   -2.5400640264   -3.0748681894   -2.2131245441   -0.4950772723
   0.1435068571   -5.2782945182    8.4429091037   -0.5382365502    2.4970847938   -3.2047586946
  -5.4155373296   -5.6782666629    2.3085814395    2.3526134275    3.6543531891    1.7268234909
  -0.6043175039    7.8895902935   -8.3950972942    1.5462942323   -0.6360966914   -0.9627410445
   3.3172556421   -5.1260989033   -5.2366035838    4.3665018106    2.8522417912    0.0613768305
   8.0422832292    7.8813002770    2.6214148987   -0.5009999400   -4.1450415648    1.4874085570
   4.0113919149   -0.2313002761    5.0877435267   -3.3014667038    0.9355836747   -1.4939509705
  -2.7344967550   -6.9994216333   -1.7029571165   -0.5919508081    0.2404353339   -3.9269020916
  -1.0075579648   -1.3894328195    0.7638467572   -1.6077245008   -2.8490752979   -1.4675559913
   1.3452470969   -5.2907344708    1.9956095476    1.3353661497    3.3842820562   -1.9526189594
  -1.1024988315   -0.5706278351   -8.4967029592   -0.9636268101    3.4532291513    2.1713121125
   0.7695798291    0.7960512691   -4.9171804364    0.3445905889   -1.4114625515    3.5294983802
  -1.9660512995   -4.1280799665   -3.6796206188   -0.1411583868   -1.8778238024   -1.0499474962
  -7.2691176950   -4.0818577027    3.3676752127    4.5556292799   -0.4902924113    0.1815456051
  -3.7845727852   -1.8582379638    4.7111415626   -3.4421639386    0.9806715199    3.9672908647
  -3.1390095529    5.9962629530   -2.8841753242    2.7675933846   -2.4085852918    0.4690893043
   3.1500931542    0.6828943362   -3.9791722940    2.5595998438    3.2392269724    0.4660089903
   6.7502570994   -0.4488289337    2.5640139275    3.9528276386    0.4354572353    0.9579767776
  -5.5463206146    3.6018239276   -5.4260695753   -2.6742249097   -1.8717566911   -2.3097095113
  -0.7547701480    2.7163739778   -7.8611676874    1.0000942047    2.7641032040   -0.5518188383
   1.2477620380    1.1163809053    2.8048513006    2.7785318781    3.9656827398    1.4629539722
   0.5619273703   -8.3814433833   -5.4201221112   -0.3043933553   -0.0435066184   -0.3732447157
   1.2983039530   -7.4640520839   -6.4580146114   -0.0209531724    1.9237606817    1.1201528544
   3.3512386865   -4.7214892523    4.6143475620    0.7429097136   -2.6385012440    1.1331269670
   6.9488935492    0.0712097421    4.0281590535   -3.7532679603   -1.4175013998    0.4641811858
   1.8490576934    4.1591129937    1.6916025972    4.5385461072    0.0082647904   -0.7830478567
  -1.0231424220    4.6885410022   -6.2544566916   -0.1973384560   -0.5777425671   -3.6649984722
  -5.8174104881   -0.0806922728   -4.4929359171   -1.5852783260    2.0216235413   -3.7295939897
   4.9626481065   -1.8073165115    4.4265233957    2.8189980901   -1.5026579992    0.5148842439
  -3.0233702776    1.9245994964    4.8498879390    4.3090747164   -1.9519363619   -0.9200883946
  -3.8852998061   -4.3392794731   -5.4239253811   -1.7484835793   -2.6957285110   -1.4213220084
   5.8173286766    2.7537412113    4.3239136154    2.4302543452    2.7085345243    2.4342187064
   2.0981432206    5.3835184918    8.2831012775    0.4172642176    1.3252652747   -0.4886042976
  -7.2844265808   -7.3180629966   -7.0136792510   -0.2722411110   -0.4754331362    4.4299633384
   2.2329959879    0.4887737750    4.0425886116    3.0774117697    1.3811867233    0.5636541853
  -2.2640836254   -0.0735984739    7.4279403136    2.2244433989    1.4179629099   -0.3431709397
   7.4121781315   -2.1983950408   -7.6453037419    0.2560735113    2.8599973233    0.3385874553
   7.8714157134   -0.4365019815   -3.2797886644   -3.6566206463   -0.6921164729   -4.7357467508
  -6.0937257162   -4.2613682329    3.9811975794   -0.4876395898    2.8698157768   -0.0676100575
  -7.9688900305    1.4410652456   -4.6378529739    0.9380689818   -4.0048133312    0.4425881506
  -8.0386751850    6.1296106599    8.1311581509   -3.5031949663   -2.0297814244   -1.1568607607
   4.6812629061   -3.5666384642   -7.4834885392   -1.0121145771    0.7283510841   -0.8832318377
   5.8111435151   -3.2443493602   -6.3743912324    0.8229293934   -1.2871881632    2.8370971980
  -3.0241592782   -2.3186143720   -5.1664337183    5.3192186877   -1.3712882944   -0.2198162064
  -5.7029325338    4.8115821312    4.7645253417   -0.1443729317   -3.1081904377    2.6774557943
   4.9405328839    7.4461272514    2.8787333198   -2.9812614705   -0.5367642579    0.3873849672
   0.4450544719    0.5708169743   -7.2647671923    0.4019905715    0.5436172664   -0.7563515211
  -3.1435739252   -7.0313411556   -0.2679435177    0.8205511434    1.1268198057    1.2428148731
  -4.9610617664    7.3348531399   -2.4022483296    3.4816831840    5.0698818328    0.5173985197
   2.2080527162    2.2641192775   -1.5996920428   -1.9617262373   -1.3729880524    1.7516027320
  -7.3469843131    6.5777724090   -0.2254100664   -0.7901055041    1.0821976219    3.7940744523
   7.6575832265    4.3289828205   -3.6750286272    0.3610518197    1.1785670671    4.7916994959
   6.3441912434    1.4108368060    2.6365898747   -4.0827867872    0.0343549349   -0.8284440102
   6.8683350310    6.6091061751   -5.3769639215   -1.4714351072    2.8036031712    0.4134095518
   2.5006678776    5.0353457037   -6.8454187425   -0.5791379221   -3.5770118675   -3.1600313465
  -0.3740681608   -2.7779996951   -5.3612180226    0.4432930344    1.5830808707   -2.3739249418
   7.7658166434    0.2131612272   -0.9044879943   -1.0234172713    2.9262359455   -3.9590747789
  -7.0527623795   -2.9894344009   -0.1308573821   -0.3426334821   -1.1763299394   -0.2230911106
  -3.0209542386    4.0356660358   -5.6151436153   -3.2572714803   -3.3441887625    3.1464798868
   4.2676241418    3.5113620348   -0.1879228750   -1.3222048623   -0.7100511713   -3.8334985908
  -2.6113527487    5.8143934579    3.7825840968    1.5767881886   -1.2074634504   -0.3904449943
  -0.8938518833    6.7578518949   -4.2135090783    1.9692942916    0.2642441063   -2.0503419027
  -2.2315156681   -1.9191055599    1.6935910997    1.9698388858    0.9837370371    3.8546879074
   1.9631865427    0.0338286859    0.3649399376    1.7320933064   -4.2437124159   -0.1084808393
   7.4500052744    4.0368766340    8.3417985375    2.7397330786    2.4455500419    0.7755954606
  -0.7682910462   -8.2623410352   -7.1413126533   -2.4150001505    0.6015686656   -0.2949262615
  -7.7331439770    3.3403430896    6.8186163437   -1.8712456958   -0.5218755914    1.1353765939
  -4.8184666022   -1.0812584223    6.3728117089   -2.0376330677   -0.6818324277   -0.4415498191
   2.6480708791   -2.9020456421   -0.0316829396   -2.1324679639    1.9218556260   -2.2328175179
   1.8225608196    8.2411963113   -1.6473631277   -1.1613860375   -0.3123358440    1.6628762941
  -8.4356157473   -7.6663418892   -2.2580365381   -2.1168447363   -1.4101854438   -0.0065844520
  -5.7678450246    0.4160105127   -7.7764742989    0.0162745308   -1.4766114583    1.3049511059
  -5.4715002539    7.7234126482    3.8817072506   -3.0911838578    2.1900271291   -0.4878125238
  -6.7093035383    6.0594978390    6.6339737660   -1.9334508888    1.4640606232   -2.6672488345
   5.4937571813   -8.3837657710    1.3863958448   -4.3754305309   -2.7219039737    0.8357736313
  -3.6609335094   -7.1719562022    4.3846207064    1.9938698492   -0.8444238682    0.6725264220
   4.2567277106   -2.5115967750   -4.9014959335    0.6507852238   -0.2633124206    1.4320278789
  -0.1275897736   -0.1854482468   -6.2823874513   -0.3345282793   -2.6550185081   -1.4631068869
   7.7889005918    8.2746683820   -1.7194059461    1.6167409495   -1.4129373015   -0.0930554988
   6.4186558414   -5.4606361708   -2.9064227238   -1.7855732323    0.2524820852   -1.6410028936
  -6.9093878256    4.7627970537    6.2526832954    2.6084673928    3.3253710183   -2.7153014188
   4.1493489896   -6.0847798482   -1.3345900746    1.7759790414    0.5489599796   -2.7605594799
  -6.0448908589   -7.9428912718    7.2266192703    0.1896831814   -1.2133648882   -1.9354549542
   0.5966390552    4.7581485323   -6.7125135816    2.2853945215   -0.6189976201   -1.7743462606
   6.1638148416   -7.6440810436   -3.8719811382    2.4114016438   -0.6223689566    1.2704287233
   6.8773933289    2.4297290098    4.2160371208    1.5174227343    1.6946534943   -2.0805349117
   6.1214560454    0.4588236005    8.1352028708   -2.0321879437   -1.9982691183    3.6548400906
   3.2861101030    4.7990373743    6.1264294419    0.0424280458   -4.5996881164   -0.9732297534
   1.9318926087    2.5052909245   -2.8459129543    2.6395218743   -3.0924964265   -1.0235126406
  -3.5598429171    4.7376997968   -7.3865676644   -0.2253835010   -1.2540051858    3.1668696459
   3.3562437527    8.1769961473   -1.3369080147    2.8942967523    2.2498873706   -0.6386687077
   7.9359526239   -8.0311187104    3.9703538963   -1.7523531182   -1.3782701985    5.1277523071
  -3.6227903646   -4.0738344347    1.6041652899   -1.4954396096    2.2423594890    0.8036847986
   4.8660156814    2.4101148640   -4.6181321078   -1.6313584300   -0.4693133321   -2.5045399296
   6.2968006441    5.9259205607   -4.2385977096    0.0229685632    1.9996559654    3.6834782269
   4.5092111788    3.5425229705    4.7877416124    2.0198594176    4.5118115959    4.2401962337
   3.6683115550   -7.4729277404    6.3138012876   -0.9334146598   -3.3362067316    0.9419267476
   0.6369334837    2.9559489311   -1.5329751229    2.9489051204    0.8297743829   -0.0272188780
  -6.2126225000   -0.5278830724   -8.1559992252   -3.5953275160    1.8135983025    2.6880624451
  -1.5402143203   -2.1017346481   -0.0940210295   -0.4505033348   -4.2099064335    1.8552748058
  -6.7456451347    4.1830093024   -8.2110303807   -3.5236887238    5.0373284738    2.7218299352
   4.0598752290   -1.7132701006   -3.8570067138   -3.2915213707    1.1345503581   -1.0263650500
  -3.3881810166    3.7532348450   -4.8230514419    0.1489096012    0.8282508742   -3.1394957362
   8.3810866471   -0.5002922154    4.3943774692   -3.0054400366    2.0074363548    1.5917986486
   8.2691114567    0.4081933388    4.0053141997   -1.8756157703   -3.5368203350   -1.9040794071
  -7.4940207884    7.4289080761    6.2640613159    0.3034787988    0.0152220374   -1.9710599439
  -6.4683741113    2.1918824495   -4.8136447628    0.0402162952    3.5766024948   -1.2241315255
   0.3520437711    0.8303312613   -2.7197842539    0.5043087100   -1.4739532599    2.9000584627
   3.5718174587    8.0816419690    7.2173503935    1.9801807873    1.0442907752   -1.9117020397
  -8.3396190887    0.8303331078   -3.6587709577   -3.1856291110   -1.5217011798   -0.5691966922
  -4.6153361125   -7.0500998072   -2.6546656756    0.4733560954   -2.7482006045   -1.0892911189
   5.3161642384    6.6837759844    0.9859725128   -2.8270745193   -0.5762315396    1.1404544938
   2.5112779344    5.1238481122    6.5952641358   -0.9712385715   -0.3007417752    2.0344860807
  -8.2085502389    7.4648834435    0.4753817710    2.4030499607   -2.5541015273   -1.7255202215
   8.0651377557    4.0253153016   -7.2792668058   -1.4803411725    4.7977083858    1.2261706988
  -3.2773632960   -8.1432306332   -0.6696303123   -0.6495853804   -0.2324362896    2.1274423097
   7.8712866783    2.0284872813    1.9947273654    1.3993616640    2.8083086690    2.5757862458
   0.7783642567   -5.8794582695   -3.1534539149   -2.7404325495   -3.9938861323   -1.0440553420
  -1.8959581073   -1.9715945249    4.8575672643   -3.9517820806   -4.3543305171    0.8029185636
   3.0031287978   -7.9173398523   -7.3670081946   -1.6340447315   -1.3919103231    1.7358603011
  -7.8842807634   -1.4927270666   -8.1131557018    0.0609027147   -0.7456406565    3.1075031210
  -4.4557150363    4.8770855168   -4.3679897646    2.0892018425   -1.5655572536    1.4240674230
  -7.4983655394    0.3678975405    0.8890675022    2.5663636000    0.3745639500    1.8250149487
  -2.0752479899   -4.7450783131   -7.7024723558   -0.3954143226   -1.2824598168    1.1941524455
   4.8414587326    3.1360667225   -5.7263269383   -4.3233692579   -0.8393173488   -2.5477899175
   4.5997739044    7.9376965559   -3.0040387126   -2.5047103082    2.9432992024   -1.7884783110
   6.7561349869    3.4829083653   -2.1524692373   -0.1720392813    0.3726734588   -2.3037734122
   1.2815563720   -3.3833223767    7.8152170553    4.5199396675    1.3272041029    1.9555486311
  -1.3806289491   -4.7961059571   -4.0339158912   -2.2637950836    1.8464948554   -0.9993978248
   7.9387284288   -2.9784406769    3.8888353270    0.6656005223    0.3239216066   -0.7789886879
  -6.6303842644    0.8245640957    5.2798034468   -4.8497069380    3.0563219564    1.7882746437
   2.9130875586    0.6101860334    5.1264157278   -0.9345342668    0.8346222596    0.2702922736
  -1.3746299259   -1.3074073345    3.5632670451   -0.1861282465   -0.1490930749    0.4867930813
  -6.6946000062    8.0096302049    0.4059713022   -4.6056815876    0.6052641111    0.3399041489
  -7.0069622402   -0.7318165289   -3.5363792460    0.4412363269   -0.6830227281    1.8949483526
  -1.0977355617   -6.3639224660    8.4847394312   -1.3178242396    1.5360300860   -2.7233191605
  -2.6465607217   -4.2925748957   -4.9924199583    7.0697311617    3.4753404951    3.6425318720
  -4.4532408032    0.8846620104   -7.6047385913    1.9939942347   -1.2120059778    0.0798151901
   2.3352154272   -6.2826461927    8.2478455953    1.2696356514    0.4789447898    4.1513899272
   4.7265808253    3.5777358827   -3.2189111033    3.4088631488    3.6741494173   -0.7311961836
   3.9021136275    3.8578613032    3.8384789731   -1.1836897857    1.9498284070    0.0016704123
   3.2526924317   -2.1130068874   -4.3764761037    1.2284190205    1.0499309076    1.7129547231
  -6.4905406242   -3.5637467379    4.8901355749    0.4329644456   -3.1897257310   -0.7654855799
  -7.8138072814    3.7844350405   -6.1325583685   -4.6671711316   -4.1220905103   -2.3912110610
  -5.0417002545   -2.2366788978    2.6668079952   -1.5481108039   -1.0711407217   -0.6640302277
   4.6113522707    2.3960943007    7.1518768112   -0.5328739754   -1.3437139511    1.4591956817
  -2.5787805856    6.5163909681    5.8247914793    0.9995700041   -2.2193570071    2.6320809615
   5.7726020246    2.9262753192    6.8706974150    3.7303852105   -5.6421270715    2.3047476077
  -7.3138766573    7.0694708679    4.2689290248    2.8520340244   -2.4263932711    0.1139776475
  -6.9230859048   -7.9588272425    0.1406224165    0.2521887308   -4.3549744922   -1.7933370236
  -1.4604699705   -2.8049325119    2.7626925451   -0.4950408580   -2.0612156304    2.1224389895
   2.1377550074   -1.2064583462    0.2493559889    0.9306328975   -2.3439923438   -2.9700518104
  -3.0886953667   -0.6928120116    8.2498800167    0.7927150057    2.9917608622    3.5043893269
  -0.5971641951   -0.1321835045    1.3805778926   -0.8414099507    2.6609137763    0.3736341684
   1.5662343784    4.0672926098    6.5515554797    4.8995169207   -3.2069059429   -2.5186465228
   3.0654616828    5.1097568892   -8.0503985406   -2.6959945919   -4.7645724877   -0.8496812224
   0.9030901699   -4.5517705903   -8.3569381522    3.2352719643   -3.7193675811   -7.7014081100
  -1.8293057670   -8.3541633738    5.9698971178   -0.3615715151    2.4957603199    0.0036305231
  -1.0443608786   -7.8717681657    7.5370462013    2.0474812607    2.7441568835   -0.2893338909
   0.6568716185   -0.5891250673    3.4743554595   -0.9545048493   -3.0103391663   -0.0421675945
  -3.6275084156   -4.3214688257   -7.1888416916    1.4050647882   -3.2779418644    3.6671948296
  -4.1811553745   -6.5288923295    0.3256869598   -2.0819650715   -2.2297503644    0.1359830018
   3.1321052760    5.0925997594    3.5483394523   -2.4159036977   -1.4215927372    0.6395595254
   1.2237566230    7.5716572687    6.6586601420    2.3672292354    0.3485254121   -1.9276915357
   5.1041762903    7.5854153787   -5.4023325930    2.3132003255   -1.8737547276   -1.0825605778
   7.1771405160   -3.2144146529    1.7593645909   -1.4054267051   -3.5871875760    0.7619894752
   3.8538823732    2.8534173381   -1.1423622425    1.0845565985    2.5522366563   -1.8069100488
  -3.3822748256   -3.1489300878    2.4180943396    2.2799693977    2.1724803361   -1.9279717696
  -4.9275929239    1.6965125903    4.3567274568    0.4146266673   -0.9596680082    1.0436821070
   6.9608051034    6.3030961632    4.1268890304   -3.2190471550    2.6921198040   -0.4109668025
  -1.0759204641   -5.2607351752    6.0418020040    0.6847456739    1.4527993332    1.6837351679
  -4.1538986442   -1.6374600255   -0.8486964314    2.8707286724   -1.9736374398    1.0561574770
  -5.2896370698    2.0165435086   -5.2758018460    0.6575925931   -2.7373242447   -1.7257614611
   8.0274744531   -6.0084774810    7.6375622101   -0.7597391944   -1.7403197740    3.2999066725
   3.5645340770    7.3022544503    0.5311027675    0.4104747814   -2.3031601940    1.4994125397
  -1.2595513152    4.1727064139    6.1221331525    0.1248226978    0.9816554018    0.1407235957
   3.5789268736   -6.5559986041   -0.6213861045    2.0223117615   -1.7262455640    1.7066482696
  -2.8388844657    7.6272523081    4.9044898081   -1.9040186157    4.0703430425    0.6043207782
   4.6210109013    5.9486736180   -2.6997822769    2.7309393939   -3.4391237626    0.6663144120
  -8.4907877156   -8.1629159130   -4.0147638300    2.5493597987   -1.4800516521   -0.0470495492
   3.5793273333    6.0732128839   -5.1004978532    0.3289933604   -0.5787587069   -1.3752067657
   4.2522766076    3.7247943169   -4.7319311602    3.0835863284   -0.9723382395   -2.1803401867
  -1.8670831595   -8.1329729244   -4.3421239641   -1.6644955691   -3.8737545726    0.2760906016
  -8.4900694947   -2.7330284983   -8.5358895942   -3.2432774956   -0.6172985450    2.6661568621
  -4.5412050856    5.0344686773   -7.2073369940    0.5923309264    0.5515755874   -1.7091332247
   5.7288116604    6.2655645251   -2.1545967102   -4.6949493147   -1.1578161232   -1.0891501366
  -1.4592455163   -0.3996293922   -2.0121998736    1.1184378241    1.7559095099   -2.9838077661
   0.6180976480   -4.7835589548    2.7230472274   -3.1807030366   -0.7001046037   -0.2769709941
  -2.1759085590    7.0853282912   -6.7626828913   -0.3703436183    0.0242214005   -2.4587108276
   0.6637264606   -4.9673599267   -1.0614960328    2.1728529569   -0.7553691134   -0.4659711113
   7.3122951575    7.1233371690   -1.3891518183    3.2407944287    0.2879953975    1.5088031789
  -3.7784104029   -0.2635610128   -5.3745787595   -0.0364729972    2.2144796398    0.6927477039
   0.0122539881    7.6701509935   -3.7750265422    1.3237741707    4.3988958050    0.2353779807
  -3.1965583536    6.4429566526    2.0289636813   -1.5813600690    4.1520162722    2.3616144626
   8.0481247864    2.4192809611   -3.9130626021   -2.2666382924    1.1475770948    0.0613606675
   6.9800079363   -8.2718846726   -4.4605200743   -3.0564567130    0.2723121616   -1.6447294173
  -8.4306584294    6.8308867702   -3.2070392410    1.5220048619   -1.1386729425    3.0715269875
  -1.9205348786    7.7544428686   -5.4053442298    4.0791504931   -1.2623004836    0.0136650541
   6.2257140527   -7.6221521834    4.3652593169    0.5959543854   -1.4707773020    1.4368815414
   7.7031611993    2.8767590940   -6.3938360395    1.6306052115   -3.7604292644    0.0685211813
  -2.9176150198   -1.5980397105   -6.2659052792   -2.0952290408    0.1427251179   -0.8384965128
  -1.1702162847   -4.9381980539   -8.3178761543    4.1219841034    0.3710923418   -1.3485003610
   1.6030416902    4.0382661572   -4.7359200245    2.3752821661   -0.2334279098    4.3267566330
  -3.7414172494   -2.7101467269    0.1912958431    1.4835851994    2.7027100254   -2.6229637064
   2.5863364794   -7.9053262678    7.2415900582    2.6184764819   -1.4850281683    0.8153735389
   6.9436003500    6.7941137793   -7.7515463445    1.6823645753    1.1701284912    0.7535094596
  -2.7219790601    6.9580789748   -4.2481592800   -0.4294671707    2.3070025882   -0.1009411779
  -4.5698730271   -4.3080468003   -7.3623040678   -0.5288698256    0.1549279193    0.8168872696
   6.1641118131    2.0790948954   -2.8449924186   -0.8445992081    1.0163337974   -1.6178791111
   3.6173895341   -0.4965546033    1.9520968477   -0.3410383153    0.0748850809   -1.7536526155
   2.8151292481   -3.0861610194   -2.1958596060    1.2608959675   -3.2551750034   -0.3461765197
  -6.0909857365   -0.8736499371    0.9829409530   -0.2934134638    0.3027941856   -2.1281601758
   2.0546692756    0.3573094524    8.4003468791   -3.3618599716    0.8613492764    0.3184514276
  -2.4593578957    5.7001069633   -5.9785538974   -2.9969035056   -1.5055176832    0.9466912408
  -3.6226290591    1.6107714169    6.6940584744    2.8611697880    1.9142807689   -1.8201608632
   7.9848846084    5.8565621552   -3.6224679115   -3.3674690452   -2.1344064338    3.1930964109
   6.4852802828   -5.6545405578    4.0352922529   -1.0146410968   -2.1976525196   -1.0193830741
   1.5738296013   -8.1828585474    2.9804529749    1.0742178668   -1.0802338856   -1.4940803493
  -0.1832553887    3.0204251978    6.6333609833    0.2154834752    0.4818422900   -3.4586824294
   6.4330872086    0.2685769129   -4.8934090168   -0.6892459184   -1.0530669324    0.2246612910
   1.1440224075   -3.9777439720   -4.0660324047   -0.0388925637   -2.2036843604    0.4764209044
  -2.1480122951    3.9373206415    5.2861941992   -4.4834195959    2.2382170766   -2.7015153126
  -5.8079951954   -5.8499058345    4.4909130446    0.5797738218   -0.7209165627    2.4385698650
   4.2144030268   -0.5399208676    7.4647775817   -1.4716135455    2.0454561310   -6.2209207479
   1.3282384244   -4.7675297888    7.8311859031   -0.9085759966   -0.5532909417    1.0140358602
   3.4441493538    0.6175393776    3.9885685266   -0.9278119673    4.0527751774   -1.5011669784
   3.4352172857    2.8110145463   -5.0448761298   -2.1183616084    1.6811017870    4.6058962161
  -1.7823875388    2.3318190961    4.6770704607    0.7332787486    1.5369048857   -1.6756702844
   4.4862508276    7.2527119261   -6.7954367629    6.0956905522   -0.5656093139   -1.4970646569
   7.4521234797    1.1951038385    7.1226469158    1.9855342304   -1.2524661221   -2.1453879604
  -1.8412523154    0.5749925943    5.8734264923   -1.4427461608    0.6343623955   -0.1542729860
  -5.2359658087   -1.2820618323    2.1047507917   -6.0241195465   -3.0277496015   -0.2925484152
  -7.9913050650   -0.6773052561   -7.2438616601    1.8202019761    2.7389339730   -0.2932301546
   0.1178508719    7.9613836769    6.5005560170   -0.5851339922   -2.6962460965   -1.4560323220
  -4.2681778702   -2.6338279379    4.1035323369   -6.1826635536   -1.3261223995    3.5406717873
  -3.8193016686    0.9421650188    7.8270889010    3.0007540378   -0.1770967280    1.2132319095
   4.6456573462   -5.6279568419    5.2797056486   -4.8520635775   -1.9045137043   -2.0440796468
   2.8257239568   -0.6356381293    7.5148278197    0.2590444777   -0.1733024345   -2.4439854938
  -1.6600885794    4.7280830621    4.4429418618    0.1400905590    2.7021057773    0.4997297430
   2.1872859858    0.4723159193    2.2118625738   -1.4207508694   -5.5803057561   -0.5518080449
  -7.8689124151   -5.8675954932   -7.6606784760    1.3769943289   -3.1229189135    1.7365589944
  -0.6323232104    2.7521149882   -6.4689175809    2.1604140892   -1.1417448954   -0.7312320670
  -6.5692825074   -4.3364547453   -6.3989546438   -2.5567638470   -0.4352422494    1.0940474494
  -4.2503806678    7.8566825740    6.2833408060   -1.0579101035   -1.0860777407   -1.9400621789
  -5.9367065838    3.4677364058    0.9461712303    0.8884479397    2.3388892775   -0.4127763052
   1.2812817710    4.9559066244    1.8321698815    1.2204068228    0.5492027573    4.3531910614
  -1.6905618499    1.6152022725   -4.8225784575    1.7774616365    0.3039629176   -1.7835078554
  -2.1041279448    5.2488716411    2.3759655639    1.9118217970    0.1130538274    2.5894182112
  -8.3799722130    4.9819109423   -5.5100807575   -1.9543674586   -4.7035330946    0.4383519812
  -1.9896942171   -6.3967755770    1.6067725741    0.8375147846   -0.2513682184   -4.4887898050
  -8.2609611852   -2.2338945122   -7.6416807069    5.0054773273    1.8999659684    1.1968488028
  -6.0219852682   -0.3255316308    2.5204519286    1.8021859330   -0.5289619000    1.6371341917
   2.2098835152    5.1783624158    1.4587399179   -5.5562583330    0.8829844301    0.3909822675
  -0.0492607730   -6.6938461084   -8.4329655071    0.4831054909   -1.1411014061   -0.2114445523
   5.2233614923   -3.8806592009    4.8125084873   -0.6783084367    1.4070739875    2.0135605616
  -5.6782863731    3.8432390280    4.0626903022    0.9934344887    2.1439837565    3.0263062477
   1.3961914820    0.0441301318    4.9030454675   -3.8639730688    3.5228512212   -2.2087627812
   3.4236155326   -1.1393536469   -8.5351013977    4.1870083450   -1.1589963005    1.6597738031
   3.0260516752   -6.3822121932    0.1926366419    0.8411596388    1.8330409102   -0.9742339108
   3.6949599855    6.7896142992    3.9288667240   -2.8454259388    2.6210508478   -1.3342127014
   8.2352858927   -3.8905669515    5.1813488724   -4.8802193877    1.4049165044   -0.6443797173
  -0.7927417001    7.8936586992   -6.1382509961   -0.4154341981    4.1487803577    6.0285426614
  -2.6600807850   -3.5419647588    3.7465262133    2.2690924925    3.0136887419    0.9889057615
  -7.2563136361    6.8203328405    7.6047802657   -0.0250097086   -2.4456746584   -3.0648238790
   6.7850493585   -3.1524734650   -8.0713654613    0.8207231256   -2.5102512646   -4.1704873642
   8.4452330766   -7.2637402623    2.0962435549    0.5678704190    6.4863962088    2.6237902825
  -4.4519703582   -4.1468647745   -3.4820080848    0.6455415363    1.0585783366   -2.1583573716
   0.8329482160    2.0468295507   -6.6921993994    1.2277358270   -4.4026735966   -4.0920995319
  -1.3236583128    7.2114957406   -2.9514377590    0.3521034399   -1.4435684225    1.9820039019
  -0.7230692414   -3.5213676549    6.2840673668   -1.6927055372    6.2515941580   -3.8659495749
  -7.3446256477    7.9104746852   -2.0801936087   -1.2362375749    0.3093269328    1.2146041665
   3.3984276170   -1.0375249326   -6.9036857806    3.0308837845    3.9634459198   -1.5692969803
  -8.4936243343    7.9317935608    4.5384852485    2.8816974113    1.1331003393   -0.7120895292
  -2.6219442171    4.0474113885    0.0203199329   -0.6574454232   -0.6684696334    0.9823577292
  -3.8689102895   -3.7311475600    4.7810554481   -3.4818061386    1.3130162537    2.5219180274
  -2.2572795846    3.2913040620   -2.5637400573   -4.3582715021   -0.2190175377   -2.7595459790
   1.8117366309   -4.7400484624    0.7098726323   -1.5088316104    5.2539193408   -2.6237819021
   1.9390385198   -6.3813939471    2.0098412814   -0.1960786440    1.0635615247    2.5130181652
  -6.0157731232    7.9675743731   -8.0671241410   -2.5670106904    2.0915435486   -1.5649643667
   7.2495905016    7.4876361248    0.2291722242   -7.5695793753    1.6094769586    0.4079313854
  -0.0403430811   -2.6200657698    5.6851752271   -4.1976989771    1.2337905221    0.9081200694
  -1.2608304654    4.2969066077   -7.8188827639    2.1951071665    0.8908701878   -0.6559137946
   1.2491549353    4.6234809773   -1.6808329841   -0.7770386530    2.5966101315   -0.8578729379
  -0.4560128131   -3.1433255582   -3.7157001198    0.4185737689    0.8117143508   -1.4396157538
  -3.4794901108   -1.9904623368   -7.3662367468    3.0654083711   -1.9395086059    1.5399896335
  -5.9213120646   -1.8498597199    2.9906984466    1.1781721586    1.5529918527    0.5877865171
  -2.3044119272   -3.0461475857   -3.5749785434   -1.0375216717    0.3412018754    1.6922487990
  -3.9811856756    0.4136186544   -8.4403411185    1.0856417525   -1.0290584419   -0.4003820983
  -5.7506694396   -5.1392058112   -1.6095754438   -0.2036270332    1.0361700673    0.6131952239
  -4.7733523663    0.9477080850   -6.6795149954    0.0557092457   -3.6105499867    6.0674096581
   8.5382922149   -0.6413674931   -2.5025606203   -2.2339181404   -2.0090261257   -4.1132844089
  -0.1529005262   -8.0303239027   -3.6736825346    0.1414374962    0.3581714608    1.5539267135
  -0.6934634416   -6.5750515779    7.0079336323    2.3567775130   -2.8523490067    0.8330270830
   6.0034086683    6.4270156826    3.6409953171   -0.0986208655    1.9030125429   -1.6287436449
   8.2377448238   -7.5371877949   -8.0148004499   -0.3950441178    2.2100778085   -1.1143274458
   6.0734141723    2.0952167010    5.9705749264   -0.8353545249   -1.3669509059   -1.9352700058
   1.7698113747   -5.8678521607   -3.3383728448   -0.9762248660   -0.4855134349    1.0018789347
  -5.3902686672   -0.0050876018   -6.8293146132   -5.5343157911    3.2887629650   -2.3726111051
   2.7335751404    0.7289669214   -5.3642121792    0.9513077873   -1.0212327603   -3.2595548909
   3.2897755254    5.1605024404    7.9633160343   -0.2411294366   -5.5728728874    4.0854929587
  -5.8432562853    2.4555142192   -4.0208578434    3.1482282980   -0.7681965213    1.5306720045
   7.7019797427    1.4203968105   -3.2605833004    0.8787733212    2.6722353093    1.3027797698
  -0.2843362346    2.6208065742    4.9849547518    0.3557603456    2.3383765406   -0.3827355891
   4.4849359158   -6.5483314893    2.9951591919    0.2266139566   -0.7055257842    1.5842943140
   0.3965572393   -1.7968810710    5.4572673807    2.6799569090    2.3570090419    0.5071762868
  -3.2682978013    5.6178825691    6.7493552079    1.9380753694   -1.6256278724    0.1733964976
  -3.9526127104   -7.8728509224    5.2638546671    2.8041038320   -2.9133685446   -0.4250466382
   1.1051805572   -6.5991328399    4.9505903724   -1.5477945894   -2.6802379527    0.1964739201
  -6.4287256412   -1.9337311113   -1.4234149736    3.0383268660   -0.0820379780   -1.9362093569
   2.9592921758    3.4178244027   -0.8356210752   -0.7769946299   -2.1520869877   -2.8364265535
  -6.5204070638   -2.3415754407   -6.5071197401   -5.3394958673   -0.9446010245    0.7382059202
   4.3432655209    7.4402923795    8.2938151502   -4.8046327756    2.3663035564   -1.4150331483
  -4.3474222031    3.0905247132   -3.3713505813    0.1693352523   -1.1188402974   -0.3298789506
   3.0350054300   -7.1018463447    0.8651498582   -1.1202896224    0.7769336290    2.4529578430
  -2.2850560451    8.2506911418    1.3257884910   -0.7530643059   -1.7806342653    0.8657156200
   2.2698041735    7.7878766522    8.3433048543    2.8101450142   -0.3353238805    2.8708177475
  -1.8842961122    5.6667964607   -2.2221539358   -0.1201116485   -0.2048820173   -0.1834124693
  -0.1848250421    5.5253216720    7.6179728972    2.1203669129   -1.2187587752    1.2345050087
  -5.5543071878   -7.5969557216    3.0839368538   -0.7694793915   -0.1960096907   -0.5206870991
   0.7777900553   -4.5767348192   -6.7143703964   -0.0091800819    1.9047601113    2.1812546160
  -6.4249090925    0.4562925110   -1.9435312697    2.8222354536    1.0720649213   -0.7351226138
  -7.8529994268    3.5550597050    1.2872466145   -4.6791883518    0.6049986131    2.9815078838
   2.3703000508    4.6821708130    2.8972151910    0.5955786221   -0.7496438820   -2.3632821184
  -8.0774370921    2.3796891818    2.9761118783   -3.1580172791   -3.5055723224    4.6815630702
  -6.7149204646    0.2380172649    6.1565029332    2.4582530667    1.6822885107    1.3656488856
   2.8942578083   -7.5996676835    4.8787180075   -0.1368369428   -1.9810639295    4.6503798450
   3.0957813867   -3.3997186533    5.6615740555    1.3481060701    2.9320939830    2.2306669763
  -2.7698115546   -4.6890877393    7.1309332653    1.9305086522   -0.8276669834    3.1450157737
  -4.7352610626    6.5074037300    7.8656782145    3.7069915777   -0.4401746168   -0.8174993505
  -4.7873415881    3.9913967070    6.3467022171    2.8229121278   -2.3120304339   -0.1276370984
   0.8349079302   -1.1301597791    2.5255455267    0.9213962486    0.5338028201    3.9712754327
  -2.3023542601    4.8027207396    7.0266992273    1.5306616225   -2.4763012815    1.8058085920
   6.4273621054    4.0568498639   -6.1745431743    0.7455157388    0.1277164019   -0.6610381241
   7.3975657830    2.9598224543    2.6141498864    4.9148325553    1.4468746307   -1.5713683250
   2.8699081127   -8.5169743389    0.6947800815    1.1580803079   -1.7131757016    0.4977044487
   2.4515059657   -7.9608249415   -1.7268157895    1.1157632639    0.9957087627    2.4219542407
  -2.1183434980    3.3529894793   -1.4689459348    0.5190860943   -1.0698781626   -1.9926152652
   0.6149898393    2.7860406419    7.5803787534    0.3587678253   -1.3529910368   -0.0744451272
  -4.6598406212   -2.9447227735    6.1567957286    3.3632805580   -1.1978400934   -3.6759901495
   5.5158229227    0.4703372312    7.1062539784    2.9295736637    0.0223797333    0.2570628599
   8.0763657056    3.6784139404   -5.8649814939   -4.6726529411    0.7463063395    2.9915164029
  -5.5699921100   -4.7590279951   -7.7131258879    0.6157178200   -0.5455523368   -0.7538994930
   2.8421786500   -0.3661639498    0.0782106541   -3.2920427189   -2.4059009547   -1.5655276877
  -4.6118011479    5.8193347424    4.9129685552    0.4324620055   -1.0292774841    0.3452978554
   6.4645863688   -2.5968503191   -0.4995794357   -3.0606481661    2.0868293722    0.5532917031
   8.4737372648   -3.2358855016   -6.2598263105    0.0445835801   -1.4791518181    0.0105133592
   3.2703612612   -3.8629099449    1.0203591233    0.9482646471    2.1546280459    1.2399135323
  -1.9236335638    2.8965879525   -4.1920527490    0.8846889521    0.0887278743    1.1054639700
   7.2582922475   -7.7255741892   -8.2037031576    3.5020230913    0.7399466195    3.0970294452
  -1.8294295514    1.9932045813    7.6203670508   -1.1885331202    5.4069748866    0.7578071684
   5.5969759323    2.4406624794    8.0464779584    0.6224539685   -0.7135864158    3.4073617891
  -0.2699129794    8.0884650021    0.0079714340    1.3341033139   -3.4168683756    1.4770682745
   3.4838059397   -4.5384830770    2.0006392538   -0.4655708019    1.3877151043    0.8897130253
   5.3812325037    5.2575649826   -6.9343615374    0.1464558731    0.9230223550    1.0734655224
   4.5552586482   -1.4161698987   -0.1067953415   -4.6405806302   -5.3612735162   -2.9113815575
   3.9860065978    5.1195818526    4.4940991227    1.9241631922   -1.4776125218   -1.9407182202
   1.7411252811   -6.3692192985   -6.4706265525   -1.5440967597    0.0770843706   -0.7427350675
  -7.1802657993    7.9823554388   -8.2678130427   -2.3859162199   -2.9011553841    2.3978752867
   1.0620448131   -3.3156411770    4.2786733489    0.3062140149    0.6873683160   -0.8497776335
  -3.7143734343   -6.8063342750    6.5266165409   -3.1374063738   -0.8682162004   -6.1067169059
   5.1595962138    1.1154016217   -2.6284423455    3.4874527722   -4.4220072971   -1.0626393756
  -0.1801539296    5.9505056155    6.6542386728   -0.2530401093   -2.5084030046    0.9622272623
   5.9078832321    4.8309720470    0.7067265437    2.1510042615   -2.5481128319   -2.7665844319
   3.2026048240    0.0143792335   -1.5160554431   -2.6931448418   -0.9319936531   -0.8943452940
  -0.7685860990   -6.6683007610   -7.8774960524    3.8777183384   -0.4966509928    0.1393565283
  -2.5813646685   -3.8951946720   -2.7428762831   -1.9971770136   -0.4060705382    2.1489815178
   0.6816051627   -2.6418261751    8.4558231721    2.0457056914   -1.6264690975    2.4837870316
  -0.3307469870    3.1350205056   -2.2111185960    1.2590794397   -1.7634430496    0.4418173973
   5.7773498963    7.3017305308   -3.2894024562    1.8024350593   -2.6526044442    1.3997727089
  -4.7936584388    1.8619881177   -6.3687907996    0.8871380758    3.3133814114   -1.6219117545
  -8.2948824898    7.9185835647   -5.9934025330    1.4193597834    0.9306106022   -1.7634261876
   6.5024278514    5.1850901469    1.9963808347   -2.0101868163   -2.2739962561   -1.5964534491
  -0.8981464154    4.6184727032   -4.9307841879    0.5976263132   -1.1949371426    1.5095262610
  -5.7142550083    6.3846934392   -0.6895018501    2.8298267879    4.4531972388   -0.4116693603
  -3.5854490079   -1.6640689932   -2.0646733831    1.1020921814   -2.4299379121   -1.9242760794
  -3.9799193311   -4.6376923856   -6.3578216978    3.4486163561    1.2039041618   -0.7957908368
  -1.3546826792   -1.7099323897    6.6203196449   -2.0227878898    0.6458645904   -1.6223938415
  -0.3460162589   -0.3920987006    4.9041051082    0.4469959328    2.9997409703   -1.0671247436
   5.5238905380   -6.4013689862   -6.0196882066    1.1651825006   -1.7034093379    0.1195349250
   5.7348898892    2.2142891984    2.3438059176   -4.3012414869   -1.5135034061   -2.4175611403
  -0.0199122221   -3.8265439351    7.7653042183    1.2118298470    1.2476794219   -0.4175526002
   0.2381240953    6.9437706734   -1.1369073388    2.1275195294    2.5666427508   -1.4695337484
  -6.2496152113   -1.9870125373   -5.3489434650    2.1461438949   -0.7933537752    3.8605834252
   2.8728058894    0.8741776274   -1.0485560919   -1.4498362870   -0.1293776538    4.3122972792
   4.6754969854    4.8648909339   -4.4466020816    2.0694210495   -1.5421080394    1.3203571911
  -7.8829974417    5.5583987851    4.7886453879    3.1487174955   -0.5395317903   -1.6819409096
   0.7925983518   -2.9326812534   -0.3846607480   -0.6140106482    1.1011914985    1.8434541962
   3.9886460696   -0.0942484119   -7.4186753882   -0.5060895813    1.2881367329   -4.0616258454
  -6.1127929181    2.2192130478    8.1888654869    0.2864842108   -4.8967327369   -0.6852830751
  -2.3750688064   -8.1927297170   -0.1376028692    3.0159808143   -0.7436768134    3.0787909745
  -0.6583716313    0.9339684449   -8.1790466339   -0.2148160785    3.4681474579    1.3974122853
   0.8827494315   -7.3122963209   -8.0360478629   -2.0458194731   -2.0321853704    0.0265063929
   1.8668407984   -3.6141118919    5.1071929375    1.4114094736    1.4237167174    2.0191240129
  -6.4281279937    2.5817845695   -6.4322664285    0.1270444992   -4.6791088907    1.1444680656
   7.4715518083   -6.1934173249   -0.4685014462    0.9691837464    1.2846418538    0.9911532977
   0.3397193641   -4.6460698562    6.9607830445    5.4783289424    0.2825716309   -0.7722509457
   4.9374432182   -5.5255124520   -8.5420465841   -0.2281917932    3.3615811908    0.9785933149
   5.7714047595   -1.2677501266   -3.6505397970   -2.7104076475   -1.3242242006   -1.6728699464
  -5.2046221156    6.7534841831   -3.0928419263   -1.7311383093   -0.3640800284   -1.5131829729
   1.2421020205    1.8077591167    3.8603040068    1.9932360153    1.5813297818    0.1778431429
   4.6067888598    4.8927370827   -1.8661630662    1.4503631413   -1.2047800042   -0.1120042271
  -7.1313409894   -5.0011032174    1.1185347896    0.5372308009   -0.1491151435   -1.5720949655
  -1.0750324551   -7.6305185374   -4.9403863639    2.7475656568    0.8615915989   -2.7060371373
  -5.9237074665   -4.0687152074    8.3053922807    1.5280829398   -3.8637755144   -3.7403123424
  -4.2158408542   -4.4311964678    7.3043527049    0.5302380042    0.9426500075    7.8195492605
  -6.5663965090    6.8672894566   -1.2828477027    0.4761228731   -0.8332071083   -3.8898927724
   1.1201400079   -3.1617991621   -2.6714671909    0.4663827979   -0.0490260660   -0.0456774077
  -5.6546922011    0.6905580625   -1.0536295725    4.2593419043    2.3141920965   -1.7820554809
  -1.3404358731    6.7601725980    1.3096217215    3.6607871281   -2.0878597237   -1.0629949141
  -4.8234604125    0.4221234425   -1.5433213068    1.5296312715   -3.0798921784    0.0792127957
   0.3600546985   -8.1380056733    0.6183548451   -1.0756446471    2.1805650611   -0.1078970230
  -1.5399616129   -6.1063085695   -7.2721679564   -3.5610503031   -0.6098728786   -2.3216661220
   6.2407097381    6.3366217226    7.7550336647    2.1894481413    2.3699025640    3.2104179969
  -0.0747310733    1.9339553166   -8.3330411390    0.2344398629   -6.1200743606   -1.1207405449
   1.6993530075   -1.7952438664   -8.3371749510    2.1403428719    0.1463697814    2.8041735932
  -7.7651158203   -2.1067128394   -5.2829422062   -1.8348203757   -2.7135822543   -0.0327211166
  -6.0764580460   -0.9705824422   -0.3688762453    0.9674375346    1.3268119689    2.7617435391
  -5.3933854096    3.7346344743   -3.8158365162    2.2386405638    2.0150548370   -4.5327402538
   3.5475582410   -0.5100643601   -4.8636888011    2.8805183778    3.6123812963    2.6503111379
   0.0905532242   -2.1408838936   -6.5498678349    5.6861449380    1.5617295357   -0.8081973138
  -7.6100902872    1.0101913267    3.1364337867    3.7850097514    4.5107315747   -0.9364800658
   5.5884681734   -7.2888693654   -2.2259040061    1.4797843692   -1.1952752182    0.4129511957
  -3.1124001376    6.2699095391   -1.4669041766    0.2173829079    0.6339794589    0.8956474278
  -7.5012306947    3.6062043926    5.6208723051   -2.7329856668    1.0320452357    1.1305215229
  -5.6514362517   -3.1507082512   -6.7691921748   -0.8865806405   -0.1352656088    2.1559922156
   8.4827944871    2.7136231570   -5.2778947662    2.4135087118   -1.5183512555   -1.0371948808
   4.6453704116   -7.2762774351    0.9994515745   -0.0366252480    0.6646807394    2.8864181456
  -7.5726890640   -3.2535842146    2.4156446681   -0.8036852786    3.5574632680    0.7349744421
  -8.4292892868   -6.2873731890   -3.1285400644   -0.2925820199   -0.8155282252    1.7462166473
  -1.0428207527   -1.2566504657   -3.2361299224   -6.5368974377    0.7127621052    1.4805557817
   6.9226381821    4.8224083932    5.3178878973   -0.7563367294    1.2459753635    0.0731606231
   1.5145133106   -4.7752633658   -2.6832848143   -1.3726077128    0.1074439766   -1.1491642577
  -0.3630715621   -5.1210073465   -4.1265225388    0.9372383161   -1.1433814666    1.5517372982
   0.9338805179    6.7693486614    4.3064148765   -1.3598757912   -2.0554100383   -1.4794465858
  -8.4377206518   -2.7218292615    3.1236877373   -3.2043059956    2.6604268267   -3.5148298349
  -6.7683401400   -0.5875216712   -5.5337263334   -0.5904474425   -0.5414196592   -0.3016782385
  -3.6512227308    3.1753961257    2.1507921260   -1.5210028776   -3.2079773367   -1.0103182225
  -0.4566856176    6.1421399462   -1.4340249525    0.4104642673    0.4589090283   -0.6246142758
   0.3151454907   -5.4957992938    6.5790041733   -4.6540878074   -2.1797763451    2.0092282594
  -2.9945948845    4.2893111155    4.6251422006   -0.0126849980   -3.6358987281   -1.6696933170
   5.9923259670   -2.5253348066    8.2474807450    0.9780178154   -1.3891045542    0.9973868139
   7.9415280711   -7.6539150000   -1.4867945173    1.6975218293    4.2991395556   -2.6019645066
   2.7908234517   -1.2409622958    6.0248157696    0.4455950104   -1.7390777114    3.0628060493
  -7.0019464466   -5.6904430743    8.0858113264   -0.4127647751   -1.8201353842   -1.4273308341
  -1.3255164549   -3.5650181825   -3.2361229857    2.7835114770   -3.5460300084   -1.1395505884
   7.0529706983   -1.1145643181   -2.5297163709    0.3831187222    4.1929895204   -1.3826774477
   5.8869057286    7.5392088107    1.6515459636    0.0035140902    0.6967938323    1.3322194853
   3.2887850075    6.2766333513   -7.8994464345   -2.2425381504    3.0443840818    0.9206567084
  -2.4458003639   -4.1309983663   -6.8027886613    1.8441061253    2.9527001196   -0.6577516283
  -3.0982149754    7.8140232237    6.4137180873   -4.0674396333   -0.1014916835   -1.0625920151
   6.8559421233   -1.9165384564    2.3531314799   -2.2642983934   -4.7537386291    0.3670890184
   8.2826454034   -4.8059856086    7.9428967036   -0.7792486338   -1.1969838728    1.0854082565
   0.4835869987   -7.8709246393    5.4144707891   -0.7955873468   -1.8302104415   -1.9870615946
  -0.7398884770    6.5058144102    8.3223158557    2.0865637822    2.8348964423   -0.4078066585
  -6.4635012305    8.2370139929    3.4152774126   -0.3197418194    3.1234226056    1.1136241761
  -6.8634836197    2.8061561355    1.3687369036   -3.1888219628    2.4777728420   -2.5824861622
  -3.5377218176    5.2184245515   -8.2313261148   -1.5949927885    3.3450237385   -3.6126004625
  -3.7442297508    6.8867037471   -5.8094460507   -5.3176564538   -1.9283403180    0.7041499742
  -2.5666346390    1.8610120296    3.0924964497    1.9035660158    0.5504314666    0.8159611613
   5.7332169244    3.8955342432   -7.1004897236    3.2063714054    3.0495173725    0.0457218531
  -1.6373386379    7.5504344263   -1.7656913629   -3.7824847046   -1.0762458506    0.4185986859
  -2.4245971329   -5.3363531484   -2.3967304712   -0.2297939937   -2.1685417058    1.8261617574
  -0.0194347562   -2.7313576965    1.4378687868    2.4528619232    0.1501110369   -0.8622908371
  -0.6268221670    4.1764504727    7.7355201280   -1.1808322995    1.3977537264    2.2593098531
  -3.9674781147   -4.5667654973    4.1456889213    1.2106714702    1.9398732281   -0.8522195988
   3.3225551224   -1.5096484578    0.5372192133    0.0111089860    0.7689718040   -0.9848633665
  -6.9200464471    5.1607792902    8.2789323853    5.0216437551    3.0693996744    2.7330024692
   6.1211168538   -5.4120554948   -5.4355792364   -0.7605492630   -2.6722805080   -1.2026049895
  -5.5442022423    8.1930210492    1.2603491064   -2.2722321676    3.3949454710    4.7455727468
  -8.1646811641   -6.5080556061    2.6192148785   -1.4751329549    3.0403171108    1.1997951807
  -0.2450707111    1.2575463819    5.0051821437   -6.2557806462   -0.9127596131    2.0698139497
   4.1232341798   -0.1900627370   -2.5104341539    0.6762897549   -3.6542681409   -1.6862654657
   8.1368037712   -5.8751958170    3.0899157110   -0.1674006041    1.1956056059   -1.0997392490
   3.5830385214    2.1769744397   -6.9100912611    1.1891906331   -2.5467692969   -0.8679210297
   5.7841188598    4.7061937213    7.4248686504   -1.0405763860   -1.7520127676   -3.9596098210
  -4.7524236298    5.6807491432    2.9026550642    0.8975337420   -1.3360014248   -1.1190198663
   7.0323723178   -4.7278547203    2.7694808667   -3.0190010711   -2.2894302258   -0.2327905296
   2.5634152138    4.0440443118   -7.0543779496   -0.0345712292    3.0867211624    3.6381888316
  -3.2339567263    6.1857857933   -7.4049133528   -0.3332951114    1.3415452779    0.7183300083
  -1.7153284630    3.5018662527   -8.3912566221    0.8472504891    0.0478551008   -1.4724848379
  -7.5557638544    7.5188976836   -0.6104026244   -3.6594290823    2.1219607540    1.2787938437
  -6.2733576250    5.8251982067   -5.2080649794   -2.7997234642    3.9566785378   -1.7673235539
   2.4722980652    6.1315528204    5.8914404841    2.2941579915    0.2489081924    0.3261910795
  -1.5200549679   -3.5524454409   -5.3321617534    0.9133134993    0.0817124860    2.1369279423
   5.1131441081    6.2638406104   -4.9486074676   -0.0403118583   -3.3758983044    0.6199383676
  -4.6735871855   -3.8926612816    8.4979297186    1.1408741702   -2.9240734687   -1.2165578481
  -5.4253998023   -1.3089094593    8.4540267223   -2.9145959981    3.6497029380    1.0184984319
  -6.7433570299   -6.4909031564   -0.3491741872   -0.0206345837   -0.2655968079    1.4818046892
  -4.3916392569    6.6841217800   -1.4566916969    0.5732819032    1.5085731071    3.2660680023
  -1.3852210123    7.3935435254   -0.0309387689   -2.4545371791   -2.5616884495    1.1724448337
  -4.6679308509   -0.4950352783    3.5031482170    2.2377974499    0.3587617788    1.3695443557
   3.5471892854    4.3883586759   -1.9252280752    0.0967881372   -1.2655762072    5.3831060621
  -0.2173275405    7.1846450129    0.8024363851   -2.9576250034   -2.4262426573    0.9976808210
   0.3635344056   -1.1436021323   -5.7982925724   -3.7478436861   -5.1188427456    0.4453428461
   0.3687251845   -0.1682318561   -2.6936016428    2.9255426706    0.6840258217   -1.4807620370
  -6.8774356481   -8.5271163259   -3.9976164543   -3.0160213141   -2.4361541438   -1.9994281399
   6.5701343672   -5.3718390127    0.0452804038    0.2261750881   -4.5385244155    3.2271252928
   5.1934052782   -0.5896272731   -5.8265954571    2.1456740794   -4.2142112350   -1.8696808480
   4.7950832277   -4.7026274642    2.1780386639   -0.5418692579    2.5995488146   -0.2975282057
  -7.8600505834    3.2181973511   -7.0118581361    0.4705984121   -0.0374208822    3.3412814235
  -6.9169533089    1.8522985201   -0.8205030973    0.8421987042    1.7720598737    1.1238116274
  -4.0103597522   -2.8955034076   -4.2892975376   -3.1317469264    0.3666028597    0.5918876141
  -4.0687203766    5.8879002575   -2.2891098733    0.5516389674   -5.0563420505    0.2883500263
   8.0404149090    6.2924104824    4.2073764024   -4.8411783564    3.5026054531   -2.3529386954
   7.6109899249   -4.9406681146    0.1796948674    1.6279011198    0.7134397871   -5.8952987555
   4.6211974414   -8.5213079249   -5.2604758590    3.9828917789   -1.0963958558    3.0040963029
  -7.0370914973   -4.3147110444   -2.7909936533    0.2092024079   -2.8735879893   -1.8380349761
   0.1266035986   -8.3420765151    4.6052600422    1.7604640578   -2.0478203417    1.9029217300
   5.7046168740    5.1985642149   -1.9095233726    1.4598365687    0.2204935521   -0.6721734706
   6.0328195245   -1.1728530386   -7.3356309299    0.1688262435   -2.7236889486    3.0592131466
  -5.7562785833   -5.1223970294    0.0234747855   -1.6840847555    4.0740460675    0.1778006040
   5.2390166402    7.2292535781    6.2174124709   -0.9299307505   -4.8823450457    2.3631370208
  -8.2782161152    5.4475762856    1.3442809164    1.2862985967   -2.8476064008    1.7272244108
   6.0061661122    3.2810128861    5.6049929700    0.7514828263   -4.0167806074   -1.5085035882
   3.1273782734    3.2586458902   -3.8508737197   -0.5506203132   -0.8428630234   -2.3819575012
  -4.1373258863   -5.2180388736    6.0011220353    5.8619360994    4.1705144964    1.7007279365
  -0.8058308071   -7.7465916426    0.6782124971    3.1055307443   -3.1738561152    2.2675775909
   7.0435552810   -6.5463202835   -2.1560133364    2.7807757078    1.1789261916    1.6920493689
   6.8175579415   -0.6478172533    1.5331556861    0.2377350949    0.2371915487   -1.7611260048
   2.6468517755   -6.9591680845    5.6528889517    0.2655168432   -1.8482907355   -0.9680054773
  -0.3908708578   -6.1980534875   -3.0734311723    0.2389021106   -0.6786472451   -2.7509992015
  -5.1115368799    7.5962534610   -4.2797180353    1.4508873499    0.6517319497   -2.2656299596
  -2.6922555056    7.2228705296   -5.5743556255   -0.8736520702   -2.2860607678   -2.9272538759
   4.2618329415   -1.0954206127    6.2877673015   -0.1236200378    1.2595248943   -1.7850265337
   6.7561871616   -3.9576343551   -6.5302771894   -2.6806014819   -0.2042994606   -0.2901089305
   5.1566918498   -1.2494386695    7.9707921478    2.3538061240    3.0990906662    0.3704606015
   6.0441106644   -5.2434911246   -7.4070497018   -1.0696811090    1.1502887114    3.3502480073
   3.6317281402   -7.9186886324   -5.2070485229   -1.8220342884   -1.8691330830    2.8791728284
   3.8935769557   -3.1577393246   -0.1213235677   -3.2354202030   -3.6911616560   -2.4123016498
  -4.1756960965    0.8968050388    2.5666827421    0.8256800049    2.0185893655    4.8139566103
   7.4020786978   -7.6374426265   -0.4800685438    5.4584214446    2.4862538516    0.5240927837
   7.9197337439    2.4953980090    4.9365192678    0.6904412923    0.4953092829    1.0289235466
  -5.0366697201    7.8537460928    2.0481224300   -1.4349246464   -0.3356761365   -0.6657718611
  -3.7451611679    7.3480617081   -2.6487390789   -2.0748091763    1.2736752241    0.3956954363
   0.1686784604   -8.3573367801   -7.7542340496    0.8639320095    0.8391659796    1.1478117892
   6.4112832951    2.5915199176   -3.6473137363   -3.2139874584    2.2387041142    1.4081624104
   1.1637366713    5.0162510352    7.1864745919    1.6986685718   -3.0323877712   -0.3653221853
   0.8990118382    3.1622718237    2.6842050930   -1.6446975195    0.3668096559    0.6864451110
  -6.4243835806   -8.4739022568   -6.9334028288    2.8169888568    0.7866379632    2.4860650398
  -7.9567301465   -4.8308449500    1.7119672238   -1.3310641489   -0.3682770839    1.9829335875
   2.7255535243    1.1309760019   -7.1116944699   -2.4597317715    1.2024808466    0.5726533408
   4.5282899698   -8.4113123829   -3.6204312065   -1.4570238739   -0.1209940577    2.6375630921
  -1.1551760009    2.8734837614    6.2277822258   -0.3416991100   -0.6061458323    0.8972691200
  -0.3143886883    0.2676261976   -1.7300579793    0.0481175128    1.7513611318   -2.0108727743
  -1.6309831599    1.2801603972    4.4930683500   -3.2214858142   -1.5996671621   -2.5593922556
   4.2867298206    6.7299852973   -0.2965849300   -0.0975135371    1.6097330071    1.2499584802
   7.6916360911    3.7854798712    5.4329775562    3.2995286475    1.4298246928    2.9407019875
  -5.5263820276   -5.5086201692   -4.5533745641    1.0931785629    0.0356672371   -1.4529511793
  -6.9482987512   -7.3431658966    7.3009295177    3.3052890249   -3.0245141994   -0.2810420217
   4.7304631237    7.1379391706    5.1026983652   -0.4107691232    1.0302259961    2.6318407661
  -4.7202161125    1.4483557366   -3.6080971361   -3.2572964306   -2.2066389636    1.4109132962
  -4.2630493193    7.7262412731   -5.2360043289    0.4477394000   -1.0537987143    0.1727975478
  -5.7755741758   -6.3139148681    3.0802324982   -0.0625249305   -0.3310535433    2.2742414519
   2.9576190888   -3.3810896311    7.4394656047    2.7690343327   -0.1186650255   -1.2664454908
   0.2822549075    0.0643166254   -8.2243028292    0.3357736278    0.1311352072    3.3607009383
   6.3878096059   -2.4324029650    6.1207090840   -0.2981998806    1.5836585646   -2.0011272683
  -6.9053459802    3.3465073896   -3.2342291620   -2.0409620411    0.0417602785   -1.0334861782
  -4.0099751370    4.9663391708    1.0673704160   -2.0069976940   -1.5438587624   -0.3570806140
   4.7246541877   -2.2851449485    2.5269979239    2.2261841072   -1.2539444591   -0.7613735954
  -6.4568783209   -4.4256599382    5.7892857372    0.7516641755   -1.4926042771   -1.3154803690
  -0.6416536527   -1.3964858384    5.3112020058    0.5639456426    1.8539003473   -1.7885230242
  -1.3949769191    5.3274384115    6.5682299294   -3.0225733565   -3.5067291417    3.9291392636
   6.3718560121    5.2893263959   -8.0811808839    2.5531357982   -4.2519001481    0.8173774145
  -3.0408936266    0.6470969438    2.5089065170   -4.7411060868   -1.9503590345   -0.1146570260
   4.6918748296    8.1798432477    4.7407890287    1.0792349150   -4.0662874131    2.9704362827
  -2.6956653287    5.1761331682    1.6075905348   -1.7542149856   -0.8398417004    1.5646493451
  -8.5428253432   -7.6713878296    7.5599039259   -1.9806414231    0.6922279878   -0.4161331193
   7.8613653253   -2.0102065101    0.7131463049   -0.3125447278    0.6007954877    0.6998173890
   2.0173823995    2.2391187354   -4.0249531065    3.8526499466   -1.8688283230   -3.1993275584
   2.8751596281   -4.7567150510    5.9882103327    1.8024553594    0.7200195804    1.0043639194
   5.6516422280   -5.2138176721    7.6251400595    1.2947913308   -1.9360526090   -0.5110871190
  -4.3803312373   -5.1663872428    0.8241316755   -0.9231720629    3.7734264104    2.5511563638
   4.5566005888   -8.2930800191    7.5213980243    0.9399251686    5.7428551452   -0.7720288492
   4.8419848094    4.1524073268    3.1428607267    2.6102552470   -1.0502890418    2.1446503926
   7.9898318407    8.2383728469    6.2625134720   -1.4850573291    2.5810533340   -2.5537676933
  -5.4248932845    6.3491115850    1.6263114174   -2.3416156020   -2.0079523730    2.1778863061
   3.4786263357   -3.2178249270   -7.3921436474   -5.6455699024    1.7591421540   -1.1293616011
  -2.3072847426    6.5771438956    7.9950587873   -1.9741806600    2.7554132860   -2.0703520170
   1.5249640052    0.5275795492    7.1503486268    0.9395493510    1.3906137525    0.7681348437
  -5.2346439666    4.7778979419    1.1240252344    2.5633517616   -0.6273712836    2.1190328103
  -0.0767572690    4.8523797043    4.6767681077   -1.2442903934   -2.8678776098   -0.4599150646
   5.1485986635    2.6979218143   -0.8247419328    4.0918656038    2.6069183230   -2.9344344518
   5.5269600611    7.4737576605   -7.2053985189    1.0518828849    1.1287332174   -0.0726677300
   2.2773030591   -1.7325989063    1.3411935973    2.3190275988    3.9025133261   -1.5654241344
   0.1757335794   -1.1213448052    6.5774686825    2.6855196210    0.7577877078   -0.6125175465
  -7.3743646172    0.7113168379   -0.4796055149   -0.2224987188   -3.6122795199    0.9534060054
  -6.9968468308   -5.0624028546   -1.1154995154   -3.3631150517   -4.2597223663   -1.2401710179
   1.7852639763   -6.1805429221   -4.7430614143    1.2191048158   -1.4817334373    2.9578642779
  -6.4320046421   -2.8519948095   -1.4384579670    2.0782836626   -1.0252470339   -0.2674126155
   6.4332456030   -2.4594647732    3.4706294396   -1.9591078100    4.1642870372   -6.0970102880
  -3.4375963115   -5.3049884814    3.1253004372    3.6802632568    1.1029905031    1.9885020706
   2.4759949836   -4.6365188126   -3.7245598302   -2.4236840528    0.5383024611    1.3192303949
  -3.8115785014    1.9873933388    4.2114971920   -0.8583936110   -2.9469395361    2.7386904493
   5.4565310593    0.6703134974   -1.2887303613    1.1433423272   -0.4123984326   -3.7581849854
  -5.0074768437    1.1343366522    1.9033709766   -0.9268539204   -1.1274047971    0.1364708305
   2.3396594707    7.3273150010   -0.0202173287    0.0427847958    1.0703063921    4.7681925359
   2.3479972192    2.9442022521    8.4280304594    0.6062549240   -1.7737860847   -1.6138633593
  -3.0624997097   -8.0954658356    4.8832593569   -3.4478164834    4.3310362468   -1.9785625145
   7.1016022212   -2.2992812558    8.0219562621    4.0943022277    1.1851592686    0.9939785293
  -2.8493794750   -5.1378553997   -7.0402254680    0.8554564867   -3.2295941248   -0.6607932535
  -3.3361602343   -8.2040840177   -7.3199097591    2.5349437491    1.2265404326    0.4757882691
  -5.8301084229   -3.8552866781    6.5993604015   -2.5947870091   -0.8188972149   -2.4260114407
   4.5413998902    2.7777044193    8.0849297461   -1.5939956187    1.8817813886   -1.7168290454
   5.9010632653    7.3215134202    6.9802395008   -0.1439340589   -2.9254301417    4.1729785161
   3.4183472040   -5.7296387205    5.7168694034    2.6822364887   -0.0947716061    3.5636517802
  -2.9538168496    1.3571997849    8.1288193654    1.2972425257   -2.5008648279    3.5557988831
   5.7470584452   -2.5321107995   -7.2016411803   -2.1258875156   -2.4586169872   -1.0750704322
   7.3920889742    7.4146100621    8.4146704777    0.8711333726    0.6035433972    1.7035116952
   2.5575077723   -5.9017580075    5.9709159035   -0.2580349567   -1.4212967460    2.7415340454
  -5.9667811132    4.2308364831    2.8147257947    1.1241152285   -0.8507735430   -0.4694641996
   5.5421903597    7.7141422270   -6.2874995397   -2.1807333293   -1.1786179854    2.7231194740
   7.6170566119   -7.9846169457    7.6478269012   -1.9862044369   -3.0890780527   -1.8341931493
   0.8486722097   -8.2500102472    6.3047786374    2.0204835552    2.1758705051   -4.9275797147
  -5.7965862362    8.1673755424    5.8738919429    0.1899367552   -1.2040406093   -3.3096952811
   8.3154093018    2.5030285512    1.2811065597   -1.4908259995   -1.5311122199    2.9674840348
   2.2640439355   -4.0070573443   -4.5203236808   -0.8365454789    0.7901944525   -3.0960133125
  -5.9278292315   -2.1986585159    5.3767808687    1.8401304141   -3.1799685859   -3.5745580552
  -2.9098905073   -1.3643890108   -0.2551233535   -0.9208618205    4.6449514665   -1.2673296578
   5.8477524420    6.3536852333    4.6791284500    0.3234271276    1.9460110381   -0.6788469231
   7.7933211159   -3.2365464452   -7.4876354815    2.5575354169   -0.3518346218   -1.1624688532
  -5.4292732532    2.9185837956   -0.2061606927    3.0604018324   -0.0811325514    1.3520473796
   7.1711262111   -6.4601963276    5.8786807829   -0.8270676242   -0.7751982999   -3.0301093107
  -6.4945654051    2.8822793485    6.6870206534   -3.1027089727   -4.4957951580   -2.7406553756
   5.9285782348   -1.0577064926   -1.5525861829   -0.4733447929    1.0689286638    0.8829253375
  -4.7682311711    2.7099876562    5.1849300001    1.3110747815    0.8128745266    2.7895617433
   0.4821291422    6.0684174977   -8.3307735169   -1.0320940136   -1.3503833736   -2.2603277226
   4.8794537069    6.2208499693    3.7361148468    0.1490470460   -1.3160615545    2.2181369153
  -7.2745529390   -1.5390601475   -4.4571025712    2.4723788848    2.2918075064   -1.3436290212
  -4.7193615347    2.9808569649    8.3873716138    1.3945231923   -1.4049022151   -1.7559440364
   0.8598172563    4.4516287679    3.5557943489   -1.4431953324   -5.3082484246   -0.7485618586
   1.0010387760   -0.2894238333   -0.9499015929    2.5124671300   -2.6088303081   -0.3614296093
   5.7263089690   -0.3723388156   -2.2911537686   -1.0304639145    2.9535860777    1.2607006939
  -2.8399849680   -4.1369390238   -3.9542504555   -2.2134831214    1.4535650211    1.7073458442
  -8.0402774224    6.8822912902   -4.0088284686    3.0578346762    1.8902028607    0.3381791630
   7.9396012630   -4.0397588172   -3.5284993082   -0.0232181606    1.2905745188   -2.5601871711
   4.2688616840   -7.2876014360    7.8407368383   -4.6260355128   -0.2122409327    6.8597467255
  -4.5320447538   -7.4937298493    3.8745495131   -0.9992117259   -4.4858402757    3.4199615655
  -1.4935969247   -6.4891687101   -0.4364891996   -0.0566926270   -4.8343196506    1.8449539739
   3.0945229877    1.9071388196   -8.1140136437   -0.1398282131   -3.9500828703    1.1806055507
   5.7762654047    0.6609764923   -6.5979133607    1.6154761821   -4.0318605575   -0.5454646155
  -2.2345359517   -5.0778376803    3.5471055407   -0.3851348639    0.6671571827    0.6166592355
  -3.3193225682   -5.2897420276    1.8218526515    0.6732693418   -3.8195667346    2.5938342780
   6.2119854689    8.2639561836   -4.6149389600    0.2960481162   -0.1442282338   -1.2484096686
   2.0898941183    5.5352761614    2.7729656030   -1.2953167302    3.7316934737   -1.6919825449
  -1.3854066791   -1.8662312931   -6.1493980699   -3.3051569162    0.5594263250    0.7047978974
  -0.5389293767   -6.9073961302   -1.1094891201   -1.6080568032   -1.9920182751   -2.5405488229
   2.3538124033    3.0863925816    3.0790571884   -0.6683345377   -0.8395367300    1.1714764966
   2.1292030408    2.1989910686   -0.6153264208   -0.7769274304   -1.1929931155    2.0556823526
   6.9736089139   -8.2383206848    3.7936610433    4.6196930916    4.3933411568    3.1677784578
  -6.0569115469    1.9646403262    0.5717597814    2.9679240638   -0.7670317991    3.5015990031
  -7.7156445121   -6.8536173673   -4.6933654522    1.4030480419    1.7101506231   -5.4627161070
   2.0533674583   -7.8163299728   -0.6587720979    3.4169291702   -2.1620875964    0.5660606306
   4.3978287515   -7.1506718521   -1.0954255144   -2.1797834783    1.2277498376   -2.3376874152
   5.2564197242    4.8460085795    4.1195585152   -1.4451793013    1.2101250546   -0.2039927745
  -5.5736805853   -0.2446648695   -1.6119677128    1.1875229902    1.9543373800   -2.9048370072
  -2.9037875760    1.5190264401   -4.1904613253    3.0333447063    0.6917292981   -0.6348037135
  -1.3596484238   -8.3596448819   -6.1257112706   -2.4403236060    3.7329441870   -0.7637039710
   6.4908955379   -7.0697980702    6.5351208316   -3.5183900699    1.7680392154   -0.3878266612
   2.4095838168    1.1454510548   -4.5193469300   -2.1142310800   -2.2769542879   -0.8791671503
  -3.7209602724    6.2683484952    7.2914764267    0.2343494232   -2.0384346189   -3.3603117791
   3.5270289812   -1.8283787383    2.1854015401   -0.3994794660   -2.5799879554    1.4612822949
   1.0588210342   -5.8875965499    3.1755566899    3.7800128530   -0.4085757373   -1.4270281060
   8.1400460385   -7.4810037945    5.2338587582    2.6976814959    0.9910351902    1.5585895848
   4.5134660734    6.1095376425   -8.3142647902   -4.4088321626   -1.2754695365   -1.7685930842
   2.5443837259   -3.8847257578   -0.3566738411   -1.5894674788    0.6509983707   -2.2780882999
  -3.6838134894    2.2028312130   -8.1969028357   -0.9226800534    0.0036656136    0.4221131860
   7.0599244921    3.2223035811    6.5388166557    0.8115213738    1.8502380479    1.3429782171
  -0.0022497118   -0.1989892036   -0.2442174017    3.0667903021   -1.6651232502    0.0330394495
   7.9746822935   -2.4168511472   -3.2374084568   -0.8396149078    3.5740116367   -1.8223033094
  -4.2780185166   -0.8842262408   -6.4937065242   -0.5638408897    2.1729465223   -1.2405949136
   5.4414967618   -0.9581929105    1.8362647435   -0.4518960672    2.3464757021    0.2837068917
   2.1453598302   -3.1226327468   -3.0756835534   -4.3649959983   -0.4687701466    0.2653429455
  -2.8165677048   -3.0370430443    5.7847158141    3.6504025032   -2.2286111546   -0.4798928580
  -3.8889663177   -7.3864962076   -7.5626058643    0.4308688711    1.8434798508    5.0907694238
  -7.3900953350   -8.4742517200   -7.7114366331    0.9413075535    2.0316635014   -0.2255452535
   4.2409840690   -5.6889262819    0.1985872040   -3.0465967175    3.4789383103   -4.6195203350
   7.7176755473    5.4638766166    3.5144782226   -0.4511660192    1.6735790194    0.5113110674
  -7.2506144804    7.0510783014   -5.0816599652    0.0890131479   -1.6896988833    1.3695313324
   5.9108552225   -3.6397929518   -3.5495131648   -0.6168174446   -3.3169116749    0.8420971320
   5.5958943278    2.9587609724   -4.2164743277    1.2317709177    1.0161490600   -0.0627870126
   8.2632620794   -6.2541301671   -5.5831434398   -1.0888128081   -1.4684297203   -1.2995306743
  -4.4738913503   -6.3098517437    8.3327004973    3.2351706245    1.8540085241    2.2018543029
  -7.5696067152    8.2921903282    4.3970534274   -5.5967640085    0.1639454235   -2.7402218219
   7.3106632717    5.9533822296   -6.4348958319    2.2457517576    0.6125995332    1.5981020410
  -2.7835161764    0.8752162729   -0.9124914182    2.4513157042   -1.7962920809   -0.7549946859
   3.2033713694    6.2342797527    2.2406741086    2.6110313357    0.7483878383   -2.6066561476
  -0.7750370918   -0.6300316595    0.2346739638   -1.7111798469   -1.4205618741    1.2530121188
   1.9745182621    2.4922997406   -5.8110914707    1.2215097019   -2.8098579935    0.5807404423
   7.5972656536   -5.9431050510   -4.5598026390   -3.7549823676    1.2482378794   -2.2147920789
   1.4437472494    0.4891888370   -6.2479693186    1.6147381782   -1.5498011722    4.6651746129
