           1000
    17.09975947
   4.6758898908    2.5120753564    3.5259719080    0.8312483515    4.0878442599   -0.2863755583
   1.2501316664   -1.8521131507   -1.5051716960    2.2328188468   -2.6685811839   -1.7222272908
  -6.0331771843   -7.0092870989    5.6560374904   -3.1752950772   -0.9094796374   -2.9091436338
  -0.1001734529   -3.4431690399   -0.3907532364    0.9063163318    1.0692397000   -2.2214663945
  -6.2480637571   -5.5093552637   -6.0978735575   -0.0117512694   -1.7188047414   -0.8173008879
   0.7896183067   -5.6357222839   -0.8294551961    1.0826506496   -0.9736323781   -0.8286802416
  -2.0777838177    1.6709541345   -7.6447913193    5.0173410396   -0.0425435966    7.3705166434
   3.8256099326   -8.3223962416   -7.5446019028   -3.8900994256   -0.2032142222   -2.8836166199
   5.8397628837    6.2863278476   -0.3959949164    1.6525144226   -1.4970316090   -2.6419633881
   0.1170719704   -2.7625017994    0.9912911981    1.4950862040    0.0241154559   -0.1660454328
   6.7531110091   -0.5673934317   -2.8884693542    3.3231733393    0.8668187353   -0.6629539516
   5.0838946527    3.2554407914    4.5898504969    0.6338658808    4.0391286290   -0.0172871564
   0.2483133842   -1.3099991345   -6.0455097408    0.1739376007    0.4981626652   -2.5802672875
   4.7221639393    6.9066764437   -4.4015102181   -5.6502461498    3.4981299701    0.0262379575
  -5.8798417432   -0.4573683302    6.3155029399    0.7135400016    0.1525972308    4.9588070223
  -3.8963831393   -3.9473219161    3.2052091677    1.7454367653    0.2091274348   -1.9496932246
  -6.1311200552   -1.2225987491   -6.2693137124    0.7092048398    0.6756640320   -3.6751776128
   0.6900354295   -6.1209785489   -4.4793410408    1.4214541531   -2.7047609684   -3.1396039313
  -4.2174133322    4.5551916697    6.3647285120    3.0359064904    3.8394351151    2.8113727562
   1.9266580382    4.7998735990    8.2313960851   -2.8131378966    2.1951957633   -0.4891313282
   4.8029119872    1.4963319628    8.1336640802   -0.7351128808   -0.8369999494    2.7506285862
   6.6986656647    4.0942505577   -8.0534244406    3.1204220404   -1.5875876614   -2.4208057514
  -0.7908706736   -8.4045897330   -3.0752898995   -1.6933463235    1.6741100011   -7.4620796499
   5.0211669145   -0.6413914010   -7.1197490991   -0.4687811193    1.6385359272    1.2618454173
   0.2259580958    4.5783902515   -1.1499075803   -1.8423288527   -0.0368367950   -2.5913827098
   6.8210377810    1.2170579732    2.0323987750   -1.7980650046   -0.1070768808    1.6189355654
   5.9339764257   -0.3593634594    6.9455581268   -0.4023783052    2.1329482509   -3.2650691900
   4.0920325486    0.9996860282    4.9476152516   -1.5917537716    1.6508396413    0.1224073486
   3.1092530002    6.5008433896    8.4395575538    0.5996503085    1.0085573523    3.2045224499
  -6.6300137224   -7.4085162799    1.2041613893   -2.4907200702   -2.8018388639   -0.9673134582
   7.6935566125   -5.6062990540   -2.4216093968    0.7915563065   -1.5600823053   -0.5138064724
   0.5689526284   -8.5108392757    8.2978476889   -1.2595337690    0.1424739995    0.9411106193
  -7.4330062309   -6.8613443869    4.9767725938   -1.9973607306    2.4565634322    3.8580565059
   4.7199468097   -0.3995440981   -3.5471806247   -2.1401189346    3.3878938022   -0.8095327252
   7.1872284346   -4.7069346561   -8.4005354306    2.1298760962   -2.3937845215    0.9460795396
  -4.8648587316   -1.5516182183    7.0829535228    3.6424950588    1.0757173692    1.4976047075
   4.8131106701    7.2641737860   -0.7257137122   -0.8444761525    0.9709979124    3.5585128862
   1.5651194500    7.8121345930    8.3820592432    2.6934793941    3.0681000323   -0.8204423581
  -2.2355356704   -1.0507228809   -1.4608871813   -3.9207051751    2.4178138258    2.2944927105
   5.4820573101   -2.2527900671   -4.4621237567   -1.0173695192    1.8857853254   -1.2175825383
  -7.6619178121    2.9663532132   -7.0006691545    0.2910765874    1.0514359382   -1.1269889421
  -0.6043249571   -6.3007596671    6.6297557211    3.7579230361   -3.9187146493    2.2920250743
   7.3214887207    5.2332174892    2.8153051367   -1.7287690560   -0.0706044564    3.0839962020
  -3.4340040112    0.4582655677   -4.9927199953   -0.2519833130    0.3059217557   -1.3605731378
   2.9094989315   -5.7497213356    7.0394073198    0.9673025556    1.9199078921    2.4785989052
   8.0691339160    2.6354274429    7.9232134286   -2.2555823174    0.8295220461   -2.8215700835
   5.2550991295    0.7857132379    3.9960418722    4.1139782990    1.0059113269   -0.5714763483
   8.1144066428   -6.4810542881   -2.9669390326   -1.4211821978   -2.6232393203   -1.6242411393
  -1.6042121782    6.0752598591    0.2192598565   -3.1932015623   -0.1305840933    4.4403659468
   8.1568547855    1.3811221417   -4.6275875064   -0.8626037327   -3.8938548033    1.1429410424
  -1.8077801558   -7.7044899217    3.3529636152    3.2050948333   -4.3676606306    1.6901350004
   6.3737675978    7.1287481681    0.2424350388   -5.1487893943    0.4946595352   -4.3572955471
   2.0237574960    1.2959076093    3.2505820062   -0.0777290121    1.8803189089    0.7558868809
   6.1440083532    0.0332968054   -1.5697180154    2.0573479951   -3.7163884710   -1.4296283613
  -3.7604069272   -0.2182010077    8.4859461084    2.7185549438   -0.3700672525    3.1822290472
  -7.0865437257   -1.6103349152    1.8245753067   -2.8968037048    1.4181706216   -4.0244480168
  -1.6917382162   -3.6122905261    4.9458055580    0.5363643324    2.8007575919    1.8437911230
   2.9310697240    3.7641561688   -6.6206567865   -2.2118449976    1.6628211694   -0.9752466467
  -8.5395823455    4.5067948942   -6.2342602451    0.1796282857    0.1652905241    1.3332173560
  -5.5852244923    0.2897329439    3.2130588691   -0.4676547487    5.3526365650    0.8194628349
   4.3938873539   -8.3991737859   -6.0179712519   -1.0973850318   -6.0469485627   -0.6545671170
   7.1160037392    3.9335902285   -0.6062831002    0.3079622874   -4.0904007492   -3.7269496279
   6.5197852446    0.7998236542    0.1994355909   -0.4335310245    0.2951058366    0.2698491804
   4.8932246480   -3.3765008504   -0.9654290413    2.0632350046   -0.4985390674    1.7707986193
  -2.8827775947   -7.4937082742    3.3501275085   -0.6929205071    2.8083835177   -2.6426248352
   2.1282717547   -6.4272037673   -6.6474372741    5.0058741399   -2.7753090620   -4.9331185250
   4.4650949578   -1.3009436410    6.5393630948    0.4731457177    0.6298113940   -1.5980356341
   7.4742315010    7.4147931960   -7.0897273027   -1.3936555820    3.8121864337   -0.4516049947
  -6.5775411034   -7.5625554208    3.4807037952   -0.0407717380    2.9717755619   -1.7111703912
  -4.1863702202    2.4743805689    2.9861636425   -1.4949065935   -0.7395478946    3.4051641762
   7.0030026767    5.9880090464   -7.4996770917    1.6042968055    0.5084202135    3.2666402183
  -4.4703553552    3.2744291187    5.4209894330   -3.2089062789    2.0987373240    2.7055555100
  -6.0488173278    7.8740334877   -3.3668159512    2.2578502836   -0.9653517596   -0.1756184881
   7.8926091830   -7.4708823583    8.3738610257   -3.9181596281   -1.1399548534    0.0799994780
  -6.0117748954   -8.2851145725   -4.3627706360   -4.3017994064   -1.9136698641   -1.3985296648
   2.1463408751    0.4497278209    3.5834259248   -0.3345075409    4.7669456531   -0.6099436911
   7.5373973640    1.9199238216   -5.1872547331   -4.7256124515    0.0768939961   -1.0578194315
  -2.6042920562   -0.9068124072   -6.4397755033    1.7854596313    2.3071211385    3.2321598974
   6.5529492642   -7.7712178349   -3.7927224615   -3.5334852056   -3.8240881484    0.8243585049
  -0.4132922751   -3.5756886665   -3.2371674233   -3.3600513003   -3.3963895101   -4.8598854740
  -4.1699840818    8.0398507099   -4.8193834445    0.9219062135    1.0132320338    0.2452694195
   3.6862219384    8.0189827839   -6.2488113183    0.9500699790    0.2375601530   -1.5654982091
   2.4398315416    1.5915466994    1.7708221630   -3.8467910761    0.8367673492   -1.6899415200
  -2.2359440806    3.9336506372    2.3704339581    4.0194117833   -0.2997774862    1.2389922370
  -3.2298697279    2.3337662792    6.4465911490    3.3725606406   -1.4702563387    0.4058060880
   4.0055975691    6.7978883182    0.9670331973   -0.4543636967   -1.2529929199    2.6290907930
  -0.0385214830    3.6308764032    4.8237228646    4.8803494694   -0.1752454033   -1.0083586568
   5.6633189024    7.9236987531   -2.3808535791    3.4446964771   -0.5725420939   -0.5568136070
   4.9145911204   -4.2195268399   -0.4451122867   -1.6567493553   -2.9610050879    1.0691756184
  -4.6052650842    3.9713190649   -2.4344852433   -0.7394163652    5.3117008549    1.4075115996
  -0.9187159138    0.0065990047   -5.5107823514   -3.1173759331    1.0362883238   -2.3810761082
   1.2135340619    4.7678268741    3.0539068680    1.5186217243   -2.8658960821   -2.3660179765
  -4.9992591358   -1.2685866508   -7.7626339620   -0.9533580268   -1.2159191251   -3.6338673597
  -0.9741289565   -1.0322707879   -1.8368265553   -0.4190079947    1.1992648383    1.0432188031
  -2.9029702198   -6.2990800289    0.5570669096   -0.5057653880   -0.1112899957   -4.3681097740
   6.4695098532   -7.6272700848    5.5583617780    3.3696073436    1.2116384456    1.8534681472
   1.4062634319    6.0051077269   -5.2497185244    1.2295312181    1.7898611592    0.5636168757
  -7.4956740764   -0.9658720851   -5.5572884267   -0.0894203585    0.9561026119    3.6974253158
   6.1502685572    8.3100059290    1.0437044733    2.2502742181    1.9355169744   -0.9744892566
   4.7040338330    8.4482499616   -4.4262733790    3.0527960869    0.8759436883    5.4976816245
  -1.3456463322   -4.5220487844   -2.2246917679    1.1284662863   -1.8856400088    3.9896090644
   7.4998564139   -4.0446883009   -4.8162506629    0.2706630048    0.8049040260   -1.3072067656
  -0.6228005219    2.3091871968    6.7490757028    0.7489654820   -1.6119002739   -5.0119053797
  -1.3188239372    3.5478448810   -2.7447567228    0.6023741096    1.7237506466    3.6047815733
  -1.9351602242    6.4521188952   -0.8685253593    2.3117643856   -1.7296913827    2.2139961409
  -1.1012421637   -4.3547818103    0.2437227185    0.8837183914   -3.3183068922    2.3080338062
  -8.3682669773    5.4295405292   -4.3002018438   -5.2845420009    0.5926663587   -0.4180190666
  -5.8895311302    7.7381190258   -5.2947540407   -1.8536453380   -1.7488400445   -2.5961603881
  -7.7065126919    8.1004583648   -3.1973366610    2.5364848408    2.1355894579   -0.3678661496
  -6.1718678417    4.5357307646   -6.2836051790   -2.1688431051    0.2593693546    2.2939061359
   8.0559373506   -4.0058240234   -8.0476095805    1.9441136739   -3.5033390230   -0.2445361107
  -8.1894456406   -6.2161775323    3.6977462112    4.5127054161    1.6752349853    4.4380774033
  -8.4718463968    0.1674463304   -7.2260395973    1.3548304913   -0.3936746133   -2.8197957819
   3.1206683613    0.5595837496    4.7749204817    0.8558483760    1.1599071718   -2.6544196680
   2.6042630502    5.3948573732   -4.9313327962   -0.1846865503   -1.2654684518    2.1908439630
   5.0878326105    6.6243083560    1.3743796018    4.5390242771    0.9033765871   -0.0917688718
   2.4584302499    0.7426541564   -6.1013264369   -2.3831009804   -1.5891306717    2.0919580640
  -1.1961100602    0.5843303916   -6.8998655455    4.7720615569    5.3663560281    0.0423588161
   5.0015736133    6.5761461187   -1.3610678862    0.3651939182    3.6691767880   -0.4273542635
   3.1871433145    1.1844785153    5.6835741981   -0.1927841140   -2.2044815081    3.0050822264
   3.8262889119   -1.3844175856   -3.6204363681    0.2579419899   -0.5643857835    0.8536195764
  -3.9942248807   -2.4523325332   -1.2281831347   -0.0774360888   -1.7872295730    1.6415001891
   6.0888118034    0.8091659442    1.5371996889   -0.6562610030    2.0644280099   -1.6498955947
   5.2935584797    2.2873793834   -0.4803846906    0.4787085909    3.0171968089   -1.4033788521
   6.8791707171   -7.7852276119   -2.0428782808    0.4381466398    0.3894702527    0.6334204835
  -1.3162848239    3.2485594119   -3.9518053126   -0.8393465492   -2.1110142810   -2.1090364644
   6.1949224596    4.0012988293   -4.7568950286    0.7864121903    2.4621993547    3.5467957104
   6.7864499534   -5.1132229683    4.9677337644   -2.4267294342   -3.4230449308   -2.6640482306
   7.5164565490   -0.7858601259    5.6473694738    1.3237420292    0.0585440568    5.9187505377
   1.7690173409   -5.7086468991    5.5623646852   -2.2051566850   -3.4548538258    1.9659688030
  -5.6078652342   -6.5321974464    2.6205637158   -0.9673446626   -1.0500874920    0.1136058938
   0.7241457363    6.2519440403   -1.3947003258   -1.1631730341    0.5370589779    0.3962927235
  -7.2069419716    1.6153641323    0.7659880256   -0.7248555754    6.1873891797   -2.9486278403
   0.1188218374    2.5179985176   -6.2048613892   -1.5332163228    1.3570010432   -0.8321294285
  -7.8444162341    2.7361639167   -2.4547630357    1.8910905960    0.9499652651   -4.1120182634
   5.6608242186   -5.2978156764    3.8486660870    1.3222149854   -1.2247203193    1.9864620896
  -7.4365678748    3.6049666068    6.1113694312    3.5407092932   -3.9098367277   -3.3032242911
   6.7032056691    0.3888193401   -6.5106095319   -0.6337764044    1.2365229325    4.8073679719
  -0.6110026152   -7.7400232806    1.8307114265    1.8497637393    0.3806512035   -1.8105896371
  -3.5463924667   -4.3193300505   -3.6518261393   -0.6852981907    0.7061619425    1.5882910750
   6.9957474409   -0.9578939848   -6.6288282204   -0.4549207610   -0.7669914807    1.6042583551
   3.8702022049   -5.5881435348   -6.9585387639    0.9902483163   -0.0585354034    1.1353123809
  -3.2859229320    6.9768464963   -6.1614955953   -2.4634854823    1.5356889910    1.1423401269
  -8.3566409597    7.7476354800    4.7597449795    0.4711507925   -4.1874960738    0.5417635850
   3.3742708162    4.4255865728    0.0142221072   -4.0041137887   -1.9968190465   -2.2283675427
   2.2084297174   -7.1479988102    3.5801830231    0.9424122767   -2.2808895347    3.5994306078
   5.6443797656    0.1636669573   -7.2038893573    3.7756256476    0.6261706152   -0.7766934657
   2.6240727315    7.4176094654   -2.6682337494   -0.0076493715   -2.7878983273   -0.2661928551
  -4.6335928628   -5.3009765759   -1.0853243430   -2.6223346717   -1.0503924605    0.5249201332
   5.2474813117   -7.3789130423    3.1083980354   -4.0587919487   -0.9929428798    3.3170025545
   1.9579690709    2.3098889623   -4.8975462566    1.4342003497    1.3895734373   -1.2451050223
   0.6653006705   -3.0191477519   -2.5296853078    0.9239426565    4.4127369407    2.4122996169
   1.7438694688    2.9872498470    8.3562363156   -1.1936578213    1.9446606676    0.3468792525
  -5.1041542874    4.6170938132    0.7648865033    4.7589116908    1.5322091633   -1.4851255409
   7.3197238880    2.0478785392    1.6164341174    0.7079006813    1.2888466700   -1.4585822816
  -5.0914645339    3.1266593542   -5.6394971666    1.6664928231   -0.0778304227   -0.8068040139
   7.6640238576    3.3066237886   -8.0247308548    2.6685770492    2.1889946663   -2.4664634866
   1.8704440448   -6.1729293447    1.1513455913   -1.3050436224   -2.0799837427    2.7405079685
  -2.2032487793    7.6515633951   -3.4996596811   -0.7659644970    2.7373845446    0.6286500049
  -5.6073603852   -5.1843961730   -6.9006580349    0.7992380466   -1.8065687685    1.9887160007
   4.5114462288   -8.4530168004   -0.7929278476   -0.6567267113   -3.0877460813   -0.2113503822
   4.1940958152    0.4122460347   -5.8386123203    1.7779693720   -0.0843114612    0.9084266283
   2.4552861092    0.5511738124    7.0414587070    1.3119639792   -1.0186891047    2.0199151432
   6.4730990319    0.8499877957    4.2109309022    0.1529487915    1.9901162350   -2.8182671261
  -4.0836791404    7.5459741582    0.7361258923   -1.4979236756   -0.2097211135   -1.6848987282
   5.4631126435   -4.2622177439    4.6244414973    1.6396274392   -1.5932297381   -1.9461604207
  -7.6905960942    0.8475926173    2.2155037482    0.5547340096   -4.0620664182    0.2714553853
  -3.2258846656   -5.2233096707   -4.7318608172   -0.0857039215    0.4008975559    1.4255368761
  -2.9599518632   -8.1113997041    0.0640843052    1.5709803998   -0.8373751832    2.0818675058
  -3.4887843440   -7.7873102275    1.3634023034   -4.2052664535   -1.5997054288    1.3986118418
   7.0709260302   -7.1017020420    1.4152270647    4.2632171179   -2.3257000276   -1.2409765911
   2.5430158744    0.9822573820   -7.4211933820   -2.6808423581   -0.0534780582    0.6892794341
   3.0003645014   -8.2865253629   -4.5178867569   -0.7932041086    4.6649775693   -4.8238132593
  -2.8410218004   -0.8047904111   -4.8591434513   -0.5190781574    2.5538079639    2.5125291285
  -2.6058692943    5.4731334462    6.0478847357    2.2208264220    2.6688958414    1.5094920769
   5.3482801219   -8.3201422038   -0.2137587767    0.9803054536   -1.6204097861   -2.2946423706
  -4.5637987168   -1.1501729616   -2.3400257611   -1.2728166122   -0.3354747397   -1.7192457303
   5.4055899529    5.3187270286   -8.1623787444    0.7469914957   -0.4237144574   -1.6494343316
  -6.3900567737    2.3196553060   -7.0749892022    3.0035639406   -1.0708859820   -0.1680588954
  -3.3160014802    4.6634954789    0.1226536212    2.5966146111    0.5742497592   -0.3307769442
   3.4319772902    4.0457631701   -3.4796192835   -2.2032265687    0.9472169900   -2.1046991357
  -1.0789962135   -1.2682340658   -6.8665696379    1.5026647761   -1.2732668881    0.8294620735
   0.2702090153    6.5477971412    0.0498892835   -2.5212582781    2.2618409133   -5.0264237676
   5.0236840693   -5.2964500967   -0.7986031135   -2.5932482134    1.8028418515   -0.3095240145
   7.8285687664   -6.5398469418    7.1179713618    0.7977616698    1.9399610931    4.5877707309
  -1.8152518166   -4.1362861697    8.4212777916   -0.5682510760   -3.6326459681   -0.3044089746
   0.0462484500   -1.1699448211    5.6063384100    1.7757519292   -1.0326382284   -2.3277396095
   8.1996056343   -1.7754514284   -1.6596324403    0.0040226636    1.7232604796    3.5013049626
  -6.5860648359   -2.6199988762    1.9561955861   -4.6182832320    4.0076468433   -0.4230265012
   1.4324742544   -5.9956239655    6.4569402401   -0.0191209894   -2.8691979125    1.7464768684
   5.4406187734   -4.3779593995    7.5944534175    3.2490180348   -0.9795765448    1.8238858412
   7.9592834516   -4.8881258676   -6.4522289248    2.4588078100    0.1423162825    1.2400860080
  -3.5558574221   -4.9535324293   -0.1958929163   -3.1021619662   -0.1928512241   -0.2322383429
   7.6553906129   -1.4286048428    3.0593874831   -0.8413953238   -1.3996509401   -0.2135963970
   7.0940387942   -8.4855062209    7.2589410278    3.9390702867    2.6234671836    0.3166559720
   5.9398656151   -4.5618854429   -6.6914148249    1.8635018160   -0.6380862278    1.6977376711
   4.4404092907   -1.2033862879    8.2857140322    1.2582846206    0.9932069855   -2.1161278777
   1.2454164057   -7.8397479479    6.5665591927   -2.3336160443   -0.5378966051    3.7304279889
  -0.5431553640   -7.0266048590   -2.5945702355   -0.3059460940   -2.0276859987    0.7489240274
  -3.4992108120    4.3805357918    3.5367301880   -1.8613579702    2.0649757741    0.3043535122
  -8.4044546532   -5.3503150034   -2.5480932164   -0.4124171072   -0.3339830599    1.5418424650
   8.3636975225   -2.6827945531   -8.0578606616   -1.2409323811   -3.4079777950    0.3577709978
  -2.7784220594   -6.6214707747   -3.0578722251    1.2046957905    0.3323859779   -2.4818551206
  -5.2229365978    2.9142741873   -4.6180033452    1.3194301103   -0.0870140938    1.8612269015
   6.3590967138   -1.3011665589    2.9636690651   -5.4549217368    3.7009438833    7.0872596123
   1.9938280720   -3.8925095186   -7.0058883817    3.1738236797    0.6024518215   -0.6890821035
   0.8284909494   -0.2053063569    2.6484276487    0.2814270909   -2.6272522576    2.0712079735
   7.0938495570    7.6448188065    5.7202575590    1.5698684379    3.8865286958   -5.4575053442
  -0.3627011498   -0.3045744446    3.0049886008   -0.5633845833   -0.0152762491    0.4244028029
   7.5079189647   -0.2181586498    1.4489658981   -2.8741135217    4.7181631057    4.9542546267
  -3.0418551227   -4.7770048828    8.3634550667   -2.5215008527    1.5810310568   -0.1852365184
  -3.3383861342    4.5002296692    2.5679582967    1.4524392210   -4.1592772560   -1.9385403495
  -6.0398462685    3.0306700284   -5.2418890456    3.1894928752    3.3482780251    4.3266090109
  -0.1930905648   -8.1718288578    4.0186537929   -0.8166452374   -1.1606907265    7.8275081237
   1.2943536688    0.7454762249    5.7603805746   -2.9849838146   -2.7025421449   -2.1373027288
  -2.1070544755   -2.0163013747   -8.3110719371    3.0973333850    0.4036089149    0.0341109771
   5.8640766277    7.6222703320   -0.3808594089   -2.4339439195    1.1980176645   -1.8875336915
  -3.0812269163   -6.1830692077    7.7854149589    3.8347066881   -3.8590065992   -0.1613439669
  -5.2113758277    6.3351727607    1.6465551330    1.6354065765   -1.3606173821    0.4859411964
  -4.3842807053    2.7955904890    8.3076759370   -0.2538761315    1.6591985202   -0.1364979020
   4.1529327732   -4.1998349874   -4.3972103140   -3.0890695425    1.3730254270    0.0820093819
   7.8975936942    8.5222164892    7.9124546414    1.2721391893    3.7912805582    1.2179249225
   7.8459380061   -3.1827293273    0.3357234488    1.1389960106   -0.1211736646    0.2822698639
   2.8277047970   -4.8702830122   -4.7873364229   -1.7928769476   -0.0771310105   -0.7958024218
   8.1073635413   -6.3109540973    0.5985687011    0.7326867092    0.6605079481   -1.2604108076
   3.5879735625   -5.4146877585    8.0062542477    1.9635214868    1.5478786604   -1.7630930052
   0.9787774403    7.3961114831   -1.8663221301    0.8505118357   -0.7641953786   -0.0138067337
  -2.1446490256    8.0297789018   -4.9692181566   -1.3682510862    0.3471478437   -0.8543043631
  -7.7298704326    5.6899671265   -7.9367211196    0.4744960491    0.3397802066   -1.0880982972
  -0.8135208750   -5.6110580857   -2.1291797457   -0.4166117947    3.1136919988    0.4562198273
   0.7835703170    5.1283969015   -7.6214541645   -3.7738181901   -0.0639451347   -0.7186860101
  -0.8549762061   -4.4437791613   -7.2980208322    0.5449935623    2.9450593386   -1.6393627365
   4.5727070009   -3.3551566565   -4.2156507948    0.1297959609   -1.8143981526    0.2166431160
   7.2893490351    7.0849990510    0.8433589298    1.7964613993    1.8734979206   -0.2392039361
  -0.7586685080    8.1251949273    1.2507510198   -3.9089874949   -3.1715240979   -0.9817176984
  -6.6378771097   -6.3949107608   -2.5092441777   -3.6476121777    1.2926165701   -0.0141037606
   7.5800765587    5.8560727765   -3.7201017621   -0.1853266963   -1.3368874117    2.2003991280
   4.5219971194    8.4689193995    0.2855349854    1.6231967645    2.1068723813   -2.1993268005
   3.4706226532    4.4211091912   -2.1676230178    4.0764648558    3.9439303775    0.0261693815
  -0.4989779249    6.7463410965    5.2569707725    1.0093328734    1.7772688928    3.9597216100
   0.8770317120    7.6007483748    1.9878715923   -1.8594078502   -2.6926604246   -2.8140443095
  -5.7133686142    8.5348768317   -1.1756284896    1.3144458810    2.0108706085   -4.1870646871
  -5.3402581371    5.3073239681    5.3003519247   -2.3674945359   -2.4828451561    0.6252256250
  -6.7169396016    6.2684019545    6.2420900381    1.4220168275    0.8492792322   -1.9297751208
  -4.5613906374   -6.6029180366    7.1635640883    0.6845095079   -0.1752458894    1.6877177269
   2.1395350349    5.6029227398    2.3542859101   -1.0745192413    2.3668896666   -0.6439248304
   6.7400981397    7.6263424794    2.1518216868    0.0581950956    0.0485890195   -3.4277752981
  -0.9995443177   -2.2899989462   -7.9218909019   -1.5950917641    1.5297120839    3.6256299908
  -0.2295038533   -1.4761588397    2.3380593068   -0.3643906878    0.6539053095    2.2143706994
   8.1607961045   -7.1041904487    3.0092245656   -0.1633003366    0.0126880924    1.4880695672
  -0.5987027943    8.2352240306   -4.4463050529    3.7762817189   -0.8856297046   -0.7005491675
  -2.0737228644   -5.4938331310   -6.6165886857   -0.3801113171   -1.7022421539    0.5506849061
   3.4360082122    4.8722771585    6.5758240769    2.6002631027    2.3893846973   -0.7496240069
  -0.2234094584    7.2398509873    6.1199884164    3.9346760268   -2.0710690879   -1.8666908162
   0.0145567747   -3.9979017800    6.8244762710   -3.5181583634   -2.7257878375    2.4856435273
  -8.3191227911    5.7603662481   -1.6037354411    0.4076485524    0.5308243168    0.1679137206
  -3.8871565996    6.4125269517    0.8822256728   -1.4289941772   -2.8099927622    1.0816729072
  -1.6697883418   -7.5301196908    5.3402945688    0.4561579973    1.6253819905    0.2465546818
   8.1981354548    4.0029512047    4.4275116339   -0.0963181768    1.0815155617    0.3375090810
   8.2800897615   -7.9412929441   -7.8305890325    0.7516763174   -3.6362663943    1.2677952886
  -3.4543232458   -5.3472081397   -3.8165936957    1.0838482314   -1.4671523054   -2.9560843675
   8.1012726943   -7.7253115668    4.2800049626   -0.2921807764    6.0229349542    0.5974003836
  -1.7381828053   -5.1512658694    0.5976610090   -0.8868597815    0.6820500483    1.2548037803
   7.7050598938    6.0774037245    7.9468422305   -6.6211196358   -2.2342874924   -1.1927821824
  -4.2107658959   -8.4182151886    1.8839502506    0.9523313027    1.3531113194    0.9411750721
  -4.3757632367    4.7746201754    2.7077396116   -1.8295839019    3.9660993869    0.3266545606
   6.8612364283   -7.9263267260   -0.9499400575   -1.1862105537    2.5629885600   -1.3485758739
   0.4783083203    1.5270683080   -6.8535266163   -0.2576006437    0.3422662934   -1.6073789089
   4.1732352466   -3.6784400961   -5.5102846188   -1.9614129229   -3.0325185874    2.2407977696
   2.7783399537   -5.3317384484    3.9917038431   -2.5871161225    1.7936916020   -1.8754237247
  -6.0281127332   -4.2598300598   -0.0567967221   -0.2790017074    1.3138733350    3.5113206245
   3.3941730798   -6.8529629296    1.1916776830    3.0450608794   -1.4833503131    3.1771526761
   2.7366943394   -8.4689379144    6.3767267565    0.6291275825    0.4462773610    0.0287800641
   1.1132415801   -0.8414338407   -0.2244022206    0.0741015021   -0.2116328352   -5.7035369136
   5.4051901891   -5.7797734793   -3.7682114374   -0.9954602706    0.4288909784   -1.4735759624
  -7.6045662137   -7.0664924996   -3.0908471287   -2.7456505672    1.9015756854    3.0586413925
   7.6034058438    4.6338874396    4.0372732678   -2.2812705659   -2.7058985704    3.0640709156
  -7.1669361175    2.4024614609   -0.3004528418    0.7992247548    1.1549117631   -0.3838554923
  -3.9316644357    5.4132895877   -7.2543759152    1.5850319798    0.5777040084    1.2873971419
   7.7136915009   -4.6748434480    5.5574458426    0.3103460945   -2.6583115272    2.7480341199
  -5.9366992241    1.9690664938    3.4942250320    1.2186155229   -3.4437336046    1.0773698401
   5.2771027704   -8.1380504740   -3.4748578470   -0.7607709327   -0.3906466153    0.7894295773
  -3.8371182515   -0.6780472249   -3.0466735541   -2.1860111767    1.8787008458    1.1667415880
  -5.1204608616   -7.9052072957   -2.3980975671   -5.9136178763   -0.1749145404    2.0931998537
  -0.7175816867    1.5895977766   -4.6669295776   -3.7295252853    1.1880134571    0.0177068107
   3.3815190241   -6.1176713519    4.4573020195   -0.3957889426   -0.2787716811    0.4996965925
   5.4862677475   -3.9211402454   -4.1130532312   -1.7392293170    0.4025584128    0.6084715071
   6.5857833431    0.2896784752   -4.2022059672   -2.1600954534    0.0802562164    0.5034673197
   3.8730852168   -7.1474420816    4.0414556884   -2.4446948886   -1.5812444446   -0.1220119190
  -2.6626401568    4.9916266863   -4.3840731105   -1.0516589344    0.9704465783    0.2144139318
   2.6063825454    7.1534372365   -5.5100746444   -0.8981835446   -3.2345841694   -2.0682791660
   3.5498716442   -2.4949736102    7.9378057298    1.5359827538    1.7634405691   -1.1269301669
   7.8344306861    3.5050558583   -2.7302726753    1.7160263844    2.2779293940    1.1281157813
   3.1736302885    6.1921654536   -6.1383899070   -0.8920947413   -0.9994209295    2.6047430734
  -7.9477423315    3.7493997471    4.0199980282    3.9745566323   -3.4794049734    1.2670045148
  -1.9050131027    0.6079108229    1.4223385193    3.0545703559   -2.3972283843    2.8058001387
  -2.8245515538    1.9046731220   -4.1586401573   -2.2409926833    1.0083530510    2.0490129503
  -2.6714843057    1.7863172627    0.5459397498    3.3725742632    0.0224404932    0.5263883965
   3.9233960398   -6.1021412188    2.4609125887   -1.3710013878    2.8674849816   -1.0633644267
  -7.1604740573    7.3949314787   -7.2867755054    0.8390765457    0.7150828405   -0.6355012854
   5.7959560766   -6.9905425063    7.6108307956   -2.4490389945    0.7552189739    1.7419953985
   8.0423669887    6.5724570261    6.7689436622   -5.7859076565    2.0179479266    5.1648336884
   5.1889065379    2.6475568234    2.7160530611   -2.4441062063   -2.5504857571    0.1182490670
  -2.5767302168    5.4817920600    0.0611516976    1.9318496361    1.6438221173    2.5485552427
   1.4102911907   -4.4189199654   -7.5441042091    2.3783758326   -1.1530456547   -0.8447536589
   1.2047601254   -2.8670103176   -1.5713083627    2.0853331459   -2.2892930205    2.4595475486
  -7.4711120025    5.5625304727   -6.0449374181   -3.3047852379    0.0659819001    0.1927580463
  -0.5738551633   -5.4582694484   -0.2967070800   -0.4773259297   -0.2082848823   -3.0470166547
  -2.2851016990    2.4468171759   -1.2123268186    1.1155442377    1.3500008256    1.4371575733
  -6.0195899771   -8.2880953039   -2.7697627886    3.0021214444    0.2610254283    1.9981826142
  -6.0888720638   -1.2160399755   -8.1145013296    0.5203834807    3.3233693037   -1.6446268401
  -4.3858445969   -5.7217903195   -6.0099424165    1.2593019150    2.5416826579    5.0684031197
  -7.5113465639   -3.6452624520   -0.9377833546    4.5216508647   -3.8916530126    0.6286662488
  -2.2446204541    6.4980148689   -6.0353866256   -1.0634906295    3.0858076109    3.9888147805
   5.5109432015   -8.3852044521   -5.0426373681    2.0455216834   -0.8433537823   -0.0298640199
  -7.1997695469    7.7742892320    7.5469163935   -1.9378409323    1.0682419444    3.0449389258
  -7.5737961033   -7.8607342683    0.9040002416   -2.8547893184    1.1315977633    0.7724272344
   6.4471364060    4.7519591798   -6.6160993986   -2.2246674221    3.8348618511   -0.0763952664
  -8.0087410419    4.3178591100   -7.7130121064   -4.3124288153    2.5674592955    3.2281724171
   4.8927790263    4.4437797597   -1.0394689299   -1.0652910340   -1.5247553122    3.3334868858
  -2.5594699473    4.0546433166   -2.2337977309    2.0029353157   -2.2501315223    2.1812177999
   8.1687883237    2.0287949633   -0.0275075607   -0.9667352114    0.1178838630    3.0715650247
  -6.5753079562   -0.1063177538   -1.2013411885    0.6569947887   -1.8576222670   -1.9966612249
   7.4796469792   -0.2321612660   -0.8045692162   -0.8929897011    2.6755398568    2.6945537272
   1.3928406917   -0.8224678632    1.0626789386    0.1666407393   -4.1476365957   -3.6170114225
   8.3571179071    2.1152296855   -7.7548879937    0.9257560925   -0.5940098153   -1.1873078950
   6.3709041592    2.3409712804    1.8287236746   -3.5112254036   -0.4360725564   -0.6703615037
   0.8032329118    6.6075323229    8.1805587911   -0.8534213881    0.3998142410    0.7877392124
   3.4898888050   -7.4863724640   -3.6273544341    3.4338202868   -1.7397711696   -0.4765191717
   3.3691124093   -3.8817946724    2.0582327358    0.1614118175    0.2974562932   -2.2738929901
  -2.7649264360   -0.7493914070    3.4966671231   -1.1535931936   -3.5590180628    2.9927143692
   1.8597940724   -4.7394924700    6.3014400920   -3.8415889587    1.9755270689   -2.9940974186
  -3.0223250213   -4.2795378841   -1.0679863358   -3.0123125675    3.1747671184    3.0588189679
  -3.8254818446   -5.4642292125    0.9910868395   -2.6187603801    1.2022910393   -4.2498305917
   7.2391945850   -1.3148883100    1.6099733117   -0.0630052641    3.9732803681   -4.5062793088
   7.2277220847    1.7431253140    6.0885062577   -2.8802530783    0.2475597846   -2.8285277956
   0.7385726170    6.2209098668    4.5526158618   -0.6002088036   -2.4032300855   -3.5518993545
   5.2086637982   -1.4873267894   -7.9413593330    1.8405171644   -0.1072419701    0.5974886511
  -1.4896648502    7.5502950546    5.2785214953   -5.2215842579   -1.8612610254    0.7553761620
  -0.1940910039   -7.3249317376   -1.4073425560   -0.8678039825    1.6191165236    1.8576615566
   3.4307650561   -2.4191072294   -6.0051363033    0.4645953838    0.8831035552   -0.2671347424
  -3.9431340996   -2.4290301949    2.7139743617    1.7657564007   -0.8938990258   -0.4651582850
   6.9149549717    1.6598922294   -2.4466868549    3.0411098476   -2.5784699875   -0.4979045851
   8.5184729394    5.1280585456   -0.5353486385    0.9447473796   -1.9583428771    1.3002421730
   1.2173282374   -7.4924503305   -3.4687517122   -1.3506175461    0.6323611752   -0.8889888411
   1.8544540001    3.9413498225   -6.2668677363    1.8131586565   -1.1823776417    1.9533605602
   6.7313322036    0.8327677491    5.6346395196   -0.7464210159   -2.7590117345    0.6802143004
  -4.3887019707    1.6975051614   -7.6224234467   -0.6452194892    2.3942856275   -2.6125173141
  -3.6413638188   -6.5385784920   -7.3999205446    1.7379854399   -0.0669299088    1.1940956172
   5.8670116216   -5.7484861314   -2.6861294229    1.9151098802   -0.8529510686   -3.6672541488
  -0.4842938872    0.2709308400    1.9495346294    0.3370445432   -1.6349449070   -1.4220327531
  -1.8452188311   -1.5207288449    6.2134944895    1.0673692037   -1.1830832320    1.6970951302
   7.2007351187    5.4374189153    6.6893589770    6.3422905638    1.4096035687   -4.5336897160
   0.2548745323    5.7418567850   -2.9117008810    2.3396487480   -2.4186943848    1.5278442913
  -1.8938515301   -5.5623258400    5.1588140494   -1.1144902724    2.3707959649    1.9763166778
  -8.0631455140    4.0073424329    2.4991454536    2.2333625274   -4.8507165267   -3.2512120653
   2.3307201667   -1.5773454023    2.6279701654   -0.2328911628    1.7561711167    2.8750590502
  -5.8179423597   -5.1602884495    5.6830710399   -3.2148289254    1.8894067501   -3.5451225546
  -8.0882462786   -3.8350842219   -5.2906429014    5.8583092118   -2.5198360358    0.6684282521
   6.2822516010    6.0034200912   -1.2076636514   -3.1927043097   -2.4363238525    2.2225922704
   1.0238489201   -4.4202632024   -2.3500284040   -0.4029156326    0.9326494213    1.3094280098
   5.5669943569    0.8235393215   -8.1569421206   -3.1121402266    0.4538378162    0.5549445805
  -1.1718550813   -5.9863838942    2.2509819457    0.3599230240    0.8119797162   -4.2341029237
  -7.4072992244    5.0783220836   -3.1201511013   -6.5212925064   -1.1146905371   -1.4564737881
  -3.1467455679   -4.4744336946    1.5218443387    3.7313089047    0.0777904525   -3.4551835219
   4.8858569568   -8.4035418186   -7.0597033113   -0.7930258304   -2.1703710642   -0.6033370976
  -6.0738557320    6.2744274272    6.9680175452    4.7459037683   -0.6213985824    2.7054614503
   4.8705958248    4.9559360267    7.1037626566    0.5061193061   -0.6188749918    1.1309994816
  -7.6038866759    8.4900346709   -4.2170281087    2.1772784206   -1.5345735599   -0.0293294586
  -1.2118906439   -6.7725330362   -3.7083951776    0.6565433365   -4.6027777312    1.6648815214
  -4.4000002934   -5.4245807950   -2.3946868691   -0.3248874629   -1.3685537213    1.1326287023
  -4.5508024112   -2.4026526430    8.5462601906   -4.2354294701    1.4020378933    2.4437129536
   5.0697510435   -5.2498727763   -6.2254970832    2.6434178308    1.4100246332    0.0858812042
  -4.8556720286   -2.8931593931   -3.2791913653    0.8660607239    0.9002609718   -0.0132812862
  -6.3046261102   -8.1335580377    4.3439224207   -3.1241690968   -1.4912101343    0.0914849391
   6.0511303620    1.3724310300    7.8341927523   -0.7266978424   -0.4683715179    1.4376134973
   6.6664028116   -2.6662661026    1.8604610231   -0.9981201952    0.2362239122   -1.6353300794
   6.8042662560    1.2114335877   -4.6018381211    1.2239677621   -0.5872523689   -1.7255607495
  -0.2734119841   -1.9677647466   -5.3980737636    2.4119290701    1.8484520755   -0.0522254338
   5.5711522818    7.0722166572   -7.6597103346    1.6727838522    2.3485005115   -3.4444431200
  -1.3720930004   -2.8182185778    3.1922839398   -3.1920480034    2.7430564215    4.1458560001
  -5.6396185003    3.2805146799    2.1945348181    2.0358106903    3.5680810007   -3.5097104592
  -3.2964849597    5.0025030479    4.5320555239    1.7346829863   -0.8064115987   -2.5891561622
   4.3377781627    7.6623953334   -2.4820480252   -3.2132012384   -5.5258352318   -3.3445894201
  -6.2113642361   -0.3157575222   -2.8372014425   -0.3050404183   -5.7019308085    0.1110915113
   1.4074859393   -4.5311773211    8.3430195976    0.7920688990   -1.8800824236    0.0112384600
  -5.5263640586   -5.8413631662    8.2441783005    1.4374649149    1.0835806032    1.8389205124
  -7.1524488490   -0.1391883088    0.9766495493    4.1079760431    0.1103594595   -0.4862401629
  -4.4847358066   -3.0805007738   -7.8988570778   -0.5219964024   -0.9620633487   -0.9754484572
  -8.3568090083   -4.7392516587    3.4571836349    0.6309773250   -2.0322199170   -1.8390775979
  -1.4264612907   -0.1133159991   -2.8050660757    1.7155544029    4.1407928361    4.6168889150
   4.9416648559   -6.5921429804    5.0021666341    2.1108255403   -0.0139678218   -1.5232525413
  -8.2962986021   -6.2010666522   -4.0149585575    1.0782027667   -2.5068914826   -0.3846971230
   5.5818269012   -8.0143839364   -7.5550921048   -1.2643354943   -0.2379118074   -2.4670844968
  -6.5868956479   -0.6005798018   -5.2612833133   -2.4667123359   -3.2350855179   -5.2503804424
   5.0979076402    3.1160494152    8.3776715965    3.0925686129   -1.8863090334   -1.8316285484
  -1.0133734076   -6.6231923197    1.6316443772    2.5633654284    1.6274624109    2.9902665467
  -7.5019056820   -3.2571067196    1.0998092408    3.7890619382   -1.5743198132    0.3057750413
   2.0887781650   -0.4482650388    6.1099182604    3.1604190743   -3.4095628107    2.5295014823
   1.3399316574   -3.7952221821   -4.8102465970    2.0427842566   -3.3294739392    3.3266409274
   4.0866221433    1.0832077751   -4.7722292709    1.7019154624   -2.8710284498    0.1372229015
   4.4736240552   -5.3373498412   -3.7448071703   -7.6448514722    1.3080738713   -0.6879912057
   5.2106503619   -2.0823589842    4.5930827155   -1.0023526442   -3.2787994029   -2.9258554765
   6.1601322454   -2.1778070827    0.9875784994    2.4897104266   -1.3142107197    2.0994849007
   0.9481055534   -1.7622634605   -0.3947900348   -2.6103218170    1.9759366639   -1.4754132674
   2.9674608134   -2.5953110971   -0.8551627545   -3.1052716290    2.9700334239   -1.2701092146
   6.9866944459   -4.6369290003    1.4113183854   -2.3730806439    1.5879783521    2.8814339386
   2.5911474145    0.8223330491   -5.1384337067    1.9644247025    1.3792246126   -1.8759612501
  -7.6048454639    2.7556474045   -1.2810952704    3.2928766064   -0.6533009957   -0.6568387003
   1.4435960651   -2.6783440415   -3.0687206212    1.6030947470   -0.5679311945    1.0529882920
   8.0281035894   -1.9826383159   -6.6305040036   -0.2656067835   -2.3054285258    1.8638872479
   5.3144986848   -6.9599552058   -5.1041080036   -0.7763902611    0.8617158147    4.6766065151
  -2.4044322993    0.7600563103   -2.7718784773    0.4467272238    0.0940170959   -4.3549814456
   0.3614059580    4.0143281161    1.0007750422   -2.7610860932   -1.9592251069   -3.9202016438
   7.9391788837    0.8893355885    0.9509520880   -3.5556829175    1.0075483353   -1.8903476794
  -3.4082176322   -1.4332511101    8.0682539389   -4.1788210581    3.2637740824   -2.6121303260
   4.8747314304   -1.3020062776    1.4588784985   -1.3805619868    1.5421273851   -0.4505108855
   7.2731698567   -4.2012374838    6.3549176673    0.2847239702    0.0833110483    1.8886534482
   6.3839582906   -5.3892490264   -4.1423699458    4.6655572557    3.2370708209    2.8225677469
   4.3066122448    2.6475739816   -4.7221890352   -1.6430913397   -2.1357947663    1.9862516984
   6.7910126966    2.5939586332   -8.3092442997    2.3961129625    1.5381023134   -0.9862396961
   8.0872247643   -5.3777647421   -7.7159474798    0.3814936619   -2.0340376289    2.0422433082
   1.8649709676   -6.9397402685   -7.6505030914    1.8728953534    1.1124142580    0.2590574992
   1.8565489082    2.4066975377    6.8718252198   -1.1404630927   -0.5659457533   -0.2922318208
  -7.1294334843    7.1483617827   -1.9814868607    1.4631196768   -0.6416258040    2.5371748622
   1.9342205959    8.0723318832   -1.7665222038   -1.0570514503   -0.1479008790    2.8321434156
  -0.9707234890    2.9638018853   -4.7955829131    0.0084589673   -2.9344403643    1.7566120449
  -0.8140139138    7.0919513322    0.9627808359    1.8079374364   -2.1677267920    1.4635345712
  -4.0573298640    2.7699214978    1.4533383310   -0.9151245103    2.3728267420    0.2901293921
  -8.3230747276    1.2833545544    0.2655415814   -0.0402411534   -3.0815346898   -0.0444252063
   4.7216626003   -6.3086187095    6.3593891094   -0.7155862700    2.6659021653   -0.3889856365
   6.8334592082    1.7915638340   -6.0485768596    4.2150123223   -3.2849153250    0.0137793093
   4.6154721422   -6.9724871595   -3.9072064764   -4.3131870919   -2.4748209030    1.5591537107
  -7.9138134181    4.8617908283   -2.2439538655   -2.4191780316    4.2538769436   -1.2040172075
  -8.1466195170    2.3216497434   -6.1943197906    0.6393527847    2.5454080335   -1.0163611076
  -6.3927157224    4.0444052996    3.3855004465   -0.0160091723    3.2718450435   -2.0485467560
   7.9657670204    6.9063164003    4.4053449605    0.7473437023   -3.1038665326   -0.2632091840
   3.0908373584    7.0432879768   -0.3583976790    3.2800097195    4.7019215809    1.2052655051
   7.6875453717   -4.3147499398   -0.0282042640   -1.4816950683   -1.1628968666   -2.1754703850
  -2.3174838351    2.6162259578    0.9816105820    0.9114651044    0.0313293625    4.8475030199
   5.3735051389    6.5107193824    3.2825091561   -1.2564401202   -0.5304878281    1.4595858798
   4.9765198136    6.9846666458   -2.5793383023   -1.2303579974    2.6343244295   -4.8079407920
   8.4845580659    5.8695306725   -5.2673499521    1.5525387465   -3.2399656518    4.0570812068
  -6.0136965948    7.6191334969    3.6739398481    3.1294615048   -0.8832762674    0.9708696859
  -8.2720994070    7.7631147093    5.7394301680   -1.6210962797    3.3149614899   -1.9846007834
   7.8442997548    3.0446679311    3.8564174704    1.4879688534    1.1524819484   -4.0460423752
   3.4818578538   -4.5929903137    3.1660392845   -3.1105609146    0.3868211416    0.8938380164
   8.3710581946    3.8892148375    0.9835923796    3.2358988396   -2.3577817886    1.7272631289
  -1.5846667213   -3.5901869986    1.5611257959   -0.6858650784   -1.6069942779   -0.2403220826
   3.7072669801   -6.9577258271   -7.3563478041   -2.8827570676   -0.9181356711    1.5530693574
  -6.4644844388   -3.1899852940    4.6372246183    1.0954565940   -1.2329080685   -0.9196394745
  -6.3167844961    6.4528563271    1.8905386661    5.2951402576    0.1948300902    1.4238048791
  -6.7043872520    6.7244866685    2.8082351217    2.7136376298    0.6545667933    0.9051009063
  -4.9746029039   -4.6999445565    3.4355258376   -1.8273994745   -0.4515784597    0.5830056722
  -5.9600178363    5.5851619351   -6.0789413724   -0.0797070012   -0.8763669049    0.1097636142
  -5.0295597431   -4.8663348413   -8.4126266102   -0.5666620255   -4.6530565374    0.7753801689
   4.3851702295    5.8642150165   -7.7641494078    2.1880511751    2.8324876516   -1.5904322626
   7.7623680011   -3.2975705672    7.7174250501    1.1761479759    0.4178752730    0.2780882751
  -2.5450687638    0.9964187268   -5.4776555243   -0.0737275846    3.0059379161   -1.0569241269
   4.0625149157    2.1403344178   -7.1524006506    1.4467473473    1.6531892612   -1.7652285787
   1.9415875587    5.5937717374   -6.1710387929    1.8400778992   -1.7399046846   -4.4292071739
  -2.4589753018    1.1965087970   -7.0060342277    0.2012919492    0.4461083410    2.1120742500
   5.9973586629   -1.4195159589    6.5725060979    0.8054564907    0.3108677226   -2.5936025515
   4.9244946805    5.3316347460   -1.6349495377    3.9794610462    0.4163018436    0.6305012008
   6.6013135687    5.3626230952   -3.1286401809   -2.0013379048    0.4580473381    1.8552114771
  -0.2213447959    6.0111139350   -2.0762268760    1.0715951747    0.5198391492    0.1861789572
   6.5552597952   -2.9912958164    3.9186929348   -0.6323916905    1.1343578166    0.0323627068
  -0.5206149132   -4.1942266714    3.7905704027    0.0565064660   -0.2117566771    0.9412077205
  -2.1836947669    3.9425769976   -4.9892450686   -2.9719681232   -0.7696369469   -0.2390755396
  -0.7139989680    5.8016967031   -3.5139040741    1.3837516481   -2.4242732966    4.3661296399
   4.1776058617    1.3387486943   -2.4785796951   -0.1199204445   -0.1707747361   -2.0461772930
   4.2256620397    1.7943830564    5.5941155819   -0.4384699618   -1.8598160244    1.1330698832
   5.7972395901    5.2399865910    3.6789364830    2.4620567638    1.5535869726   -1.4924846536
  -0.8754068545    1.8650152884    8.4532583733    3.8433354976   -0.4697707822    3.6119720179
  -3.7461266944    1.3077611630   -2.7159896026    2.6666086801   -2.8440550072    3.8478095503
  -5.4689696505    1.6341868403    2.2478961531    2.2806066412    2.3033550037   -5.3223945736
   1.1945761180    3.3172671811    7.5808755563    0.0544200106   -1.5719509433    2.6321728527
   7.2924927660    4.5306731637    1.3553248363    3.3876265294    0.7188033754    1.2861392611
   5.9758467138    6.0414008743    4.8651358373    1.8732833562    1.0069309360    2.0762013097
   7.1127131073   -0.1498740707   -7.7852953994    1.3667685010   -2.7089402907    0.2827932209
   0.9364973680    3.1011259057   -6.3223975035    0.3123656331    1.8229300687    0.1921770084
  -6.5767249032    5.1229740656    5.6213124751   -0.2572002380    1.8018114511    0.6426712887
  -5.7792434258   -0.0417127574   -7.7307642334    5.0960108127   -2.9210764688    0.4325774899
  -3.0591734453   -3.6004720981    8.2251780079   -0.9373380717    1.4990072334   -0.5543658929
   3.7666909438   -3.5255774571   -1.1800856841    0.7694921047    0.7304839889   -3.8854810560
  -1.0565712874   -4.4438275281   -4.2861478579    2.0812277822   -0.0871062694   -0.3723845760
  -7.2595845106   -1.9371113523   -3.3653119750    0.7240372912    1.0615278298    0.1485604638
  -2.1080902918   -3.6154356838   -2.8499825319    0.5067256804    0.5494008417    4.1957792798
   2.8905054559   -4.2900066539    7.9575477921   -1.7255584453   -2.1480201827   -4.3244135366
  -1.3534461107   -8.0583898036   -5.2724736908   -1.7701488540   -1.6060004455    1.8192703459
  -7.7745187191    7.0968476982   -3.4662717845    3.8223542932    0.6020768344    2.9230184934
   8.0625377650    4.5712070792    2.2870768128   -1.5054523801    0.6555786364    1.0399614560
   6.3390707184   -3.8007830394   -2.5830939627    1.8477205244    5.9232715009    3.3968671811
  -4.6064368716   -2.0786870221   -6.3242521836    1.7697847050   -0.1150682280   -0.2504422052
  -1.4235006889    3.1224123265    6.4274747860    1.7092740952    0.9514472358    0.1654814339
   1.5847201311    8.1668324813    0.1525575003   -3.5226095624    0.3859979677    1.3467885628
  -2.3922641723    0.3531812359    2.6542105931    1.2701448538   -1.9070610965    1.8528370098
  -6.4332442127   -5.8250275974   -5.0849978393    0.4548055261   -1.4878275314   -0.8502333796
   6.3338148124   -5.1071086558   -7.5884217624   -4.7781397638    0.4177074122   -2.4806415463
   1.8682773057    1.8338931343    8.0074801292    1.3913007731    0.1642326271    1.0718621234
  -0.3686701874   -4.1264548417   -5.0790723314   -1.3076816845    3.9984829615    0.7173990095
  -3.7692643349    6.9877441807   -0.7169415101    0.1612690627    0.7613413892    0.6429070290
  -5.3841363384   -4.7441457634   -2.6855389251   -2.4813110548    0.1171580987   -5.0207571637
  -6.3003259514   -3.1031764089   -4.8016282534    3.7217212150    0.6647087015    1.0053102650
   4.3332643469    5.7208352777   -2.3383276155    0.9105907343    0.3699279359    0.4859142162
   2.0390677697    5.6553159434   -0.4567284618   -6.3627920929   -2.6310646523   -0.8758502928
  -3.1621072285   -1.5023273019    1.5881511418    1.2191819866   -1.9615795620   -2.6916971881
   8.4644315694    5.1757270634    6.3522479566    0.6066088513   -1.0698891181    0.3965965706
  -5.3330488485    7.3192308692   -8.1946893852   -0.2690459217   -0.2595717611    2.7817922965
  -3.6116268648   -0.6679512423    0.6795271131    2.2363846847    3.8749311085   -3.4992015799
   3.1131645830   -6.8384876704    7.3951541795   -2.7580518782   -0.6774274929   -0.0982058328
   5.4239729337    1.8541302289    0.6341679196   -1.5788220737    0.8548564952   -0.4667976814
   3.8192020414    4.3322268697   -1.1781629606    0.5463692331   -2.8565014541    3.9699344527
   8.3039988636   -5.7458260739    8.0508476242    1.4316570591   -0.6299688203    2.9063526369
  -8.3551167530   -0.1671225180    6.4955413821   -1.5321114266   -3.8030378306    6.1719918373
   5.3889930916   -0.0547083592    1.8673523152   -1.0864673986   -0.0064217832    3.6429476697
   6.2810616952    5.3961899542    2.7201331251   -0.0010343690    1.4891645313    5.1791089536
  -6.5299078314   -3.1527474350   -3.2818994575   -3.0161223242   -5.5249348299   -1.2042731570
   4.5288170197   -4.0837796355   -8.1129896449    0.9731156806    0.8864276534    0.4118656694
   8.5223511310   -4.6738588329   -3.8883609963   -1.6097674563    2.4334746933   -0.5953982882
   5.3490232893    3.5021599473   -0.6347189557   -2.2728254044   -0.3419108921   -1.8170952947
   7.8466028145   -3.8280405087   -3.4737601725   -0.8595036909   -2.0483787133    1.8780989241
   2.2503744929   -1.3869526678    1.1812756733    0.2938052291   -2.6878587640    2.4390579652
   3.1495365676    1.2073876314    0.7738303142   -0.0232605638    0.4588163293   -0.4370732653
   2.8963459533   -2.2220156596   -8.0692661375   -0.5067468130   -0.7421467625    0.9858066340
  -7.8280946735   -4.8848051255    8.2831873241    0.6485117039    2.4952007392   -2.5831610252
   0.0609580863   -0.8193613388   -1.1090675396   -2.2607380793    1.8916795231    1.1311417660
   2.1588572525   -3.3922737700    6.1023548802    2.1186280460   -1.2768006412   -2.2970166249
   0.7583454837   -7.8164045762    5.3570625391   -3.4913673150    0.7132831786   -1.8280435077
  -3.4498494054    3.4059786156   -6.4217278640   -1.1614298159   -0.5906832759   -3.2796934580
   0.2492057966   -6.3723026436    5.7509276005   -3.0319191544    1.7832018376    1.3283325016
  -3.2161615341    5.4834472521   -1.8485556454   -1.1242833431   -1.7276556253   -3.2505997877
  -5.7585241355    4.6901337232    6.8562744463   -3.4285256276    0.1115971834   -3.5938142190
   6.1910811388   -0.8456501005   -4.4266097393    2.2532424255    1.1738883551    0.6633032106
   2.7706396008    6.3806834597    6.9615559871   -1.5730346133    1.9446893124    3.1420124886
   5.1622298141   -4.2389841288    3.5031300651   -4.3635015373   -1.6886712775    0.3341876864
   4.9058700560   -8.1415684573    7.1491980013    1.1532002788   -0.0827549534   -0.2324968487
  -3.2791755812    2.9214860491   -1.4316435914   -0.1282439243   -0.7402035403   -1.5807859574
  -7.2989488707    1.0699785258   -5.1311058541    1.1789062751    5.5609695774    0.5102898181
   4.3625547183   -7.4731325615   -0.9797148414   -2.6574841958   -3.0800891572   -0.2653542040
   7.4907913022    0.1582334812   -3.8073963368    2.3639450774    0.0839631431    2.5340893211
   5.2071916289    8.4904567216    5.0755913188    3.0384067281   -0.7114428494   -1.2062455591
  -1.3102601423   -3.4207327361    6.1359868618   -0.2910319905    1.3670131417    0.6083312227
  -3.0971228101   -4.4289923398    6.1259278547   -0.3897277931    2.9482076678   -3.4448427708
   3.1263708171   -1.4081647222    2.0386788062   -1.8727529391    2.8149926143   -3.6441063189
  -6.5126444761    0.9776744987    2.2846737170    0.2326969326   -3.1110953220    2.3256463258
   0.0554999820   -4.4771693937    5.2794688204    0.9829971562    1.2084278338    2.5214629170
   1.5104300513    5.2513530881    6.0305112784   -2.5434131759    1.5880220066   -2.5021647654
   2.9122366134   -0.2611506860   -8.0164620386   -2.2701286858   -1.3187663418   -2.3477766191
   0.7914820569    7.7635742800    4.2250637131    3.3872030967    1.7094199114    0.6869429873
  -0.4646227188    8.4243474773    6.5606903572   -1.0705787790    1.4077557388   -1.5498568761
   7.2136665992    2.5828440255   -0.5579527997   -2.8661632503   -1.7366340995   -1.4841825908
   3.0555673592    3.7405717069    1.5870022456   -1.1998630945   -2.3473710301   -1.0816926549
  -1.1455989431   -0.1210595160   -3.9185607800    0.0171821059   -0.2848835244   -3.0191397533
  -7.5181442440    4.3622066728    0.6864703049   -1.5468469249   -2.2366849396    0.3875928611
   6.4188611159   -6.2651049716    7.3402932530   -1.3383107759   -0.2104360217   -3.8588867954
   3.0032208915   -6.5348271435   -5.6960195911    2.3237585830   -0.4108761095   -1.4243401384
  -4.9556607434   -4.2421556375   -4.1717386821   -1.0830561343    1.4597630961   -0.5590416022
  -2.9849950234    0.3763875613    4.2649653579   -3.5418682656    0.8521028293   -2.8775876217
   1.7840359540    3.2869545179   -5.5521144336    1.0998460669   -0.9563668602   -0.8981175513
   0.4058873846   -0.5677069036    1.4009306491   -2.9801507527    0.6674104852    2.4974737685
   0.8306907036   -3.7606299669   -1.6103220686   -0.1709439454    3.1962195499   -1.4942592480
   7.3494310715   -0.7767792793    8.3246850944   -0.5798090770   -2.8853958306   -0.9358453606
   0.7584712300    7.5392963154    0.8469102197   -2.8247065218   -1.2558667136    2.5559227579
   8.3471684432    1.9266880917    6.5299647952   -1.2404028732   -2.5927502970   -2.4515396972
   4.4930729751    1.3357628814    6.6706624104    1.1043967118   -4.8272746981   -2.4008701715
  -8.0628943739   -2.3290133814   -6.3626700869   -2.9873323858   -0.7521886810    0.6533361200
   2.2269383989   -6.6758207988   -3.6584885867   -1.6528674813    4.2143396646    0.7396068332
  -5.2971593227    6.7772043563   -0.0488626932   -2.5455953670   -2.7716233400    0.4858376392
   3.8138322436    1.3035795733   -3.7462329448    3.1139328288   -2.2773163978    2.7032917920
  -1.8425917885   -2.7894980618    6.7573138372   -2.7376271858   -2.2462308127    1.4793979208
   5.2597061488   -6.7316289815   -7.1154237308   -1.3889554623    1.8869891431   -0.2855300312
  -7.7985650494    4.9407404496    4.0829897454    1.3246002432   -0.4445116600    2.4253296207
  -0.3062134198    2.7841353437   -0.1562559428    0.5546823843   -0.3660180386    2.0884467217
   3.6773826142    0.1834543621   -4.2111054431    2.1300747443   -1.5693005900   -3.5913918131
   1.7414637194    8.1590176440    1.3100958808   -2.2655714160    0.1311876593   -0.2727792003
  -5.8523953026   -5.0811106032    7.6774251291   -1.4445455610   -3.1150631926   -1.5975267366
  -3.3435654080   -1.5647579460   -5.5001679546   -1.3472328135   -0.2654827792   -1.1911342225
   3.3317835824   -0.0384335918   -6.5193138872   -1.4791129804   -2.5311739053    0.4355686870
  -2.9076051513   -0.7680115572   -7.9243156622   -0.0045680591    3.1039386078   -1.3990372460
  -6.2388177189   -5.3410291959   -7.6092827789    3.2740944605    0.5200317411    2.6618871279
   6.8140995082    7.4421440860   -2.0834230962    0.1517147191    2.0498150534   -2.9059106957
   2.5651262568   -5.4668193448    1.5493618866    3.4548001922   -0.0668947506   -5.4593752277
   1.3719667955   -0.5305368879    7.4703881250    0.6779442392    0.1020794998    1.6437473236
   0.6495515041   -7.7748588540    1.9249580514   -0.5048546286    2.7289118631    0.0399330049
   0.8046721274    2.5521488703    0.1872069071   -2.3707233466    1.6974391154   -0.1663546110
   3.1682001326    2.4077678060   -4.4055469282   -0.4785680657    2.6880094551   -0.0235583782
  -6.8199706523    5.5553938257    1.1207752002   -0.4605432156    1.1978341000   -2.4796195043
   0.8814744076   -6.2328875145   -3.3878082051    2.5029566487    1.9191509054   -3.6764721964
  -4.7955884796    8.0633167101   -0.7856611287   -1.8188119510    2.0330925439   -0.0507452390
   2.9622724865    5.0293836085    4.0572481873    0.8277640885   -1.1250071650   -2.2288167402
  -6.2173138258    6.9544019587   -7.6660095348    1.7921885321   -1.1421538178    1.3336681861
  -5.6108453112    4.9264397881   -5.4228568674   -0.9692239374    0.9327371762   -0.7923655545
  -6.2529061512   -7.2210090976    6.8857884120   -2.5200406531   -3.5806110802    0.9852977403
  -3.7985399932    3.9368046000    8.2907994238   -3.9332555730   -0.3798580484    2.5634092770
  -1.2165548647   -3.4992172714   -1.4102569741   -4.0294498171   -0.8499352634    0.8442337198
  -3.4463486416   -3.0787387419    0.3870232750   -1.4973353850   -1.6115178132   -1.7959051052
  -7.9784138957   -4.7308884690    4.9319154437   -2.3943764587   -0.4243577859   -1.3174800100
  -5.5076120268    4.8985171122    3.7077389881    1.9344538003    1.1989696478   -0.9383054226
   5.8795317911    4.4914456853   -0.9309533220    3.4585987131   -1.7742573935   -0.2086937614
   4.2253669516   -2.1563766806   -6.9809035632    4.1079798671    3.7534450352    1.0843647438
  -7.4870607784    0.0952189202    3.7616230459    0.6691215766    2.4458103532    0.4677839485
   3.7060600604   -8.1088986849    4.0171052943   -6.1250437547   -1.8673265595   -0.2415274967
   4.4267065854    3.4958825609    6.9111898777   -1.4070336694   -1.1757620445    2.4344995435
   0.7622555274   -6.8447064157    2.2635526441   -3.7839814708   -0.5121226953   -0.9953345319
   8.4688463757    6.4211435468   -3.1869399605    0.5579706845   -1.5525000253    1.5000737150
   0.0271320799    4.8295975290   -2.6872287352   -0.2772565298   -1.8026827581    0.2639405993
  -5.3490869744    3.5924962115   -0.1473363615    0.7732480827   -1.4672673544   -1.5661527669
   3.1760309416   -3.9177139964   -7.3711240512    1.1583187509    2.7145851288    0.0506984245
  -6.8771134775   -6.4697527554    3.6880078084   -2.8316918107    2.2642057899   -6.4722720759
  -3.5507352024    1.4794169976    0.0812611386    1.9572072943   -1.1659886086    1.4494877424
  -8.3346134914   -5.8145596438    5.5235179839   -6.4959914043   -4.0085428585   -0.4826226121
  -5.4999800914    3.4997837976    3.1849800370    1.1218456493    0.2156973265   -1.4561492382
   6.7783658381    5.9710239467   -0.0627094327    0.2296455048    0.7726469786   -3.4233859653
   8.0880037706    5.0376142838    7.5927338503   -3.5294945753    0.6247252503    2.7806214158
  -4.5737685698   -0.6611909693   -3.6761031672    2.1287805422    0.0197955698   -3.3195238798
   7.4025445140   -1.2496900480   -5.6930328802   -0.3889279128    1.9065370221   -1.3562594369
   7.8507007773    0.7001536362    4.1354334293    1.9362509679   -0.7335481696    2.0351210407
  -8.3887474484   -7.8534359329    2.6432556853   -0.0342348136    0.3746087838    4.1467944618
  -0.5136336617   -8.2838305902    7.7069385059   -0.7642569729   -1.5996948738    3.3893563664
   6.9462037688    2.6318303858    5.2709106571   -0.1050675141   -0.9176890364   -0.4369714549
  -5.2829569780   -0.5517675546    2.7008796975    1.0099965439   -0.0752083797   -0.6955302769
  -5.2564665313   -1.6280662754   -0.8847411231    1.4006243116    0.6089127893   -2.1168129946
  -0.8486045121    3.4497976730    0.7889434702   -0.0529797901    0.7157170537    0.8554160838
  -1.0871503576    0.1111845457    0.3173813325    0.8028781010    3.8151397659   -1.1781842093
  -5.3977521743    2.8808391360   -8.4091466255    2.1532266148    0.8289238754   -3.0890169661
  -6.6358077978   -5.3267548974    4.2301588534    0.3943089018   -1.4404625580    1.7405525401
   2.6097857121   -2.5348024477    2.4319280508   -1.3223945609   -3.3790164610    4.5648355418
   4.7666975303    3.9362410978    6.0017206008   -2.9255214896   -0.4347563263   -1.6101103832
   0.7614599743   -1.5331149041    1.5946155455    0.3195877189    1.5871647950    0.6810155613
  -1.0960270405   -2.4286652675   -4.5461664572   -1.9052953317   -2.3835990400   -0.5732210019
   6.9638658648   -2.1051199914   -5.0845704424   -2.5947993191    1.9664704662   -1.6287363671
  -3.5974676355    5.4053016715   -0.5449621852    0.1409291079   -2.6373455080   -1.2078571610
   1.0208757394   -8.1207587821   -4.6089174868    1.1647297985   -3.0952648735   -0.1148857469
   4.8916400382    5.0722247414    2.7717845395   -0.7730252984    0.2382835916    0.0390380488
   6.7630031128    5.5651696513    5.4842324539   -2.2735596604    1.2973601080    1.7867120682
  -0.8952889682   -1.5552438903    5.7525108013   -1.9878093212   -1.8923037122   -3.2385282998
   7.4734199966   -4.8391511097    3.3517714406   -0.7256578683    3.5623821643   -2.4867870293
  -0.7022834600    6.9853900048   -8.1292764671   -1.1473457702   -2.7598354072    0.6507662780
   2.5163781784   -4.6931475610   -6.6586914447   -3.0556736747    2.2986937070    0.0224933588
   5.5271855079    6.2849374067    5.9930488429    4.0915193044   -1.4981550970    1.1028326749
  -5.2146223734   -0.2612869497    5.5451105383   -3.4056572382    1.8212218965    1.0438334689
   0.1955370387   -2.2721321141   -3.8771963692    1.3338637250   -2.4245799610   -2.0007934809
   5.2258210274    5.3674806511    0.7563530988   -1.3441441140   -1.6554887577   -0.8264146956
  -1.5909190361    2.7158810961   -7.3550262244    1.9712903793   -2.8542720778    3.0184589936
   1.6107239565    8.3608306411   -0.8268940733   -2.0540798071    0.1100342923   -0.4026416951
  -0.7656672504    4.8467116673    5.9945713757    2.9946199655   -0.3976956985    1.9692768235
   2.1383169826   -4.7387117195    0.3771674428    2.8744018462   -0.3367352865    0.6340557959
  -8.0385947526    4.2486054133   -4.0549315459   -2.2884075147    2.4936961156    1.3822652279
  -3.3719729858   -2.9357554736   -8.0830384304   -1.9462729399   -3.7208257429    0.7895946238
   1.6176164580   -8.1825413793   -8.5397838127   -0.0592473140    1.4294663440    4.5766982755
  -7.5324125265    2.4471926819    4.0854868729   -0.1244349270    3.8666295132    3.0654403923
  -5.4842122395    0.8239616273    6.1363503084    0.5108937639    2.3509863958   -3.3627441077
  -8.5466776606    0.8027881743    5.7438647029   -4.0857339324    2.7297798358    3.2089287346
  -6.5157560828    7.2656570583    1.2483322068    4.5459754358    0.2509444277   -0.2553601960
  -2.6439847406   -6.4133670974    2.5091169150    2.0819901877    0.6227688102    0.1514068004
   7.8182355858    7.9437757524   -2.5002908849   -4.0684617828   -3.5632287750    2.0228439225
  -2.1376214594   -6.3642560781   -1.4786957879   -0.7631503079    1.0432716075    0.2194526101
   8.0114379415   -7.6462152458    1.5216507081    2.8697070990    0.7698214348   -0.0885326088
  -4.5487069411    3.6087804128   -4.3927947338    1.7596307800   -0.9017846166   -2.9393003770
   2.1189562385    1.3956283193   -3.6306060531   -3.2568305194    0.2090372704   -0.7082677339
   0.9522310722    4.6347807637   -4.9911680498    2.6933363026   -3.5973084983   -3.0284989151
  -4.7382306067    1.4037124398   -8.4849666860    0.1944779933   -0.9225245988   -2.9094684268
  -1.1685914373    2.1527869434    3.8729931228    0.4035693186   -1.9441602931   -2.1869696220
   3.3834775930   -7.4583671813   -1.9275607873   -1.7555186354    1.2415797011    4.1178884090
   0.8221354917    1.9610568643    4.2649278059   -0.4198052979   -4.1948688568   -1.9498776509
   6.6537135642    7.3980878740    6.7950777007    0.8476586332    0.4207381936   -2.4028769811
  -6.8632329317    7.1249471800   -5.4420766642   -1.3056117302   -2.6993287977    2.9663491962
   8.1675860711    7.3793557481   -1.6774762532    1.5994762770   -2.7172870138    0.2047682109
  -7.0337206768    2.8407252758   -5.4981982942   -2.9076530078    0.7076244079    2.8749553238
  -2.7407089249    1.0252471061   -0.2931715421    0.3513426925    0.4535189876    2.7530386767
  -8.0778100062    3.3089096381   -5.3982255300   -2.3162155424    3.1559565492   -5.3822793046
  -3.4088366401    0.9652874744    6.7692979253    1.4669619797    1.9317170463    2.4970027106
   4.9612179452   -2.3623889358   -1.1031051414    0.2515778588    0.4462604169   -2.0301761700
   8.0634514740   -0.5404980177   -5.1217955216    0.8043553865    1.2300828340   -0.9841774885
   3.0820516751    7.6391333038   -4.3767452686   -2.5627608208    3.5929557140   -0.6000348528
   5.7899295520   -3.6857484017    5.3693053939    3.0952313124    1.0733687417    2.0322467864
   8.1027145392   -2.6299930096   -3.0139497369    3.5527106301    0.3653259146    2.1578919122
  -6.4568534470   -5.3696679722    0.2237748721   -4.3170228903   -0.6749440723   -2.3453256108
  -7.5376565355    5.1427739589    2.6988895422    1.9962912702    2.2699721176   -0.6630597317
   2.8080605871    1.1602499521    2.7234022615   -4.0068260952   -2.8187747926   -0.6007918432
  -6.4069846245    1.2407614720   -2.9400899149   -1.2322821884    1.9838556609   -1.0521181950
  -4.0382283986   -4.6634592559    4.4715683175    0.5910075836   -1.4772518886   -2.5194924472
   2.2296199356   -4.7165041321    5.1137978228   -0.9824875757    0.9883721879   -1.3802784831
  -5.7906151992   -8.4784117701   -8.1480866749   -0.6777718871   -1.4264958633    1.5857650872
  -8.4918768336   -7.8851581887   -4.2159825038   -2.7218424959    0.9021842621   -0.1118847022
  -2.3790646329   -3.7153633903   -7.4717163190    2.0326490750    2.3169383290   -0.7942758215
   4.3488073702    7.0067203427    6.4423576374   -1.2899780515   -0.7339632330   -0.7746059500
  -8.0440050831   -5.6559832173    1.6491267641    0.5030437545    0.5823057339    2.1799437559
   6.6584585703    0.7387478577   -2.8998175562    2.6095426512   -2.1901556983   -2.4826014994
   1.3363097994   -1.3601773019   -3.0149889397    0.8287161710   -5.5065453438    2.3128055525
  -5.6627671051    4.3324428867   -3.8148967577    1.6238636835   -4.4428763408    1.7584334675
  -3.1718178553    7.0389299122   -4.9720408232   -3.4203135687   -1.3847944826    1.0132381114
   0.6681821764    5.9669421858   -6.2075182863    0.6559325030   -1.8060218861    2.8321753296
  -5.5869269310    1.2581616873   -7.6458119396    0.0962301220    3.7793265514    4.0817312740
  -0.1820805247   -2.9914215999    1.9057556762   -3.1897055909   -1.0642556473    0.0997789142
   2.8485737893    6.9355460690    3.0983826692    1.4044399766    2.3766160714    0.3041526754
  -5.2901818139    5.8685856640    3.8534172806   -1.3069722711    0.8463731888   -0.0045953343
  -0.7563884741    4.7367887559   -5.9088423137    3.5855453351   -2.5276546322   -0.0427192454
   1.6398351637    3.9005205652   -7.9741099361    3.0044330585   -1.4496881110    0.6005571443
  -1.3786688613   -0.6531745136    4.1231275774   -2.4124034346   -1.2802517256    3.3134243018
  -4.7407214641    3.4210340642    6.4279521905    0.2064516706    2.1723527979    1.4568672323
  -7.3801439235   -0.6287711306    5.2411005215   -2.1572647851   -0.7400386881    0.0949636649
  -6.8310075568   -2.2456294139   -5.6632772453   -0.2084094348   -2.1942878769   -1.9968499363
  -1.0855361598   -8.1775391987    0.5462384211   -3.7030147037    1.3460727670   -3.8572023837
  -7.8510237514   -5.4563722098   -3.4821424866    0.7523288679    2.9301384657    1.9568643710
   3.6004190682    1.7682010802    4.7053708997   -1.3868714475    0.0835416907    0.7740279755
  -5.9955967062    4.1186619112    4.9700306148    0.7522651433   -3.1136714068    1.3318579378
  -4.8932512936   -4.7052095049   -6.3828360035   -3.0142259865   -1.2943810240   -3.4298739056
   4.0168283678    1.8103159647    1.2777496840    2.1079467866   -0.9153157778    4.3665782382
  -7.9760134451    0.3262157886    0.4422020913   -1.1023078002    0.1810573118    0.7856268034
  -3.2479165224    8.4232430850    6.6023277714    0.5284760784   -2.8555062446   -2.5626856646
  -8.0945359032    8.3986484240   -0.9855785772   -0.0038055130   -3.4231810472    1.1730235526
  -7.9994634987   -1.2097273011    0.0003196927   -0.1451197021   -1.8149479388    0.4636818524
  -4.4117955578   -3.4483356549   -2.2708608754   -1.2378053330   -3.6106729412   -0.7051704404
  -1.9487092165   -1.1481995674   -0.5693897341    0.9893535678   -0.4139339258    0.8126594486
   2.4162351547   -1.3977708607   -6.9753484710   -1.5043923000    2.6866264599    0.4099668031
   1.6918665908    6.7129177263   -0.1700416980   -3.0672402445    3.3605487724   -0.8700829617
   6.5026849789   -3.4027377297    6.3457585308   -2.8945063705    1.9523819235    0.3884908362
   0.0415640418   -1.2468227723    4.5546293327    2.6664567320    3.0178297881   -2.7180338195
   1.7351555768   -8.2465532805   -3.6533244940   -3.8398704360   -0.0872509228   -0.2446350490
   6.4239680450   -1.9325573684   -3.9751489864    2.3253706374   -1.0044777476    3.6997437897
   7.5427870505   -2.5381617784   -4.3636238522   -0.2328562184    3.3408327596    0.7095195971
  -2.2411779482    8.0414753039   -8.5058866790   -1.3976528637   -4.5373985720   -0.4568331665
  -1.7923808555    4.9016664562   -2.0750140287    3.3105858976    2.0960857917   -1.0956543854
  -8.0668596457   -8.3766415336    6.0293910867   -2.3815366656   -2.3845156588    1.0782112026
   2.8293189149    5.1182293301   -5.9262252285   -0.0079784018   -2.2062157328    2.0382069119
  -3.6865062231    4.6049735094   -4.1484790328    4.2141087117    1.0443367489   -1.3615535232
  -4.4245434575   -6.4367826127    4.1857933197   -1.9947817688   -1.3796128344    3.3421496787
  -0.0970768550   -7.2760954475    7.9902081552   -0.9148100412    1.7591222630   -1.7267660996
  -8.3555796393    6.5987032350   -6.1483032216   -1.1469342130    3.2961464607    1.9508186897
  -0.6325551762   -1.0286774016   -7.8420257169   -2.7882105012   -2.2561569318    1.3760718696
   4.1073666531    0.5871770837    7.6092977338   -0.4594707426   -0.2745617558    0.8773410977
  -3.0348061743   -2.6949786283    1.9442359662    2.3754807588    3.0320067906   -1.0671299734
  -7.4726770694   -6.7185164081   -4.2484028396    2.0712495198   -1.8183892993    3.8341198068
   3.5129500118    2.7283662241   -0.7567319181    0.9035526237   -1.7740755225    0.9124350847
   4.4053701333   -4.1887555276   -6.9527052083    2.5900763864   -1.5833384057    0.9263616311
   0.3467986035    7.5077707144    3.0214074282   -1.5249043894    1.0001708983    3.4678924791
   1.8208215522    0.3040927031   -3.5330651412    0.0108454390    1.2960481203   -2.5262661142
  -6.9705434907    4.7300507021   -2.0388005553    0.3938535228   -2.5919004306    1.2081336884
  -0.3368089455    3.8324459914   -8.1342846656   -0.7015263332   -4.0347032001   -2.9714607976
   3.5806629174   -4.3421097024    4.7220830702   -0.5476779983    2.7950908241    1.2101143583
  -0.3435781470   -6.6712992935    2.4944472327   -3.4445972771    2.5510933306   -1.2195852685
   1.0858816171    5.2435912340   -0.8758427435    1.6041471854   -4.1959695303    1.1519455223
   0.6495833886    4.5659720400    6.7637643673    1.9030515288   -0.4652192469   -0.6167938904
   7.8893913731    5.4345240859    5.1445035503   -1.8068264741    1.2372638169   -0.6268432117
   4.1275125935   -1.8104905665   -1.0459336624    1.3999611628    2.4712716948    0.3762713702
   0.7607233296   -5.0449783146    7.9047141605   -0.0996830804   -3.2481375129    0.4056476567
  -0.6564768571    3.5356505233   -1.7776056767    0.2657485216   -1.1034198624   -2.8043263227
   6.6755177048   -4.7124077399   -2.6795574561   -2.1328694841   -1.0085703133    1.9093596675
  -5.4081838958   -3.6073611924   -8.0559390683   -1.8863645739   -2.5249161200    1.0754191835
   8.2465415679    0.4438344472   -4.6045229675    0.5152676936    4.1790702871    0.1719986358
  -5.2992192962   -7.5939464212    3.0384761407   -2.7732821014    2.0131757657    0.4719459965
  -2.7111986225   -3.1178025945    5.5787754935    0.5835691592   -2.3597273763    2.9774382248
   1.7384895143   -0.9487211005    5.3072668008   -0.2691433213    1.0952143476    0.9371049264
  -6.3006655593    4.0002156635    8.0257006730   -0.4585744019    1.0168028974    1.5110697550
  -3.8486265934    3.3112512545    7.0283960483   -1.8483799502   -2.3706339617   -1.9099790009
   3.1449491927   -6.5612971004   -0.8201930938    1.5386554547   -1.9245486064   -2.2550306399
  -1.3388441624    4.6817622181   -3.2492827270   -1.5656527776    0.3242521066    3.0539384552
   3.5805904765   -4.6895023218   -6.2606385329   -2.0395251121    1.2259479801   -2.1387450312
   5.3733846530    1.5974495439    1.8411902994   -1.0231240145    1.7158435893    4.2518542650
  -0.9659734619    0.1379885010   -1.3576591351    1.3051358023   -0.9200601923    3.7666173368
   0.6701922241   -3.4779989861   -7.8210726992    1.2719475411    0.0391667438   -0.2447396519
   3.9203994886    3.1078056269   -2.9209637795    1.0856434128    1.2214509609   -0.0305672319
   7.5978613042   -7.6002177922   -5.8179678812    2.3612681466    3.2806872118    1.7312763153
  -0.7417730899    6.5489193311   -0.5963156124    2.0450195729    0.1011141950    0.5567043338
  -7.2230701814    2.6354600704    3.0274240995    0.6306640534    1.3612948753   -0.4660416675
   0.3168678570    1.5496048257    7.3175153904   -2.7748113809    2.3960566285    3.4900230334
   6.7203172516   -0.5175507916    0.7533868577   -3.6602983102   -2.4457522108    1.3589395808
   1.8802452686   -6.1880589258    7.9761743082   -0.9019032712    2.7017918238    0.6288051725
   0.1544143995    4.7894966610    4.1856618709    3.4479201736    0.3258982764   -1.2995463832
  -3.8060408426    4.3273277706   -5.1102248424   -3.4717279513   -2.4695087807   -2.4458763104
   0.5824416580   -7.8732992872   -7.7065868308    3.8297470845    0.6946048714   -3.6641810931
   2.6231227773   -2.6041570797   -4.9119686246    2.4927009983    1.2756475640    4.4593773599
  -7.6918066241    5.3856863592    0.4859403601   -0.0397957500   -2.5428653000   -0.7803492348
   8.0673994675   -5.6989911929    3.1819788360    0.0986625901   -0.0053188939    6.6471641794
   3.3937024191   -1.6827475524   -1.7604434095    2.3231456707    0.4292348992   -1.0140016456
  -5.4631787306    1.7438229313    5.0827266078   -2.4335533055   -2.1642784849   -3.9385485689
  -0.8038518232    7.9141541403    4.3767850361    0.3534588869    1.5079685539    0.2747495887
  -0.5690453834    8.5298374909   -7.8668311090   -1.2682727090   -1.3484852750   -1.9428828925
  -3.1335762805   -7.1173392543    4.4232674825   -2.0258133699    3.5217614189    2.2196277800
  -5.0199776275    1.8385360791   -5.0623639308    2.8163867234   -0.5467055252    0.9644240455
  -6.7202667475   -3.8204473584    1.9587947130    4.2818468249   -1.9664962829   -1.4731187132
   2.7165156467   -3.2819976898   -2.9841548190   -0.5983754128   -1.3558925708   -0.9786761639
   0.6416214139    7.8176148383   -4.5679113644   -1.6920487714    0.4604424391   -1.5665761939
  -4.3669417517   -2.7142106551    7.1589666431   -0.5053654360    0.7486821314    1.4350676144
  -6.1145968588    7.2302917736   -2.3374209306    0.9107714123    2.1685263333    2.2031162470
   8.1175925835    2.1661673609    2.4260460285   -0.6793596209   -1.1442753145    0.1728935156
  -7.8428469713   -2.4831632556    1.7969198991    0.7418637359    2.3784111742    1.7920119522
  -2.7263905070    2.6491787432   -6.3551043090   -0.0328788929    0.3385006462    2.0071906200
  -2.3983916893   -2.2913599969   -4.2420997106   -1.9345783931   -1.3293659280    0.7225711668
  -2.3827376444   -4.9217301946    4.3352764620    1.4104779506    0.3140471790   -0.7360212627
   3.5006054818   -0.0050132691    6.8142314377    2.8991840697    2.8380587000   -1.0623201670
   7.2253165945   -1.1723656655   -4.0494451229   -2.0777053076    2.5649542281   -4.1721470532
  -1.2943521110   -4.9101253531    3.9148731915    5.9700323017   -5.5446480210    4.5581092909
   3.1591151285    3.5114121453   -4.7915626975   -0.9030722976    2.8969187790    0.3363056488
  -7.2582726822    2.1332796698   -7.6493868916   -0.6403658843    0.7947700356   -1.9231776488
   6.6472622554    2.5918508613   -3.8968054274   -0.8489359165   -1.9722667924    0.8549232801
   4.4189615453   -0.9082819699   -1.4042278514   -1.3833717676   -0.5035804650    4.0194777845
  -5.0749487785    8.0111999652   -3.9248168692    1.1187893922   -1.1628780848    3.8790933046
  -0.0924963754   -3.0817302173    2.8699208969    2.6309248658    4.2332181094    1.0376984701
  -0.1077810943    2.6816691769   -3.4882760476   -0.1753593408   -0.2087612947    0.4303478867
  -0.7490219371   -2.1821014043    3.5524057422   -3.4428585890   -3.1960405168   -0.1045725062
   0.2534160123   -0.9720764591   -4.1743828991   -3.0566968191    2.2144541882   -0.4977438647
   5.9573388112    2.3238170365    6.4916798730   -7.5946304745    0.9261294695    2.2639719199
   0.5454491376    0.7471073252   -4.7665370404   -0.8792919983   -1.8174302691   -0.9719525137
   2.3792589540   -6.7373079632    5.0743754424   -0.7795427077    1.0108759035    0.9051194348
   1.6075520030   -5.0732977963   -5.8471510386    1.4719603095   -1.0613839418    1.1334675681
  -5.3077709144    8.4614577248    1.5653457504   -1.7164774522    2.4249754000   -2.0091039405
  -6.0415517571   -8.4971488789    2.9224088145   -0.0774530055   -2.1750484438    0.3441834730
   0.3731030857    2.2360911225   -4.7504121517   -2.9618005012   -1.5611470915   -4.2723049454
   3.6745812957   -6.4781621424   -1.6371509641   -1.8597253547   -1.5228343643    1.2885633633
   3.9448134320   -6.1588284872    7.3509724994    1.6912166555    1.6414088198    2.3361512216
  -5.2744610304    8.3398778756   -6.1811745924    0.7646910021   -1.6461544445    1.4888772083
   7.3024899747    4.2909225561   -6.1746863740   -2.5263617500    1.1414670182   -1.5532569984
  -5.1108694678   -0.3541316410   -2.8704460060   -3.2694180056    1.0468964702   -2.3996955544
   3.7540074403    2.8411099121    8.4363690862    0.4936978920    4.6401803008   -1.4428969121
  -3.1293558882    7.8433112392    1.4948866127   -0.3813250199    0.6572067727   -2.9913105440
  -7.1310621843   -1.1030675127   -6.9339164947    3.8613477289   -1.7031001731   -0.4777689755
  -1.8287525723   -8.0251734063   -6.4150903745    1.1790202647    0.0559962197    4.6439072921
   2.3310311772    5.5091002122   -1.4800152955    2.6042882440   -1.3298444520    0.4326557223
  -7.9663136599   -1.5328195213   -2.5990614246    0.3767194185    0.8434237179   -4.1938607634
  -0.9662576549   -2.0826348858   -6.1805105537    1.2524571785    0.5506542604    0.7943156537
  -1.9914690735   -2.0180395982    4.0948755779    6.7479577299    0.2982376664   -3.7322105087
  -8.0269849820    1.5775500070    8.5055976503    1.3119061117   -1.7284260058    0.0056110312
  -6.7724655304    6.7218534739    4.7239225620   -0.2949769365    1.6710093680    5.6359663537
   2.3834864369   -1.8503467594   -0.1676070920    1.6343646263    2.6589456803   -4.6690494529
  -6.9373541062    3.0715004062   -8.4838606162   -0.5954250715   -1.5725139759    3.5161349998
   3.5206424134    4.8440038371    7.8417014880   -1.5104716366    0.2648749526    1.2922059254
   6.4673786306   -1.6305202273   -0.8635827308   -0.3725135021   -2.4972749206    3.6657851573
   7.2423880855   -6.6589565551   -6.5210065977    0.1837442976   -0.1555969124    2.5761734408
  -3.5934207741    3.7579583145    4.4337037975    3.6455137505   -2.2646729301    2.7402750816
  -2.6239007692   -1.1997192873   -3.1949186826   -0.5346630045    1.1335031913   -0.5233372122
  -2.4673203616   -4.5855676545   -2.1206491207   -1.0544461418   -0.2903576600    0.9052185894
   3.2395486380   -0.8664733194    5.1948410379   -1.8215834754    2.8487057853    0.1216844989
   1.6155743834   -2.1314448675    5.5565166291    0.8975702497    1.9247895447   -1.0378605615
  -5.2669007729   -2.3929793100    0.7367406607    3.0977528797    2.4818560894   -1.8388850753
   3.9457943602    0.0353969279   -7.9941812589    2.0026494384    0.7388382582   -0.6039418965
  -6.8555491841   -7.5106912756   -4.7574165937    2.8235593052    3.7791570761   -0.6534543501
  -4.5155486673   -0.7390431832   -7.1544182328   -0.3434633488    2.0741215142   -0.5782011091
   7.3747226741   -2.8476833278    5.1173822000   -3.1752503424   -2.9185900681   -0.7070099697
   5.7070611948    2.1589614733    5.2493874723    0.3840509314   -0.3742491122   -4.8110567555
   8.3910708837   -1.3469261532   -7.4045966219   -0.5254684690   -0.3839945480    1.4190206429
   1.4246008872   -7.6879738361   -1.3101158944   -0.7332675226    2.4231642016   -0.0989514619
  -4.7101261550   -8.2378284766    6.5172886215   -2.5279442425    2.9846377590   -2.5495627632
   7.0815534131   -5.3229944060   -6.5272734406   -3.8383962200   -3.0813897975   -5.8788363081
   1.9063948281   -1.2163999052   -8.5338639740   -0.5180050797    1.1727156077   -1.5634744572
   3.8760942543   -2.5129050671    4.4190308668   -2.1221184535   -2.0513254711   -2.3430434903
  -2.7594965615    6.4748432824    3.8591436476    1.6606545156    4.0591078535   -0.0384936584
  -8.4850959626   -2.0060335520   -4.2466256793    0.6011497295   -0.0894350282   -0.8855431972
   5.6536591863    5.1939901124   -2.6934946052    1.7826252869    3.2267141604    1.8586804611
  -0.7857241337   -4.8223162714    2.3158807823    0.6153525512    1.3628756053   -0.0924784969
  -1.4351151202   -4.6569284951   -6.2657231219    0.5977736434   -0.3962838222    1.9696676346
  -8.4103417079   -8.4481051467   -1.9745617419   -2.1702340330   -0.5207860444    0.0394548582
   7.0390467596    1.7072574383   -7.4877322346   -0.0892399109    2.4452028463    0.0448957070
   2.1196290243    3.5408898698    7.1467905010    0.6497991292   -0.0209115422    1.3672407172
   2.4253298760    2.7929537278   -6.8950842818   -0.8569228882   -1.1969988227    1.3894544710
   3.7762969981   -1.0513264301   -7.9027167323   -0.1090782577    1.2574137375    3.1268429659
   0.4390211181    4.0417076847   -7.3196741806   -3.4718617641   -0.3204814301    0.0272622278
   3.8924753836   -2.6324865986   -4.2912552626    5.4300472500    3.4677355806   -2.0646914555
   5.2949877361   -5.8132627387   -4.7360180126   -0.4160992650   -0.8261991270    3.2163211400
  -2.7760563914    2.5023364031    4.9037098609    3.3785315394    2.8182820730   -0.3107806776
   3.7871095569    6.6840907862   -7.5367658291    2.3906464926    1.1989349848   -3.2781526016
   2.0625467326    7.2091917051   -4.7530943127   -0.5385217415    1.1050017926   -1.8570433199
   7.1380348280   -6.7673327406   -8.4388666940    2.3084637674    0.8428247604    0.7289171978
   1.2456337810    7.8658702304    5.1862655301   -3.6538577904   -2.9603301883   -3.0521387375
  -6.1618007626    8.3728912226    0.0573060576    1.1235402989    1.3139487480   -0.7257571996
   7.8582007545    1.5468591404   -6.6105529034    1.6903803537   -1.7819210580   -0.9797448805
  -6.9990697609   -4.8608272043    2.7169242208    4.6272058651    3.6609914580   -1.7008837335
  -1.3011112161   -5.2880849394    6.9957978495   -0.7279616717   -1.9484373788    0.1226130120
  -3.9221608031   -3.3506568177    1.5250794409   -1.0587659578   -1.9587788781   -2.9494334233
  -8.2117102327   -8.5357579027    0.9098151324   -0.1936897791    1.1907204064   -4.9227633781
   8.0975129578    7.0169451977    2.6476544729    2.3613656883   -0.9049396615   -2.7330969377
  -4.3499405785    8.1582102710   -6.6578449388   -1.3554571229    1.4516522586    1.4145796814
  -2.6911909174    7.8792754187    4.1620359975    1.7876530645    1.7597355678   -0.0606836898
  -2.9076151362    6.9030684121   -8.5116656890   -0.1275551204   -1.0625389482    1.7224855914
  -4.9240922075   -7.1237838585    1.8251674350    1.8735197502    2.1093985982   -0.7960374049
  -6.9800873559    7.8087619856    3.2912975271    0.6359214175    1.0231049736    0.0976846642
  -3.4716394837    3.4079672969    2.7357499070   -0.2913478661   -0.5090432318    2.2822005242
  -7.9213354657    0.1906831249   -3.2799559723    3.0264715744    2.3448466829   -3.6431187637
   2.4414188157    3.4323976411   -3.7627182932    4.4362825788   -1.1497155520    2.1875582431
  -5.5933845092    1.3034067287    0.8772260222    2.2559758118   -1.3306185702   -2.9064874305
   8.0168000271    6.5251946623   -6.8026814016    2.0230733824    5.6765858604    2.0884567247
   2.3452357736   -5.2708524120   -7.5387102281   -1.9407830830   -0.8911916082   -0.7234059508
   0.0633674076    3.7756147576   -2.9120064528    1.0059328373    1.4700371328   -3.2797134442
  -6.4439575375   -6.6241964139   -0.8972599902    2.0317439765    0.6258953131    3.1713138472
  -3.1923930133    0.6661374953   -6.3709439197    4.0876126837   -0.4471995041    1.9530642805
  -6.8825236015   -3.2176084115    2.6789823525    0.3238257694   -1.7630336637    2.1009420252
   4.8991423344   -7.5445834198    0.7464733763   -3.6822297725    2.9562334236    2.0031408209
  -4.7843891076   -2.2949065095    1.6005254300   -1.7984428718    1.6916638451    1.4497105277
   5.9263557001   -8.5113309960   -8.5134417547    3.9654959370   -1.2891065390   -1.8520053758
  -7.7172237591    6.5231543798    7.5103896415   -4.1769732742    2.8144584522    3.3080592281
  -5.8609282512   -5.3155841291    3.6274399976   -3.3363939226    6.7523221437   -1.8013412039
  -8.3700821090    0.7651358686   -2.1269296321   -0.6270671895   -0.1338022735    0.3545528203
  -3.4008801043    5.4453076131    1.4094634758   -1.1908259710    1.8944380338    1.4825193179
   8.2103736929   -4.4141767437   -2.5415374020    3.1817392755   -0.5141112572    1.1655035329
   2.1596465567    2.4242977726   -1.5765860085    1.9618528096   -1.0066777809    0.8840077703
   6.5221783857    2.6780623307    7.6668993860   -2.6746773492   -0.7254823620    1.7560192014
   2.0305514153    8.4547643705    5.6341588782   -0.6986456807   -1.8161746242    0.8943858390
   1.2697326933    8.3362959144   -5.5187329902    1.2585962849    4.8866578071    0.7161942604
  -3.2912444535   -7.7847355347    5.1677573375    2.1156782665   -1.0135849146    0.9764477916
  -7.0183131332   -8.3087865360   -6.0677170543   -2.1977583338   -1.2752912867    6.9846961886
  -5.0376449774    1.6564483193   -6.2520873883    0.5943643133    2.3830410184   -0.3003903508
   7.3033123372    1.5059544862   -0.3422719363   -1.6287097551   -0.1479948545    1.0837036780
  -3.6530130916    3.9380570487   -1.5517498271   -3.3766890388    1.0523273194    3.0790000703
   2.7982471063    2.8329693891    7.7858516010    0.9034552143    0.4500876386   -1.0397009199
   5.8399167823    0.9378959180    5.9446001362    1.6690771590    1.2272339487   -0.9320914852
   7.8063244391    6.2920747137    0.5151717661   -1.7611459659   -3.1015583230    3.6447298817
   5.5051847997    5.6459917507   -5.9284812096    1.7437702689    1.0204804793    2.2316823023
   7.4319725246    4.3851407788    7.1175813517   -1.4265579499    4.0949975605   -1.3890556382
   4.1921412141    4.3507906552    2.1350690207   -0.4714834088   -1.8977009934    2.6145073100
   1.7527061888    6.5676447853   -3.9281500268   -1.1185348175   -2.6146601125    2.3187861150
  -3.0533436452    7.7913637330    5.3917364054    1.4576711636    1.3915896639    1.9210485760
   1.4337785865    1.5996050793   -5.5177621159    1.1652264790    0.1315619432   -0.0823356407
   6.2804729620    8.3248671854    5.2105063952   -0.7781273733    2.7645853982    1.0904602139
   6.6714761311    5.4416971620    1.7466262296   -2.0037709625   -1.1060847286    0.0187867065
  -3.3764046708   -1.1837684661   -0.5230696651    1.1837038771    1.1826869418    4.1304930990
   7.7163612857    1.2917547812   -8.5381780195   -0.3975440071   -0.0608911746    0.9982748802
   7.5845702277   -0.0012176986    2.5758987979    4.6134958974   -3.1847069146    1.6561620407
   0.6827036322   -4.1944823585    3.9806073086   -0.0783716406    3.0399354965   -1.7484355701
   4.1362516571    0.3587620576    6.0899506115   -0.2183445936   -0.5150653228   -1.6115630736
  -0.1557866065    0.5011337576    0.0517538209   -0.8137016507    0.3191068738    1.3998942630
   1.5847697218    3.4786182603    3.5325546460   -0.1220659395    2.2545782116    1.5428123656
  -4.0832771988    7.2590778756    3.2055413159    3.1564225150    1.4335952437    1.0630183579
   4.4395458725   -1.8525183795    2.5055421299   -1.5099282520    2.0797683973   -1.6263864194
   1.8807115844   -8.2017551824   -5.9048505220   -1.9996083274    2.4890355882   -1.4982925394
  -7.5358472689   -4.7837463983   -1.4736113402    4.0040621708    1.3674878789    1.3397821654
   0.9166152570    5.6635721860   -2.2683330308    1.2047149678   -0.5129675905    1.8840584359
   4.2549697354    3.2425251480    0.5428582398   -0.5993623142   -0.2860571227   -1.7912545873
   6.9940665810    6.3394174626    4.2367830122    1.3900576551    1.2471993089    1.0031596319
  -8.2362951037   -0.3861462105   -2.1086448203    0.8044723656   -0.9964092312    2.1610784218
   7.4334854425    7.3854557333   -8.1955893161    3.8421914459   -1.4439099203   -0.3804997071
   7.4231334855    7.4466445380   -4.6464046381   -1.2882812602    0.3446619891    5.3900739239
  -0.1196278579   -3.3103404785   -5.7278049224    0.8251855371   -2.1470123808    3.8770063555
  -0.0670652148   -6.5471172961    1.4027151465    1.0321029091    1.5331226573   -2.8231510175
  -1.5784047510    1.7420443133    0.6927114951    1.9661946058   -2.1624412549   -1.5963404075
  -4.5886451669   -8.4868491185    3.1047826854   -1.7270862210    0.6103842665    0.6895763442
  -4.3260351013    1.7746133427    6.7380115660   -0.7028794153   -2.9732893557    2.3970126423
   0.1080720541    6.4439379548   -3.6940448434    0.1539029569    1.0631344843   -1.0308614675
   7.7627210023   -3.5735018037   -6.1443427552   -2.3190771365    2.2690980434   -1.8442403801
   7.7305101187    8.0319279158   -3.3914528716   -2.2167455178    1.8014674907   -2.9225813857
  -8.1787787020   -0.9116287975    1.1246661394    0.8998047997    2.8822076136   -0.4861032448
   4.4568277520   -0.4164124680    1.2959106321    0.3398089497    3.5169592197   -2.1055858740
  -2.3122519899    7.1760105566   -7.3668618763   -2.3905799145   -3.3304493726   -1.6996464975
   0.2710122662    1.2579003105    3.6890656468   -0.7025816865   -1.6430844360    2.3344480066
   1.0628271785    1.7128217262   -4.2143726486   -2.4553934667   -3.8744350499   -1.8177611788
  -3.7046241290    1.9814118435   -5.5046312439    0.4902876951    2.9929573929    5.9819462338
  -0.7560130365    1.5510555332   -6.4465545042   -1.5458819570    4.3454686405   -1.5953896623
   6.6686324157    3.0044760318    4.2525912926   -2.5769136123   -0.6148836555    1.6450331712
   4.3834369076   -3.6603377448    6.4464821879    1.9723018120    1.1854220964   -0.2320678339
   1.8781134609   -5.8430154335   -1.1055852645   -0.0811496651    2.6482888625    1.2761467456
   7.9614809869    7.1491560931    5.7567719635   -3.1050159642   -3.2059173821   -2.6375089917
  -2.3665341231    6.4263957264    5.8971333264   -0.1605023640   -0.0918474334   -0.0710424881
  -4.8779180443    0.8362026683   -4.5398723895   -1.5164779768   -2.5433287036   -0.4226448920
  -4.2499476922    6.9413080556   -8.1380663333   -0.9611187754   -2.0466745670   -5.9518220330
   3.5413992133    5.7316750891    5.5275007579   -1.2871706564   -0.6448732335    1.0716058134
   6.8387425006   -7.1314672895   -4.9452094407    1.1964149775    0.6079711801    0.7482662274
   1.3585822626   -6.1804766194   -8.1960022122    0.2774576633   -0.4821025161   -1.5234820657
  -4.2250218545    5.7890745442    2.8575487723   -2.9594126230   -0.0967187926   -3.6007989410
  -3.8258001373    5.5585203207    8.1698680857   -0.5744228311    4.8676871994   -0.6779771663
  -5.1761601373    0.7682576954   -5.7140168808   -2.2062546064    2.0675000109   -2.4545838700
  -5.2227723996    7.8982051521    4.3810698017    1.9613266783   -1.3812750001    0.8628178952
   7.6945037895    0.6265566183    7.6342232930    1.8217699692   -1.0108376790    1.6831986708
  -1.9465443117    2.7468720035   -5.4441888116   -2.8069312014   -3.5159191788    0.1781708535
   5.2994229399   -0.9692073723    3.3287503925   -2.0793370583   -2.1162994863   -2.3169316927
   1.6095752269    0.3887660561    6.6661650849   -1.6803603627    1.6856210224    0.8849976376
  -7.1976331929   -4.6796837530   -0.3803349406   -1.2438659114    5.2969443246   -0.5462544590
  -4.7324218074    5.9239228311    7.1543465417    1.2821993996   -0.0594707164    1.9961636434
   2.8482010727   -7.4522983729    6.0551412107   -3.2990572723    1.3605611550    0.5697824938
  -7.3281009819   -4.8265595886    6.9159100903   -2.1632243451    0.8768617528    2.2804045763
   5.5750058798   -5.1742347622    5.9933619255    0.9262688396   -2.4121127350   -1.7807656320
   4.5670067585   -8.1264087317    1.9694327339   -2.0462224819    3.9971636846    0.4628425771
  -5.5034964591    6.0052012846   -7.9806397381   -1.3953159245    1.0932315550   -0.3421073639
  -5.3448666160    6.3753347371    4.8390996565    4.3869900227   -1.3451488660    1.9828111702
  -7.2167664104    0.8660971740    7.4881732513   -1.0611195553   -3.4202220657   -0.3485916342
   8.3726305026   -6.9437709943    4.8664669531    1.0329792957    0.7120512408   -0.6075519747
   1.1825453778   -5.8504332258    2.7791487657    3.2878915523   -0.4825130348   -3.4829507456
   1.9446100852   -0.4103972930    0.0914886591    2.2037457064   -0.5961541630   -1.3970867108
  -5.4104236265    1.6873590570   -3.4348847139    5.3369409228    0.1620560454    0.4490446311
  -3.6677702431   -8.0680448258   -5.2410456083   -3.1649958928   -1.5282826364    2.2307175974
  -5.6758428651   -2.6395219564    5.6342010393    3.1035896823    2.5685054457    2.3626133198
   3.1207250495   -5.5129248286   -5.7430637229    0.4833159666   -1.3798238436   -1.2226349898
   0.5572772563   -5.2878359791   -5.0123741446   -0.0869256241   -0.8769199792   -2.0050855150
  -4.7110008959   -3.0066661453    3.1726627387    2.0287034879    1.4475829015    0.5614155834
  -3.6011901067    7.9737514152   -8.3749477779    2.9644689777   -1.5703134729   -2.3753148919
  -1.3370940198    4.1866981445   -0.1318814292   -0.9144519937    1.2855874022    0.3005818715
   3.4132072217   -0.3334007005    2.8776205828   -5.1136930608   -0.6621778586    0.9551749647
   5.0188127325    1.2095952485   -3.3478766297   -0.2113974358   -2.0034806507   -4.6473668339
   1.7778728933   -5.7950279571    3.9926617517    0.6998544852    2.9224179979    0.9169202190
  -3.8978874764   -1.6561422924   -7.5884414964    1.6301463139   -1.6417250863   -4.4845425550
  -8.1002053162   -5.0733099563   -5.8725524449    7.0576646891    0.6377068874    0.5393265244
  -4.5501429205   -8.1311434269   -1.0009945290    1.2153795713   -0.0658688225   -0.0234997712
   4.1431590615   -7.1733452639    4.9492918322   -3.3086866980    0.5158447302   -1.0325700791
   5.0954733833    1.6531807965   -2.2977136270   -2.4146569085   -7.8248582214    2.4810341178
  -3.3677675134    1.6793121064    3.5640846736    1.0699788413   -0.0483745207   -1.5755603213
  -5.5556957983   -3.9042094911    0.8982621803    0.6117373069    2.0865879390    2.9461663649
  -0.0750424893   -2.0192771406   -0.1587608328   -1.1135507730    0.5901933996    1.6358970961
  -6.8719997167   -7.8540391811   -3.1156940242    0.7422759136   -2.0084056677    2.7877198358
   4.2706702171    2.1301110436    7.4673594790    1.0463129309   -1.2985404651   -4.1143766031
  -2.1077310198    3.3524035171   -7.8779889023    0.7943726461    1.1720876698   -1.0704365082
