           1000
    17.09975947
  -1.3729134995   -0.1787662335    8.1975214435   -3.9866934321    0.1740267742   -0.7936667389
  -2.7863790989   -5.5809425516   -1.2345353998    2.8719032187    1.9311303317   -1.9510845838
  -4.8370161053   -5.4200901144   -0.7725038312   -1.1659558736   -1.9723138545    2.6443106440
   6.3913870821    8.4268541582    1.4679540143    0.5192366729   -0.3731636786   -0.8254965659
  -6.6756091094    1.9744418796    3.9915666332    0.9404834795    0.0714576674    0.2294120745
  -1.2655413860    3.9090353462   -6.8675301910   -0.1779038858    1.2179116015    2.1471893994
  -5.3285892332    3.6091668484   -3.2487274003    2.4900821613    0.4777855430   -1.9179869199
  -3.1001986907   -3.1731316472    7.9678166861    1.7064889111   -2.6437866353   -1.9255921649
   1.1364049075   -1.9525050489   -3.4957206129    0.7194337963   -2.1923922994    2.1620284736
  -5.8471787639    8.5221708648    0.3593846942    1.7323400060   -1.3815931608   -0.3864029656
  -7.0601742287    1.9971031507   -7.0715325841   -0.2541514605   -1.6704572729   -0.3690521634
   5.3857648279    4.2355649258    2.1708991079    1.5631237508    1.4552260489    0.1528212619
   5.9711734082    7.9771857324   -3.8147966799   -5.3557162872    1.6841583308    0.3014643088
  -0.6940504868   -2.3736474372    4.5789959919   -0.7865794310    2.5151396981   -2.5858705970
  -1.3786760980   -3.3485994090    7.9886933076    1.3550676672    0.6170758239   -1.0929216573
   1.0589190909   -1.2223697133    4.2518241419   -1.7290662514   -1.8971679480    0.2318612091
  -4.6323192152   -3.3947888181    2.1281637802   -4.0259705394    0.5214365979   -2.9617557561
  -3.4867978925   -2.0249216867    8.5106596713    2.0531838002    1.2479496937   -1.9604110829
  -6.6987489285   -6.4395074313    1.0517455837   -1.8846998440    1.0613575245    0.2116950293
   3.3005840197    6.9673999409    6.8084981181    1.5937311370   -0.2763672460    3.0115401452
  -2.4823085618   -6.2359899330    2.4052195028    5.6837654143   -2.6546781347   -0.4762272557
   0.3074076986    5.7262706486    5.2656259708   -2.0514551992    2.4300272020   -0.2394890028
  -8.3543940176   -6.7448470843   -6.9559012702   -4.0680864714    1.8183106484    3.2024436968
  -6.7177972639   -7.5420155185    8.2484662891   -2.2757079745   -0.1708376824    1.1237568101
  -7.5341796059   -2.1349930084   -7.3946991796   -2.2886654096   -0.2815887223    0.5603537720
   0.0876176420   -7.8267309713   -8.1534789088    0.3509818746    1.8713658073   -2.4962087576
   6.0436785117    5.8469362906   -7.1749545906   -0.5483593496   -2.3255749975    0.2477747415
   6.0149536724    0.5918524450   -5.1217215777    1.6448392825    1.6234128235   -3.6005655757
   0.5105291088    4.0652024510   -7.9969339369    2.1142162630   -0.6885421128   -1.6042629808
  -5.7785734601   -1.9698751855    1.9157739697   -0.1505331353   -2.3399063292   -3.9421709261
   6.4384201535   -6.4491090286   -2.0567115754   -3.3298330935    0.8412422036    1.4417799743
  -7.3080500672    7.8618938974    2.6873721020    1.1121487747    2.3390119276    2.4933093506
  -2.9235184437    1.4342044656   -3.0878324389   -1.0557561505    0.5890546232   -3.5896294161
   8.3181738501   -0.3100621968   -6.9317093052   -3.3217277309   -1.3061835759    1.3714861686
   0.4426175593   -8.4541274455   -1.6251156714   -2.0265080221   -0.9609672389   -1.1533245631
  -4.4737479370   -2.7889082930    6.4135203257   -1.7334712137   -2.5017227341   -0.3719605205
  -0.2938786894   -0.8549200059    8.0165981658   -1.5781798527   -0.0867113561    0.3563614446
  -6.6192996280    6.1122722135    3.1975279820   -0.3006337061   -1.6640333547    0.4580073091
  -6.8692444640    4.1023559999   -0.2665520393    3.3556354616    1.9233284073   -0.0976437764
   2.2748486271   -5.2132331077   -4.0200368735   -0.9981815048    2.3182755692   -0.0208820229
  -4.6769763842    5.5799865953    4.4698028349   -0.7354003089   -3.1102172832   -2.7685462867
  -3.5164820517   -0.5212573065   -8.1362828537    1.7878708389   -0.8455408850   -2.1260489397
  -5.6449478963    2.3731643465   -6.2234277589    0.0904015921   -0.1379655347   -3.3446075894
  -6.4765178862   -8.5035125534    3.1844158710   -0.7442930934    5.2945806348   -4.6188582573
  -4.1693857379   -1.3584092371   -0.2758615938   -1.0130588588    2.0487795366   -0.1720740866
  -0.7112990197   -1.0646752138    0.8751183325   -0.5089065384   -2.5709305913    0.5274728733
   1.8006609087    8.2321645289   -0.2257206421   -1.6940543492    0.6615673531   -0.0833456090
   7.6755695082    2.9644001066    0.2076283167    0.2534933225    1.1890717983    0.5081570005
   0.1753277259    7.3364435307   -4.8727324210    5.4444120691   -0.7270422924    1.3875418572
  -2.2137856203   -0.5435931622   -3.5197475722   -3.2468135761    2.0736064965   -1.4065839174
  -7.9808537090   -2.1320934835   -6.4000971452    1.0278437298    3.3595256505    2.0027398371
   7.7512695107   -5.3461781704   -6.6273068652   -3.4650142381   -2.6269646126    0.5871468153
   1.9217731879   -1.6035584216   -5.7228544319    6.1692184504   -2.5153149071    4.5141167803
  -1.1621136957   -4.0263837855    4.8236733047   -1.1189993639   -4.1962358238    1.8913168018
  -3.2169844898    0.6972487371   -7.6281629928   -0.3183413269    1.0916119161   -0.7265461732
  -5.4586615235   -3.5034013865    2.8244083879    0.9763986927   -3.6459705737   -1.7910685560
  -1.7617588866    7.7942747907    4.8697886653    6.4570746239    2.3170645678    5.7819946325
  -2.4169164757   -4.7638121219    7.6685903410   -0.7311022006   -1.6487269296    2.3127874286
  -6.8264673621   -4.5143215960    1.6482117546    3.5635859411   -1.2713011032    0.7108924641
  -0.7034606688    6.3878056099   -3.5094247437   -0.2074660949   -3.9568513437   -1.3826674865
  -0.3532743391   -7.3640950399   -2.8372224140   -1.0101311466    0.0031977209    4.0227930002
   6.6294371304   -2.1899193216   -7.2624223252    2.7756826784   -0.3042197716   -1.3589451472
  -5.6060789857   -3.1826771341   -1.0580557644   -0.7536458394    3.3160396407   -1.5329782549
  -1.4264016695    0.9588711300   -8.2848881310   -1.0777056819   -0.6017866667    0.5131192713
   3.1180425631    0.0191042663   -4.6407570873   -2.5201097486    2.5711978748    1.0225262083
  -6.7428345354   -1.1989481601   -2.3506109109    3.1866307654    3.8383637952   -4.4964691418
  -5.3365846092    0.0684270277   -6.2709079933    0.5465388905   -3.4307207595    2.2605514863
  -4.4491638883   -8.2460576940    6.3842938907    0.0918058656   -1.8229939358    1.6960614077
  -3.6090243808    3.0059634671   -4.6638747864   -1.5785497250    4.3766768145    5.1365547305
  -8.0402150671    2.4734880644   -0.8965181345   -2.7657309071   -1.5551821608    0.0352943066
  -8.5295420278    2.9386805637    7.4969314226   -0.4803208951   -1.2272421673    2.7803761916
   7.2466940272   -5.3697625902    5.1921769858   -1.5133579643    0.9760903866    0.4636387989
   5.8378395659   -1.7195772108   -3.1687700768   -0.6452623094    3.4474022618    1.7422929533
  -3.9703358487    4.1911141303   -6.8141258712   -0.2669757527    0.8787101069   -0.3266869135
  -4.2180973802    5.4318427267   -6.6897369702    0.7543346354    2.0054775773    0.6862686520
   7.0110133799    3.1208664268    1.1852131982    0.2113757504    1.1935929327    1.6889786477
   7.3259068416    2.7632877944    7.5554387940    2.7007334160   -4.9789757268   -0.2079987624
  -7.1293893715   -7.3432243846    4.8944998401    3.6127391431   -2.5705644732    0.0250590386
   2.6009992216    1.9726076855    8.3144461341   -1.7446380906    0.7094569969    2.5512007387
  -1.3205305880    4.0956214471    1.9180222029    5.4432025655   -2.2102206100    2.3793123134
  -2.5247938271   -7.6121076744    3.9598430947    1.0759342658    0.1805089298    0.2590618012
  -2.9461910304   -4.0509514278   -3.5937456419    0.6156917306   -9.0076326867    1.1204879410
  -1.7185102859   -1.5889978122    0.0193432513   -0.3240732138   -2.5210281569   -1.7850161927
   7.2720048279   -6.9671558392   -3.0896846941   -0.7189690980    0.8357913021   -0.6580760079
   2.6684089413    2.6636437456   -1.3001988899    0.0831608142    1.4596649025    2.7779442861
  -7.6265991029   -2.8991324339   -4.4527626227   -0.8552630102    1.7765715151    2.1337650543
  -0.1963998029    5.8404104078    1.5120574716    2.2469570366    0.4450688313    0.3178964986
  -7.3029176970    5.3247874300   -4.1910924793   -2.0684148434    0.2834988569   -1.5875517057
   8.2153107667    5.8449351875    5.9568390261    0.0887398124    0.3938541440    1.5533929885
  -2.2898624924   -2.5383019819    0.6782493741   -0.7216834196    1.1458635115   -1.2348045791
   3.8516123942   -2.9658324706    1.6435012404   -3.9794998118    2.5917692947    5.4622072330
  -7.5848374832    3.9960866539   -6.5821876195    1.4134494077    1.1141170506    1.4400273974
   3.3241845318    1.9020476957    4.0951535348   -1.3782958092    0.0726191631   -0.8970319980
   5.9098458970   -4.0174758403    3.8854372934   -1.3782315340    4.1782069532    5.1567978561
   1.1974583172    0.7774606975    5.1170450269   -2.7809387970    0.2901252092    2.3639102720
  -1.8817981391    5.3905674567   -6.9556061200    0.9067640784    2.1912271985   -0.5420863225
  -3.6703174230   -6.4054972508    3.7515401024   -0.5325126060    3.2485969488   -5.3304809106
   1.0100135341   -6.9445887048    3.2805350708   -0.3980266925    0.2395436518    0.8648311297
   2.5065970034   -8.4375284686    5.4649521087    1.8415677202   -3.3628338468   -1.0296352995
  -5.1094961056    0.6853335297    0.0403115449    1.3410220102   -0.1354742664    2.1134203320
   1.7095419798    2.8051918617    3.9281920191    1.6761749199    0.9391118569    4.8421171269
  -2.2498081613   -4.0526581922    4.3595439528    2.2402846167   -1.1753633198   -0.9519554222
  -4.6833652552   -7.0734940845   -1.5318769782   -2.5501714520   -1.3506817567    5.3433403937
   8.2211109668    7.0154675512    8.0637251165   -3.9897647363    1.1462258185   -0.3141312483
  -7.5430022980    2.6936801891    3.8010507083    1.2160523109   -3.9805450561    1.7572138070
  -1.8927307806    8.0908075978    6.4050632490   -0.3918270249   -2.5980086144   -0.8068509271
   8.1542242306   -5.4130199341   -2.6329955518    0.3219229297   -3.0767184946    4.5000934468
  -2.7044886230   -3.4284678570   -1.9577971781    1.0796284567    1.5559169007    0.2210874652
   7.7852297150    1.1322930131    7.5218284721    0.0090188886   -1.6084438842   -2.0387425265
  -0.2394588957    1.7133468400    0.1891094581    0.9107010934   -1.4785619687   -1.5300583722
   0.8266166769    8.5223670549   -2.9098979994   -2.0148869613   -0.4070145777    3.9636882247
  -7.3598821670    1.1059960386    2.1627570327    0.1458912608    0.4173122414   -0.2099764971
  -6.3447735165    0.9731880265   -5.3315168402    2.2196890534    0.1095426800    5.6033611209
  -4.4528108202    4.5044717480    6.8234022323   -5.7844741467   -5.3940944181   -3.5763436330
  -7.7984347224   -4.0441572193    4.8894629864    1.4704910483    1.8104038097    0.1488493316
   4.7725349028   -6.5472692433   -5.7905132040    0.5363634044   -0.6671040856    1.7927160461
  -0.3408894591    0.1664650968    4.5024452641    1.7963034086   -1.6250739346    0.2077865381
  -4.6547677076   -2.8207507042   -2.2383990451    0.1499329449    0.7559552825    0.5946171734
   7.5500170608   -2.1871667064    5.6111801105    2.8018725608   -4.2512330880   -0.2846702805
   3.9002253252    7.3408932935   -6.0330546814    0.5026262825    3.3517050432    4.5061731223
   0.3658231938   -0.0029527365   -6.9972750527    3.4380990670   -1.7921415009   -4.6979812285
   6.5134135909   -2.4280485141   -3.2769890845    1.8737518961    0.6205324958   -0.2359243719
   7.2486378859   -5.5945526516    1.8725490304   -1.4995956869    1.7536209879   -2.9078443388
  -8.1232889408    1.9876207304   -5.5322251398    2.9363629800   -0.5968619724   -4.3949782384
  -2.0177571906   -0.9446953479    1.9851404685   -0.1975042962    4.0608782773    0.2913069632
   5.1200700056   -6.9330127781    0.1307928388    0.6769897931    0.0272977926    1.1770343275
  -6.8082879271    3.0334601764   -4.9622011872   -1.0488221347    1.7789050631    1.0839355381
   4.4256645676    7.6231990079    0.5511407844   -1.3436181382    2.1502986289    0.1188202300
   2.6276999023    5.4468494009   -5.5792991237    0.5126859259   -0.5571959802   -3.3556078030
  -4.1775956275   -2.7158288249   -0.6219799516    0.3341226257    1.9888853025    1.5838175438
   7.8661591436   -2.9071731120   -3.5257685610    2.0306956614   -2.2054435481    2.5068101920
  -4.1916335053    7.9011888570   -7.1578991020    2.4270603601    5.2457481214   -1.6621075497
   2.9649410485   -4.1546999105    3.1300219816    1.1151067334    2.7541681405    2.2113789609
  -5.3661108065   -1.8130845394   -3.0047482142    1.4915431696   -0.9893355447   -0.2608467977
   7.7587877392    4.1783990053   -4.6664199748    0.0473065931    0.0182782768   -2.3187706102
   1.3627235751   -0.6069764297    1.9651673701   -0.7317666624   -0.9283010448    3.3137870369
   4.6936724147   -6.1377503166    7.0703886346    0.3944220280   -3.9303077463   -0.9717305780
   0.9998150056   -3.4159498366    7.7304387137   -0.3011554383    4.6634291451    1.3046985371
   7.9867409376   -2.2272811178    7.8998216254    5.0956526925    0.8837248043    1.3451300642
   8.0437288531    8.0710350755    2.4482221002    2.3349210745   -2.7990955864    0.1752969690
   6.5621371617    8.0025448137   -6.5827328922   -1.4772343583   -1.2007773490   -1.0154846506
  -8.0262266222   -6.9691379008    8.2727173410   -4.4891319093    1.1886020231   -0.7402677110
  -8.2984639195   -2.8784909015   -2.1976066720   -0.0248497953   -2.6600865560    0.7552563176
  -5.6639624119    2.8239147255    5.8579105039    0.5635786270   -4.8968369795    2.2890446760
  -5.8804040555    7.8401567115   -5.2736689120   -1.6028651995    3.2978236628   -1.3773351596
  -4.6689971913   -8.0788198844   -5.7064291905    4.3324481938   -0.7692118530   -0.5141171086
   4.1462813257    5.1720355298    1.8384955591   -3.2056419438   -1.7610871657   -1.6871931605
  -7.3936925416    6.2132884284    1.6658768127    2.1587638972    0.7153994061   -0.9226288040
   0.7451611880    5.4747127510    1.7430943588   -1.8678057255   -2.9818276588    1.8914561504
   2.6032905121    1.4328863474   -0.5496057731    2.4921053670    0.7432951777    1.7954264723
  -0.8418087206   -2.8677627633   -5.1661166424   -0.9880546665   -3.1223961824   -1.7758625670
   5.2743103194    8.5133167378   -3.4079861046   -1.0554631084    2.1469184602   -4.2607747429
   5.3941167252   -5.1648952608    3.6389695849    1.1032651448    0.4715295698   -2.3140776593
  -4.2655658672   -8.4003486728    0.3435590996   -1.4643164532    2.1906741907   -0.5170742441
   0.1322256357   -1.0181963731    3.5644122246    1.0452194581   -3.7877004376    0.9597001652
   3.9656678136   -4.4266002754   -7.1901432675    0.0300266385   -2.0762552409    4.6755177741
   8.3632621760   -6.6081075083   -1.6277177325    0.0346021299   -2.7782329067    0.0042357172
   3.5701479735    7.1035431000    1.2138489033   -1.3841675478    1.4833313297   -1.1414348421
  -7.7611856208   -0.1192930923   -3.6757854987    0.0311033763   -4.4907568555    3.5713881507
   4.3677498832   -5.9986478766    2.6175729821   -2.0131685986   -1.7879776337   -0.6194791281
   6.9121200874   -6.7905222592   -1.0268527717    0.6014790706    0.9342787352    5.7876398183
   3.8746031173    3.9439924505    4.4110235663    0.1841880689    0.1771406339    0.1360806200
  -0.0680428693    4.4078237665   -2.6265543408    0.3922080939   -2.3263304373   -3.4622079434
   3.2095522832    3.1229737984    5.2873982435    4.4641863275   -2.9112594710   -2.1748088951
   0.5371666857    0.8401542223   -6.1403690719    5.3335273946    0.9425447902   -2.5405589506
   0.5689885040   -2.0730206145    5.2122348802    0.1350401903   -1.9762994568    1.8308114418
  -3.5904621982    2.1755632799   -8.4029041085    3.0188038895   -3.5638007428   -5.7352950343
   7.2556748611    4.3069183833    1.4052285714    0.2369329894    0.5392038286   -2.6167262793
  -0.4253512716    4.3963238870    1.6197567999    0.8034485447   -1.2426733447    0.4984970816
  -6.5901298040    6.1951084872   -5.3510672532    0.9108721239   -3.8185564555    2.0670476901
  -4.1763672851    4.7804494509    7.7840148142   -0.9304883044   -1.1255965693    1.4890851363
  -3.3674614527    6.0184139181   -8.4017322142    3.7258896867    1.4383278613    0.7347305086
  -0.6508843983    5.3826251320   -5.0574540271   -2.7227257825   -2.6779196607    0.5375794544
   5.2902557114   -3.6343433167   -8.2025929665   -0.4389345657   -3.7065031825    1.1317523529
   5.4692480866   -1.0762759467    7.5910367003    0.0978479439    0.4896662823   -0.0788187092
  -4.1892336371    7.4339603371   -1.2538595799    2.0374510003    5.0175966124   -0.4779891416
  -0.6061106951    7.1286349472    0.1113709639    1.6597611767    2.6554812637    4.7605021801
   5.9575776462    0.6076182649   -3.1566689347    5.3259617999    4.8302739754   -0.4979078246
   4.7689972434    2.1583387088   -5.2052938615    0.2606489578   -4.0926366728   -2.3666961368
   6.6592109322    3.3272328551   -2.1273369273    1.1078103338   -0.7199094529    4.5111517224
  -7.1902835229    0.4086318722    1.2940128641    0.3081418803    3.3351808852    0.3417210594
   3.3958898543    4.0724190249   -6.4281446397    2.7591816801    2.3359268319    0.2310992690
   0.1457399019    6.4369641323    7.8495058474    3.1313789745    1.1011130380   -2.4347844210
  -0.4421093816   -2.6469857986    1.0474554033    3.3386602081    0.9184669531    0.9516442623
  -7.3243780353   -3.8612215727   -1.7009555031   -0.3056313468   -3.1409212274   -2.3462663065
  -1.1105111308    2.3117060213   -3.8795639515    1.1703078553    1.8375908144   -2.4307956206
   6.3681431082   -5.4289976067   -3.1390913299   -2.7425910446   -5.9218670898    1.1592127304
   5.7017502969   -6.6904414514   -6.0613714100   -1.5884378333   -3.1550659680   -0.5932236914
  -1.8225402651   -8.4287659266   -1.3567080628    3.1166152776   -1.6020424173    0.8469295508
  -7.9862014832    3.3279498715    8.5462448227    4.7881614449    5.2858682046    1.2700024502
   2.5021395226   -4.0051856060    7.6201092659   -3.1197050041    2.5047689045    1.4649712117
   3.0251619828    7.9739151964    2.6096618193    0.5311696162   -1.8347169706   -3.6871861024
  -4.7561845465    4.0246605818    1.2598163919   -0.2933266940   -0.4539693737    2.0137691170
   1.6554511741    1.8095812390    6.8362649529   -0.9692198941   -6.2028163940   -2.1328169614
   7.3961738197   -3.4174942326   -5.6192017207   -0.7489889142   -0.2644131716    1.3572830571
  -8.3475594594   -5.0119825932    8.5129294382   -1.8961954506    2.9793634616   -0.3157992117
  -4.4482040424   -2.4040775927    4.6735345130   -0.1368349221   -0.7987474055    0.4196994778
   0.1689680396    4.0696267204   -0.7518923493    0.2277516322    1.7454284758   -0.5995733948
  -3.3893378276   -8.1854783866   -1.4067102248   -0.2238574539    1.0678747890   -1.4411683285
   5.1037525915    6.7778909609    0.5946850812   -1.8055188641   -4.7667912369    5.5890276505
  -5.8505034720   -7.1642048420    7.8253648702   -0.1132490598   -3.0145996513    0.4582168567
  -6.8681658752   -3.8733581904   -0.0027557307    0.0424739402    1.6397690548    1.9443385221
   0.9624987834   -2.7860150030   -4.0890937633   -1.9466514604   -4.1975690614   -0.4985744127
  -5.0504668936   -3.9875963667   -6.8564470858    1.5549283478   -0.9209811160    1.5952984374
  -0.2072166063    6.3913903033    0.6254910121    0.1120029003    0.3015716469   -0.1641782091
  -0.3426931867   -7.9251803097   -4.0410037776    0.3812742234    1.2729880757    1.3090936905
   1.3459564668    3.9879563508    4.0366883881    1.4138263026   -2.0649049857   -2.3765880151
   3.8936387779   -0.9512190848    6.5817452130    0.1925298746   -6.5491389939    2.6424771140
   3.5028138644   -6.4270936034   -8.1524548718    0.3873540500   -2.1987566576   -1.4599770221
   7.3399324377    6.1993600385   -4.8835806763    0.1850634493    1.8330684650   -3.4821604514
   0.9136039058    1.6070068419    0.1406102393    1.8599542340    2.8942897185    1.6907779564
  -7.0125080012   -0.9454793266    1.6702683156   -3.9202928197   -1.6548316056   -3.1328807216
   7.9138303475   -7.8716791071   -3.9214896208   -1.1380558489   -1.1364050941    1.8115690904
  -6.2470800758    7.2243709386    0.0368975023   -1.8623807922    0.3540417372   -0.4071845990
  -3.6166222135    2.9745347319   -0.7847577098   -0.9064106731    2.4742959524    4.6286537198
  -1.2607062970   -0.1037827236   -4.7444651821   -1.2975672423   -1.5578723046   -0.0707307182
  -4.1044532132   -4.5600259993   -6.9254775060   -2.6091004772    4.0111315068   -2.2964799979
   3.5832489062   -3.4026204109    2.4555301364   -0.3707815771   -0.6965079140    1.2883785563
   2.0178388021    3.9526519113   -5.3784401832    3.5201877801    5.1830538443   -0.9024648932
   8.3133808609   -1.3430989352    5.5778382776   -0.3553194351   -2.3875601173   -2.1525889288
   5.9886261725   -2.5278931279    5.1611255978    1.3118347376    1.0219407924   -0.9975651218
   4.3509321408    0.6837395840    7.7911039219   -3.2186145443    1.2396303279   -1.1554756609
  -7.5801788974    7.5303600920   -8.5054133611    3.2464403062   -4.2577577549   -0.1590360366
   6.6379149296   -7.0365931533    2.3678332226   -0.9034475149   -1.7656187510    3.2886418245
  -0.4381414526    1.6590016642   -5.8900709458   -1.8175588418    0.9529440020   -0.7590699573
   1.6349345281    5.3238969854   -3.6763451060   -2.1142227627   -0.5997607748    3.2186411236
  -1.8819211619    6.5123198297   -2.7335156532   -1.2773454455   -2.4587304544   -0.7537093807
  -4.0374975290   -4.5250630670    4.9314990785   -2.5862499027   -2.0808445928   -0.3086532268
   8.3823998102   -2.4547520611   -0.6767610223    0.7040705228   -4.3601370305   -2.7779439345
   8.1847961662   -0.0215496309    8.1570011705    1.5544893692   -3.4363854368   -2.5351494960
   1.4743972117   -1.9474176672   -8.2291487302    0.4960536022   -3.0022305225    4.2363720666
  -8.0046269938    5.7026864661    3.2304391536    3.0697473545    0.9621408933    0.3503503655
   5.1065979705    4.3476043691   -4.1240639937   -0.9926227374    1.5967614428    1.9458988984
  -6.4320188952   -5.1356245469   -2.7695050292    0.1663915325   -1.2798627682    0.4453580115
  -0.6787910047   -5.9725341559   -2.6350853714   -0.6333037482    4.4594562280   -3.2615370012
  -5.6181796703    7.7916588239    1.6735545287   -2.8408350470    5.7606520741   -2.3498902441
  -6.0087512774    5.5316811816    6.8915690124    0.6119029360   -0.0596727261    1.6360506651
   5.7729668952    5.3478708956    0.4818093823   -1.5981947997   -0.7076499189   -0.8316895034
   5.9935134600   -6.0042026995    8.2322566599    2.6037599850   -1.8470457738    3.3675049306
   0.0824332240   -4.6697389703    3.0874389304    0.6280540874   -5.5543450527   -2.0952794372
  -5.9076940009   -3.8906397462   -2.2837199739   -3.4214713253   -2.7691778688    2.7950343933
   5.6011174602    2.7116502848   -4.7027577630   -0.1551110167   -3.2002497920    0.3667770135
  -3.0902963819   -4.5199783777    2.5092951725    1.4693550415    0.1895165480    0.8150136463
   6.4719690626    3.5774551899    5.4350049037    2.6076152134    0.3806699555    1.3981130369
  -4.6222208794    2.2488023442   -0.1877156547   -1.3944439129   -2.6858600109    0.5194361218
  -3.9983711735    0.8832100833   -1.0383096526   -1.0191788214   -2.6547300690    3.6150587257
  -7.6637578330    1.1796160502   -0.1767434179    0.7839795334    2.1723235766    0.6316683156
   5.3892573667   -7.0263023016   -2.9936966501   -2.6517107393    3.2610727768    1.5956231377
   0.7806416817    5.9048344536   -0.9240544428   -4.3170544934   -0.2678107861   -3.4750500226
  -0.5598613505    8.3760112145   -5.6351545027    1.5812514433    1.3637404886    2.0484497225
   5.6380637716   -0.5583524864   -8.2112992459    1.8682440269   -0.7186812789   -1.7459941193
   0.2787205052   -7.3852723631   -3.5747356317   -3.4077628137    1.1211376364    0.8964095656
  -2.2505573567   -3.4758971676    7.0494266056   -3.9905755349    0.6615189759   -2.5166135522
   6.7506588789    3.2597937997   -3.2414557799   -2.0699155856    0.8457535380   -0.6640748208
  -7.7831742106    5.9489577178    4.3374965945   -1.4461790764   -1.5483256909   -3.9439538502
   0.8769199699   -6.1271687456    1.8835640814   -3.5100137568   -0.6259109788    1.7340691764
   2.7287922427   -7.5694202845    1.5022799755   -2.7806045448    3.3835712181   -1.1918886487
   4.3028396754    0.5528462283    6.5368921699   -0.7882485629    0.5368611635    3.3769640518
  -5.6259410043   -7.6477770409    6.2551193272    1.9056050289   -2.1185868382    4.5146923626
  -6.9326629302   -4.6038347884   -1.1895857895   -4.3412724527   -1.0835643082    3.0692222965
   1.7412971571    7.6714155797    2.7827573199    2.2004494936    0.4133912125   -2.6058402285
   5.8634378142   -2.5983709912   -1.0639044631    4.3234391051    6.0748441915    1.6912437348
  -4.3495973557   -4.7294488056   -5.7433524638   -1.7080775262   -0.7347724823    0.9411874247
   8.2864509703   -0.1881097580   -4.5401155537    1.9943503098    2.4194639568   -3.9326864426
  -2.6560374846    2.6922383838    0.1870815611   -1.3479097713   -2.9831822500    1.1224586405
  -5.5577818485   -2.5417093249   -7.1436714099    1.4889161411    1.3616362579    1.6041729622
  -2.9817596660   -7.2175419776   -5.9807477832    1.1914705651    0.8656023447    0.0385218722
  -0.4105892819   -4.4290954556    1.9603377454    1.3109439509   -1.0587682160   -1.3667016150
   8.5397372262   -3.3720136308    5.0237242926    2.1869430003    0.3716069010   -1.8700564461
  -7.5020489949   -8.3823297030    7.4953102202   -0.4701393799   -2.4039941769    0.2311482013
  -6.4799469736   -4.0790517604    6.2884567036    1.0300326906    2.8382010832   -0.6697674141
   2.0331131646   -2.7931803853   -4.5123850071   -0.2388621317    1.1085381606    0.3092283322
   2.1897453594   -7.4158210662   -0.5818508009   -0.4996093356    2.9988164534   -2.5882524572
  -0.5567586906   -3.5427466504    5.6387499956   -0.8826016692   -0.6641870039   -0.6461015129
   4.8956132996   -2.6418265020    1.9683260321   -1.4727366338   -1.7002145226   -2.3444605907
   3.6038193922    7.7051792099    3.3692993349    1.5022548562   -0.4965351881   -1.8135805622
   1.5651617923   -6.1338983031   -1.4565771243    0.1556611761   -1.2794240344   -2.8069838934
  -8.3599156034   -4.6094144633    7.1708099528   -1.9149716893    2.9406451535    3.4084639998
   5.5286213103   -5.2819780473    0.6780593340   -1.4533827783   -0.5750560546   -1.4416719627
   8.1746310484   -5.0032339855   -5.7164807852   -1.1903890158   -3.2557227945    1.3926138654
   1.2299864276   -1.0695382362    0.9495544403   -0.0877089481   -1.2158137291    1.7962120636
  -1.0860765425   -6.3600264242   -6.8326511719   -2.0587605065    0.2854230750   -1.3744649257
   5.9794723194    1.9751791317   -6.6014460854   -2.1486027843   -2.8246435418   -0.3225354420
  -8.0759114777    1.0268681508   -6.5117735691    1.1204040077    2.2222905595    1.6644800549
  -7.0154698653   -3.5114625857    8.2001926827   -1.7148957151   -2.4579633063   -0.3519678747
  -4.3016359583   -2.9258506739   -3.8846169800    1.1577361768   -2.1082947910   -0.3168715267
  -6.7011451600   -2.0675907016    1.9531730962    1.4556947523   -1.9388681418    2.8853644819
  -0.0675207039   -2.5088969843   -2.8436386264    3.7127301679    1.3088475005    1.6744331196
  -3.5149257933    1.7922169751   -5.7153141945   -3.0833502394   -3.9286404091    0.5223296687
   1.9693227242   -4.6098733776   -0.6382422852   -2.1121707970    0.0127449477   -0.4323065771
  -6.6140875821   -8.4099517764   -0.3111956167   -1.0178170432   -1.5264745087    0.8570804233
  -3.3026844491   -3.2098078761   -0.3725993613   -1.7461330579    4.6844951302   -0.8295789582
   5.5059353043   -6.8333156645    1.3905276804    4.1881748281    0.0016754250    0.2136422778
   0.1676345710    5.1373579553   -6.5274148890   -0.6957304360    0.9395591887    2.1071835887
   0.5911348822    0.9572423142    3.3006530699    3.3283657137    2.0187997641    1.1481102306
   5.1465431767    4.0631423740   -5.4460252403   -0.4346582848    0.0449419367    1.8240242570
  -4.7880489038    4.8064801264    2.1906898241   -0.7114077142   -3.4432200538    1.3263167987
   2.6349192099   -0.6214789444   -5.9240210196    3.1554376289   -1.1683508653   -2.1179466568
   4.0905745484    5.7984217449    6.1576304566    2.2721354996    0.6951541166    1.5528840544
  -5.0619472455    0.5996316949    1.5121954183   -1.1070790767   -4.8451420635   -1.8725005235
  -4.6140128112   -3.5526317775    5.4809655041    0.8581624805   -1.4456917092    5.5284777586
   5.1720470031    4.4221474254   -2.5367310401   -1.6087390640   -3.0780114170    0.4632508004
  -4.5664799319   -6.2568443221   -2.7472050474   -1.6382363496    0.6884691605    2.8685579180
  -7.2567802582   -7.0447213808   -5.8526048825   -2.1771887184   -2.3953983596   -4.5645380062
   4.1285336971   -1.2278971618    0.2165892622    0.7556656429   -1.3114804677   -0.4400961582
   4.2688174220    2.7586686222    8.2959512479   -4.3807514734    1.2205934663   -4.7427974147
   1.7429849340    3.7465858327    0.4711852933    0.5799248238   -2.1303557321   -0.9268977075
   4.4475171908    7.7773530134    8.4558192008    3.2498489223   -0.3210273806    0.7148842753
   2.0311039392   -7.3020433733    6.9981313137   -1.0867021292    1.0028754994   -0.3830921919
   2.6631745859    7.0555122400   -7.0079050732   -2.7967103917    0.1610765076   -2.2038415300
  -5.0288365244    6.3388260491   -6.9094043431    1.5208559031    1.5837668376    0.2392486170
   8.1762740353    5.6060576963    7.9476913052    0.6032784331   -0.1498400183   -1.0016781050
   1.8269619861   -8.1598988594    0.7864963797    3.8368817266   -0.8477450492   -0.7434843014
   4.8904981609    4.7438184104    8.2107164015   -1.4501240395   -0.4587326737   -2.3423375281
   0.1461970725    0.6202556224   -2.5872070215   -2.9749702103   -1.0520776047    1.0022223829
   0.8301146229    2.3782476496   -5.8404821846    3.1330500462   -4.1009164965    4.2507639239
   3.7090570012   -7.2548678448   -2.7749212696    3.3316987364   -4.8869878165    2.3868814805
  -2.9606102711   -0.3594112017    5.6430945491    0.5438787753    0.8392326243    2.9547800102
  -6.0938479908    7.3843665923   -2.2483562621    2.5617662328   -1.3841919660    3.9552163902
   7.2777318032   -1.8975212965    0.4690272071   -1.0885998232   -1.1543909146   -2.4439044475
  -2.6632596003    3.3257565807    4.0227881785    1.7660746271   -4.4310978137   -1.6061038152
   7.1128430445   -2.9049120684    7.8388869496    1.4583206983   -2.9247672431    1.1418443024
   0.1736406273    7.2581673985    6.6827283022    2.3155389608   -0.7545593909   -3.4632811283
  -7.1217289992   -1.7367025906   -5.7499922438   -3.2041662613    1.4804302282   -2.4219171081
  -6.0465874105    0.4940863409   -7.0041879285    2.0716235877   -3.7251353310    2.3370445843
  -7.1698206622    5.8271818841   -0.0223774124    4.1275453816   -1.7763696991    3.7183135356
   6.4833776004   -4.6055540415   -0.1823313573    0.3730667384   -3.5175937570    0.4480397641
   4.4398632378   -6.9194354300    1.4888776706    3.3526791822   -1.8480390682    1.4541702425
  -6.9975923888   -8.3552393343    5.5322506814    1.0063206220    1.5288293576   -2.4305117030
  -1.1992199863    0.9686542034   -1.7115510309    0.0741653807    1.5308085668    3.4943341487
   6.1210501863   -5.8518498228   -5.5036173608    1.5387709811    0.7221167724   -1.3158374523
  -2.9455743377    0.7749205890   -1.8453221195   -0.5442610287   -0.6143430548    2.7021547459
  -0.3395892282    3.9999947575   -1.8127360871   -0.1331836781    0.7014924326   -0.0894074387
  -3.7818861153    4.9454677293   -5.0814497986   -0.7519574687   -1.7811974540   -0.1175696848
  -3.9581872495   -1.5617514154    3.8899496656   -2.3561062692   -0.4268005562   -0.4749146434
   4.3246351130    8.0430943848    3.8690958790    1.6768863449    0.0290491511   -2.0209045107
   3.6860312265   -2.4055515436   -5.1097102203    2.1912134576    1.1421417401   -1.7685738706
   4.7671434473   -1.0012788256   -6.1500249726    4.8851212121   -2.9867081015    5.6835372865
   0.0866423551    0.0053889475   -0.0446758656   -2.3614876668    0.6460844855    0.5183113284
   1.7771494124    4.8337875686    2.4341115537   -2.2152851433   -0.3661085196    1.0030078032
  -1.3379700315    1.2093898734   -3.2008810005   -0.6478118758   -1.7851036503    2.5267593520
   4.4555212954   -2.8733024638    6.6335951761   -2.7604270383   -0.3030104581   -0.2450380842
   7.5413140532    1.1925269237    0.0659277744   -3.0747349733    2.3697980881    0.6746821062
   7.8475521040   -1.2315179882   -4.4241916857   -1.4490856371   -2.1801761260   -3.7464920416
   3.7114693467   -6.3106161572   -1.7735138963    5.6349963272   -3.1208780681   -0.2780103339
  -6.8469166056    7.1339868717   -4.7601699664    2.1192319963   -1.0021478149    2.3395221255
   6.9249429392    7.0010288777   -6.8211452750   -2.7753022782   -1.8895568702   -0.4704832540
   3.4237702839    6.9912522830    8.0257156017   -0.8899425058    3.2513572465   -0.0756007215
   0.6985864341    8.0495204327   -6.3002398781   -0.9693063433    3.8727780385   -1.7936762740
   0.9936727038   -7.4248374193    1.7082973167    2.7142369406    0.0062695007    0.3183365494
  -3.3974388397    4.0950935088    2.6551651729   -1.1401750830   -3.4224502050   -0.9582034125
  -3.7903869388   -0.6988043723    6.5157871812    1.2437160340   -1.7302316518   -1.3354022595
   7.9435245380   -0.2582798874    2.7660260731   -0.2264706068   -1.5733028963    0.6185343740
   1.7321344130    1.1067538919   -1.6435382284   -2.1661294811   -0.3201052942   -3.5637820193
   2.1319297103   -0.5163053957    8.3919141251    1.8321443232    0.9002322990    0.3206583376
   6.4113951976   -1.4776373448    6.0133367629    6.4781224950    1.4225275355   -2.6722741067
  -6.5847382501   -1.3181845464    2.8031884892    1.2183099556   -2.0526303318    2.1603871827
   5.7357366419   -1.9789444489    1.0265352628   -2.7904913655    1.1583467433   -2.1627424828
  -0.3051105207   -3.6683843250    2.9972206920   -2.8183120219    0.1111343726    1.1858117016
   3.4834642139   -2.1157659653    0.9692503194    1.1364178294    1.1930475513   -1.9234074890
   4.8387245022    5.3417696821   -2.1950188797   -1.1513545895   -4.1256934977    2.9294412130
   2.0410322549    2.8188748468   -3.3358886227    2.3128008288    4.8853344797   -5.6275145616
  -0.5087242626    1.1792881972   -7.7219961371   -0.4021631263    0.3638783013    0.8951410618
  -3.3602252259   -1.6339182360    4.9614234717   -2.6826392439    1.5458329031   -3.8368891257
  -5.0767191850    0.7775815202    2.4259360751   -1.0230954599   -0.7967669249    4.4141580751
  -6.9731103474   -2.8309851464    6.3851930227    2.7025671251    1.5762843193   -1.9525032723
  -0.0936750427   -3.5202908245    7.7877707140   -1.7637782106    2.5692844312   -1.4656217944
  -2.1681549366    5.6838699139   -1.7679536158   -0.3551180618    2.8949554598   -1.7948133647
  -3.3434931737    3.9977352650    6.9053861220    2.1966519105   -1.4203016827    1.1881533629
  -3.4671861119    8.3600871427   -2.5288314579    2.4742192020   -0.0773528234    2.7322097939
  -0.6898773375    5.9832791164    4.8353020936    2.1041909934   -5.2112470573   -1.4126431423
   2.2500941593    0.3426064303   -7.2101398963    2.7990929699    1.1160584623    1.7765728666
  -7.5438351341    3.7087236107   -7.7858002022   -3.6827931815    2.8827893778    1.1450007888
  -3.1317676840   -5.2727057766   -6.0494887701   -0.1467409911    0.2350674193   -2.2473455406
   5.2420071557   -7.9769523657    2.7273352656    2.0298632250   -0.3619739444   -2.2985248445
   0.8391844051    7.3139717235    4.0460023377   -2.0488412388    1.9285853003   -4.3314095986
  -4.2857596884    2.3414801580   -1.8423272541    1.5746504256    4.7041305903   -2.5718596687
   0.3371740569   -7.3432793033    5.4173573995   -0.2431503860    1.0019131186   -1.4683668376
  -5.7032086884   -3.6603804412    0.4305821509   -0.3059643040    2.3653440372    0.5112646699
   2.8637347484   -5.7111522864   -1.3003759175   -2.5214027953    4.1064494643    0.8158519469
   2.8853173053    4.1378136224    8.0957628177    2.7605103052    0.4748330235   -0.2607163306
  -7.1790067314   -4.7609001249   -2.0900922149    1.4588644786    1.1672795575    0.2660396115
   7.7151592547    2.2787165793    5.0699640291   -0.8430269878   -0.6365149439    0.5284473909
   1.9238312249   -7.5661166451   -3.0726538685    0.7074399157   -0.7961351242    0.8679811725
  -3.0562006508   -3.8729313761    3.6062933298    3.2676023918    1.1170166681   -2.2133382475
  -0.5979662146    5.1769895408    0.6956180248    0.8675019342   -1.0370512484    3.4882057844
  -2.4905158375    8.3156942581   -6.3303380327   -3.8382221102   -0.5598787216    0.4400887922
  -3.0625212755   -4.2689103197   -7.1396138229    3.9644731599   -2.2927779226   -1.4165463775
   7.6170937006    1.8375030201   -4.7370760319   -0.5039175260   -1.6317459039   -0.6241179088
  -7.0374284188   -1.3835224989    5.4589927907    0.7702848584    2.1414469689    0.2872741795
  -4.2950762061   -1.5171330516   -2.6251136485    0.2855929918    1.3737320962    2.0231417534
   3.7315366115    7.2930851638    5.9800085864    1.8876636174    0.2660079858   -0.7663249412
  -1.6925090302    3.5596576660    7.6171593558   -2.1389238296   -2.7308576173    2.9444014992
  -7.3853122172    6.5727983816   -3.3032822931   -2.9667523558    0.8538938178   -1.9670901268
  -4.9133266345   -5.7846210494   -6.1713075294   -2.7042649944    1.5093364930    2.3348019194
  -7.4905264427    7.2560575950    7.6708118571   -1.7578083127    0.3290733597   -1.3297821794
   3.6110382974   -4.9077674291    8.3381660650   -0.5924939209    2.1441730494   -0.2836456043
   8.4122596223   -6.8542995241   -8.0541098492   -1.5150133971    2.2210104396    1.0693224734
  -1.5917120018    6.9951779442   -1.1002631347   -2.2184216719    0.2378168135    1.4770626561
  -6.3376178625   -3.0791707890    3.6028050198   -2.3892407938   -0.6853942186    4.1173695839
   8.4429524579    6.3846859543   -8.3213369142   -2.8635267925    2.5183543743   -2.0885310726
  -6.5398464194    0.2249716640    7.0754822254    1.0580482630   -3.9981148921    1.9814848132
  -3.5293787807    8.1278700960    5.7681074943   -1.2131424909    3.9908027907    1.0108789508
   6.3077249388    7.2715398499   -0.7097033368    2.0757504139    1.4988880732    5.4479873874
   2.7837380362    6.2525026548   -8.4805129149   -0.1427060004   -0.5815611301   -2.2756219235
   6.3230339593    4.1758108539   -1.7998820511    2.6560952405   -0.2872142634    0.4701471536
  -3.0272674787   -6.2410399855   -6.2087246225    2.6397699827   -4.4645131013    0.7191307274
   5.4342281995   -5.8282199664   -2.6276741560   -2.5821104757   -0.1830342553    0.2222290528
   2.7604038425    4.3255672583    3.0657114431    0.0369012671    0.8846616497   -2.3296849201
   3.6022177272   -2.0084289112   -4.1782460314    1.3046069084   -1.0461010537    2.7880583113
   0.0721584791    1.0361466964    6.5651417317    0.5775213006    2.1921674456   -0.2592279719
  -2.6420424687   -0.4599072923   -6.1234774455    0.7570351914   -0.2192263019   -0.2845754414
   3.4319425606    0.7909383999   -2.2453815730    0.0431475966    1.2393220708    2.3146413204
   6.5593377422    5.7622529304    4.8455585895   -1.7763777138   -3.0514636014    1.8931662477
   2.9973663605   -3.1071663539    5.0132043484    0.6454986064    0.9662364615   -0.6050502032
  -0.4972487934    8.0009928127    3.5229142852   -0.2713084817    1.7339898434    1.6594520255
  -7.9705805347    6.2623563229   -7.5622654062    2.0883940562   -1.7528354337   -1.0895070013
  -5.7346859484   -6.5673058725    1.7934124761   -0.6820913873   -1.6936909677    3.1937806951
   8.2840247275    8.1860107855   -7.6572031492    0.4477566793    0.8116847505   -3.7326146870
   1.0156480844    0.8529662630   -0.4493177635    2.9402863852    1.9148550501    3.8778749430
   6.2681782127    0.4739321217    5.9099492955   -2.2716821467   -0.9483001450   -3.5826204089
  -2.8808920408   -3.7043428620    1.0049213664   -0.3721376855   -3.7456040221   -1.9850442102
   4.6662846774   -1.0651860807   -2.1319553991   -0.7666752378    0.3761947537    0.0105794423
   2.8105213705    3.4362996119   -4.9892813136    2.1498548216   -0.4144247330   -0.1582110630
  -3.1639764780    5.8978852671   -2.5179808362   -1.6539413373   -1.2340010484   -4.4494474721
  -2.6448817603    1.1429286888   -4.4820468770    0.0527130726   -0.9569240335    1.3594648499
  -6.2041470773   -8.3443411440   -4.5690562891    1.7232530224   -1.8349786309    2.2030655733
   5.3128013562   -6.1656447965    2.1813777079   -0.4951296268    3.2401001979   -4.3262569801
   5.0385784037    0.5219220593   -2.0393495185   -0.1742550431    0.6402222841   -1.7322592806
  -4.2955369609    2.7995150916    6.5012864097    0.9869203825    0.1442704586   -2.3627561379
   5.9592749798    6.2488555386   -4.2542351817    1.1881630385    2.3866115301    2.2478850795
  -7.2620046789   -2.4432004818    7.2292602027   -1.7397180748    2.0891858959    1.9915615557
  -5.8386160799    1.3470033072    4.4625520814   -0.6357052674    0.9762452337    0.0109927037
   8.2549431811   -7.6829176180   -6.3457664840    1.9529074610   -3.7347893791   -2.6282846119
   3.0111292148   -3.6373858355   -7.9442066295   -0.7296170464   -2.7962632104    1.1675166173
   7.8543681468    2.7859782315    3.7971733434   -2.2952720442    0.7280740256   -0.6188468694
   0.7433919288   -3.4556556703   -2.8479190047   -0.5280689986    2.2312977708   -0.8005185142
   4.9268424804    5.9004892647   -5.4915602772    0.9217544306   -0.2432750333   -3.5052017641
   5.0993309746   -3.7493418186   -3.8345788332   -0.9394234671   -0.1649621902   -0.9583747661
  -6.2814795989   -5.2404829761    5.5263343546    1.1394848956    1.0793573898    0.1295098695
  -0.7037813720    4.9663577919   -7.0779613026   -0.2430155978   -0.2831723983   -2.1607876587
   4.4306275100    3.3498733090   -5.2575924120   -3.1651294985    2.2173174362    2.0852218547
  -2.3807677915    0.7816124311   -8.2118170002   -2.9253988102   -3.5169465331   -1.4909520614
  -6.1130853987    0.4743748402   -3.3301949286   -4.7128165808   -0.1079860861   -0.9631539418
   7.2341325542   -8.0735794279   -5.7611527090   -0.2414682039    1.6558447174   -2.8867919041
   1.0024745133    3.6616507407   -4.6028180398    4.6681088503   -3.1012495037    2.2304056809
   3.0892808340    4.9399975254    6.3816602867    1.9188964447    1.0813357300   -2.5773897896
  -2.6508877317   -7.4669850846   -4.6860123515   -0.0980910573    1.0656896666   -1.6111155230
   2.2839016978    6.7750243574    0.5563784648   -1.8974100480    1.9881261641    3.7386946690
  -2.9003584105    1.8867362965    2.0042604702   -2.3425050052    1.2307965400   -0.1145857604
  -1.1429493836    0.6291264377   -7.2879761106   -0.5401751614    2.0079131088    0.2494430126
   3.7399344545   -0.4071724140   -3.0324848093    2.8022507544    2.4290977861    0.3641840728
   4.5014792366    4.6737818291   -7.0868521487    0.3049736239    3.0769379240   -3.5527219229
   5.4121286486   -0.3194361064   -1.7033229957   -6.3644201431    0.0893265904   -0.0771944130
  -1.0008628807   -4.4450006342   -1.4395233016    4.1580095306   -4.5326735481   -1.1553587559
  -6.9934030376   -1.3446829218   -3.4453349076   -1.1813449451   -2.6449886548   -0.8757175333
  -2.4593201584   -0.7397501770    6.4940716867    3.7593619869   -1.5624892232    3.3566521630
  -7.5633135196   -7.5341786450    0.8218307062    0.9640871012   -2.3226501456   -0.7096317718
   4.5390327408   -3.4756187883   -2.2868396101   -1.3861546488   -0.7386969094   -2.4065778507
   0.9972211641    1.7126044091   -2.1404668823   -0.0057158664    0.1913851949   -1.4391007126
   5.0321954618    3.8209856267    4.4360844113    2.5988445913   -2.9179749145    1.0864767059
  -5.4546877115   -5.6703217716    1.3778757474   -0.5642416704   -0.8601686938    4.2987264762
  -7.3387087187    5.6871313397   -6.3824686961   -0.3134570472   -1.7963482280   -1.3288830489
  -1.8076901377    2.2668242997   -5.4966491531    2.3715863674    3.6599057129   -1.1199701562
  -8.0336923646   -1.6877984076    6.2219661117   -0.0495016985    0.5058200561    1.9459536820
   5.7089801551    5.3000353855   -3.3929473367    2.6035251389    0.1704340389    3.0705000787
  -1.1949689786   -0.1359988284    4.2633970845    0.7161587733    0.7129305342    1.8095887802
   7.3202340176   -0.6038025593    0.8685502304   -0.8820439270   -0.2692742993   -0.6850310071
  -6.1329449848   -0.5955937858    3.9818646451   -0.3017713721    1.4915310693    2.0182553087
   2.3621516957   -0.2604205572   -1.5109178063    1.1874136362    0.8942667486    3.2324128530
  -0.4841900784    7.9727289607    7.6041096744    6.7726739898    2.8970177983    1.6018902729
   2.2243974845    4.9446848690    0.5182563338   -1.3835531963    0.1382083741    0.4410734645
  -0.1129323864   -2.2358297501   -3.7863827551   -1.5036492137   -5.6345510237    3.3565472370
   2.2310012308   -5.1105925120    6.3287020252   -2.9744483351    6.7503813140    0.5620424784
  -2.0392424369    0.1228444998    4.6545414281   -2.4049779630    0.6590326477    0.7697618756
   5.0889019499   -8.4501787693    0.9364087631    1.4243131973    2.0973391399   -4.0277092702
   6.7956501991   -7.1746924465   -4.0301849453    2.0323022328   -0.3330051614   -1.0357419441
  -4.6138332306    5.8976727716   -0.0457182251   -3.4931244064    0.5728322890    0.7711141978
   7.4083962019    6.1089432666    4.0479205908   -0.5679402760    1.8091509098   -1.3189893692
   7.1187496483   -4.6500395223   -2.1730979364   -0.4395050654    3.2153710864    2.6597704215
  -7.2407838042   -4.6817030507    0.5730423832   -3.4874523571    0.2226010089   -0.7473594293
   6.2016456165   -4.5276285928    8.3060730625   -1.8612555480   -3.0494422776   -0.0932757113
   7.9620270353   -0.2169779417    1.5041457284    1.0244570092    2.1452041797    1.4499234224
   4.6427155597    1.9438613052   -6.1379503669   -0.2113270682   -2.1518356908    2.1762311458
  -1.0185558302   -0.6337502863   -7.1868375922   -1.3858056254   -0.3455746686   -2.9882285349
   6.8164262285    1.4273366488    2.5419771085   -2.8938610933   -1.9965717334   -3.2867470008
  -2.0661248921    0.1803024774    3.3877086033    0.4962156363    4.3871730941    1.4508165344
   8.2751331199    0.1332245657   -2.1083082197   -3.8142396503    3.4979040677    3.9656540690
  -3.7247362641   -3.6006028435   -6.5229376711    2.2190535104   -0.9669683494    1.9948818284
  -0.8598415489    8.3790788784    1.9243966930   -3.8900644494    1.1815642141   -0.4192769461
  -5.7087355514   -8.3191780401   -0.9894411490    0.0218363153   -2.8599837936    1.1829730455
   6.1930969551   -3.7511432643   -2.7673030788    3.6115225154   -2.1160715613   -2.4678860001
   0.4848526907   -2.4535531937   -5.3179161188    2.2564626551   -2.0362955267    1.6450094399
  -2.9347926423   -7.7351374579   -3.4193093653   -0.0451107816    2.3752868839    2.0469472359
  -2.9358930653   -5.0555073908    0.7473274455   -2.2970556319    0.8917174940   -1.8339061781
  -4.7220756952    4.6608903937    3.8452224011   -0.0135154380    2.2596228208   -3.5993435162
  -8.4448112136    7.9948457640   -6.2341560398    1.1196290171    1.5779357713   -2.6034344941
   1.3795397671    0.1957029743    8.0925309916   -0.4737972562   -4.7770492714    2.3335517987
  -0.4817754296   -8.0336007641    0.1983700783    1.2122168322   -0.0682816178   -0.9830792469
   2.4030080469    7.7053320201   -2.4969142056   -0.4909925308    3.1886480176    3.7761819442
   7.1281936556   -0.2545867113   -3.6628431781   -0.6383513902    1.0606911156    0.6297313421
  -7.8389334609   -3.7036023421    5.8236416514    1.2850574096    2.7577174434   -0.4077651928
   7.4852084303    3.4355969485    2.3240946520    0.7043117500    2.9474224533   -0.4943994626
  -2.1948076431   -4.9692410473    3.3350671148    0.9912508638    0.2549165947   -3.3947035985
   0.3979925223   -3.4363330891    6.8261633292   -0.5014882375   -1.3915776758   -1.4507411957
  -4.8315102301   -7.3304597121    1.5932017731    5.1181576449    5.2565570489    2.8386489959
   0.6504322521    3.3873802680   -2.7620566932   -0.5563701281    1.8819247712   -4.9926811549
   4.7098190272    5.6956645574    0.7258048736    1.6678151195   -1.8624540892   -2.7917577368
  -5.9746193720    2.9288947828    7.2904581967    0.9430960272    3.2754278847   -1.1723234901
   1.8894154343   -3.7045557784    2.2172139340   -0.3842898928    4.3993992072    0.5425497977
   3.2571384422   -4.8929848561   -0.8042665421    1.3383383361   -2.2387734165   -3.5458628960
   4.9230597639   -8.5475682112    6.2876789064   -0.4526094407    2.7729666365    0.9453145147
   7.7829514912    0.9259847958    1.3459582514   -2.8795587181   -0.1197227574    4.9400869120
  -4.3787659904    5.1962543120   -0.9503584782    0.8067157895    1.5669674212   -2.3380002404
  -7.6667687061   -2.6223236941    4.3601028741    0.3119839405   -3.2062215323    2.1385962442
   8.3200975930    8.0266125453   -1.6977450755   -0.2001916432   -2.4203611029   -0.8141520262
   2.0088650421   -4.8554189498   -7.7056821948   -2.9286003523    0.9857695769    0.5914607419
   7.8231330343    3.2610501544    4.9087630685    0.0803206527    2.0143820575   -1.6545486027
   1.9686598806    4.8456216594   -4.4268270054   -1.1717643294   -0.5061602370   -0.1166875832
   6.8841656173    6.2837603003    2.9948466364   -0.4556243848    4.8250885950    0.7750709393
   4.7131663131   -5.6242126347   -0.5722999574    0.8533642441    1.4413048826    1.0925266399
  -1.8972240220    1.5326009311   -4.0195786917    1.0263966627    3.1995867272    1.3300668683
  -7.1420354767    0.1357764391    8.0767679530   -2.5326487552    0.6201967668   -1.7134189334
  -3.2938054756   -4.6838834712   -2.0516316918   -2.9435348617    0.2476970759   -0.6826366190
  -5.5257421067    6.0939812803   -2.4555033380    0.8063146195    2.3055889312    1.8203305503
  -3.8859944058    2.8006413301    3.2204425040   -5.7448775570   -0.5085991769    0.6260168356
  -4.0534153938    4.9164083377   -3.8980314912    0.3661787032   -1.8507271653    1.4512962401
   2.4754848141   -2.4474583147   -2.8509631141    2.7460759772    0.5052437683   -1.1964214077
  -1.9557586116   -5.4931048302    4.4985774562   -0.4491940864   -3.1275108113   -1.5243903356
   6.4136934285   -3.4680732089   -4.0550227387   -1.8917473990   -0.4306761031   -1.1808073141
   1.8440551135    0.0401673828    0.1446087737   -4.3355983543   -1.7012490259    1.5525662510
  -2.8974114853    0.0920631033    0.6995475617    0.9361891206   -0.8196527660    2.0249443739
  -0.4500871404    2.9132217474    1.8930892499   -0.2305004159   -1.7225943603   -2.0423915072
  -6.3394163929   -0.9730489246   -8.5067445888   -1.4600026140    1.6078653525    0.2713749085
   6.6646332633    4.5270979380   -7.1050358336    0.9784094905    3.5811699004   -1.5880424155
  -1.6338872260   -8.4052133433    4.9523749814    0.6718024865    2.5075480315   -1.4581422384
   8.0063490042    6.9225675561   -5.2558722431   -0.9919244777    3.4782560888    0.3883076712
   7.9758236813   -6.8230150083    0.4284965422    2.1262037179    3.0153453149   -0.5640117163
  -3.1543082860   -6.9684697047    8.3216196079   -0.7957485252   -4.6136860744    0.6605986806
   6.5324839170    1.4534301331   -5.5912019331   -2.5833563662    5.1609528924   -1.1655272522
   6.6844899780    3.4714226834   -1.0620963750    0.7887643146   -0.1466954259    0.8447389288
   1.7702426449   -1.6914607241    6.9284837798   -1.1792789494   -0.0124865893   -1.3310905276
  -7.3022635684   -6.4856138822   -4.9122832088   -2.5514190997    2.0680875099   -0.8840195040
   3.3578261066    0.6100665790    8.3013604780    1.9219410787    2.2159880553   -2.1078152941
   6.4475046329   -4.3478839470   -1.6132358498    2.4445817451    1.0372476197   -0.4689678441
  -0.3996265365    7.8193756746    4.6604687402    1.8428883120   -3.3748544736    2.9892065362
  -8.1800107824    1.6576212959   -3.0951813443    0.7598221092    0.6982440957    0.9022721905
  -5.9894376096    7.9218006040   -3.7236633805   -0.4358603678    2.7166393826    1.1985619775
   7.7150710675    4.9425635265    0.2184931057   -3.6286841535    1.5047840341    1.2570004833
   0.9647676186   -2.5082562014   -1.9417307432    2.4715412170    0.4229368562   -2.8842805391
   3.1597838706    4.2050565995   -0.8490424132    0.8778892072    0.0436056151   -2.6744726621
   0.7773715826   -3.7624606719   -1.1474252126    2.3633780859   -4.1348428072   -0.6919170534
   8.4880908291   -5.9834239218   -0.5340498079    0.0665057893   -1.3172785519    1.5990697565
  -5.1961632508   -6.3610910262    0.2687991225   -2.4342143594    1.8173101646    0.8352957760
   7.4521707592    4.1095720476    7.2084573479   -0.1910217312    3.1451228631   -1.0229828422
   8.0184558670    4.4269895193    4.2139882525   -1.3647361769   -0.2921071257   -2.9309340912
  -1.0322315699   -5.5450146987    6.9021722208   -5.5512353244    2.3811553058   -1.4308281470
  -8.3413415914   -4.3452276395   -0.2004021987   -1.0904013714   -1.2282084325    5.3453977983
  -2.1934236971    3.6941259261    0.9832221343   -2.5773110147    1.1591602630    2.9578366847
  -4.3109330316    0.1293722274    7.9495381259   -2.3796422347   -1.4072459385    2.0384641855
  -0.0034633120    5.4464382948   -4.0726140191    4.6247362208    0.2726209203    1.6938346542
  -6.0955284435   -3.5150118681   -4.2424830325    3.2286453705   -0.6761006978   -0.7819622240
   2.9534105676    0.6019622526    3.8664252932    0.8803875185   -0.8851355281    0.4346424724
  -4.8349018866    1.5939410710   -4.2041300509    0.2944921764    3.0551488074   -2.3734500163
  -7.9258622592    7.0731151867   -4.5607012710    0.0915767506    1.2986343284   -2.6267701505
  -0.2932348400   -2.0889434514    2.3108892329    0.7717370927    2.2334819080    0.4020179784
  -6.3390542103    0.6848137830    3.2160112053    0.0865560994    1.6943295860    0.9140420943
   4.8636483634    7.6053723273    2.2863393915   -2.2798702840   -1.7505529235   -2.1404491550
  -3.6422925593    4.5754305155    8.4703786296   -5.9506287250    3.5748482644   -4.5228959460
   5.5876090429    2.7979962300   -0.4042259661    1.3719656818   -0.3498713599   -5.7639935082
   5.7714886241    7.3241648408    4.9225415391   -5.0622394408    1.0401622796   -0.4832167695
  -0.3863781677   -8.3718056229   -7.1218126821   -0.8715005476   -0.7797406047   -1.1997403509
  -5.4576435551    3.0991604026    4.0826751667    0.4975660974   -0.7842329258   -2.0988345436
  -0.0483713643   -7.6345892085    6.5246628266    2.1018560622    0.3231376036   -2.7102812756
  -1.2020024278    4.5808435835    5.1353491437   -0.4706598237    0.9673911558   -1.0370805280
  -8.1912670748    8.0620039701    7.8465439705   -1.3910861426   -1.5963334616   -2.4983689089
  -7.8927650657    4.7839794246   -7.3403553500   -1.1162979614    2.2019275040   -2.4045879983
  -4.0765966644    0.4389343712   -6.8313595209    0.3684193646   -0.8006835610   -0.7904720923
   5.0573478110   -3.2535861655   -5.5834312659   -4.3374474308    0.5525363194    2.0076689427
  -4.2837755885    4.4885632883    0.0299406046    0.5755426775    0.1476561860    2.8443137932
  -2.2400297980    6.8679942949   -6.5098961609    2.6026291774    2.5597665325   -2.8570578871
   3.1649070426   -6.8079068061    1.1242069119   -1.4755316715    0.1663909462   -0.4687740830
  -3.6854771690   -4.1728984518    0.0524954210    0.0196275358   -2.4103025648    4.2959439764
   1.6964989210   -5.0460904566   -2.8902410671   -1.3008470014   -2.1319605516   -1.9504531311
   6.4380852626   -7.9084803718    5.6266320096    2.2010051613    0.5449657195    1.9442088665
  -1.3417272701    0.2623141399    0.4197365411    0.8013972882   -0.4292968857   -1.7571050055
   3.9305323695    4.3239650902    8.3953469951    3.8998869499    3.5893231023   -0.2986443185
   2.5981238069    7.6034049914   -6.2860617439    2.7967664797   -3.8243910575   -2.1358783411
  -2.5479053016   -4.9995214915   -3.6871897650    2.7182640580    3.0882277632   -0.6060333148
  -1.7853366345   -7.4371655093    4.5759872258   -0.0176084253   -0.4048181500    1.6808260174
  -6.7159321348   -2.0452310232    3.4893673910   -4.8353361856   -2.6055587949    2.6430279739
   5.3226015514    6.6183322133    3.4942061852    2.2413946763    0.4374724983    0.4942953263
   8.2579820600    2.4780923723   -1.7958130226    0.7393865650   -2.3437828586   -0.0094478551
   0.1438407964   -5.1549670630    5.8685509249   -1.4571795654    1.2158973141    1.8789712613
   0.0902828924    2.2159143029    1.3834534517    0.1768101492   -1.3519804715    0.8787927148
  -3.3577823669   -8.1836901765    4.4896449694   -2.5934338333   -1.7069183476   -1.4476064824
  -3.2924419989   -6.3739499986   -3.3281717208    4.1575696964    0.3437177019    3.4538461194
   4.0966482447    7.9034425411   -3.7126494822    2.0646767431   -1.1982460870    0.3883656809
  -6.5339243070    3.7586700884   -1.0476293851    0.9066144440    2.5295450838    2.5279350778
   2.9920455695    5.2303682868    2.6164447705   -4.0092034626    1.5558722660   -1.8650635918
   8.0638206834   -7.5389527428    8.1565509253   -2.2509684144   -2.2953946658    1.0957318711
  -4.6727449422   -4.3636050705    0.4459490660    1.6883907878   -0.8481136554   -2.0733685138
   6.6141551993   -3.3042622817    6.5661337840    2.0421523688   -0.0738074757   -1.2785402667
   5.5605689467    4.8812374567    2.7726065162   -2.3653024002   -3.8985938854   -0.8261841338
  -3.2079878108    8.1702359220    3.6311502223    0.0602897831    3.6818951463    2.7971141333
   3.9426452968    8.1446212942    1.2114330653   -2.9030492352   -1.0146857290    0.4704654355
   3.0992261981    5.9767634046    3.3142261291   -0.3835063640    1.7434715446   -0.2121018601
   3.9527364248    0.3132081102    2.0215189148   -0.5581507507   -0.1379241239   -2.2727752685
  -5.9268891676    4.2301062691   -4.2917686243    3.2438387837   -1.3585128077   -1.7146130944
  -0.4553715315   -4.4443666805    7.7427536971    2.6109969177    1.0854600478    1.5861358926
  -3.3116120190    3.2898284987   -5.5384501808   -0.6636556649    5.3562795920    1.0406105301
   0.4875794972    5.0514621431   -1.3940770604   -1.7484862020   -2.8749661529   -3.8429481022
  -7.5972798596   -0.2665583292    2.1227741432    0.8414729777    0.4834058378   -3.1731641712
   1.5408620625   -2.7882323030    5.3949875844   -0.3478992523   -1.1344709932   -0.5963207149
   2.6683190727    0.7127194243    1.5577872588   -2.2325475948   -2.0716971738   -4.6669385028
  -6.1637637887   -6.8391753782   -1.0886010192   -0.6563967852   -1.7437915177    1.0421260473
  -0.7227980897    0.9573030775    0.9054283514   -1.0058160278   -3.7053268538    1.4304694677
   0.6090099488   -0.8865356888   -2.3975242634   -4.5688736364   -0.8089651416    1.8778780585
   8.3311342167   -6.0745440217    5.4239699624   -0.2361782061   -0.9396896856    0.3327058022
  -7.1348108127   -0.2050622278    4.6969682703    0.8205077683   -2.2798304025    2.2511827286
  -7.3975301612   -2.6360280076   -2.2473451531   -2.3340091732    1.8009919405   -0.9346285121
   7.9155865249   -0.6440763298    4.9819044729    2.6395068961   -2.2871334148   -1.3563730523
  -6.3217706432   -4.8808817582    7.7416390179   -2.2013001326   -1.5350744352   -0.9325133277
  -0.1949032427    0.9501828797   -4.9599083167    2.2953383761    2.3309977302   -2.2903196961
   1.7028030071   -4.5360076646    2.8280924095   -0.6364346768   -0.5174089159   -2.9347507946
   7.8368469641   -3.3045319923    2.5536128435   -2.0818401786   -1.6988323545    0.4254542685
  -3.3297784823    7.4409151111    6.5380103390   -1.1992181111   -1.1414399545    3.0968415061
  -6.6905127786    4.3347581601    5.1499592844   -0.4198689457    0.4346502421    3.6440957148
  -6.0530905839   -7.2388731214   -2.5337411168   -3.7979027347    1.6634825229    2.3251657075
   6.7232159071    7.6873020384    0.1365010662    2.0701325050   -4.4464108371    2.0359965551
   4.7822487563    7.2429229956    5.4704052161    1.2912961602    0.2795880373   -1.9016305861
  -2.0175966150   -3.9088583095   -4.3394761744    2.5970396683    0.0408356544    0.5907509505
  -4.7111690300    2.7755012176   -6.8846106829   -1.5191983801    0.7100021261    1.4892497368
   6.1175841726   -0.6899197829   -6.4899941773   -4.3401084800    0.1195397260    2.3840083558
  -3.8768366299   -7.2103751808    3.0602608168   -1.5482198838   -0.6065348818   -2.9595069077
   4.1102374419   -6.3976866631   -4.3536833525   -0.3384844547    4.7483386703    1.5724347394
  -5.8360116028    1.7873624121   -7.2330885340   -0.4386964839    1.5896677570   -0.6029782494
  -6.7969102075   -0.1858672749   -2.8329820144    2.7332516693    2.6902701010   -1.5947267796
  -7.8385313837    4.6999601618    0.1420631159    0.3107944685    0.2723405259    0.0478990466
   1.4740394599    4.2203256218   -2.7380070236    1.3170096971   -0.5924023614   -0.9811174797
  -0.6269688829    3.6671750240   -4.4778262594   -3.5142756561   -0.8189770790    1.6731468047
  -7.9565142565    3.9606017169    3.3280185587   -4.1552221231    0.6159819345    0.3727233326
   3.6370844872    5.4585897445   -5.9768940670   -0.8031645296   -0.6025786458   -0.5986888096
   0.3760092064   -2.3044323899    1.6401135878   -1.3102173945    0.3138078793   -1.5870434697
  -6.9756840567   -6.2073420988    5.3421509150    1.7903321536    0.5187890737   -0.1475524122
  -3.8040274509    0.4236625613    2.4318582338   -3.8508226708   -2.8883727487   -1.4656665376
  -3.1654686035   -5.0433810778   -8.0616929464   -2.2713648521   -2.5893765659   -2.9397327595
  -2.3194889659    4.7717101484   -3.2333381187   -0.3564629808    2.4141186058   -0.3286313775
  -6.7231771178   -7.1050423922    6.1282909237   -2.1984492009    2.4032490326   -2.7874751598
   1.7823437698    8.1456020160    5.9043688794    2.5955777721    1.3647331169   -1.0367545955
  -2.4635401645    5.2149311363    6.5901657938    1.5838319892    0.4255906636    0.5807709220
   0.2123548540   -5.5175445885   -2.7167234750   -1.4773365719    0.2653278439   -1.8535701844
  -3.5731989859    0.6303497875   -2.6401019574   -3.8674367973   -2.5395310515   -1.2528031901
   6.5027840334   -8.1533013780    4.4911135527   -2.6380361575    3.6005002215    1.6722116813
   1.6318549152   -5.9340529977    8.4473819168   -1.3342482876   -4.0252832556   -1.1027218230
  -7.1662127169    1.2633672681   -3.8663334073   -2.0472689359    0.2589394556    3.8407055906
   1.6014033312   -4.4624192904    0.3890190061    0.9440314266   -0.5352864562    2.2301216069
   7.4157861031   -0.6772991755   -1.1728153236   -1.7400151936   -0.1129362136   -3.1562014264
  -2.0178603484    1.4696426491    2.7151631454   -2.5388318228   -0.1547577939   -2.4808948220
   6.9138196300    3.0534890276   -7.1715451333    0.2235693263   -3.9674608798    1.3452904719
  -5.9564973071    1.8695363155   -1.5068847602   -1.8158582015   -2.3017928534   -0.7117286862
   6.3994943201   -1.6935806857    3.0706248216    1.0344801957   -2.8168155222   -0.6295926377
   6.6201158173    5.7420913546   -5.4920840824   -3.9459964106    3.9266015305   -0.4420372577
   3.1866053324    3.9000033717   -7.9123340214   -2.0899382635    0.1888773529    2.1505863865
  -8.2132310280   -4.5203489028    3.9691410078   -2.2106410363    1.9584119956    2.2567309617
   7.8497544246   -5.9470080654    8.2874333588   -1.0129845202   -0.4188141768   -1.5169819421
   4.3995811194   -8.2028929928    7.4800029629   -2.7183032968   -1.4684224065    3.6108525588
  -4.4580966736   -2.2661493483    2.4809622050    0.6140861507    4.5833815929   -3.1945147025
   8.2430250846   -6.6450422238    7.1245462006    0.1627237516   -5.7321439306   -0.0610568213
  -3.6767678042   -5.4647545408    7.6467976150   -3.4645716305   -0.9602002759   -3.1293109503
  -7.2975455043   -2.0138078604    1.0965030057    2.1967155484    1.9964770035   -1.0464461985
   8.0074935830    0.2192621335    0.4881800679   -6.0339963687    1.8255095525    6.9574904951
  -4.7401227191    8.3801315237    5.2499692866   -4.2042676088    1.1148689519   -0.9484460321
   2.5968861226    5.7140652926   -3.7564254333    2.7823324651    3.3306507709   -0.0397499180
   1.6863500870    0.3804604390    6.8843941781   -5.8149898348    2.2183730333    6.3352008949
  -6.9311422265    2.7818192471   -8.0761294222    2.6102977898    0.4599114061   -0.0762304454
   1.5901386706   -6.0090310318    0.2189028248    3.3933950364    1.4932573248    0.4530873604
   5.4442367798   -6.1897875708   -4.5274482092   -1.1845294340   -1.5655802678   -1.2633873011
   3.6685583886   -7.6590220758   -3.6516792243    1.4304111323    1.8231331060   -0.8075365707
  -7.9442338239   -1.1164547702   -4.1934583823   -0.8154707929    1.2354367170    1.1323060231
  -1.7290531014    5.9988648751   -8.3481823777    5.4229489167   -1.5478690857    3.3524757145
   5.4831209788    0.3139088166   -6.0847560115   -0.6450476845    1.1358360910    3.5391276637
  -8.4594457004    1.4165548367   -8.1044869049   -1.6452271708   -5.0600316619    0.3705820191
   0.9854289010   -5.8783749604    4.0106461127    1.6747308883    0.5338027672   -0.8076632063
   6.7318128628    2.6757116307    4.0393930049    5.4899990973   -0.7228527508    4.5532891294
  -5.9753501292   -1.5779765566   -6.4784692183    1.9660221386   -3.3763242579    1.0016538447
   5.2427679120    3.2853948493    0.7569152768    1.2905391368   -1.9925912233   -5.0126200635
  -0.3171189401   -5.4896625689   -1.4302706432    0.2133718398    0.4264667827   -2.9332689731
   1.8283954448    2.1227655920   -6.9644029590   -1.0584573031   -0.8817909241   -1.1804556133
  -4.5667036148   -3.6715006585    7.4249016625    0.0501589746    0.9193109750    1.7459746241
   5.4773689405   -4.7856201110   -3.0178936932    0.6409870664   -4.3379484921    0.2232500289
   6.5660107126   -4.7118528658    1.5188328908    0.7721210420    0.6678519399    1.8106264204
  -2.5071630560    7.2311275745    4.3327440141   -1.2612900430   -3.2351284226    4.0145348852
   0.4486186909   -7.4984156607    7.6687176400   -4.2791855500    0.6721333878    0.9553469082
   7.3481163859   -7.7940912848    5.6078950661    2.2774250165    0.8547777216    1.2169475950
   7.4177061528   -7.6980095991    7.2985765002   -0.7808787658   -2.4875721905    1.3086566508
  -8.2051397416    1.4733054856    1.1882530334   -4.2273222776    3.1286439712    0.0165745687
  -0.0358119889    2.3243211879   -6.8194922115    2.3209740149    1.6569313775    1.1968128190
   3.1143087964    6.3737195804   -6.2176396462    3.0541553995   -0.7342270599   -0.9427782074
   4.2173119686   -3.7295081963   -5.7740137315    0.4701774973   -0.9652761529   -2.8490343262
   2.3791727252   -6.2719346637    2.1132101888   -2.2792053774   -3.3273189388    1.5178218726
  -5.1660233348   -0.3700857802   -3.0303556851    1.9921344847    0.5586109864    2.4357195381
   6.3931474299   -7.2434536363   -5.3508050567    0.3559409655    1.4392580907    2.4223081609
   4.8556366296   -3.7761776469    1.7638743249   -1.8247013272    3.9517820009    1.4164146212
  -4.9412169335   -1.7139619590   -8.2789931268    1.1994632846   -1.1917764154   -2.8575823732
  -5.5042806718   -4.8473126574    6.7516813163    0.7086554727    0.1215801970    0.4560487180
  -1.1997384456   -1.8480551146    3.0513256660   -0.8348622118    2.1095828017   -1.2498206484
   4.1349310959   -4.8570919625    5.7833733851    0.7178629178   -0.1261350463   -0.4476467313
   6.7858647304    6.1296325860    0.1367240214   -0.1633491016    0.3455687438    0.4307396248
   4.7856354388    0.3704596585   -7.1939396667    0.0346266741   -2.0941405954    1.3563740159
  -6.2370959932   -7.7923194885    3.9234995349   -0.9430213636   -1.3471302130    0.3755888835
   4.8777345658   -1.9171984411    6.7560493138    2.7715348500   -1.4869280638   -0.3337936940
   2.0606044099   -2.8925953224    0.2522941871   -1.0717562673    2.8187190797   -0.7845985964
   3.8979717059   -5.3434782545   -4.5747071125   -1.3940564732    0.4418619395    1.3776705610
   3.8578698923   -1.1203454367   -3.8105690578    2.6114343938   -0.5999896541    2.3576559845
  -5.4890697625    1.5481618234    5.8428710748    1.9534259149    3.2118748248    0.7774583127
   1.8922519934    4.7395899648    6.7654789826   -0.1093067538   -1.0147210079   -1.9544021216
  -5.2509716670   -8.2179197203    1.2431781703    1.8800330521    1.5061282024    1.4379252728
  -2.2243852111    4.7121677407    1.3723879656   -4.3243150368   -1.3205992638   -0.1836762115
  -8.1582918333   -5.7088620863   -6.2822803832   -2.5122561765   -0.7648574281    1.4949331904
  -0.8049957834   -6.0212137133    1.4810755909    2.3455053884    1.6098171926    4.9833019011
   3.7079636301    1.8862295520   -0.6450127545   -0.8737167593    0.1957587845   -2.2472324052
   3.8144582805   -6.7313791567    3.0091857213    1.0594310959   -0.9078557542    1.5584897466
   5.0084053926   -0.1494819006    1.9573561314    0.0648567943    1.4926233674    0.3386044866
   2.9131368417   -8.5372649798   -3.8098751785    2.2467509185   -3.1888019615   -2.1742173814
   8.4214169639   -8.1128102460   -2.5091376821   -0.3490385987   -5.0930267328   -3.0075309334
   8.1883815078    2.9492774071   -2.9113074181    1.3956051118   -0.7228326989   -1.6557001333
  -1.6886116474   -1.5836583791    8.4128604143    2.1093538211    1.5181007860    2.2325381274
  -7.1810976110    3.4960201127   -3.4667122216    1.4837686219   -0.5318695847    2.7289403947
   5.8436747151    5.0892816178   -1.9571453235    2.4793192689    0.3053405836   -2.2657373251
   7.1617590632   -1.6669726966    6.8207403706    0.1253452386    1.1416461318   -3.7662653370
   3.3178514411    2.5255183685    2.9074429362   -0.1204984506    0.9485774490    0.4044521879
   5.1851870852   -5.7828336671    4.4278767108   -0.2182111150   -0.1414752768   -0.3779954778
  -5.9266927973    5.7410275086   -7.4552689614    0.7187280310   -2.0364858340    2.0230505917
  -2.3689908321    4.6257328030   -4.8339935555   -2.6791706317    2.8460999171    4.0486289704
   3.6499358265   -7.1729445360   -0.9929612248   -4.1951793086   -1.4460298140    0.9944848723
   0.2517357067    1.9951557876   -5.0395171086    3.2657144011   -9.2030503767    1.0716261770
   8.2171293869    0.9035161815   -4.0383013578    2.5082266234    0.0786180599   -3.1763140786
   2.6337937573    7.3334149151    5.8910999387   -0.2602052975    3.4561022583    2.2506373832
   2.5253510032    2.4257385801   -5.5638735217    0.0451240530   -3.9484433791   -1.0065748024
   3.6067791004    3.7113179936    7.7644538310    1.7851852563   -4.3707998578   -0.4800267341
  -1.7223123795    6.2017163889    5.2480386464    2.1264824652   -2.9407086384   -3.1534659791
  -2.8525821228   -7.0066518077   -7.6800884170    2.3480015767   -2.1450393863    3.5779639180
   3.7683795499   -5.0850730046   -1.7358365267    1.2401438241   -1.6927524161   -3.7151827333
   5.2489533534   -3.1787861025    4.4863057453    3.1074594110   -2.4331210147   -1.7552509595
   2.9951801388    2.1285505547    5.6976565988    1.7169839028   -3.4920607109   -1.7144664529
   4.3561342682    3.2892854434   -6.8306978921    1.0258255712   -3.7894922820    1.8785345433
  -0.8439977479    5.3531772135   -1.9274391220   -0.7048806514    0.9980099510   -0.5982742647
  -4.0844571939   -5.2693521274    3.8268815897   -0.7428112645   -1.1565578011   -3.0399120404
  -0.6164794695    2.4354853034   -1.1793769742   -1.2542553245    0.2881234103    0.7464350700
  -1.3569635109    6.9772434632    8.1878967919   -2.6929559684    1.3238184466    4.0984580336
  -1.3864622179   -1.3345668678   -0.8019772640   -0.9940615655    1.1312308345    5.2132346475
  -3.1131215740    7.3681499222    2.0618131773    5.5639176472    0.6499801340    1.5944455723
  -6.2538519373   -4.1537128109   -7.3615354210    2.2181817008    4.3409225586    2.2813931608
  -1.7508432637    5.2436101355    2.1748866762    0.9075429474    3.6111880491   -1.8595917662
  -1.7439582226    4.0972713415   -0.8045566651   -1.8845300409    0.2093294481    3.3051255218
  -6.0309069116   -6.4414830424    5.4036356803    1.0054788531    2.6053160505   -2.8368632212
   1.7691629094   -1.6827890006   -1.0865522788    0.1459830015   -3.4789975093   -0.4668158381
  -1.1487475349    7.4174886057    2.1796683513    1.8916392297   -3.0220163961   -0.5124058664
   8.3787156321    5.3442804432   -0.9455347459   -2.2738702099   -2.4186699159   -0.4826969445
  -8.3148475708    7.6439882393    0.9518987035   -4.4099553564   -0.7239336825   -1.6609893982
  -0.0029132442    1.1832909045   -0.5445887607   -2.5729335969   -6.8488058736    2.9757470142
   1.3398629073    5.9194005394    7.0682569422    0.4502900856   -2.4445206235    3.3641386591
   2.0768923966    4.6108011263    4.2273204562    0.5503856042   -2.3598419721    2.9471976851
   5.8831031055   -2.0139799627    2.2399855466    2.9907488855    0.2462688406    1.4348770398
  -2.9329913776   -4.6026309569   -4.3785362026    2.4159568785   -3.1739905440   -1.9162046124
  -4.5668585040   -4.5362438384   -3.9657418526   -0.8342423720   -1.9833335216    0.2608748941
   0.1467293520    7.1555322489   -5.8323914245    2.6986885885   -0.8385361362    4.5963295587
   3.6678780545   -3.8663606389   -0.7476632548    0.4649241170    4.7670176412   -1.3490220482
   5.2634543834    0.1174940595    4.6286301257   -3.3125797178    0.3453806524   -0.1977512460
  -6.2594845084    4.1582418540    8.3400620595    0.8509725182    0.7037847908   -1.5372987599
   6.9148106305    0.2692606035    0.2247190857   -1.0073118219   -1.0085616199    2.0408299431
  -4.8859733645   -0.6702075058    8.1548601420   -0.0840644479   -2.8496589166    2.7282952694
   2.8302975866    2.7003919996    6.4331417985    0.0157323193   -2.8435026376    1.6719845788
  -4.4163051095    0.0206676498    6.4412716226   -3.3011067545   -1.2224647461    1.2452897641
  -1.9079987838    0.8801721526    6.1438252224   -0.4623897857   -0.7676529087   -0.7940788113
   1.4068451403    2.1101250578    4.4958239439   -0.1749733346    2.4473625408    3.1690103811
   1.5219729168   -7.7956514754   -5.1351388492   -1.5387518785    0.8398301020    0.4449608479
   7.0137855959   -4.0632537427    6.1264430267   -0.1366462145   -1.6788555132    2.7768973290
   6.4793348585    2.7994521598    0.1458264486    0.6313262264    0.6887302972   -1.7682097445
   7.2027599067   -5.5410818740   -5.7693370299   -1.2822123112   -1.0389743470    3.6675832401
  -4.7061647678    3.3603717456    5.4714577688   -0.5606008075   -2.4810049557    4.2255631910
   1.8899415865    2.9871468334   -8.4540599482    0.5022311472   -0.7706177257    0.5949283995
   5.3411136216   -4.6700782764   -8.2294195055    1.5970730758   -2.0105916118   -0.9796232227
  -3.2159790681    0.7082147557    6.1823709324    2.8642861128   -0.7452203025   -2.0621981577
   5.5032439504   -7.0555587595   -1.0928987569   -1.5649610731    3.9498692974   -1.6889419243
   8.2099082651    3.4622497006    6.5255115666    0.3474715126    1.8061952256    1.8523465169
   3.7447217453    3.3227042774   -1.9063871952   -0.1500141120    1.5714997230    0.9029594298
   7.6141980609   -1.1374597325   -3.4945920802   -4.8651732898    3.2740406542   -3.5800655798
  -0.7071599876    3.9961478714   -5.9486471189   -0.0777076794    0.5478118708   -4.1221909910
   8.3465907395   -6.4040461271   -3.4956753222    5.2348980071   -0.2782755238   -0.1742549639
   6.8645180834   -6.2301119902    6.9096974473    1.4201854215   -2.3089118947    2.2320280738
  -5.5247343761   -6.3041198580    4.4140534475    1.7008843226   -1.9160704511   -2.9203885310
  -1.8616737556   -6.2102240924    1.4439076926   -2.8520335481   -0.7184037093    4.1855920646
  -6.3281174549    1.5016651694   -4.4569385172   -0.2033156568    2.2175152979    0.1986352009
   4.2051688761   -1.2599303760    1.2086463100   -1.0566085492   -0.7374160540    3.0768205522
   2.4195741660    4.9703280940    8.5202621228   -3.6616458645    0.3112656453    7.1843924853
  -1.0795294657    7.1715328441   -7.8973767540    2.7728651925   -3.6160358824   -6.6461714990
  -4.0093805433   -0.6612453906    4.3231496176    0.3012589411   -1.5090751427   -3.5646474863
  -3.9865033655   -8.2574218754   -7.6264945673   -0.7607623955   -5.1958206794    1.1062055109
  -4.9000333200   -4.8429114020    5.4109785871    1.1839517591    0.6802676355   -0.8503041512
  -2.8371455781    4.8174484984    7.3019325876   -0.1484612353   -1.6857825813   -3.1547530437
  -4.0539853419   -4.2317616711   -8.0276265246    0.5712647089    1.8213234101    2.5732500585
   7.0858882754   -3.7907327591   -7.8818674126    1.5565643792    1.2541801186   -1.4210742578
  -8.3047477379    6.5119037134   -6.5657968065    3.1124737089   -2.3959633037   -2.8533373321
  -1.1981481297    6.4552833875   -7.2107797385   -2.4154221653    6.0575778204    2.1207118813
  -3.1124653053    3.9626060479   -3.7214380426   -0.9275941670    0.1438567183    0.0859108233
   4.2726992331    8.3451614630    2.3277577342    1.6157588222    0.3492802130   -1.7639659260
   2.5873280753    7.3919132283    4.7540601487    3.8538305290   -0.5665619130   -3.6546764982
  -3.8544272786    8.2134931296   -6.0010693743    1.2492099645    2.5566184954    0.3815345199
   8.1536482695   -0.4269001070    6.5071575467   -1.1109339175   -4.1685833571   -1.3884181306
  -0.6369377949   -7.0722710074   -4.9151218691   -1.7614626043    2.7316930838    2.2224091970
  -3.2497782174    3.6672903535   -7.0527726245   -2.0945467597   -1.5498519714    1.6652537470
   4.4829884227    8.2162752429   -4.9521595328   -0.4535304464   -0.5455313708   -2.2684737155
  -3.2701046844   -2.3483240030   -1.9130535235    1.4316113505    2.9950829645   -4.9176921176
  -1.5632152317    7.2197516765   -4.8333980579    0.4490972905   -1.7966762448    0.9187040733
  -5.2451666664    5.1546113664   -1.4430720697   -1.4118663881   -1.0533956638   -0.1618645535
  -3.5623055521    4.9431348528    6.7099197536   -2.3554719326   -3.4432587728   -3.1028890346
  -0.8443036625   -6.8673850892   -1.9934902628   -3.5288423132    0.8925885139    0.3906374030
   0.2029024246   -1.7551388773    7.9195133530    0.6214456177   -1.2860351511   -1.4075531568
   1.8013121407   -7.0036671441    1.2849023555   -3.9901872127    3.6074185806    0.6226773336
   1.5554388693    2.9821492366    2.5329684427   -1.1821114264    2.2270404124   -0.7441732066
  -2.1081544653   -1.4765194896    4.6275650457   -0.0898550903   -2.0519495186   -1.3692596877
   4.2660308631    4.1777621854   -1.7504361749   -2.5277881710   -1.5441184439    2.3081464131
   3.7676763608   -3.2677433752    7.6599726114    0.1162363757    0.8457696328    1.3459811838
  -5.7852977346    8.4180437162    5.4856782490   -0.8335011936    1.3438993734   -0.6361176175
   4.8036003664    1.4961148159    3.1696918366   -1.0371232035   -4.3242140079    1.2041989198
  -6.0168036777    2.9489159765    3.2122001013   -0.2044684185   -0.1857240344   -3.1027501943
  -3.2030119071    8.1942329542    7.0355443250   -1.6725112976    0.0627550259   -1.7033685482
   4.5638907257    4.8509275825    5.3185935353   -0.2684427616    2.0069746889    3.1758819980
   0.0882547255   -7.3050945997    0.4467476409    1.2419679162   -0.7132020023   -1.5327433540
  -7.0432620926    7.4060202419    4.6861765976   -3.4876178631   -2.0909239300   -0.2828775681
  -4.8310445923    6.0589931287   -3.3310755965    0.5531530246    0.8828759465    0.6742568275
   5.4609384610   -3.8676274605    7.6147474412    1.1576911878   -2.2434511484    3.0279368747
   6.0757196761    4.0016639613   -3.5637617881    3.5350521293   -5.5978544598    4.5745172421
  -3.2520587435    6.9485940878   -4.7152987399    3.5709144287   -0.5167505290    1.9692734084
  -0.6137842798   -3.0751329657   -8.2406650270   -0.2618647205    0.2629674526    3.9870869176
  -3.3193651930   -7.1634781373    0.1618120228    1.5849702698    2.7776380127   -0.7995196957
   4.6344809409   -2.8826562774    2.9282584350    1.8140776254   -1.5288479301   -0.9224411059
   6.1943775302    6.2806391702    6.3833380518    0.1153497835    1.4266964796    0.2604678435
   1.5838049114    6.9455723651   -5.9967028886   -1.3836782818   -1.5350507036   -1.1916628759
  -3.9929613030    6.0485008339    6.9936688479    1.6700872878   -2.3647717430    4.3597985121
   1.7779971726    8.4014755684    8.0275945064   -0.6144942700   -1.2581575792    1.0879096234
  -2.4592824534   -4.3489901408   -5.3229796958    0.6448016729   -2.0949364881    2.4165866720
  -7.6437958094   -0.0529765096   -4.7440762700   -3.6126809694   -0.2319778593    0.5973888950
   0.3513873529    4.9876910564   -5.0263729087   -0.2002716096   -2.5382227482   -0.4801789640
   7.7000569028    1.2622390469   -3.0954742815   -0.2088561807   -1.0601603865   -1.4102065095
   4.8294985106   -0.1398491639    6.1709507768    0.8639064696   -2.3753047402   -1.4803656579
  -3.5121153001    2.8551909899   -2.3972212732   -0.3645752996   -2.7296423268   -1.0678254716
   6.8104134584   -7.5291682266    0.7298643588    1.8348407795    1.3484680839    2.0359804799
   2.9927898305   -4.7881724647    7.1028986533   -0.6779670249    1.3899588551   -1.0066580024
  -2.0724014816   -0.9818056377    3.5311778670   -0.0667489841   -0.0063380912    2.3480338842
  -1.6271495980    3.6122938806    6.3779350641   -2.6749505516    0.6321727390   -0.5373615575
   6.4061859868   -0.8706766053   -3.5667001531    2.3660559189   -0.2486080273    1.3581424414
   2.4839919840    2.7749488509    0.2542389981   -0.7459999167    4.7867718950   -0.5712304801
  -4.2200982871   -0.1000086874   -5.4817278699   -4.9987688495   -3.5428363614   -0.3713136402
  -5.7454127100    4.6406764777    4.5109136852    1.2325875228   -0.4663500848    1.1467857486
   4.2848406997    4.8347076759   -0.7906372021   -5.5711117285   -1.6199171778   -0.4761599991
   4.0721119090    7.1933192754    7.2640611416    3.5135991615    2.3842753537    0.8342137152
  -6.4116177606   -3.0438826947    2.2615204522    0.3752899136   -3.5162206855    2.1299966756
   6.9210457859    4.5464743731   -0.0290096475    2.3285982498   -1.1447891939   -1.5996630628
  -6.2471012107    4.6579580901   -1.2880259193   -1.9892099298   -2.8337439249    1.1845466198
   7.6675287898   -7.4183602460   -5.2737407683   -1.7351783085    2.7724939463   -0.9114007102
  -5.4217047607    6.9978636211    6.4388563111   -0.1041953722    0.5823696081    1.3853868267
  -1.2977963306   -2.1781101074   -5.6941512951   -2.6924538794   -0.8315958361   -0.4829824944
   0.6460898272   -5.0019775675   -8.1068303878    2.9399168322    1.6581168246    2.1656923183
   7.1819005656   -5.8760867597   -0.4439841501    1.1027354831    4.0910519954   -2.5370150922
   6.9052842326   -0.1402581135    7.5648001878    1.4850593178    0.5822962925    2.4612979513
  -5.6649544552    2.3770186001    1.9019970087   -0.3911508135   -1.3745431334    3.3854788621
   2.4565567555    8.0404674253    7.2594297469   -0.1141425775   -0.9247524094    1.8524766725
  -4.4602365809    0.6321327229    4.8105700683    1.9183991227   -1.9927961737    2.6229092956
  -7.7017284628    3.8877929517   -1.0775890056    0.2780779210   -1.3158198217    2.5558317801
   5.9392788037   -7.1546093128   -7.0608783148    2.1952464839    1.0900655540    1.5787118353
   1.7658655357   -0.2848112942    3.2502308642   -0.7146884635   -1.8473175356    2.4644082077
  -1.4205578739   -3.1669597846   -6.3297333740   -0.5225954049    1.2029821983    1.5146574618
  -3.7618267387   -3.6821288144    2.6005574294    0.8144587079    2.3222728249    3.4174906458
   2.8952437398   -0.5523543768   -0.3695752684   -0.6940844635   -3.6491365069    3.2138950235
   0.9783263319   -3.8872744732    2.6899522451    2.2141877523   -2.5283193100    1.3739899241
  -6.1189666037    3.2350863487    1.4681680955    1.9745537159    0.0656721244    2.9240332251
  -4.6383488071    3.6817768115    4.6073418546    0.2040233817   -2.8025006489   -2.8432412790
   4.7263669026    6.7483020050   -5.8006308166    1.2973170841   -0.0709533026    0.3839980708
  -2.1352681009    6.3891649887   -7.3174089477   -0.3824479364    0.8004417611    1.8258030164
  -5.0402605467   -3.4648446773    1.2452656470   -2.3605857050    1.7740615514    0.0976066908
  -4.9737477045   -4.7506521165    4.0772311940    0.1759383830   -1.0202521841   -2.6699810037
   6.6783432469   -4.3800218483    7.5233927555   -2.4054678238   -0.6699189195    2.0162755877
  -4.8279462635    4.6691299313   -2.3478991755    0.9757717184    4.3320608178   -2.4310127713
  -2.0870736234   -0.0999156995    1.6889180656   -2.1523490846    1.7280757113   -5.5594478523
   2.6706203071   -6.4618619096   -1.8454640987    0.0820000869    2.5170183459    3.4592794013
  -6.5126650850    3.9981424269    6.2080089715   -1.7052798902    0.7079590113   -0.7459171517
   6.8825566026    0.5887756600   -7.2272753055    0.4627315775   -2.6035852821    3.0954266090
  -4.4089164724   -8.4121178088   -2.7165028625   -1.6762701046   -1.8715845326    0.2752726500
  -1.8026538614    2.3346099735    5.5842933807    0.1367845527    0.8853827886   -6.2668372989
   7.4217313685   -6.5326378870   -7.5732467199    0.1092691710    0.1118471801    1.9425464966
   6.2468256306    0.8816348197    0.7756068996   -4.4464855877    2.1727760772    1.1958543459
  -6.9962543984   -3.0183376646   -7.7282419690    2.8797721048    2.3679531598    0.5841136486
   2.0784961370    1.1937184037   -4.7978179150    1.0467951182   -5.0933942022   -0.0371712600
  -1.3201546792   -7.1692893960    6.7493989328   -0.0274734112   -2.5572618674    0.7652766139
  -3.5157472463    7.1062946487   -7.1772860406    4.5697529327   -4.1786065619   -1.0153333079
   4.5843122441    2.1755872400   -0.0685973370   -3.4883000838    3.5031939534    1.9025783809
  -2.4735782548    8.5285446543   -8.3475711921   -1.6242593887   -1.5748799664   -3.0333640058
  -7.7370619325   -3.0083479759    5.1951640397   -0.4482539999   -3.4163389247    1.0916359259
   0.4107828439    0.7625974647   -8.4049368067   -1.2033751456   -0.1487219434    2.5920439647
  -0.5427963770    5.2795936814    6.2633565302   -0.4956142996   -1.9035886969    1.7910982143
   2.1100510175   -6.7425238579   -4.9460542092    2.5477381812   -1.7273976824   -3.3234625752
   8.0841208905    0.7464666352    2.1493296459   -1.9853412183   -0.3477810179   -1.5456581518
  -3.5946447957   -5.2704978622   -4.6493001348    3.4942349207    1.3316342649   -1.1302228632
   6.6241714713    8.4789456132   -8.3864723816   -1.2581851348    1.0374683758    2.4796807603
   6.3011105207    4.2216709598    1.6237587345    0.4679977311   -1.3929830807    3.0861671324
  -2.9668015762   -1.3900424525   -4.2931446683   -3.9125069322   -0.8237348753   -3.1243013302
   8.3646395048    1.7257081143    2.9588307570   -3.6756944924    0.5611668250   -5.1253583283
   0.1583334187    1.7711191641   -3.5535128428   -7.0655858022   -2.4536572430    1.8576680884
   5.2420251894    5.5410760152    3.4491025810   -1.0489772656    1.5370748319    3.1000068721
   7.7512865237    8.0694374301    8.2273292238   -0.1571944533   -0.7281700884    0.9291413153
  -2.1496181191    7.6381628340   -2.5525108338   -3.6211299310    1.9267707987   -0.6622966153
  -3.0894511234    7.9747543114   -1.0888764107   -3.4956849875    0.7595111641    3.1382334873
   3.0238305655   -3.2623319782   -3.1981702813   -2.6521714470    1.6396713492   -4.9341463281
  -8.4168082367    2.7582455629   -4.4776160289    1.1781221340   -2.1316046346   -0.4193641442
   1.8076509575   -4.9260771050    1.5675460735    1.5595240555   -2.6865815286    2.5935183660
  -1.6649846594   -6.2534666216   -1.8802763555    0.7441322405   -0.4649596713   -2.4707559524
  -4.8172016978    7.6853417408    3.0544742736   -1.7484328836   -1.0055046635    0.2628522334
  -2.3599729270   -2.5797948573    1.9499969820   -2.6455678093   -4.2192025871    1.4273779196
  -2.3437595007   -2.5668761036    6.9995006577   -0.4246142107    0.9484085536   -1.4200428935
   3.5837225837    6.8545491175   -7.1923141162   -2.2748473462   -0.4646171776    2.2301980992
   4.4723762276   -2.6318721508   -1.7192851641   -1.4220644728    3.2411169152   -0.2512588647
   6.6064273232    1.2142087234    6.3640339363   -1.1185184290   -2.5308208205    0.4016060541
  -7.9733922009    4.6538731969    1.5235996340   -3.2498458769   -2.1443110099   -1.7208558178
  -4.9174302083   -3.0317557924   -6.3486173844    0.6157469079   -2.6149205818    2.3385891026
   4.3242521554    5.1618280504    3.3829868941   -1.8336925840    2.9215101258    0.4738114016
   3.6513145961   -4.6977742967    3.8123869297    0.6579951746   -1.1722613894   -0.5253584393
   2.8782466626   -6.4757225471   -7.1549722818    2.2950140765   -0.0579104609   -0.8947173845
   4.3595784584    2.7254517429    4.2705578590   -3.4709162500   -2.6356738015    1.1798965600
   4.7087254822    3.6324622453   -0.0818477703   -1.8695903032   -0.3238111210   -0.3138824686
  -5.8278244304   -3.1476186411    8.4803465779    0.4201695730   -1.3996166590    1.1724301249
   4.3392522001   -0.7363899037    7.5867850844   -1.3004932399    2.5833591428   -4.0753342025
   1.5016136485   -3.0842789624    6.9961802036    1.5058152346    0.7182981931   -4.5951600234
  -4.1928855713   -5.4588271252    2.6682190525    0.9780366074   -0.7010412013    3.0569778217
  -3.1217658164    6.5953191979   -0.4050016465    2.4147732574   -0.8234320663   -2.6061120311
  -1.6726934843   -2.8042920956   -3.1493652804    3.2180508070   -0.7522120766    0.5767800288
   6.1376655653   -2.9311083569   -7.8816940910   -1.7380945866   -1.6629907605   -1.4782149055
  -3.4909678195    8.4003508422    1.8047955446    4.6797432023   -1.2484590379   -2.3101001413
  -4.5733766162   -5.4812081776   -7.7139582768    0.2840512145    1.7908871273    3.2262921314
  -8.0987574947    1.1904196990    7.0509831408    1.2788574749   -0.3637751737    4.4842203940
   2.6453502536   -5.9153860298   -2.7259697817   -0.6878595405   -1.7133372754   -2.6987239566
   3.5864358345    1.7335618513   -5.1688196307   -0.9623746939    1.9991642949    4.6704056027
   6.0020637078    0.9895502513   -1.5620297474    2.2099706056   -1.6546012095    0.4268825771
  -3.4758317043   -2.4738673025   -3.3414585228    0.7294314499    2.2345983019   -0.2311763652
   6.0663615757   -2.1525486287    7.3907521739    1.2704320427   -1.7239396931   -0.0734550635
  -4.6472877139   -7.3950233150    5.0262235717   -4.0165537473    1.0857178355   -1.8920614485
  -0.5305079533    7.1278576530   -1.7701236526    1.1353583079   -1.1530676231   -0.4596620031
  -1.7870045465    1.4689595012   -7.5663821374    4.7011347585   -3.3554342650    1.4355398724
  -3.5373256652   -7.0097449972    5.2222745588   -2.3607621509    1.4018535373   -3.0968735075
  -6.3417005838   -7.8141502179    5.0168578749   -0.9769641057    3.8523126134   -1.0395736335
   8.4070534517   -3.0097873054   -5.2701060020   -2.6740501676    3.2338896770    2.4466303850
  -7.9183886395   -3.3034414399    0.0751536723   -0.7153605195    2.8102386175   -0.6700649821
   5.9948953301    3.0339374035    7.6249534943   -0.4331278245   -1.9118037568    1.0438363298
  -1.4760664450    4.9026210803   -7.8620327433   -3.9187884679    2.4909573276   -0.1315538396
   3.5157295088   -6.2928231159    3.9460500855    2.5714608630   -1.3046450148   -0.7171073139
   4.1898447223   -1.2622151486   -0.9970381929    3.0966508300    1.0292576237   -1.5014889771
   0.1151052694   -6.9209417393    4.2435177840    4.1683987605    3.4956454750    5.1242308641
  -0.7943178477   -8.3506203428   -2.2790533039    1.2757919848   -2.0247991184    0.5835949263
  -1.7665109722    2.4183406703    0.8228735460    0.2079455631   -1.3370533900    0.0590800984
  -1.9362425463   -0.3144036464   -8.0011686999   -0.7995231843    3.8590136559   -0.9629113988
  -7.1586284961    1.1843155117   -1.9739636633    0.7472649797   -2.3728033320   -1.3779709692
   4.3582457417    8.1610284348   -0.1276534076   -0.5158281373   -1.7624504019    1.7109640262
   5.3032320648   -0.8362542902    5.5871488868    0.5196885460   -2.0520194199    2.2846114578
  -3.8782328515   -0.4484841243   -2.9243474104    1.0915662455    3.2070404275   -0.4436357840
  -0.8553663544    0.0279066705    2.2044983698   -0.9873402512    1.1147036354   -0.8382679003
  -7.7016467701   -5.3319219752   -1.2822651274   -1.5405470027   -1.0293726878   -1.6794356254
   0.1783646804    6.3000629417   -4.8110012536    1.3796705223    1.2232574135    1.6846069197
   6.1806808081   -3.2968186097    2.0906356642   -1.4522565857   -3.1131862971   -1.6371895022
  -7.9072979006    4.4468412583   -1.7613181021   -2.9431422181    0.2299219178    1.6473874645
   3.3231762637   -1.8383818436    7.8164361791    1.2482391273   -2.7760392118    1.7969958204
  -3.8786735767   -7.8457880038   -5.1411162332   -0.2054140634    1.0792544640    0.6941014665
  -3.2561214623    0.3876103846   -4.0877567676   -0.4647321494    3.8467047669   -1.3124947587
   0.7307949287    7.4271732037    2.1152018188   -1.9476784758    0.7942087763   -0.7021258442
   5.1552294874   -2.7838017652   -3.6257517523   -2.0649678646    1.5142111541   -1.0591947836
  -3.4015564819   -2.3236403428    7.3462140890   -1.5526736079    2.0928195801    3.0574111017
  -7.6610911279   -7.5594740920    6.2401643232    0.8541851234   -1.0081844968   -2.0332036919
  -1.5003169260   -6.3844469164    7.7185990568    1.1144146486    0.8757374001    0.9392414405
  -1.5423638112   -2.9999287860   -1.1258218350    0.5867264856   -0.1631350564   -3.1012483662
  -7.3799747677    3.3392033126    4.6087560782   -3.6957783416    4.5236933886    1.4040605943
  -3.7763611305    7.3658926762   -2.3711355230   -2.4899089900   -1.6394539128    2.3590787529
  -1.3925142339    6.4616943545   -6.2130766161   -1.5391506365   -0.4691781593    0.9238096936
  -6.5647768533   -6.2366104343   -6.9234707464   -0.5752800655   -2.3537321592    3.7503331961
  -4.2778397294   -0.2854259041   -1.5484188184    1.2180281333    3.3741325036    1.7577298308
  -3.5255704676    7.5303983789    0.0637356822   -0.2840991763    1.6600799959    1.6609990964
   6.7033298419    7.2227336381    2.1565321475    1.6270223897    1.2920026760    1.5741112669
   0.2741845042    7.2099753457   -3.6994659258   -3.1552094708   -1.2735985762   -2.4407988679
  -5.0034925545    0.5531615962   -4.5635104971   -0.2969618497    0.4689897001   -1.3932495995
   5.2426117167    6.5005231071   -3.2823024063    0.7636139196   -0.3174032014    2.0660932070
  -4.2064496801    2.4705735066   -3.1473259741    1.7256101225   -0.4005779447    0.0638253596
  -5.7684532641   -6.6997984303   -4.0322489067    0.0917794128   -2.5790845400    4.3063846279
   5.2137728644   -2.1268828238    4.4028691702    0.5076502269   -3.4801364834   -0.7802254324
  -3.3521567854   -1.8059195724   -0.8936648982   -0.3823828355   -1.9786233853    1.9604580888
  -5.1450104486    6.6456082737   -5.1141369308   -2.4082325310    2.8970194658    0.2478264652
  -1.7583258019    3.6888941353   -5.8283663006    3.2335486503    2.6370067357    6.7143038624
  -5.4399713309    3.4503118296    8.0924193373    0.1942015465   -0.8578416289    0.0909342812
   6.9740321218   -6.4962473205    0.5965864900   -1.1331609251   -5.0283994684    1.0006468665
   6.9099443936    0.8593961603   -4.8660989030    0.5820091277    0.2068847842   -0.9382481208
   1.1986320785   -5.5138840863   -0.8125607713    1.2872623416    0.2500674998   -1.0676755718
