           1000
    17.09975947
  -5.4202508876   -2.8009049094   -7.9961545584   -1.4830246363   -3.3491378043   -4.7244541916
   7.1353054810    4.0562909122   -4.3371392094   -0.5903465865   -1.8266558452    0.2336439166
  -7.8958423582    7.9556912628    2.1802548447    1.0181986812   -3.6234782513   -0.1188534944
  -5.7200974727   -0.4370487424    1.8022897364   -0.5912307802    3.3766311657    1.4797294596
  -3.1742750666    6.9073171482    5.3836248826    1.3263294990    1.5460395960   -0.4307941069
  -4.8844065325   -5.7960688324   -6.8483091176   -0.6177528732   -0.6951256825    2.0854655412
   0.5483686984   -6.2790520229   -7.4979521012   -0.9114792122   -0.6245671737    2.1921184680
  -6.6538551850    5.6569264408   -7.4114897673    3.4069516990    4.0054148745   -1.9406601999
  -1.1610850686    5.2209780141    2.6710757926   -3.9873822219   -4.1150945927    0.9963314361
  -2.3101001477   -6.4257449799    7.3435095797   -0.3454293192   -2.4270654722   -0.0425508755
   6.9687664636    7.4957739961   -7.7145624277   -2.2216934097   -1.7775901149    1.1640541156
   3.6715187133    2.7910924796    6.5536459014    2.3997639706   -1.4654556947    1.7894845058
   3.7042066879   -6.5874279258   -7.4318710894    0.3841385086   -1.5008124174   -1.3441559530
   3.4542560709   -7.7746961865   -1.0861755467   -2.1109465486    1.2716209738    2.7305233404
   4.4057848627    6.3846618733    3.5342444056    2.7084352376    6.7772277074    0.6191000577
  -5.2055743240    2.7265332440    1.3787229595    3.8377073437    1.0933676300   -0.5738397943
   3.9131890863   -1.4823640445    4.2527583190    1.2601871043    1.6247402257    1.3264986870
  -4.7272535959   -4.3446710908   -3.3511521579   -0.0775622149    2.0443630749    0.3819906650
   8.1096306323    0.2160249910   -4.7083635555    1.4711285872    6.8363260135    2.8242195568
  -0.9056219669   -8.0908232511    7.3836119786   -3.1457225416    2.1945745184    3.4730175223
   2.7943489821   -7.6454139876   -6.4329304357   -3.6138482855    1.1442569489   -2.1100744813
   4.7460977290   -4.0038744356    1.6809419293   -1.0167063868   -0.4003127492   -3.8998297814
   5.1381506555    2.2980753164    3.5810782831   -1.3117867953    1.3452227060   -2.9960169469
  -0.4065760376    5.6291427968   -3.9881742736   -0.7064206904    2.6744647485   -1.8414539340
  -7.4135064592    4.8552451725   -4.7263291070    2.3075350863   -2.4525877949    3.5955853494
   7.7919292142   -1.5861416929   -0.0426549710    4.4162670835    0.2522049341   -3.4069417326
   8.3860615355   -7.7739986239    4.4466607181    1.6316809495   -0.8892628611    0.1289473779
   3.5913455922    6.1442242379   -5.7869553077   -2.9240310798   -0.0839873610   -1.7273397258
  -3.9759520335    1.6626077690   -0.1588406246    0.0822509355    0.2470878367   -2.0885407619
   5.1415554436   -7.7873260890    6.0390532373    4.3591775708   -0.9658001465   -1.0943613719
  -2.9387524624    3.8753125469   -4.4907263047   -2.5929287274    1.0942922585   -0.3949513099
  -1.0855428434    4.2272011577    5.6029434243   -1.7637264699   -0.2801602114    2.4372924640
  -2.4789860408    7.4824370077    0.2774517539   -3.1368418902    0.5979197742   -1.4259994056
   3.1185518169    7.6655399255    1.9417150041    1.6608728441    1.4372140746   -2.0269427730
  -6.0118734297    0.3285561325   -0.2917229560   -0.3892511871   -0.2995338923    2.7539883045
  -7.0526680726   -6.9914726270   -0.3723608869   -5.8288504834   -0.2545132567    3.6854401762
  -0.3611417358   -6.1402923323   -5.8699636923   -1.7862043675   -1.4573304719   -0.2358010761
   4.3155223005   -4.1860050117   -4.6010359893    0.6384445393    1.1615191621   -0.5839788116
  -0.1357730262    2.5447093645    7.9398960862    0.5908605829   -1.5465503128    0.8287186570
  -4.1906839406   -6.5442271455    4.9116941850   -3.1402293809   -0.4512660227   -0.5883216026
   3.5013324676   -2.4355345499   -3.6692778734   -1.5673961525    1.6308269997    0.5894568393
   3.6930761567    7.4449064087   -6.7378124408    1.0629336473    1.1505996690    1.9780167627
   4.5557934496   -6.1118879005   -3.2755801037    5.0203596156    2.4596731527   -2.8312596498
   8.3705784232    6.9891313051    2.1569677410    2.7580342106   -1.4777884692    1.5273408450
   8.4808506616   -3.3423072788   -8.0658585421    0.2584517400    0.2987510396   -2.9731548611
  -6.1983205368   -4.0792189480   -5.9762995662    1.5077018673    1.8242455604   -2.0569624998
   1.8951198143    5.5438608621    2.3635674828    5.9741059515    1.5436854238    0.3360063521
  -1.0730274515   -6.3504011823   -6.2929362552   -1.8332203608   -0.2799555368    2.2210413341
   6.5547646518    5.6037168973    0.2053228409   -3.1230096369    4.4272398955    0.3820891588
  -4.4762781365   -8.2246107726   -4.6869435810    1.7769593612    1.2256297522    1.4235607309
   2.1515821891    1.7772800589    7.1774068021    1.7466871471    1.3100862978    1.5847471666
  -2.8195112907    5.2463065592    2.4310586985    1.5163919578    5.6537920310    0.2728432112
   5.5306160324   -1.7313216974    7.2872260438   -1.2401835453    1.7040680922    0.2153681406
   4.7662848443   -1.4897879721   -0.1173337782   -1.6132111890    0.1083496375   -1.9686101999
   7.0245419163    5.8332481129    2.6705140512   -1.5168169623   -0.4096815637   -1.3591601829
   7.5951296642    2.6850432595    4.0053112493    1.9850058917    1.9792242587    2.4564563953
  -1.0528478942    8.0352120864   -2.6965993567    0.0646653331    3.2200531622   -1.7134625552
  -4.9483519459    0.2502372858   -5.4909354984    2.4105232567   -0.0341752462    1.4612669283
  -0.6097489617    6.8592291570   -4.8893687692   -0.6704645750   -1.3478980221   -0.2495033654
  -4.0639812730   -7.8524719715    7.5055013882   -0.0505903082    1.6014287494   -5.9861329751
   0.4607829962   -0.5328681722    0.3206395310    0.0988591696    0.2983420045   -1.0270974711
  -8.0204377280   -7.5741023502   -3.6588105410   -0.3208839535   -2.5824850159    3.1368419613
  -6.2087258936    3.2531641494    4.7146555216   -2.1864569591   -2.0449204846   -0.7676450443
  -1.6679600643   -4.5941313192    2.0471615682    0.8291673732    3.5776769748    0.9427369198
  -1.9314234033    6.5756052320   -6.7879880933   -1.9521038035    2.5610687665   -0.9039802244
  -5.8133473202    5.3906822483   -5.7850165732   -0.3726641910    1.8153625631    0.2856097572
  -0.9134723070   -2.6152411432    1.1065236185   -0.6232441002    4.5044401896    0.9280433522
  -4.0318868008   -0.3860489939   -1.2890923064   -3.1116290444   -1.6866363081   -4.5697697295
  -1.9227302879    8.4148979516    7.7673665583   -3.7810079772   -2.2454397971   -2.9490675508
   2.0991188452   -8.3322645990   -7.3571498327    0.1643421607    2.1837871042   -1.8484611713
  -8.5208755038   -5.8454886582    0.6150832389    4.5844817826    0.6887360515   -0.4756234504
   1.2951319229   -1.1336773409    2.5843230042    2.3932808699    0.8138462939   -1.5852835149
  -2.0733278520   -5.0317457599    6.9172621321   -2.6513272717    2.2414502659    0.0753203218
  -5.9200946848   -6.2855339821   -2.2324888433    0.8629911954    4.5251134327   -0.4454585253
  -8.3048932767   -6.5317888448    3.8974687347    0.6024280751    4.0668725776    2.4784047635
   4.4454811128    3.6339112757    3.3574118304    1.1395350395   -2.7110545685   -1.2995595853
  -4.1694481122    0.3462172713   -1.9661594195   -2.9062378296   -0.6632866281   -2.4046884256
  -0.0517991033    0.7212235997    2.5940557741    5.3409314552   -1.7800083723    3.6136117290
   1.2911739631    7.0056095969    6.1430298288    0.1851825196    1.1045427467   -0.0487741686
  -6.0920288417    1.4743629198    2.5190920966    2.7805793701    2.0358390106   -2.8522419283
  -8.5431139156    5.0204880925   -4.5853571912   -3.0114000096    1.6818829303   -1.5994818455
   7.8927110003   -8.0959410542    2.9915961736   -0.5152279424   -0.4641928563    0.8766088685
  -5.0756884251   -6.9542220413   -6.8753789141    0.9217090156   -1.4678731219   -3.2490179738
  -2.9215700538   -0.3064681184    4.3538615626    0.3136313819    4.7028664384   -0.6945869847
   6.1066170225   -1.0836240820   -2.2101510133   -0.6536933662   -1.8975790353   -0.8624439452
  -4.2737946329    2.3841826741   -2.4794175225   -1.6678131756    0.4724353072    0.4661747031
   2.1704676786   -6.1235430073   -8.3651688541   -1.6631472422   -2.8617709829   -1.8320785090
   7.2509052170   -4.2593198381   -2.4391848646    2.1761225045   -0.7901910629   -2.1140864050
   2.2596496775    0.6334804773   -0.9911642470   -2.7267202158    1.9397489047    2.7490749853
   2.0741013157   -2.3379027933    7.6859690517   -0.6978826121   -2.6806056580   -4.0829671928
  -0.4924714339    5.8763863655    4.4773009385    1.5542816745   -1.0995982687    0.2290967237
  -5.0885977214    3.4096881891   -2.5133321580   -4.0812135810   -0.4723938545   -2.4430843198
  -7.5147488808   -3.2117294002    2.7889740085    0.9151445479   -1.3866403042   -0.0608311786
  -3.5847998095    2.9770119130   -6.5680990933    2.0517189587    2.1418999675    1.8660168972
  -1.6548240584   -1.0730477404    6.3408159349    0.3186062083   -2.5945899418    3.4704781004
   2.9037434615   -7.2503809891    2.1924015546   -1.1496067892   -0.5081932931   -3.8215397057
   8.2451871392   -5.2064366050   -5.9477497402    2.4078595875   -3.1010076024    1.5673314671
   2.8303725726   -0.0829992709   -6.8908464903   -2.4721376856   -3.3356447894    0.0027805225
  -4.2381999776    8.0935040228   -7.2007038594   -2.2146723116    0.4781207012    0.3697052503
  -4.4749552493   -1.2485881816   -6.9414637217    1.4301939457    1.1349464730   -2.1649325107
  -7.6199480790    8.2027994195   -8.1887162422   -0.7047245511   -2.5686040730   -3.2636592068
  -5.7163429689   -5.5616175549   -0.4306215477    1.8137451431    2.5769416295    2.4655345474
  -6.1870185190    0.7227362829    1.5910952440    1.5518683646   -1.6664892085    3.1597217295
  -0.3369544170    7.4036560640   -8.3996325402    2.4616965730   -2.6869056213   -2.7300519357
   7.7344657288    7.2791235185   -4.4906312255   -0.6572301242   -2.0980670963   -2.9320192077
  -7.3294648730   -0.8381886165    5.3819420780   -2.1262192678   -1.4267017830   -3.6640397374
  -8.2907812970    3.5204009192    2.3865881529   -0.9303350244    1.4021809569    7.5098425829
   1.1686228384    4.1469916071   -7.4694333349    2.6885612904    3.3023092012    1.4860313365
   1.6909252185   -5.4449925563   -5.9568163749    1.3970449729   -0.9513689244   -2.2366868564
  -2.6299365323   -3.4767280565    2.0722329735   -0.7822209056    1.6591274683   -2.4160955742
   2.3827526370    0.3421619711   -6.2481052534   -0.1828363937   -2.5523620422   -0.3131138061
  -2.5667283897   -0.6871170361   -2.4434331997    0.2846017242   -2.7189399136   -1.7327326059
  -5.9536078435   -8.0570460019   -4.9231319390    0.8243596827   -2.0866830765    1.1029674999
   2.3093036914    0.4046474547    0.9970321185   -2.2418271417   -2.4425015228   -6.5480421016
  -1.5882631503    2.9844185995    7.8717828766   -0.8841647321    1.1463708259    3.1517454197
   5.9820047232    4.5037406853    3.6095696283    1.0797433316    0.2104296728    1.1754517416
   5.9112085609   -2.8130818830    5.0843530587   -4.0350282303    0.2329420418    0.8824558897
   1.8511954213   -7.7623474819   -4.5920405234    0.3988347927   -2.8280251701    0.7694632592
  -3.4116501506    4.0393664371   -6.8548821941   -0.9786493501   -2.8677828687    1.5440743840
   0.9286123173   -5.1828178837    5.0291924372   -1.9154870950    2.4070128601   -2.0893191284
  -5.4372616473    7.2614312103    6.5248806616    0.8847613269    0.3188002778    0.4177650836
   1.0977113342    0.2875183469   -6.0960040926   -0.1629465856    4.3046604175   -1.8413900343
  -1.8441443352   -7.4617581734    7.6517657460    0.1886002331   -1.7347729129    0.9127180081
  -7.6401574612    0.7426893541    7.6079875989   -0.0181080805   -0.6139587488    0.9533731488
   1.2079276913   -7.5492816430    6.6913700970   -0.8150034390   -0.8039902237    1.4292497605
   1.8248326912   -1.2318290092    6.2789618042   -1.6682922078    0.0036157950   -0.4161947133
  -5.4633811719    8.2943073226   -5.5140160169   -2.7896536523   -1.2685079559    1.3979708662
  -0.4074552462    5.3273246217    0.9256520607   -6.8001155326    3.9524802064   -1.1829520324
   8.4663543989   -2.5835693480    0.4460898504   -2.5904927316    1.0068454775   -0.0553688611
  -4.7048840609    0.5639635183   -4.0575184109    2.8619604577    3.5582464454    0.3287246984
  -2.0181761758   -0.0799578042    5.4513374580    1.5568495545    0.8888494544    1.8354367747
   1.8092389938   -7.6601145667   -8.0688961036    1.5920122685   -1.2263279339   -3.8577050729
  -4.2133743198   -6.8658363921   -5.2201213412   -0.6076861028    0.7331431601    1.4855834710
  -4.3160157072   -0.7314404203    6.2958524074   -4.1823561965   -0.3218535085    2.4769554514
  -5.1959298170   -2.6712039376    0.2046595775   -0.2034669986    2.6654226033   -2.4579492473
   1.7482525482    3.2938624091    0.6142016487    0.6749981017   -6.6109581979    0.2701115683
  -0.3298595512   -4.5165531505    7.6139218156   -0.0385236164   -1.4724850687   -3.0572783537
  -4.7269485801   -3.3732983173   -3.4713023821    0.7806554135   -1.0777938544   -0.4732995693
  -2.8242277249    3.8364782919   -2.9912416606   -0.4432364081   -0.7162117367   -3.1710845012
  -2.4778091111   -4.4832061642   -0.1060176885    1.8163273882    0.2873425756    1.1307633858
  -1.1602604592    2.7466831479   -2.9518247298   -1.7059555035    1.3261922003   -1.1936548435
   6.3265628957    5.0482743807    7.2184474406   -2.5448437886   -2.9462389252   -1.8205052756
  -3.4756894231    6.9581941963   -7.7718307534    2.7989941106   -1.0224791296    0.3557470538
  -0.9265607117    0.2107976783    8.4723403935    2.7368235446   -5.0474037505    2.3677882929
  -8.3746407844   -2.7106057716    7.8213420412   -2.3160448715   -0.6657073169   -1.0501574940
   4.8401649287    1.5322081467   -0.4887372960    1.3404503162    0.1218370523   -2.3543028850
   0.7156042278   -2.2735024015   -4.9668097302   -0.7632803409   -2.5711804764   -0.5532437127
   3.7619387861   -2.7821550417   -0.8105977174    2.3057588392    0.9431108531   -2.0358769049
   5.7982441112   -3.0451155096   -3.4999662442   -1.9540450073   -3.8859227525    2.5258128902
   3.3668860232    0.5067894784    4.0708964292    5.0704948323    1.1102301330   -4.8520160109
  -2.3056045331    6.6766567229    2.9516835913   -0.8383761960    0.6715626371   -1.0145498769
   2.9982304407    2.5344579502   -5.9091177753   -0.9310361101    2.2234085603    1.4074666915
   1.5884691900    2.5029298711   -3.7855746051   -0.1665238605   -0.7681483643    0.9737939932
  -7.9370212169    6.3072010325   -3.8629916276   -0.9410134732   -2.9881160731   -1.4974913502
   4.8063696967   -8.2353815179   -8.4837083053   -0.2523798829    1.4879024868   -0.2689410513
   0.5203642594   -1.3877599869    3.6163637559    1.4948168973    0.9892376121    0.3078036545
   7.0983601531   -5.6824692392   -2.1154754474   -1.7945157247    1.1956464407   -2.2733032967
   4.1159477925   -6.1799339292   -1.4559936832    2.7203629921   -2.1026413498    1.1318376480
  -6.4266991454   -3.5586585127    6.0126209093   -3.2936722577    1.2238010671    1.0020631708
   2.9951065450   -8.2161893923    5.3670423909    4.2401413950    4.1913584348   -4.4775713059
   8.3137991629    4.0941752756    0.0618069553    0.7438906944   -0.7498830889    2.2108201299
  -0.5921472503   -7.3302784365   -6.9081881558   -3.4980446888    1.3722083728    0.6331775094
   3.4468666497   -5.9866945611    5.4606210980    1.4110251534   -0.0969497440    4.3649597462
   7.1043172548    6.3378606928    5.8944797430   -2.7895508313   -0.4781397316   -0.4781996179
  -4.9352051454    2.0888853699   -3.1511997287   -1.8412644896   -3.3345477085    3.8334157004
   1.5986439779    2.7967084176    2.8707796975   -1.5484155213    0.8942063814   -1.9110013953
  -7.6335450941    5.7143429528    5.8433392480   -4.6631458515   -1.3154341449    0.2294829393
   2.3005159816   -3.0894583695    1.4875744134   -4.2487361009   -0.9881287864   -1.0872798569
  -3.4603428621   -4.9047358896   -1.0705692816    0.0199450448   -2.5269183739   -1.0579835574
  -6.2138624471   -8.4135614089    0.3938691376   -0.2620113910    1.6012833725   -2.2422546405
  -4.8149155872   -1.5090679430   -2.4012997485   -3.4035955717    2.5438995417    2.4484981284
  -7.5690476854   -6.9225162539    2.4165465312    4.0725138904   -6.2512499011    1.5948947910
  -2.9067628465   -5.7413454150   -6.2013300771    3.2820120394    1.1539366647    1.7767273653
   5.5731334540    7.1838547374    2.1387941985    1.2516068501    0.0522025964    1.8580684408
   7.8348265624   -5.0313488732   -2.1436833779    0.4791659603    1.3266105598    0.9020913205
   0.6678205982    7.4317950031   -4.8412663098    0.5315930870   -3.2246592714    1.6584997288
   0.8675306936    0.7294939544   -7.3362643891   -0.2932610030   -0.1737936252   -5.0707833652
  -3.1617350280    6.9431138700   -0.6771028548    0.9647748415    0.3524954180   -1.1802101887
  -2.5785883799   -5.5585942067   -4.8070434741    0.2366375653    0.1385673652   -5.8883194576
  -5.8190802611   -2.4012789463   -2.2743848761    0.2538027732   -2.0508275664    0.5498871743
  -6.4207913773    2.8327257572    0.2921311489   -0.0486511137   -3.8301281830    0.7220801344
   1.2496058950    0.5546045669   -0.4823249818   -2.3599573501   -1.4028966995   -1.9509735320
   3.5665956858   -3.3444267644   -6.4371428448   -3.7263794202   -3.7400616959    4.1519870345
   1.7453351619   -6.2748931698   -4.0483366939    6.7204156675   -2.7241585496   -4.5689534735
  -5.6686581505    0.0253655054    2.5816195961   -0.2871938040   -1.5649659209   -2.4132637387
   5.6310378172   -0.3134160327   -7.1582834899    2.8048920764   -2.7544040496   -0.4524635451
  -3.4209054765   -5.1458181895    6.8007784656   -1.4006928070   -0.2062529330    1.2603187752
   8.4425769061    1.2583828268   -1.8937642015   -1.3185489203    0.9632928361   -1.4354416616
   0.1319503438   -0.4131128003    6.5003668376    0.7402832168   -0.8889492341    4.1279320995
   1.8732971783    6.2736148538    0.9314110359    2.1436173263    0.3453604704    4.9652889076
  -5.3576001850   -8.4330938428    4.7364074413    0.6096834864   -1.0813195608   -1.3856284445
   3.8349498676   -1.0102851345    6.8126672042   -3.5168756309    2.0537465260    1.7230744748
   5.1050002507    1.1109226040    1.8498829500    1.9965275206    0.1928999563   -2.7992021960
  -6.3394357858    3.8074021592    1.1140442358    1.8519713594    1.1268751570    4.3342639310
  -0.1698978702   -4.4317124443    0.6187219634   -0.3235551802    0.8454080850   -0.4315574882
   7.0333334667   -3.4413931486    2.8999133674   -1.1542224555    0.3314594614   -0.0978045685
   1.4317367450   -5.8166432154    0.5217788888   -1.0384143355    1.4820277657    1.1680483720
  -0.3747277834   -5.4328242136   -4.5370065009    1.7860169497   -0.5506622184    0.5018030676
  -5.4922866839   -3.5476999559   -1.8664964525    1.5052542299    1.6204217873   -2.2259779725
   6.8866901643    1.9152865119   -3.9111400373   -3.7621710678   -1.9218045722   -2.6405166114
   7.5791883801   -4.4354286713    4.9376274541   -2.2012385753    1.7238803485   -2.9981304949
  -2.0698373468    3.3277331274    4.9497275198    3.2207568007    6.1712901692    0.1275823159
  -6.4624393931   -0.4443451362    8.2878624540   -0.3419504708    2.3771253113    0.8017745433
   2.2589953289   -0.4032267967   -0.4092288780   -1.6896920990    0.8071727508    1.2622718686
   8.1281830369   -7.5112473114   -7.0585902747    0.9283398865    0.4569180475   -3.6181903582
   0.1095018579   -3.6925682194    1.9301440069   -3.1203650086    2.7968412601    1.5043595774
   5.0140652185    5.4801747531    3.5653602129   -1.7258979607   -1.5969799555    1.0169858560
  -8.0336659064    6.0948974508    3.5130859437   -2.3639558651    4.7545590393    0.0308108282
   6.7142534124    5.8987007603   -1.9554769100   -2.3629641159    3.3274182329   -1.7188483144
   4.4461741125   -7.7913676514    3.3729472358    3.3952794107    1.1489206302    0.9101514827
  -0.4304733840    1.6983441611   -2.9501161771   -1.3050146931    3.1225338895   -3.1734023905
  -3.0732096070    4.5292620934   -0.3403188485    1.0267937540    2.4768995387    0.6026492277
   7.1587110465    6.8419771913   -2.1350217015   -1.2640557780   -2.5133199261   -4.0732009932
   8.3441889286    0.3306738497    7.5375159191   -3.7736406557   -4.2514797761   -1.7972109552
  -0.8400201811   -2.3111871438    5.8034052671    0.8684114546    3.9597130952   -0.9924510499
  -1.5838316356    0.6327154546    4.0125811798   -0.6585358260   -0.5473940194   -1.9988348491
   5.4699796779    7.9126352195   -2.3860173476    3.4403469895    4.4369847332    0.4553302265
  -7.1639307604   -0.8947502618   -2.2034435295    2.3012606611   -1.5371331770   -0.5544708015
   3.1799486068   -3.8898460158   -2.8206790247   -1.7462231291   -0.9601161973   -1.8913196195
  -1.8239971477    5.0852167241    7.8413877349    2.1862999254    1.3166465120   -3.2332900383
   2.3998792361   -7.9203401491   -5.5405226352   -1.2491767110   -2.2431005758   -1.8981036013
   4.3107596606    3.6827460063    1.8637353698    1.3799915702    0.3174173224    0.3873899248
  -6.0305492322    6.6750663095    4.0708714218   -1.3458813838    0.2461177804    3.1316273085
   2.6775280638    4.8018857475    1.8026758693   -3.2643628920   -0.7747111721    1.7632866408
  -6.4727460856    4.4891134303    7.6213772770   -2.3583418309    1.9236183846   -1.4392135375
  -7.5361467307    5.1089476979   -6.9894426377   -1.0854526770   -1.3743631578    4.1367608968
   7.7499443846   -0.8106695494    0.7277670546   -1.7350134759   -2.8409568078   -1.7820516271
   3.6587488422    2.4067873744   -8.2746957729    0.5228639653    2.8226471355    5.0408491428
   2.4410744922   -3.6383827256   -2.3107492220   -1.0298907680    2.7443467529   -1.9007598624
   4.5736588131    0.5221325281    3.3492812596    1.8115580864    0.0209953964   -2.2013701372
   0.8218053172    2.1496781113   -4.7186223133    0.4299611179   -0.6106184365   -0.7496474057
  -8.3432767979    7.1041534329   -0.8647557846   -0.4109736583   -2.1582536789    3.9513025027
   6.0842988955    7.5473724733    1.5309084245   -0.0970676080    4.0724100583    2.8280965591
   0.3294990911    6.8324599614    7.2481494594    0.2054970894   -0.8032305545   -1.0755195234
  -1.8279967572   -0.6793827574   -3.8897515864   -0.2375794196   -0.7612931522    0.6541971383
   0.0500131927   -6.3506576320   -2.5346517107   -3.3455012316   -0.3462966743    0.4248153313
   4.8426876456   -3.3657221898   -6.0969246200   -1.6465637992    3.5234511245   -3.3568859526
  -3.5648192546    3.4830839546    3.4823995963   -0.6167407763   -1.3702960462   -3.2531599540
   6.1122305023   -7.8486737391   -0.2267428974   -3.6772800630   -2.0241270527    2.6564215411
   6.4416631396   -4.9164069827    1.8152608538   -0.3230189336    2.0186759829    1.5023778120
  -0.7917804390   -7.2420087687   -5.8175630606    0.5889377655   -2.7752619217    0.3277683037
  -5.0309191587   -3.9697658147    4.8394148149    1.4841550460    1.4991306897    0.3045378439
  -6.8416356791   -3.0614285059    7.9055655023    1.4253938022   -1.4515324532   -0.1425914033
   1.1957425282   -7.6191671037   -3.6743936204   -2.2134198330    0.7991252891    0.5137303583
   5.8286136246    4.9534967210   -1.6321492617   -0.1511806761    1.7950738296    2.2832924353
  -1.7746266342   -1.4943676064   -0.8046185356   -4.0110954133   -2.0811118727    2.4747619573
  -3.6085780469    5.7328719494   -3.7566756458    1.2003872120   -0.1880256522    2.7214830242
   5.5103992125    7.5538278620    5.6545326801   -0.6775133655   -0.3827554998   -3.0808919456
   3.4340754931    5.6652274451    7.8410783993   -1.8358745447   -1.7922948228   -2.9018107671
  -7.0859290855   -8.3446786314    7.5468631411    0.4213156609   -2.4441951009    0.1813605653
  -5.1196357517    3.9462840016    2.7068350741   -4.0085525884    1.5578359685   -0.5689550497
  -5.4705265725    5.0503800326    2.7835189863   -1.4479373180    3.4882780207   -1.9338643262
   8.1363470826   -3.8948326124   -2.7517100190    4.5687261529    2.8659155029    0.3162491116
  -4.1110502565    3.4571294238    1.8246190549   -0.3297169411    1.4856459383   -0.1040835298
   0.1847254391   -4.6555032314    4.4281670635    2.5215646013   -0.3723822688    2.3956556432
   2.4348630918    7.4630464114   -6.4768634463   -1.3983330826    0.9708602390    3.3841375680
  -8.2471768564    1.3314771816   -5.6449870951   -0.0490361287    0.4832699330   -3.4489620418
  -0.4918644949   -7.8265555645    8.2379597458   -1.8711401312   -0.9650967082    2.3569990508
  -7.6544336997   -1.7187030470    1.3688248246    0.0194473659   -1.4874060071   -2.0458574715
   4.8588254135   -7.5196917657   -3.8206168875    3.9475957604    0.3208613123   -3.4577077553
  -4.8928107305    6.8456632999    1.7130945513    1.6433882449   -1.8515313272    0.3173971357
  -5.3436099864   -3.4966596337    3.5180010077   -2.1645407303    2.0697365604    2.8324643740
   1.7031969323   -7.0600508851   -0.4150750923    3.1352140407   -0.2971573925    2.6234159278
   6.8624770490   -7.5027926168   -3.4141474342   -2.3308649579   -0.4134416421    2.2271215495
  -7.7949775605    6.0661927503   -1.8001617445   -2.1429230393    1.3171248743    1.8123571009
  -6.9091092167    0.7264103243   -1.4634949359   -2.2932644607   -0.1838873596    0.4375765707
   6.6813059410   -6.1063597183   -4.9503087030   -1.7615596693   -1.5049545320   -3.5893454646
   7.2282627430   -8.2643701996   -4.3244616264   -0.6667392550   -0.2143766188    0.3530666015
  -3.1685007324    4.4882456806    4.5858274394   -2.5108098565    1.9745666820    0.9890037532
  -5.9029363154   -2.4136103432    5.0015006720   -1.3517683629    2.9561060317   -2.0083371729
  -2.4035504701    6.2553750091    0.4438555008    0.6249262026    0.0613545153   -3.8120155944
  -5.4864435959    1.3059050652   -0.1563343399   -1.1349914262    0.7015594546   -2.7372267136
  -5.3660830794   -0.6004640792   -7.0906671825    2.7078902159   -2.4392780256   -3.0031923559
   0.9939071283   -7.1188107157    5.8617500192   -2.3447800471   -0.2580092355    0.9471281105
  -5.6256427687    7.5741941075    5.4736783265    0.0720994811   -2.2283378441    3.3635445642
   2.6893919067    0.7309036387    4.7904768004   -0.3073634283    4.3325414659   -4.1820255271
  -0.7145502681    5.6411970588    3.6016583243    1.3884326918    1.2750109514    2.9664621210
   7.8202672304   -1.2480545013    2.5266162978   -1.4893178285   -1.6980388220    0.9498559095
  -0.3153844901    6.1673761323   -5.3650579422   -1.6926307844    0.8582321550   -0.5558392630
   6.7351294319   -3.2172549106   -8.1705471650    1.4667023123    0.3374111979   -1.8517606212
   1.4193810129    3.7553656794   -3.5533814506   -1.9059036983    1.3020163561    1.6735037525
   4.2996067489   -0.8518067101   -1.9611777166    1.6837474701    3.3873969765    1.4239750152
  -2.4209251393    7.7975587442    6.1893042513    0.2846987129   -1.5841443132   -1.2596917612
  -5.0445174404   -3.7961423783    2.1904418586   -0.9971693745   -0.3496228334   -3.3312116136
   3.1721011594    1.4871845816    5.3489401885   -1.9254450641    0.5364033513    1.9442175965
   6.2477747391    2.4398771748   -6.6082630402    4.0270982371    0.5654234272   -1.5195955278
   1.0201785178    7.1300958700   -0.8435620890   -0.5852684976   -0.9330213625   -4.1301967387
  -6.1988512305    2.2519152457   -3.8746670183   -1.3437151492    2.9642186847    0.7357150137
   5.7880198669   -6.2764671597    8.3846182112   -3.5053307271   -0.4581480633   -2.0641393181
  -8.3753077794   -5.4023534553   -2.0502804649    0.5267904076    0.5093319566    0.6945355826
  -6.6931676399   -0.5521354551    6.6548455886    0.5130591167    3.3224870740    1.0638081357
  -2.7489257431   -5.5269414449   -0.4271710388   -0.8035089457    0.6385425502   -0.8445359213
  -5.1610860573   -1.2300568305   -3.6165749738   -0.2575468236   -1.2490935627   -1.6896078572
  -7.9467381318   -4.4422682789   -1.2582808594   -1.9532295258    4.1951622966    0.6224831783
  -0.4947808404   -1.5007317771    4.7236406557    2.5307086750    0.4859123027   -0.8794678766
  -7.9225488619    4.0010382005   -6.2123338019   -2.6308856724   -4.1007028830   -0.3153748378
   0.9229556214   -0.1767658346    1.2623460311   -0.6696289514    1.4329799730   -2.0186477987
  -7.5096740320   -0.2005733038    1.1348784492   -3.3368026739   -0.1872884897   -1.6413360722
   0.7216420252    8.1034790792    1.6340257289   -1.5820819960    4.4185074041   -1.6942404278
   8.2221069482    5.3773769848    6.9299786902    0.1845011893    1.6798210483    1.9963978035
  -1.4793905686   -4.8019578078   -3.0130911882   -0.6329913253    0.5897258468   -0.3153774291
  -2.3545793349    4.4891632303   -3.5096020881    3.2131395156    2.5092901477    0.7490264862
   2.1009215561    2.0192197966   -0.6939688929   -2.1222113770    5.4034541207    0.3494070427
   8.2697246713    1.1870989538   -0.2612895692   -1.4266897140    1.4210078891   -2.1766178586
   0.1051944817    3.5586368688    0.7529135175   -3.9977307776   -2.7516284747    3.3211241548
   0.8194766285    1.0679277834    1.6554632453    3.4371929967   -1.2954406934    0.7358029381
  -1.4617900331   -2.2771490362   -6.4013494987   -0.0099095956   -1.1327566303   -1.1751852228
  -1.9031113885   -3.6031279692    4.9046557622    2.1456309759   -2.3842404504   -1.7407715101
   8.0005049807    1.8108562687   -6.5699694023   -0.0348982025    1.8725626672   -1.1632402243
  -0.5506138875    8.4154427753    6.7048848160    0.1995424979   -1.5766554174    0.1199852819
  -8.3874512219    2.8134337569   -8.4064935480   -1.8166595485   -0.6290431610   -3.7940768208
  -0.8415873023   -3.3905837947    4.2050912080   -3.1999784248   -2.3751347964   -1.3494250843
   0.3194033612   -2.9869815674    3.9520905060   -1.0811239355   -0.2357574447   -0.6232313973
  -6.8500017879   -2.4383310890   -6.8834697353    5.0323270922    3.2604974601    2.1267454477
  -2.1312888235   -3.4774127769   -6.7583106529    1.7137502827   -1.8872551237    0.6232749317
  -6.4325819593   -6.7724497279   -4.0220824087    1.9124882385   -2.9837839991    1.2132476715
   0.8539247743   -5.9940294413   -2.2611990084   -3.1882127877    0.3462630077   -2.9392363830
   7.3336864401   -7.2557490092   -8.0159800381   -0.9237229740   -0.9097418804    2.0756739193
   1.2684646500    5.7607115617    3.1756696291   -1.9506729335   -5.3787361496   -2.9754729260
   1.7282694861   -4.7611939396    0.3308015445   -3.6242571713   -3.6373674834   -0.0218655732
  -1.1268962077   -2.3425179657   -4.3830749412   -1.0902755169   -4.3036282340   -3.0346600661
   1.8701173473   -3.8103665124   -3.8748122516   -2.2224488442   -0.3190710412    0.7954043776
   4.5028117211   -7.0191205511    6.0524038135   -2.6336537737   -4.0150082867   -1.2284381166
  -1.4494088656    1.2035750138   -7.3615184803    4.9436894300    6.4225366877    1.2592137741
  -3.4949727411    1.7399421597    3.9080567711   -0.5151677519    1.2927548252   -1.2691279219
   3.6759092275    2.2205912096   -6.8494433143   -3.0823785760   -1.3225299819   -1.8126887615
   6.7301967802    7.5672531838   -6.4535683587    4.0109978710   -1.0038846130    2.9880150339
   4.5267359417   -5.3407327253   -4.7319590388   -1.3944853452   -3.5413538446    2.4320912159
   2.9195422995   -3.9963771795    3.3629950381    2.5407811925    1.6418055957    2.1355869224
  -7.0366979090    4.9324412447    0.8169815603    1.6745022847    2.0064251275    4.0683544182
   2.9660441584    2.2537982476    0.2514703052   -0.7644615657   -1.4315051665    0.8286104438
   6.3072186012   -0.3936473209   -4.2208939758   -0.9691686710    2.4612053224   -0.1351523256
   6.0027951396   -6.9277654846   -8.0012394919   -1.2325422935   -1.8729605573    0.8112186630
  -8.2824481437   -1.2619322048   -5.3495259998    2.0993231348   -2.9193980953    0.3467873770
  -7.7532510982    1.6161662818    6.9812586122    0.0381482238    0.4061640921    5.2814302427
  -3.4519378612   -5.8136819813   -7.2053362759    2.5058276341   -3.6148573031    0.1658624498
   7.5867542942   -4.9892044308   -8.4240234715    3.5133158994    1.0491961221   -0.6035439787
   2.6294867461   -6.0985756009   -7.0188925144   -2.2155675057   -1.1272308914    1.6691541193
  -8.4005699505    3.4075717231    4.1661651337   -3.9443236454   -0.7053620466   -1.1754378395
   0.7367699160    8.3953907014   -4.0377769233   -1.0055429281    1.6130320629    0.1575668252
  -5.4270559062    5.3576740748   -2.7697613397    1.2283435428   -2.2647298317    0.8426830470
   2.9246771795   -2.2692109129   -7.0049763609   -3.2233057947    3.2623188092   -0.6342193003
   7.0862914916    4.3448384934    4.4675774544    0.4271839050    2.0368718956   -1.4372290325
  -7.7288839135   -0.1887244795   -4.4308087712    2.1666545967    0.5054268071   -0.5924843439
  -1.9804970955   -3.4138901827   -0.4166554567    0.7005592802   -2.2568293726    0.6111974610
  -2.5420796206    2.6128526752   -6.4508915619   -0.8225196825   -0.4355173459   -2.3171179959
   6.2878353337    7.9943497717    6.4757436679   -0.3952190271    1.4392647414    0.9460353394
   8.2500178395    1.7914917466    6.4275614250    2.8324427909    0.7084336757    2.1731624469
  -1.8914257412    5.1370545107   -5.8094552036    4.9460257374   -5.1229529495    5.5227683330
  -7.9374686743   -5.1481029564    8.0856027483   -6.1806790817   -2.3185718040    4.0729157673
   5.5591603984   -7.0711558570   -4.2539161227    1.1837348197   -0.8294636694   -3.1041370319
  -0.2255481242    3.2993480730    6.1339378467   -0.0268360956   -2.5244589105   -2.4086907009
   2.6610809723   -5.0551930768    2.4394854139   -0.1644536936    0.3052381271   -3.5969538202
   7.3579383333    4.6159189724   -7.2527681061    0.5285583143    0.0306085873   -1.3955206928
   1.1116020261   -1.1780881920    5.5422124288   -0.6007415422   -0.3899160141   -1.3073836688
   6.0613146760    3.4410184304    3.1119226505   -0.9298124857    0.0938521421    2.1461589998
  -5.6203342300    3.0529701666    6.4774097260    0.1777592381    0.6095772248    1.7646747317
  -8.5124752892   -6.3681385351    5.0015672344   -2.1743453343    4.3512739951   -1.9081616567
  -4.4265706036    2.0652159149   -0.9513304513    2.3201464303    4.4473575390    1.4438264775
  -4.3055711542    3.4820113683   -7.3133938244   -3.2016324300   -1.5313294161    3.8868879763
   1.1387582142   -2.5075947635    0.3454992599    0.6231928587    3.6353529521   -0.2855318456
   4.5381994963   -1.6385875709   -4.5204071953    1.3421452863    2.9522267535   -0.8526422264
  -5.1047460393   -1.8175698267    1.3888720535    0.0481465931    4.4909921141   -0.6564026937
   1.3616031134    8.2713352781   -2.5866215736    0.7541161148    2.1799551400    2.0262555258
  -4.7216476769    5.7839621502    0.6297812207    0.4169209204   -1.1643747532   -0.8442707901
   0.4404517491    7.6511214002    6.6567624849    0.3919959365    1.1080754334   -1.7630971030
  -7.5968127980   -3.1357785025   -0.3240575318   -2.4431311609    1.1059025885   -0.8003334182
  -7.3851390797   -6.2557959578    0.6968529483    0.2915135889   -1.5558157991   -0.3898425302
   4.1092434189   -0.8805909080    1.0031028387    5.0795535613    2.8743583464   -0.7417920308
   1.6201483668   -7.7875387512   -6.5298541055   -2.6412141720   -0.3591935157   -1.7458686929
   7.8042256734    7.9464865002    1.9582570238    0.2624738045   -1.1217268104    0.9816264755
  -0.5894024070   -6.7194562567   -4.5263834338   -2.0620586150   -1.6571318055    2.6854353229
  -4.2994669132   -1.9092921885    3.3785070677    3.4866413138    1.1596384482    0.9186531488
  -5.9842640280    0.7596423931   -3.1080858611   -1.3300909344   -0.1183877255    1.3877008486
  -8.0910582904   -0.2694848372    6.2597766185   -0.4020307899   -0.1162317985    1.8939567742
  -2.0004457707    0.6375453393    1.3449565098   -2.7138726451    1.8383862573   -0.4998444523
  -2.8432057919   -3.6602599748    7.4058724556   -3.4812778482    1.2776677040    0.2312888317
   2.6795541827    6.2292713338    1.4687016644    3.4978885192    0.2411786051    1.8622391997
   7.7998659505   -0.6557876289    6.3183304157    0.0740289912   -0.5017337362   -4.1722474853
   2.6121293832    7.0317878761    0.7124894772    1.0852994344    0.5118030391   -0.1519153237
   2.6743303722   -6.9350178656    4.6403533415   -2.1834089681    1.8705425790   -0.3731865409
   7.4279357271    8.4379953787   -1.2327802894   -1.6757973517    1.3253414255    2.9781689719
  -2.8123830020   -1.0431884933    5.7495533583   -0.2896539006    0.9201751204   -3.9729270302
  -0.5948791360   -6.7655472698    1.3001686517   -2.5440021484    0.3539521557   -2.7654813349
   1.2035057254    4.1216242403    2.1950964223    1.8569430877   -1.8191020358    1.3695849246
  -5.8944677718   -0.0373592078    5.9800710385   -0.9452767684    3.3780990321   -1.2393971677
  -3.5034080377    1.2282355715    0.7588174785   -4.6973909069   -0.6762341213   -0.8438188972
  -6.3621865169    1.8246393843   -6.8580406257    1.9158172901   -1.2939131191   -4.2875719260
   6.4906023304    3.2425627243    7.5613770799   -0.0279599323    0.9156685861   -1.5248929788
   8.2607368668   -7.5701818205    2.2471004995    3.4596026463    0.4435407280   -1.1436308850
  -5.7305842672   -8.4570982788   -3.1014754148   -0.5898523707    0.3589792544    0.6152954982
   5.4539460097   -7.1274545742    0.7207268409    0.5265440173    1.3300306496   -1.7752237093
  -6.3319946669    7.3437662461   -3.8676373259   -2.7103782352   -1.9933520923    0.3538892414
   7.4926702174    8.1964147177    4.0947260746   -0.9469865573    0.2263732857    4.2794432270
  -3.2632255234    5.6869653866   -0.7157080863    2.0008332944    2.9981070020    2.9851101060
   0.3039862271    5.2744568698   -1.6361786281    1.1631932836    1.7373003146   -1.7147651581
   3.4051365862   -4.3395857100   -6.8863413028   -0.0879339026   -4.6839446606   -0.3723969187
   4.8886189070    0.7994397267    6.6954399176   -4.4033581475   -4.0454880881    0.4569521020
  -6.6865302577    1.3653007997   -4.5659545811    0.9442147990   -0.7954426871    0.8863745831
  -4.8760481347    3.3776630876    7.4518253678    0.5832930376    3.9512351717   -1.4239635268
   4.4508935013    8.5155774301   -6.5003133194   -2.1457761819    0.1888209660   -5.0410688467
   4.1127613253    2.1394355167    0.2713530758    3.6862364445   -2.2806836697   -0.6932559977
   2.2829869618    3.1168164896    2.2184144510    2.6687556449   -1.0586528972    0.4056935692
   0.8122645139   -1.3913191019    1.0579580223    1.9685342013    0.1010112516    4.2151796960
   2.2804275821    6.3019059143   -1.4068183044    4.5605983733   -3.0034540674    3.5435088087
   1.0942482566   -2.5953427841   -2.3568757280   -0.2172552938    3.9184025958   -0.3446085979
  -0.1617558897    1.2840795239   -7.7944554171    1.2934604906    0.4887594404    3.5003740441
   2.5974733690   -5.6219771802   -2.2220379608   -2.8026754080   -1.0722539043   -3.5713098766
  -7.2563744749   -1.8596384632   -5.8334427041    1.8726084981   -0.5047906499    1.2542569498
  -6.6567710910   -2.0052957991    1.5994127307    2.3837492221    3.1737532399    0.2332588816
  -2.1903729991   -5.9179654739   -7.6083550343    0.1711145538   -0.7445946571   -1.2974805362
   1.3121491557    5.4731011829    0.5455901856    0.4226169257    2.6619030691   -2.7578888065
  -6.5356996299    8.2182511455    2.1198873004   -3.2111372711   -2.2827911958    0.7330571415
  -2.9707242684    1.8105439438   -0.2898420154    1.2147073738   -0.9569916997   -3.1961000419
   1.0912961050   -4.3171584093   -8.1376027499   -2.0792196555   -3.0899803425   -3.9933708839
  -1.8175108101   -7.8503688306    4.6188667165    1.1823532553    3.3961997592    1.7044178139
   1.1728263195    6.9307357701   -6.5625007513   -0.2785340682   -2.2688717824   -1.9911318644
  -0.9054986106   -1.6137564501    3.6394957013    3.6262331966   -1.3431737497    2.8295706991
   2.3730259854    4.6458137012    5.0871101584   -0.2929570189   -2.0623764058   -0.8084704873
  -7.7852662860   -5.1943837423   -3.1198129812   -1.0677885685   -0.5843410704    0.3813018398
   0.7704562857    5.4205881472    6.7107020490    0.8731204209   -1.1594416702    3.0182040132
  -2.1714437509   -0.6617243732   -1.5316215127   -0.8675359252    2.3114236075   -0.9351594759
  -0.9995446073   -4.1864811681   -2.1440142770    0.6231265651   -2.2373333508    0.0834251900
  -2.6470075168   -7.6052842746    6.6865290137    0.6924421049    2.1399975801    0.3371973022
   5.1066771672   -6.2284418645   -4.0633913327   -1.6891922239   -3.2618363281   -1.3438127194
   4.4953405044   -3.0737146322   -0.1445440862    3.0131237234   -0.4967414452   -0.1980329351
  -5.5320000199    6.9503553431   -1.7881713205   -0.3130896120   -0.5326469537   -4.1305627145
   6.4668212025    6.3094896398    1.6428870868    2.3554152363    2.1723746615   -2.5631211520
   4.0747758631   -1.1137554425   -8.4227849290    3.0354788835    0.5236456700    3.4641745578
  -7.8250586747   -4.1228079151    1.3475746366    1.2058155961    0.7940060497    1.5637732948
  -1.7267761304   -1.7224164857    5.4305437744    1.7953647270   -0.2305217059    2.7452100883
  -3.2850901906    7.1995237167    1.6482640004    3.6718099007   -2.7073532534    1.0695631905
   1.7613841319   -6.8065743796    6.5025369405    4.4398624653    1.4094723769   -0.0463443921
  -1.0295567157   -0.3507144449   -2.9730555878   -4.1565844006   -0.9022395266    1.6818870725
   6.2367653707    8.2480295315   -1.4139277745    1.7432704352    1.6007284275    2.6207735214
   5.3259168336    7.0878879847    8.4466421714    0.3668776187   -1.6194110846   -1.0356102010
  -3.5048158640   -8.3714460280    1.6731049798   -0.4175746108   -2.2901255695   -2.2766180284
  -4.5568400201   -6.8227928507    3.6815595387    0.0115110584    1.3800592237    2.2253065206
   0.4323770961    1.6753625152   -5.8955082146   -3.5525646405    0.4791095731    2.1144675369
  -6.6468191372    3.7262939061   -7.1746710742   -0.7838268316    2.0177132524   -2.0082584613
  -0.9335227191   -2.2837479343   -8.4247808051    3.6070027881    0.4867885851    6.1258357866
   1.3085579111   -0.8846976032   -5.8355481926    1.2589887024   -1.3590379082   -1.4829541226
  -1.7212989721   -3.4600550805   -2.3118095065    2.5220163989   -2.5759343051   -1.0539857648
   7.7174989344   -8.5060469920   -0.0734320997    0.7550624076    1.2661674746    0.6577595947
   3.3586110573    4.3474421464   -7.3039741952    3.6723017887    2.9161906903   -1.6817412246
   5.0404844749    5.1163955813   -0.4523552919   -2.1739997512    0.7935670243   -1.7972717810
  -6.8586028514   -7.6423271595    4.0291147740    4.6922002226    4.6089807551    3.8840491914
  -8.4056038787   -1.8452846746   -1.3293986272   -1.3479950395   -1.8019100763    0.3904551177
  -1.0681195189    6.7138107364    1.2854578631    3.3680075830   -3.5671935829   -1.3928596326
  -4.6220596549    4.2976527739    7.3324778015    1.1307450213    1.9769869802   -1.0674238712
  -6.7462150281   -2.3086109536   -5.2149632783   -1.6536360001    0.3844046164    1.4358357613
   2.2797139314    5.8542341641   -3.1495244695    0.3722811363   -0.4196144913   -2.9825189974
   4.6086752781   -1.4950991916    7.9156591627   -0.4895921090    0.0147757708   -2.3856640881
   6.0622299823   -8.1366530746    7.8904419086    0.9020190290    0.9609455006    1.8176656988
   3.9241337881   -6.7182314378   -5.7961631596   -1.6986018334   -3.5488678656    4.8089512528
   2.6602811204    4.8644813976   -7.9834858028    1.0821198638   -1.1091864674   -1.0983023857
  -3.4851736936   -7.1623661540    8.2575369927   -2.7729126552   -0.7815432611    2.8045212061
   5.3591798315   -2.3416997162   -6.6815131644   -2.5644861440   -0.8780803222   -0.3654303923
  -3.7145908138   -1.7251008688   -5.6490861439   -3.5198432938    0.1242320366    1.0662694868
   6.8777895738    8.2489618483    1.6043381526   -2.9942555887    4.5612830012   -0.7121765037
   7.3850233743   -0.3732345554    5.1859875359    3.0378930711   -1.2595133860   -3.2607736560
  -6.7992880823   -0.3810730240   -4.1598894449    1.8700437240   -1.5187874037    3.1735845195
  -4.7103362734   -0.9266180980    8.5088632937    4.3005914387    1.8969064392   -1.2751903655
  -2.6598181401   -8.3872307815    7.2409274888   -0.5575262335    1.9591229442   -0.5913195745
  -3.9359427211    5.6930090002   -6.2112476673   -0.7840991208    3.2268363194    0.5814927197
   3.3804887192    7.4967757708   -5.2390169750   -2.6605263453   -1.6878314245   -0.9126342117
  -6.6513150175    7.3677943725   -5.8063303913    0.9592214626    0.6143578916    2.5932363733
   1.5383411430    0.2681834991    2.3957281352   -0.6091577306    0.9060093755    4.1765485041
   8.3994224660   -3.3879820467    1.7931820407    1.1422151325   -0.3428408880   -1.1186534859
   4.7711776847    2.9477947028    6.5535446692    1.5128290242    1.3102318908    1.5310204098
   2.1514807829    1.7185230313    0.5222656814   -0.3690808585    0.0068478748   -0.0548828317
   1.7271076275    7.6196466015    1.6767002718    0.7539457189   -2.2060130725   -3.3500479922
  -5.3656689034   -0.6228057782   -2.8371804765    1.5928500046   -5.7517514074   -1.5879714752
  -6.7561835258    3.7354012686   -4.1699163695   -0.7741239633    0.4506758143    2.5310939054
   2.5736269252   -6.9010800834    0.7649034612    3.3907550730   -0.2744509761   -5.6331861107
  -1.8118830536   -4.8617881301    3.4910547246    0.9121434003    0.5283830851    2.0033986291
  -6.4699874294   -1.2623246064   -6.3154044255   -0.0702071934   -0.2323477733    0.7701084802
  -3.2129588547    1.6156790322    6.3047037038    1.2431959398   -2.1721604951    4.6041815328
   3.8086362801    3.0557486778   -5.4751362813   -3.8038090517   -1.2218750473    0.5513344891
   5.1102731613    1.6623990615   -7.5480560721   -0.4686807825    3.8436408178    0.7585864678
   1.3575008201    1.2080355887    3.3525602588    0.9758001562   -1.9369192909   -2.5243522377
   0.7651888341   -6.6494183562   -5.4136961157   -1.4338343242    4.8038675801    0.5741923329
  -8.0989457586    6.9871572124    4.7275145045   -0.3741537027    1.3930044846   -0.4043035599
  -0.5924626724    5.7469116536   -1.7934774118    0.2488911142   -0.0514139811   -1.5255548951
   6.7662864641    7.9195853390   -0.6925164515    2.7346696273    0.2026061197   -0.2823998011
  -3.5427461996   -2.2978684081    6.1513771066    1.9763140984   -4.1791016715   -0.1217059870
   6.7913125322   -6.0144062545    7.3869213273    1.6128433118   -1.2018765925   -3.9488399360
   2.5325534379   -5.5208634774    0.5763375333    0.5453364076   -3.0297033101   -0.4674168485
   0.2237532274    6.5784734086    4.0474345773   -1.3729922665   -5.3482854732   -0.8350704512
   0.7509064496   -0.1472384858   -7.0833740441   -0.8258621483    0.9928395527    3.8606599414
   5.9840668961   -4.0829350265   -0.1076315004   -0.1672972553    1.5701315063   -0.8646205813
  -5.0013978960    7.4679675450   -5.4805382580    0.4254209097   -1.0420916838    2.1773450258
   1.4039767834   -6.5754304893   -6.8568315754    3.1891577450    1.7751069248   -1.8495601027
  -2.3878157565   -8.1387719302   -6.2671027536   -0.8435967162    1.5531142698    0.3542261153
  -1.3593807563    1.0058072491   -3.7310061814   -2.2505784549   -2.7347056386    3.2671846402
  -1.3962388461    2.0230751273   -1.1758148171   -0.5290799580   -0.8574395201   -2.1112719328
   7.5077363376   -3.1486098414    1.4609921481   -0.5844389790    0.7080211356    4.5679692448
   5.6227937208   -4.7828204353   -5.1230204913    4.9767946522    1.1363314806   -2.1016795650
  -6.5320524912   -0.0007597923   -6.0736640847    2.7514346846   -4.3243388982   -2.1250369798
  -2.5034524063    4.3102515917   -1.9753723643   -2.1936285341   -0.5800081301    4.0575659728
  -7.4165109836   -6.1439884367   -5.2226763439   -2.1166160908    0.5663803180   -1.7387267036
   5.8638372842   -5.1640314789   -6.1181417796    1.6356611771   -1.1344058288    0.2772347228
  -8.3070016178    7.0756500326    3.5158638863   -2.8045054660   -2.4243438211    0.2803278505
   8.0762280596    1.7317572828   -4.7654669509   -0.7111121813    1.5646312299    2.1108853808
  -5.9792666306    7.6945449824   -2.8699047571   -1.5695629387   -2.4906992690    2.3674337319
  -7.6263867202    5.6510422649    1.9976344817   -5.1118023436    1.2713662568    0.2090221523
  -3.8967694868    4.6986388099    2.2511369664    1.6081979270    0.8267787197   -0.1507569111
  -8.2575273590   -4.2435384611   -8.3725437869   -0.0537914017    1.5506374467    1.5307021906
  -0.5674658719   -5.3905994467    4.1613980144    2.7348290262   -6.6486993001    0.3491082450
  -6.8905225999   -3.9248899778   -6.7937531851   -1.8126149059   -2.6373110703   -1.6192250387
   4.9251891939    3.0194702762    2.5809174351    0.3106997284    2.2778397422    1.5490575692
   5.2576916135    8.2445497103   -7.2458330796   -2.4785583542    1.2139282728    0.6671612498
  -3.1902985300    2.1178421310   -2.3979698288   -3.6118052185   -1.0904924031    3.1643188935
  -6.5814471757    3.9309648693   -5.5129846152    2.6391207910   -3.7856386622    3.0585516336
   3.4862957740    0.5885841333   -7.3948954927    4.8149945496   -1.7812577585   -1.6509953914
   0.2583304798   -4.8194579106   -1.9849790635    3.0723586801    1.0168910019    0.8638407478
   8.3791702708   -1.4330273096    8.1854845421   -1.6129442901   -0.6786887273    3.3435062542
   3.4842412520    0.3248798041    6.2338942502    1.6304223386   -1.7860407515    0.5925468681
   8.5033607513   -4.5004788780    2.8236382360   -0.7165492288    1.4781116328    0.6763230111
  -4.9742415504    6.4805981160   -8.4462742993   -0.4491094710    2.9531490522    0.7360785670
   8.5103979227    3.9198452942   -7.4371667780   -2.1482197586   -2.6627987761    1.3441820387
  -7.0110898901    6.6607575613    6.0946625791   -0.7973599040   -0.6647187386   -1.9182708628
  -7.8772251936    0.9120501098   -4.4706298101    4.2457941169    1.5522439282    0.2359072493
  -7.3362585230    7.2970941250    6.6821213840    3.8291644547    1.9432684926   -4.8290354357
  -7.0587871936    6.8952703308    4.0299072401    1.4467703266   -1.1983021287   -2.8265757295
   3.2864087182    3.7496925765   -4.5271503551   -0.5497259235   -1.1807314744    1.3090812833
  -3.2453476713   -0.1209905223   -7.0894283224    0.8085654114    0.7749421766    2.1912381394
   8.4714053154    0.5233591637    3.5934436968    3.5474399366   -1.9879684232    3.7664491511
   2.3295142911   -7.9762773527    1.3600200901    2.7623923942    3.3293061172    0.0969419868
  -0.0023361601   -0.3662575725   -0.9364365928   -3.4720470183    1.1092359884   -1.1207193049
  -8.3311206477    2.8150094813   -7.2674229999    0.3547929292   -2.6627436735    0.7379136254
   0.3594953084   -1.3768607947    2.5271573081    1.8283250806    1.7056331028   -2.7120588670
   0.4488497853   -5.8499962992    4.4141181008   -3.8307304889   -0.5751840521   -3.3730820033
  -3.1095969238    5.1387053138   -4.3782561936   -0.8577098899   -2.6612341298   -1.8397625258
   0.3073301091    4.7593162570   -4.7347789268   -1.3577975404    2.3420608464   -0.5695478060
  -1.5350117535    2.1208489560   -4.1331733673   -2.1461808938   -0.9493850115    1.3591763364
  -1.4887120579    7.9053230611    2.8429805606    1.7281274653   -3.2120218895    0.1683553707
  -7.3780938313   -2.3336462449   -7.8272787846    1.2889186803   -2.5794263943    4.9169157579
   0.3348656922   -8.4672283194   -7.9655769016    0.3057668236    1.0704153322   -0.7251267039
  -8.2536673136   -4.8026067240   -0.1728058702    1.6803339854   -2.8756559347   -1.3706518447
  -5.7209472747    2.3053204787   -0.7185880071   -0.5588852670    1.2333177696    1.5093568072
   0.4414890778    1.1742102459   -2.9276756253    0.9731737214   -1.8899845280    2.5694366397
   4.1952876758   -1.0977265066   -6.5380174003    1.4365362015   -2.5739546232   -0.9357105628
  -5.7533483114   -4.9288261509   -5.3966090398   -3.7547614259   -4.2848075130   -0.9445021047
   8.3462413607    5.5308757715   -6.2469412547    0.0032916812    1.0091251157   -1.2010234940
   5.8797117574    7.2579250642   -7.4549731533   -3.1678160504    0.0110920411   -1.2978591162
   1.6892128582    2.5364520002   -1.5157456696   -2.4392142788    1.8964014065   -1.3822515949
  -6.9941752618    1.9093711586   -3.4706056108   -0.8080874873   -0.0830044382   -0.6303718393
   6.7598991673   -3.5325543322   -0.8519413562   -2.9779433235   -1.1620893167    2.6365403391
  -4.8654173600    2.8658457325   -1.4476318732    0.5926658213   -0.9223492592    0.0790443781
   0.2719970568   -8.0548080980   -6.8832060038    2.0240598360   -3.6550681285   -2.9166947181
  -7.6815382531    1.1646868637   -3.4950620617    0.0391726994    0.4584536566   -2.2597752174
  -1.7716779054    8.5293978888   -7.1335364926   -2.0348028610   -1.0348972165    0.0559045031
   3.4766306878   -1.4540984243   -4.0100777196   -2.0371322224   -0.1801646718    1.6403506419
  -3.8744563738   -5.0640489991   -4.8379704342   -0.1196761220    1.3056500887    2.3580210515
  -3.5686503740   -1.3398258258    2.4999664995    0.7301845423   -4.1667695977    0.3754753774
  -4.4047873340    0.9738872894   -0.8036205856    0.7221147594    3.8462361754   -1.2223750469
  -3.3595403306    8.2074327634   -3.0188832001    0.6205159885   -1.6441270198    0.4734540086
   0.7523092439    6.7450651091   -3.3026141751    0.4380932113    2.2348099304    2.3305456387
   5.8887177699    0.3757123874   -6.1689634224   -0.6864962693    4.1139046611    2.1806686810
   1.6542162726   -3.5958111481    3.8519249378    1.9392875393   -2.3928096680   -1.1256075444
  -6.2996102804   -6.1921773925    5.4315996640    2.2132931275   -3.7846552250   -4.0572128455
  -8.0006962043   -1.3728068454    4.1725793402    1.4389076248   -0.3228359237    0.2561727887
  -5.0711603124    6.7837921575   -2.7451674101   -0.2832542587   -0.6219942837    1.7315079986
  -6.2743842334    3.6559859482    2.3146465728    1.2169935625    0.7049439508   -0.0406366654
   6.5634333255   -7.1780502918    4.6882764926   -0.3116533294    3.1473700342    2.1718732110
   5.0404983466   -6.3399067159   -7.9036430079    0.7202690556   -0.6324437344   -0.2540385169
  -6.3126182860   -7.3370118399    3.0574275486    2.5418651278   -1.1008726152    1.2970884552
   4.0918973552    4.2445530835   -6.7308087317   -0.9754491583    1.5047881755   -0.7817814912
  -4.8746513517    3.7409805176    4.3972414937    1.5302838854   -1.9294161630    3.4556641146
  -5.3795653742    8.0756135840   -0.1582852531   -1.3197164395   -1.6645965927    1.1617084722
  -7.0466191275   -8.2516795725    2.6382919123    0.0728627929   -0.8004236989    1.0594034061
  -5.0208291509    5.6713594165   -1.1228689278    2.3282226160    3.5197248551   -0.3422581022
   5.3509450565   -0.9272125220    4.7021435868    0.9109527382    4.0845409964    0.4964505626
   2.0367832403   -2.8349265180   -6.3874833392    3.4481096136   -0.1573772083   -1.1519730780
  -7.8000088706   -7.1118511067    3.3387381107   -3.4404540859    0.2087003751    2.8068274421
   0.0153824687   -8.3977583881    0.8040941176    0.6311418752    1.5205275996    1.4784728282
   4.1361862391    7.4576220917    2.7413410622   -1.7487473964    0.1537044505    5.0361973184
   3.5927647492   -5.8102803249    2.6833030113    3.1663882941    1.7634786698   -2.0009353126
   3.0293707502   -5.8176266339   -5.8995735720   -1.9166432772   -0.5085300125   -0.7393970107
   5.0455441951    5.3272117510   -5.9544931725    0.6591933414    2.7530354793    0.0030260679
   4.8251697286   -4.6082769417    3.7833133091   -2.6222518734    0.6033604443    2.4992811552
  -0.3501970296    7.5713649902    5.5746627888    0.5076095409   -1.2070868500    0.3218529947
  -0.2548112250   -5.0188267121    1.2872633281    0.4287419124    0.2102206215   -1.4173462912
   4.6501635390   -2.0090760462    2.1097146477   -2.3507245246    4.3336808183    2.9796062248
   0.9533661720   -4.3863826254    4.1305976983    0.4724991081   -2.0044740798   -3.8343657137
   4.5957907901   -6.2271111511    8.3630468445   -0.6027186657    0.9800421700    0.8941288706
   2.0225831481   -1.9493904487   -3.8828494690    2.7244785562    4.5081830572    1.7905141946
  -8.3795253313    2.2925706904   -5.2874988566    0.6148030908    1.4497741464    3.9107335772
   0.0610105825   -6.8321317248    4.4733599783    4.1802520046    1.7926196312   -0.9333846732
   5.0222276546   -0.7735461444    0.9901349818    2.6471385890   -3.5575319645   -2.5924612669
   7.7111947629    6.6538646744   -7.9816917191    0.1603976992    2.4839972293    0.2073508730
   5.4196337523   -1.8152296616   -0.9101630078   -0.8048566377   -2.0752105907    0.1349874204
   1.2971706148    4.7833102525    7.3166907790    0.7366767635    2.1540022368   -1.0450288116
  -2.2350459384    0.3108687022   -8.3839848546    0.6555086162   -1.9548320713    0.3395872628
  -8.2222919355    2.2404466640    5.8105444866   -0.9869228842    2.0545152298    0.8662206694
   6.5846351627    6.7911213226    2.4769017012   -2.0645249622   -2.7234121267   -1.1937524291
   0.9171251186    6.5205420735    1.9417812354    1.0097386263   -2.0488187613   -0.1742850203
   7.3205922201   -0.2081006442   -2.2819498005   -2.6588912090    0.8459232869    0.7087135933
  -3.8798597896   -0.4665815782   -2.5325733391   -5.0139716917    1.6975260276   -3.7528293227
  -0.9268818295    8.4804094764   -0.1025893942   -0.7362507104   -0.1059970174    0.7138130695
  -0.6255412409   -6.7029463260   -1.8902633034    1.9726366874   -4.4694377883    2.6501877865
   2.7402828558   -7.4325884884    3.3827989494   -0.4076181265    3.0386409106    2.3844925668
  -5.1921871177    0.7257987939    1.8284053547   -1.9585209929   -1.0806123157   -3.4258853015
   7.9210159104    3.5680873350    6.6684307985    0.0078170130    0.4394483230   -0.5631606340
   3.5078114800    6.3419216668   -2.3452669556    0.3009572813    3.3210848044   -0.1423123922
  -1.5834567691    6.6224601058   -1.4385437883    0.6058487896    1.2289784648   -0.1129228611
   5.9157535757    3.9693991915   -3.0055164647   -2.4669500085    0.5689338504    1.8354944348
   2.9543836580    7.0421524041   -8.1649817271   -1.0308684040    2.3425999981   -1.0659299010
   3.0866403179    1.6745374136   -8.3573800415   -0.8453980577    1.5423042242    2.1318127457
   1.8822735175    3.3533336978    6.8743442056    0.0429678618    3.1875689273    0.6185370050
  -0.4450773605   -4.8543828875   -3.3245038106   -1.0251262368    0.4914593904    1.2402954082
   5.5651603821   -3.3954779545    1.5872781654    2.4395887668    1.7956100891   -1.5072163235
   6.7528534820   -4.6661338594    7.9924958461   -5.1236248114    0.9200182786   -0.6586416818
   2.3541138633   -0.2399027145    8.0526609310   -0.4656552337    1.5151151622   -3.2053722094
   4.7243039999    8.1161193503    2.3283500397    0.2344972639   -0.3652892921    0.4169745285
   7.6258713751    5.4485603153    0.2164657529   -1.3347122514    1.4407755053   -4.1491106472
   4.7742390987    7.1447505108   -0.5412006224    4.7500309317    0.4323655103    0.3174894649
  -4.8783547353    5.5132936279   -5.6529496759   -4.1900937215   -0.3101844127   -3.5506872729
   2.6919169105   -4.3167512986    6.9964675653    1.5504498036   -1.0018434253   -2.5936479833
  -4.0158943543   -3.7896565737   -7.8296121079   -0.6472491778   -0.5238227899   -4.0001416672
   7.1466727427   -5.9725625567    5.1040290161   -3.8443993756    1.9740931780   -2.8507723973
  -4.8311452880    8.1371551676    7.2186051824   -0.5440950915   -2.5421896429   -0.9685897855
  -0.3475734308    7.9232825406   -4.5792008448   -2.8018006474   -1.7121487779   -3.4073336182
  -1.3634482131   -7.3962902713    1.8808342431   -0.7079579773    2.0707476802   -3.1633372152
  -8.3442247426   -2.4049680794   -5.3564821427   -2.3550508551    1.6804845384    2.1890174498
  -6.4273173349   -8.2831414274   -7.5669926675   -0.7313094430   -0.4915133101   -3.3382155215
  -6.1491970686    6.5432984662   -2.9921849016   -1.6072217911   -0.4928810145   -0.1595974849
   4.7666588713    8.2089460682    5.8929360634   -2.7500811037   -1.9647019033   -1.2984284698
   0.4270513910    3.9677869486    3.8651562564    2.2852359756    2.9673495093   -0.1989769211
   7.6548911516   -0.0900154856    1.6818676419    1.0628266217   -0.1799519738   -1.5907262725
   0.2615492640    8.0546941438    2.6230017274    0.9368879990    0.4460862330    1.3679406869
   4.5365262881   -0.1096726018    7.4741104690    1.6319585506   -1.3762535015    3.4096266144
   5.4734482159    6.0271883058   -1.6800149190   -1.7716629113    1.2467021855   -2.1461379100
  -1.7140533203   -0.1243087130   -0.0051929533   -1.1485232051   -2.9677865083   -0.0308058197
   1.3688720717    5.0874964346   -7.8668153172   -1.7341549320    1.6499251008    1.2004069645
   5.2993765080   -5.5706174752    0.8020566808   -3.5732450821    1.6851712297   -2.8787279978
  -0.6205662896   -1.8236811430   -0.0182186034   -0.5487215559    3.0717852875   -0.9742463243
  -4.5999513073    7.7856896466   -8.0506409667   -1.7702536852    0.8881903395   -2.9869760126
  -5.5697015179    0.7749040139   -7.5267838252    0.5716830336   -3.6561556119   -0.8796458712
  -3.6459437755    6.5533410888   -5.7570578252    0.1101150812    1.2920730036    2.9117273984
  -0.6999216771   -3.0648911811   -1.0927806039   -2.6406017295   -0.0393950508   -0.6781521930
   0.2365137987   -5.6343500653   -0.9125951529   -0.4321511199   -2.5782779581    3.1959665143
   4.0813764580   -2.7920169566    8.3391200572   -2.0832582233   -0.2051648505    0.7330261114
  -4.7811035332   -1.0043582041    1.9561444080   -1.2826318362   -1.1714342219   -2.3921965463
  -4.9375865519   -5.6645108575    5.1990195818   -0.5791510114   -2.3464697062    0.7871808853
  -1.1564978140    3.4040073350    1.0610250689   -2.2719021065    0.1496230106   -2.1376016846
   0.9186611378    4.2430971121    6.1870563337    0.2822348477   -0.1270033076   -1.0068952669
   6.2094989924   -4.0783591772    4.2399126250   -0.5039458553   -1.7157643596   -1.2898209257
  -3.3001426357   -3.6433463321    6.0664276957   -0.8267562315    4.3423511648    1.1676062820
   0.7802906625    7.4482877465   -8.2783519447    1.2859878292   -3.2585105241    1.5189223186
   4.9932073961   -3.5627156943   -3.2241136326   -3.4295968182    1.5422501394   -2.1567019519
   8.1466553229   -6.6963313857   -1.3397963432   -3.4443320042   -0.4930399098   -1.3644478384
   2.9540491500   -3.7765114464   -4.5957660076    1.3618628343    0.0641827285    1.1675941423
  -6.8356734036    3.8838555699   -3.1861249546   -0.9553398464   -2.2129669716   -0.1642615535
   4.6695349856   -4.2259114997   -1.7217856273   -0.1954711480   -0.8007687886   -1.4585815145
  -5.1493910446    3.6787112040   -0.9250167645    1.9759131750    0.1330400184   -4.1899009503
   4.0375257816   -4.3181806409    7.3661391699    2.4149031226   -2.2857909649    0.1638755286
   5.9842963086   -3.2890982402    6.5085123221    1.6755342073   -1.9911947148    0.3703854821
   4.1540068417    2.4840344555    1.3542210264    1.4235004543    2.2604603371    2.3475792163
   0.6962820402    5.7092398931    4.6285127281    1.6070217341    2.2956122325   -0.2891667737
  -5.7229528242   -3.6850246950   -2.9329724546   -1.2648168585    1.8563662316   -1.9001916089
   2.5344204403   -6.6317409818   -1.0891094091    3.9729652571    3.8090669099    1.0099043027
   6.0136014195   -1.2161325999    0.0460612650    1.8642072667    1.3682126765    3.0332811737
   0.8064401928   -6.5658141776    6.8646256201    1.2076049791   -3.9261142163    0.8064417038
  -2.6331101485   -1.3741371914    4.4259186792   -1.8585291904   -3.1464690273   -0.1200959755
   6.0981877974    7.8503345378    8.5126729344   -2.0498477875    0.8732438388    3.3699852470
  -8.4184256647   -6.0303550699    1.7492160031    0.3287635278    0.1381740448   -2.6445320660
   8.0596286415    8.5172030144    5.0651471336    2.5753054708   -1.7444697227    0.5006820514
   5.3105240227   -2.0948038985    8.2983904265   -1.6090654008   -2.0582596613    1.0410258745
   1.6015561192   -4.6619127799   -7.2750636459   -1.6873731278    0.8243011072    1.5681977102
   3.9548048915   -3.2535462644    0.8154447082   -2.3703228577   -3.2868784494   -2.0470701884
   0.4290263346   -3.1407613414    5.2493119037    3.6189853009   -0.9580695486    4.4997684980
  -2.5311577699   -6.5353402220    3.3794741780    0.9811203204    0.4468008143    1.1325352430
  -3.3318949627    2.3570521592   -7.5125144257   -0.0948979142   -1.2317726651    2.7825183519
   7.4431908907   -5.0829210860    2.2900882926   -0.6584219899    0.0080613792   -6.9839939675
   0.5831624467    1.4547385965   -8.5270582023    2.5226229712    2.0601260615   -2.3231349399
  -0.3268196408   -3.2718461498   -5.7018759048    2.0751728745    0.8186474412   -0.3413277546
   2.9094269481    5.0399478993   -1.0436868536   -5.3118672707   -1.3019985324    0.6103862538
   2.3026642184    7.9648881876   -4.1398663546   -1.1635182487    5.9906670735    1.1645427049
  -1.6825729181   -7.3329388684   -7.2312428156    1.3598774051    3.2038667976   -0.0811870016
  -3.7440385896   -4.6077209179    5.3706782780    2.9860053770   -0.1189394274   -0.7185722366
  -3.4630306074    4.8231514517   -3.2854799767    0.1671493048   -0.1978834360   -4.9327148851
  -5.9871428094    6.6691762184    5.9286005283    1.0366500379    0.5659442849    1.7241358109
   4.3520321584    1.2156372752    4.6488474291    0.7127174099   -2.6913645443   -2.0833576621
   6.7633272319   -4.2374090728    5.7149005571    3.0774058646    5.5287806113   -0.0299423210
   6.1043880333   -0.9800747867    3.4268121044   -2.1977167443    3.4976596218    1.7794741802
   6.8843588028   -0.1103324434    3.1942629360   -3.8075025320   -1.1518997066   -0.9812864200
  -1.0895551025    0.1680111562    3.2136734138   -0.7185569774   -0.9932639813   -2.4526285456
  -7.6561328310    8.0523527339   -3.9159167569    0.2247539240   -0.7570491742    1.5591194405
  -5.0157775578   -6.0497515323   -2.2785443684   -0.1141195168   -1.6220346202   -0.9637012807
   4.4086059886   -3.3929405680   -1.3062785593    0.1206589227   -1.5704867441    1.8199520741
  -5.9153532073   -1.6348588774   -7.0591968452    1.4576664145    1.0470749167    0.7620227588
   3.8832393376   -4.6255599760    4.3293694208   -2.8115470787    0.3079080094    0.6178497477
  -6.2023468785    4.1599571561   -0.1657050036    1.8072059268   -0.3200295816    4.4755070933
   5.5198972394   -8.1401894342   -4.9967744984   -0.2714609027   -0.9079916385    1.9042357364
   5.5958862182    6.2277301938   -4.8692303639   -3.2037560135    0.0934993307   -0.5656238029
   3.8614524103    1.0409880626   -4.5212818656    0.4730001405    2.1315654075    2.9430057450
   1.1385031900   -7.0254423984   -8.4690666010    0.1970430369   -2.5614797047    1.5543416767
   7.3055967269   -5.3948384380   -3.3156349820    0.6762544990    4.5172410680    0.6826027979
   6.5618107769   -2.0260293231    1.2070286547   -0.5593142794   -2.1516084985   -1.1543470962
   1.1343909229    2.8476507296    6.5118761397    1.1511652266    3.7996092048   -3.2641002007
   0.6403082930    4.2807222518    8.4615447521   -1.9570093694   -0.3446830650    0.6128359853
  -4.2244145395   -4.9835368933   -1.7627345142    1.6268478719   -4.9295251151   -0.9958092033
   5.9126437191    1.9487080234   -7.9968487805   -0.7513600128    2.8618193582   -0.4288123317
  -5.0818540727   -3.0457831843    5.1935132667   -1.9335256522    0.6236240346   -0.1626284315
  -1.1593452698   -0.9111779408   -1.9695426465    0.3863554107    1.5169983725    0.3470507261
   7.1043191634    2.5185622782   -7.8387091505    2.5606595545   -2.8706335996   -2.5395005006
  -5.7026787287    0.3338518150    7.1426275029   -0.7917359517   -3.4705532461    1.5621090567
  -6.5539426136   -5.0042589573    3.0680427016   -0.5013341129    1.1366751031    0.0983975460
   7.8237194636    5.7270898967    5.1115889008   -0.1842406591    0.4413024104    1.4417255197
   0.8910179268    6.1781787386   -1.2744960489   -1.0488227639    0.4710894787    1.2250648939
   7.3045526956   -2.5261414662   -4.7445685317    3.5456152202   -1.1145363829   -1.5803502720
  -1.9595261613   -0.4600676666    7.0526091033   -2.7655757518   -0.1697573390    1.0018430678
  -0.3879498255   -2.9053481850    8.0846728621    0.8593950603   -0.2080717290    1.3771907705
   2.2743862650    5.4762479936   -5.5162098088   -6.0377877022    3.2828390170   -0.7472641059
  -6.5395527257    6.4386724260    1.8269521340   -0.6679294005    3.8989807537    3.2995204561
  -3.1242019553    6.6847974903    8.0418208955    2.8687559734   -2.5822129102   -2.1199174177
  -7.0116944346   -6.1832370041    3.8932782593    2.7493293939   -2.3980349790    2.6697101449
  -5.6982477740    1.6589047779    5.3366927539   -1.0681447922   -0.3927074410    0.0995353438
  -5.3630697128    2.0505032963    2.9237016666    0.5872464329    2.9394487238   -3.2959936240
  -6.5586770429   -5.2019821970    4.9326056893    2.4161486376    1.8523537658    1.0498727667
  -8.2356502670    5.8218201110   -2.7643396774   -0.8511563567   -1.6081143641    1.9719386359
   0.0817909790   -7.8482816695    1.9384219399   -2.2793615973    5.7853772703    0.4983493488
   0.3594652037    1.9143224864   -2.3153246197   -1.6469523792   -0.4106654360   -0.9086333376
  -5.2578258371    3.7931396876   -8.2406478974    2.4565446403   -4.1500544537   -3.6079046055
   0.4619501115    8.1781702623    4.6626329673   -0.3428587701    0.3052555859    0.9668982195
   2.7528232948    1.9932112189   -4.4040989498   -0.5776528992   -0.4671854736    3.1234613842
  -3.6252341581   -8.0898431498   -7.2919043462   -0.1451508835   -5.4405154482   -1.5835191143
  -8.0485802824    7.7028750250    7.9492907115   -4.9041885109   -2.2010098683    0.4458838978
  -6.0206139420   -6.4783603862   -0.2243585867    0.5347116834    1.0037231392   -1.5773577643
   8.5203564789   -4.6437463674   -3.2142586802   -0.7154833348   -1.7604186546   -0.5184124691
   7.2287735201    7.2903973757    6.6878177665    0.8532899948    0.5290643095    2.0657107507
  -4.4537422274    2.0652097159   -7.0529962819    0.1899210852    0.1448690267    3.3682633000
   6.2964581295    2.9725910355    1.1053575466   -2.3058712152    3.0812896939   -3.4583623367
   5.0495035113    1.7574351074    2.4630459811   -2.7024665715   -1.4535565251    0.0314684149
   5.2087360767   -7.1539957593   -5.4662914204   -5.9560089341   -1.2159547145    3.1140684140
  -3.2927465768   -1.6957232923   -7.9432384624   -1.5856020550    0.1207401950   -1.4442514976
  -4.4651659573   -8.2654970980   -8.2728577358   -2.0980150232    6.6890736934   -1.1103781737
   6.9174460753   -5.0566884063   -4.7953107914   -1.3286349863   -5.2895816824    3.8291061167
   3.0501112138    1.0667712705   -6.6303701458   -2.1140767277   -0.8938732438    1.6292805113
  -4.1323786134    1.0654235416    2.9434562469    5.3324519304   -1.2465490205   -1.0670593335
  -0.7247069841    1.8572124305    4.7189730234   -2.1791090366    2.3360058173   -0.7077974561
  -0.1683829224    7.4171654977   -1.6334276423    0.9921567492    4.0869245586   -2.4265826641
   6.5444387815    3.0095790034    2.3447093629    0.4298100821    1.3270178890    1.6929508192
   7.3306124724    6.2255344440    3.8941785729    0.1664110148   -0.8473412372   -0.0612130135
  -4.7792753033    8.3876966152   -1.4980831485   -1.4006742120    4.8562249315    0.8657660989
  -2.1769575848    5.1899051013   -1.2615233201   -2.1695113539    2.8606536448    1.3380369297
  -5.7831155986    4.7642719998   -4.5506371092   -0.1361943853    2.8066379084   -2.6079081362
   4.2407269053    7.5900347860    4.6517887903    0.0946208115   -0.2477198442    0.7790067382
  -1.2508500412    6.8467845216    2.9799121952   -0.2734555267    2.6271448776    5.6222000710
  -5.3792805113    0.6331011246   -1.1914125773    2.6512942610   -1.8225751885   -0.7340288057
  -0.1407909048   -1.5714897911   -7.7009017812   -2.0328525406    0.7628749505    0.4265925992
   0.2816799229   -8.1979408533   -2.2972498901    3.2229628781    2.2102125507   -2.3748497036
  -3.9441173658    5.0561165460    7.0425874363   -0.8040529845    0.2130529899    2.8519681627
   0.4412422328    3.6775151838   -5.8768239408   -2.8285901379   -1.3975574913   -3.6039250785
  -0.0939589096    1.9006685445   -6.9241476276   -0.7176532209    1.8490721775   -0.0257209951
  -3.6877694594   -7.4296444678   -3.5526385368   -1.8022714480    3.4045449214    0.2634439645
   1.6888728528   -6.9099690636   -2.3638869796   -0.5095591431   -0.4456568580    1.1047621638
   4.7711601847    1.8910134940   -6.2680208428    3.9772712600    1.4233913737   -2.6899766677
  -5.2109304693    4.9751594922    1.5891331240   -2.6971529441   -2.3111396638    0.3985151128
  -1.4852855039    4.0709443956   -1.9424019598    1.7653965867    1.4934213030    0.8042760532
  -4.3792619677    0.9416497800    1.3471437730    1.3994009556    2.8054136459   -1.0579401753
   2.6331706054    4.1742472548    0.4936781171    4.9638804997    0.4179357349   -2.0166533745
  -2.5456649056    6.6683038460   -2.6109532004   -2.8841621169   -0.7940505873   -0.1964858446
  -7.7554128403    2.9270020267    3.3861682766   -2.8567184839   -3.1495554245    1.2243922564
  -2.4327884232    8.1844626070    3.7215965597   -1.9350071716   -2.8338983261   -1.1361256758
  -3.0937641569   -6.5338181050   -0.4008830616    2.1235305892   -2.9168024099    4.1425139453
   4.2377347918    4.5565043226    3.8142430733   -0.1291392982    1.7942461807    2.1321430581
   3.2983160858    5.1694778419    0.3844151892    5.4397833361   -0.3966763828    1.3212380338
   6.7743814880    3.2223178126   -1.4141373481    3.4304997167   -3.1619257559    2.8811720364
   7.5157408351   -6.5322992405    3.6865288517    0.8733394476   -0.0834302143    0.6050230617
   2.3752802773   -4.2721007427    5.3538895921    0.4995168897   -1.2630587599   -0.1083679716
  -5.4162781415   -1.0109491800    4.1954889032   -3.5791162467   -3.0545466601    1.6777158755
  -0.6778417245   -6.6459282844    5.2871073265    0.2257097196    1.7147149878   -0.8164652296
   0.7451296780   -5.6993284463    2.2638237116    3.3659248692    1.1542044633    0.7192604391
  -6.6081812697   -1.8366377707   -4.3301605857    5.4923570408    2.0668887123   -2.6313243410
  -0.1057560142   -3.0519701799    6.7397311304   -6.1069481541   -4.6856462932   -1.2552615223
  -4.3777180057   -4.2175074083   -4.6957688414    2.8582388198   -0.5543047835    3.7944414168
  -2.4251675421    4.7558489358    1.1933988158   -0.1300121048    4.0589706180    4.7062128111
   1.4345234413    4.6015143939   -5.2095715493    0.7436936126   -1.1059987563    2.0141719965
  -0.6080086949    4.0369582461    2.6119524271    2.4392350155    0.0215806409    3.6855280571
  -5.7327814083    6.1588441445   -4.1409677500    1.0194532664   -3.8495034944   -2.3191219202
  -3.6797436319   -6.7913759534    3.1351847068   -3.2138648302    0.8744435967    1.0344013087
  -5.8639677789   -4.3171879992   -0.2533884043    1.4228087558    0.6817799349   -1.9747547147
   6.6905395726   -1.3759274263    5.7739500139   -0.3014829136   -0.9708423958    0.9062630964
   7.0003257726    0.8497017557    5.8633866783   -2.3157021688   -1.4382638937    0.8952908147
   4.3689409738   -5.0396253223    1.3094528892   -2.5102539038   -1.9529579253    1.2612671764
  -2.5870858230   -2.1480058658   -2.1930688588   -2.3596023910   -0.3262565653    3.1386187152
  -5.9250704902    5.5456154560    3.4978731840    0.9821512439    2.8377897485   -4.1105772000
  -7.4161740351    4.1641305830    4.1664539676   -2.0920593191   -2.9182302977    1.2217246217
   4.1930742319   -7.9752907366    4.5803617586    1.0323667077   -0.7747955925   -0.4026101548
   6.4550472044    2.8204922791   -4.8109532642    0.5242488479   -1.6917516491    0.2900179889
   3.7016789277   -3.9068131499   -1.8742344207    0.7315258557   -4.5740946700    0.6533998297
  -8.4875406680   -2.2088810554    3.6623834470    2.6944034502   -3.4019272924    1.1415214632
   2.1602029609    6.3373819974    7.8473604811   -2.4951102159   -5.7808686834    1.4852062262
   0.3219365715    0.4622017424    5.2008647138    0.3827585956    1.2395013357   -2.9977766976
   2.2378685400    7.5448946331   -2.6989664631    2.8232363239    0.4279803533   -2.0624318014
   5.8320230083   -1.2969856000   -6.0494111459   -0.3864140519    0.1402340022    4.9053259063
   5.9486266834    8.1876965411    4.5453033206   -0.2322589138   -1.0471758456   -1.3397944405
  -6.7533957767   -4.7086316574   -3.8429880400    0.0178094065    0.4936675693   -0.4410986567
   6.7561871868    6.9733145298    8.2994174111    3.4394121475   -0.6069217198   -2.4766508855
   6.1218229459   -3.5591215376    3.0024360318    2.2508184331    1.1904139443    2.7570555351
  -8.3542525293    1.8077314945    8.2914065057   -2.2192384726    1.9108076801    0.4422502507
  -7.8666109915   -3.7855200563    3.6386320292    2.9501333299    1.3000788765    1.2713395110
   2.8160150508   -1.3726369954   -2.3700524995   -1.2236245732    0.5097741490   -3.4960853450
  -2.4399014179    0.8378275634    5.6666206751   -0.1962409634   -2.7204845482    0.4978280926
   0.8280644282   -5.6150425295   -3.6382812223    1.4142269157   -2.5945135838    0.7643058719
  -3.7881701866   -3.1678369109   -1.8731383165    2.2866560734    4.1743966735    1.1222023049
  -1.6702235268    1.4169002107   -6.2824528867    0.3885248256    2.0254872920   -2.4038551611
   2.4118153648   -1.7110878168    5.7590973216    1.2314269890    1.1092873291    1.1429889113
   6.1080516881   -2.1341868947   -1.7710599905    0.9365299709   -2.6661708590   -1.1367499387
  -5.9141663290    1.6332341507    1.0285457656    0.7367982889    1.0360108337    2.1418665486
   7.3661175919    3.4655522057   -2.5780163759   -2.6375704293    1.2110301305    2.6259159097
  -3.2916519231    2.9971384198    0.5990812975   -2.5108553329   -0.1677291810    0.0917698641
   3.0282468883   -1.4844748566   -4.9185156580   -4.3782484650    0.6667353567    3.1060652469
   8.3945571139    3.4986174286   -2.1171411209   -2.6500738365   -0.4219643351   -2.7246882375
   7.4283091070    3.2653664636    1.7820436481   -0.7554001412   -1.9256571696   -1.1660619098
   1.9274499647   -7.0558274522    2.9387747259   -3.0637617993   -2.6048962477    1.9518261193
  -3.4482905669   -1.0322019557   -4.9013255918    1.5288217544    5.2773421741   -1.6566807700
  -3.5499517737   -0.7451905642   -3.5217296618   -1.8686827944    3.1848476876    1.7505402077
   5.6478085421    3.8695550824    4.5635170636    1.4999198821   -3.9329356475    2.9825409273
   6.7399809234   -3.1379182757    4.5244073612    5.2785878193    0.9262112341   -2.8515147227
  -7.8438686586    5.5573218465   -0.7084812182    2.6699819978   -1.4781253499   -4.4534464831
  -3.0543396599   -6.2389876630   -2.3099250546    0.6349988010    1.9726095069    0.6963657381
   5.8381885757    3.3456709019   -1.9053395596   -0.4598578263   -0.7123524167    4.9624910879
  -0.7400440970    6.8067119329    6.4628054597   -2.1912673881    1.5283890148   -2.3506531161
   7.6565278239    0.7397601463    1.0330816672   -0.7159796881   -1.6850592137    3.9526807979
  -6.4005686517   -3.8266096658   -2.0221384721   -1.6926010910   -3.3789746327    0.4086118602
  -7.3431375462    1.2778676847    3.3826406297    2.3757484108    2.3112655294   -0.0398937050
  -7.3390714573    3.1816005649    0.1501777761   -1.7210421630   -1.7012534882    2.6672298310
  -7.9543816039    0.9835434427    6.0522996153    0.3170290843   -2.3113338979    1.7643029670
   2.7577885145   -4.1766566250    1.9839583075    1.5468643047   -1.3730949676   -0.1564133068
  -6.2637623656    0.8372020525    8.2981439208   -1.4840977358   -4.0320666063   -1.6986344646
   6.9897792339   -6.0119039147   -6.0083639771    1.2322709450    0.0314777480    2.4296322476
   3.5467827681    8.5199387462   -0.2601090229   -0.3429654314   -1.5510414616   -2.3735904334
  -7.9807329246    4.4471812341   -0.5270177028   -0.3366769614    2.7164323485    3.3903570198
  -7.7888268504   -8.4892816926    4.6894518667   -0.3809487745    1.3869304119    1.5769648409
   1.9502648204    4.3926481509    1.3466997227    3.1825304035    2.3085487175   -0.5094067011
   0.0473986711    5.0540785684    3.1627513628   -2.4464722550    3.3787436784   -1.4633214145
  -3.8171825107   -6.2065997740    6.5891354259   -4.2822075303    2.7464917437   -2.4906525444
  -6.6234174319    6.1268980937   -0.5863506293    1.7986132064   -3.3954483362    4.5024552332
   7.1506793746   -6.2874309865   -7.1644327556    0.0770713337   -1.3571714419    2.9551116222
  -8.4751815872    8.3118668882   -2.7537904767   -0.6656526856   -0.0080761138    0.2399150711
   1.2335368042    7.3162681390    2.5112130545   -2.5242169227    2.3917099124    1.6334188099
  -0.5251404887   -7.8939036791   -3.1436111544    3.7932940595   -0.1545559729    2.5495923184
   1.7996924143    1.4954839532   -6.1275742994   -1.2542386043   -0.1544856764    0.7736095690
  -2.6475018323   -4.1660624638   -7.7155890992    2.5877173359   -0.4505411778   -2.2458184853
  -6.3287456987   -0.8366001550    0.5848188712   -0.3864009618   -1.4123473931   -1.2822736134
   1.0527881126    7.8459505450    3.3386563461   -0.7855469759   -1.4197751502    1.6686129073
   7.5412308147   -5.9588114299    0.1243436876    2.8915632253    4.0502343801   -1.8100446301
   3.9864691642    6.1923555606   -8.1080437280   -1.3967570951    0.7945877167    2.4052372706
   1.0376100569   -4.1555489646    0.9789695060   -0.4841196302    0.2249323959    5.5120883310
   1.8294830959    5.4458570934   -4.6440141430   -1.2002926015   -1.6110678143   -1.5272104820
   6.5078634290   -2.7154841689    3.6823230966    0.2894523455    3.5056499693   -2.7731387399
   1.5985883671    7.8687324576   -1.3770720033    5.6949345019    3.9108821905    2.4854678784
  -2.2821995671    1.6194213641   -0.9104374488   -3.8980882506    1.8692547135    0.5670735960
  -1.3791404707    4.6900467084    1.2130163415   -1.2045305396   -0.8727280771   -2.8216426657
  -4.8198937253    2.4754915065    6.7543600093   -1.3938359183   -0.5354126689    1.8598457414
  -1.7528735608   -8.4015962721    6.2434956966    1.9701012887    0.5329473731    0.1823703520
  -3.7214654347    5.9567949010   -7.5300225666   -0.8242368037   -6.0355001949   -1.1270866299
   4.0062327140    7.5294665183    1.4178983468   -1.6742253978    0.1565952180    1.4326700882
  -6.8723564915   -7.9772729086    6.0826886808    0.4702056853   -1.5215813678   -2.8739918929
   3.8906971356   -6.7952278434    0.8347594394    1.7208006650    0.6721576166    0.8072384311
   1.7432511141    8.2560207005    4.3761372375   -2.4234348770    1.3755188654    1.0221027671
   1.3124392510   -4.8791385822   -1.6955810593    0.6638796117    1.5008637488   -4.1242940688
   4.5908329314    5.3535804067   -1.9235569002   -1.6134534468    1.7075574214    1.0441472163
   7.3030605315    3.5687170904    3.0006958419   -0.4724796089   -1.9641924279    1.0258604940
   6.9888062468   -1.8058636098   -5.7828102352    0.9686753725   -4.3042732720   -0.1067546218
  -2.0930764579    7.5794326927    1.3200650402    0.0247727437   -3.0836112556    3.7021091833
  -0.9149602480    4.5529408670    6.5792249015    0.4134739060    1.3254820136   -0.9121010894
   3.2893509288   -5.8868416148    3.7323611730   -1.7584726267    3.3859472654    0.0292677523
   7.2307379181   -1.1582117320   -1.8333989866    0.2870251981    0.3180929262    2.6316236437
   5.2420437899    0.1645696916   -2.3281702534    0.2386198522   -3.0708111413   -2.6404517947
   6.6088267711   -1.7901111285    2.9859285365   -1.0877008095    2.0753936762   -4.4796889806
  -6.7759816852    7.3450975641   -0.3421334531    3.0705457147    2.1839016680    4.6623918561
   5.4997489540   -7.4823849518    8.2155768428    1.0592784928    2.9057273138   -1.6896325855
   1.2492580114   -5.9274616198    7.9199361831   -1.3577761422    0.3698703066   -1.7039144648
   1.2834689421   -4.1404813777    7.0628410949   -0.5113295472    2.6022959249   -1.1471144766
   4.9119759802   -7.1019298525   -1.4214319661   -0.5488635762    6.0766609055   -2.4252054687
   5.0896118269   -5.3052071004   -3.6541453769    6.2967542424    0.8681541656    1.3341612085
   1.7482346052    2.1513030854    3.9745276813    0.2168119910    1.6251993810   -0.0755597535
   3.7651474918    2.1133689929   -3.7827131243   -3.7947561461    3.5538152674   -2.5763801185
   4.6323863291    2.9740071880    4.4730027241   -1.0534707570    1.6884165272    2.8037177019
  -1.2921359385   -1.5636812575   -7.1966696563   -0.0228662006    0.0812709144    0.4433395171
   7.1639430099   -3.3988190954   -7.0921885678   -2.0607273501    1.0722179829   -3.5984103615
   7.8761257916   -6.5611105067    2.3531476144   -0.7322177605    2.1709754972    4.8938037843
   4.4345821843    7.6744657687   -2.4273709145   -1.3464229318    0.9305552781    0.1467491113
   5.7899934156   -7.6637594447    1.9292891818    2.4281667655    0.7193363766    0.3596331218
   6.6589353256   -8.3752896692    4.1987290353    4.8615752738   -1.3399308417    1.4837239400
   6.9250233186    0.3919538747    8.2991821765    0.1551504471   -2.3789854290   -1.0510810832
  -3.2598795750    3.6546694213    5.5225234265    1.2858609363    0.1724868615   -0.0570984671
   4.3910725763    0.2077960770    2.0299437487   -1.6772320357    0.3348534249    1.8026614940
  -5.9471754930    1.8545528683    7.1313167124   -1.8303637837   -0.8412780851   -2.5772368899
  -7.7992340587    2.0680103423   -1.7677621595   -1.0040070907   -3.8115148487    1.2344717700
   3.4531669612    0.7263516501   -1.1050229823    2.2491190014   -0.3531759334    0.4662338559
   6.3574095247   -7.7160054659    6.5678371461   -3.3184683881    0.4956599588   -1.0226286818
   2.3910433025    8.4573866462   -6.2029962848   -1.2327117593   -3.5514668515    2.5019401210
  -2.3413008334   -5.7111520332   -2.2371606785    6.7288990498   -0.7890591405   -4.1841964856
  -4.5052728220    8.2458999921    0.6287160659    3.6219141073    0.3272423336    1.6126763170
  -2.1379214083    4.6750076261    5.6804370305    0.0568893276    2.3990756988   -0.2758388617
  -4.7932528703   -0.3553462044   -2.1793233482    0.4319188270   -2.7450996188   -0.2069246775
  -1.8886947024   -0.4067240020   -5.2160895664    0.8442832903   -2.9191121393   -2.1113715812
   0.6779156942    0.5436159269    7.6913552296    2.2615283722   -0.2091200835    0.9381964640
   5.3031960778   -8.1715791127    1.0132999840   -4.6999524196    3.2163007057    0.1531188937
  -2.2799528515   -2.2705512585   -0.1247798979    3.8581239037    5.6672612787   -1.4014418896
  -7.7498082390    2.7830835977   -3.7755751211    0.5858650072   -5.6738497197   -2.8277103004
   3.9903172418    7.2515044259    7.8255486385   -2.1556331403   -3.8261329538    1.8479491143
   4.0232441786    0.8602839646   -3.3465504851    0.6879641948   -4.5580684088    2.0786313779
  -3.3896407873    0.4708394852   -4.7515536401    2.2167657110    2.3714178749    0.8106719184
  -1.7812610723   -5.5742855767    7.7424710003   -2.2924728870    0.9028876937   -0.4141536116
   4.2664020402   -3.5217599117    3.5179667309    3.5922715865    2.4475122072   -1.7299791687
   4.0971029377    5.7690288544   -0.9157989848    4.1044414706   -1.3673267957    0.0029007133
   2.0157951323   -2.7170351727    2.8637508634   -0.6045996003    4.2648940303   -1.5902383026
  -4.2065262862   -2.2706916753   -4.0344420978   -1.1596272354   -0.9342771071    4.0513597211
  -8.0637614325   -4.7392344158   -6.7029330154    0.0306217193   -2.5430755153    0.0820410522
   7.8953094032   -3.6646073861   -5.0250982362    2.6369350516   -0.4879340883    0.1976794537
   4.9800156225    1.9870316807    1.4279304130    1.0379370215   -2.0159122012   -1.7435502187
   5.3157581584    4.9059242775   -4.8811472428    0.0215419538    2.3549770629    5.6592403243
   0.3297503439    4.5967649925    7.0458100295    1.9148886158    3.5754028536    1.7118989778
  -7.7570706685   -2.3406363277   -3.9363317412   -1.2813169684   -2.2992849662   -1.8197160595
  -4.6923756551   -2.3763866357    8.4605803950    3.0082011621   -1.6502533263   -1.3191671794
  -3.5946599681   -2.2796199336    1.3225969620    0.4323142253   -0.8181156214   -2.4992014407
  -1.3102962554    4.8729382209   -7.5476763429   -3.3202949579    0.5640255726    1.3461400752
  -6.7274269276   -1.3701704101    4.7676613170   -0.4439313582    3.5589172762   -2.0869953964
  -3.6574723222   -7.2623059399   -1.2167263035    1.5694699490    2.1917468460   -0.9605481762
  -4.9570055495   -1.5249167666    5.0846267265   -0.0120573840    1.9992222652   -4.2961112238
  -0.4400523588   -3.2834767297   -2.6395805347    0.6600266962    0.6778739611    0.6199080899
   2.1453017450   -1.2609057454   -7.2719526775   -3.1856093637    2.0486054004   -1.5557664030
   2.5533928160   -8.4235383943   -8.3380868853   -4.5276382502    1.9667772782    0.7230784236
   2.7133680124   -5.0477702714   -6.5045158390   -0.7338979676    0.0915912989    4.0225606225
   1.3446798819   -8.5423258751    0.2016980528   -0.8495133107   -0.0135723070   -3.4030987397
  -3.9630289822    7.8529902782   -2.2405096963   -0.8328881954   -0.3779421837   -0.2362120943
   4.8745436794   -1.5843227908    6.2531450038   -0.3124008506   -0.5201587545   -1.3853362651
  -1.3513302849   -1.1970633452   -4.7238808569   -3.0599153379    1.5158272159    3.5786857610
  -4.8744507279    5.5616225965    3.7759511353   -3.1704492979   -0.2519828766    2.1987939167
  -8.0726571847    4.5782766395   -3.2289585043   -1.9095257152    1.4358459136   -1.5210579359
   7.6115246864    0.4968807339    2.5221092486    0.9818982440    0.4636436762    0.3784832850
   8.0496234255    2.4331355249   -3.0042776537    0.0301221294    2.3238029636   -0.4605639502
   1.6637761727    4.0187245451    7.9308180302   -0.4859780820   -2.9583366175   -3.3437002798
  -6.6521068385   -4.9251181054   -8.0274627755    0.8720847720   -4.3909618827   -3.0544421555
   3.4126809691    5.1598689591    2.5965205081   -1.0421954803   -3.9551472389    0.4723676502
  -1.7049344301   -2.0119873195    1.7478704873   -0.8460940048    0.1494398790    1.7433011461
  -3.0492064683   -1.1724023989   -1.9251968203    0.7437658168    4.0181452742    0.0498018406
   3.2117294678    5.0430744430   -6.5299175164    0.9760509204    2.7002034561   -1.7632827500
   2.2099414445    2.4106775361   -2.4879856695    0.7374864327   -1.8752641821   -1.0563769970
   4.7514180190   -0.2643747110   -6.3575190550    2.3727343958    1.4825523911    1.2036057969
   3.5857182558   -7.0262879196    5.2951959273    3.0540109734   -3.6964850720    3.7816866538
   4.4322356479   -0.6064041798    3.5951304358    1.4978524272   -3.6279955999   -2.6132524991
   1.2512647975    5.4926689969   -7.0419803286   -0.8220084465   -0.2800999204    0.7535604021
   1.6127221897    0.2963196388    4.2936017362   -4.0585818510    2.2360829847    2.6707317899
   2.0945311664   -2.3990751069   -2.4026693001   -2.7509811923   -0.1041684738   -1.5214018347
  -8.4768646532    6.2821881168   -7.4165511537   -0.2853061797    2.3996916874    0.3319880240
   5.2147323281    3.9467215729    7.2700855006   -4.6033383276    0.2785169248    0.1653872496
   5.1037898263   -3.4826683821    2.9323182578    2.6534014576    2.6302500610    3.5192013243
   0.0671598841    6.0660841506   -0.3520966488    2.1439214877    1.9827636476    0.0828113322
  -5.3178994574    6.0674040236    4.9218720633    1.1124860440    0.9389314825   -0.5230681028
  -8.3749145537   -6.5191629800   -6.9641478492    5.0028539707   -0.7816005681   -0.5827048028
  -1.8225717429   -5.1867792026   -5.5553691891   -0.7037565512    0.1955424319    1.3238975032
  -3.2335825140   -4.0069144601    2.8443700010    0.1427983435   -3.0569957402   -0.7139520106
   4.8851185751    6.7775924784    4.6203345393    0.6972571766    1.3186793405    1.2854007041
  -1.5064494914    6.9020766503    4.7831299190    1.5497497163    2.2383957686    5.1857616730
  -5.2212483734   -7.1990371422   -2.3595957597    1.5052552206   -0.6952450229    0.8291323392
   6.7951048638    5.0416542687   -0.5781784492   -1.6288136456    0.5802105366   -0.5154882417
  -6.9680997889    7.1352763262    7.6386578291   -2.3910015109   -1.7543121598    1.4678966638
   3.4517679579   -0.3420574605   -7.9788356022    1.1752591347    0.2827386057    1.6505046877
  -0.5390048953    0.6930632826   -2.7692236370    2.5273040036   -0.0681007963    1.4155832339
   4.2054030147    7.5766243916   -3.9562951843   -3.0302845992   -1.5576269196    1.2924462255
  -2.9617410825   -2.3508872646   -1.2917937650    0.5781137288   -1.1929170679   -2.7124308310
  -6.7270381124    6.6921098244   -8.5193014240   -1.6489399330   -0.2261605606   -3.0961236283
   8.4530020954   -2.5415771262   -6.4069614890    1.1931969609    1.9363985721    1.5040226766
   2.6263250849    3.4511370874    4.9569485213   -3.9577006583   -2.9753505030   -1.0504746749
  -1.0952158528    0.0669783057    4.9492966615    4.0016130229    2.2415164863    2.3035933492
   0.8722136799    6.8763357512    0.9197673038   -0.3515248097   -2.2074623854    1.8956143460
   5.1391037433    5.1182441059    4.5881534106   -1.9322029702   -2.1307903522   -0.1505476736
   4.0769766285   -5.2866165478   -6.1700477551   -1.8641325405    0.2417583800   -1.0031702522
   8.4991692596   -1.3617420664    1.7061693921    1.0909111544   -2.0959961717    0.2251850141
   5.3364282707    4.7559308986   -2.7660397924   -2.6834530979   -2.9527885454    0.3717229645
  -6.5952363012   -5.7637903185    6.5372994396    2.0287072279    0.5833372145    0.1817078375
   4.2997309261    0.3454482907    0.7950192386   -2.2488954725   -3.3042344138   -0.1066066461
  -3.5239311266   -2.9632594989   -5.2434711136   -0.5641414815   -1.3199742799   -0.9542732261
   7.6462771070   -3.9018030403    7.8413855651   -3.5402096337   -0.9764944672    3.7703976382
  -2.5726147495    5.7785364877    4.4824781576   -1.0004097280    2.2414277636   -0.8499736050
   5.7649284029    3.5752268112   -8.1477868534    2.0868275158    1.3802595138    1.4766105460
  -3.3254153404   -7.3028469344   -2.5015558785    0.1832781152   -0.7578099211    2.0127673384
   5.7887880393    7.3820802510   -0.0700481353    0.8543283249   -1.4448686511   -1.9485314676
   8.1718688658    6.3615613582    6.1947045833   -3.7307800050   -0.0951898770    0.3999524176
   3.4814891848   -2.7196171627    3.2535888744   -1.3157615968   -2.0998628626    4.9617700133
  -5.2638566632   -6.3731848434    6.7420118416   -4.6907754207    0.4997013707   -1.9942375874
  -2.3901752101   -4.2641629905   -4.8153117512    2.2882275135    0.0415557492    2.4839673302
  -3.4380542412    0.5867118397    3.9128860433   -0.5812019458   -1.2632203900   -2.7687539316
  -0.0158811385   -4.3633851849    2.4920848553    1.6264134937    3.2606264536    0.5150427528
   7.7970080672    4.0916214502    5.6507035770   -0.6460815927    5.3409368187    1.1657751144
  -0.8645263355   -4.2124338431    8.4199693502   -1.0826641886   -0.1917575727    2.1481736025
   1.6768665423    1.1475273319    8.0762918922   -0.4193721571   -1.2291198197   -0.3277884177
  -1.3066974644    2.1746061957    8.2355533523    1.1378259762    2.2008107307   -0.3929610514
  -6.9666109160   -5.2174935979    1.7366341846   -1.1718699156   -2.2768780886   -0.8196602479
  -3.7512332743    3.3262625691   -5.3124523538   -3.4832077773    0.3306134725    3.4057605970
  -6.2195981439   -6.1597454240    8.2138892884   -2.6322597528    0.3416930355   -1.0920728487
   5.3784362897   -4.7761207731    5.2347093144    0.5212647855   -1.5534899980    2.2824996098
