           1000
    17.09975947
  -0.5641281749   -4.2485527581    3.9342879542   -1.0916610780    3.4607167808   -0.5323259903
   0.5042081437   -8.3754018668   -1.6479342666    0.5911019075    0.3092288441   -0.2196900252
  -0.6729095595    7.0773452504    4.1821227836    1.2428474892    1.4170314813    1.1556155825
  -4.8181782839   -1.7703156563   -1.2943824828   -0.0902205235   -0.4989466373   -0.8451326565
   2.9343703145    6.0049994982    2.0553924567   -2.9515734443    4.2299700313   -0.4934075739
  -0.0631956074    0.8089425304   -4.4826144415   -1.7859045835   -1.1749157739   -0.6350389046
  -7.6398309799    7.8716531326    5.2780232657    1.6471673763    1.3286952580   -1.6168809580
   1.5372405925   -6.4545919681   -2.9697094928    0.7808864795   -0.8213783328   -3.4291064196
   5.4515307460    7.0135563986   -4.9709915455    3.0401169914    1.3803294338   -2.5572676451
  -7.0565572098   -2.2649966016   -2.2191653796    3.4084229296    1.0519564143   -2.2002071009
  -0.1598714668   -2.7250641263    3.5806578270    0.7664033871   -0.9965267211   -0.0683902820
   4.4010450891   -4.1641879701    3.1668862713    1.0847076153    1.0417888949    2.0501148861
  -0.4175560968    4.5390186844    7.0351176446    3.7925097636    0.8130347311   -0.9331826077
  -0.2330915204   -1.8580554514    2.3953653639   -1.4508806136   -2.3414583490   -2.8102994552
  -8.0851129264   -2.6499045246    4.6479294805   -0.9643355978    2.3449836735    1.0937042326
   5.9570199572    8.3863262883    7.7421584978    0.2871593748   -0.4261316733    2.4604437180
   6.4191358249   -1.8457777207   -0.1737577152   -2.6971894474   -4.1274477462    5.1330419426
   6.5060065747    7.2155438647   -4.0158782566   -1.6706838258   -1.5748088985    1.5838939289
   7.5240539260    7.5563792381    5.8822227776    2.2502370246   -0.3177402691    1.7796613060
  -1.1312806459   -7.0329551842   -5.7613104958    0.4699591015   -0.5472354667   -4.6793787695
  -3.5167063960   -5.4523539543    0.6762743892    2.7477889019   -1.6198666876    4.1069634797
  -6.5791921927    7.3704975554   -0.1974308034   -0.9784589289   -0.8229639137    0.5377172532
  -1.8880437789    2.6958905249   -3.4663096069   -1.2890389346    0.7569613666   -2.5327886377
  -0.3395691596   -1.3889814350   -4.4018798307   -2.8729358315    2.6672070225    0.4012079145
   2.2603011928   -1.7747463508   -1.8872543666    0.4199395985    2.9656221970   -1.7059684608
  -6.8172272775    2.0497887250   -6.4170648606    1.2095336754    1.9407918141    0.0672039008
   4.9444099602    5.0292258064    7.8737313699   -2.5645186269   -0.3014359768   -1.5341355362
  -3.0950952186    5.2140638705    3.8637950129    2.5019742227   -1.0054578084   -2.1324918779
  -4.9675520176   -2.8935705981   -2.1667420481    1.6992383617   -2.9187597235    4.5954575985
  -1.0207592376   -6.9807953172    2.9107158932   -2.7257785686    4.0652247096    2.4555840289
   7.6275274806    3.2109453219   -4.3109374670    2.9441612035    0.8653758314    4.3540226042
  -6.7940202309    7.1213978659    0.8382855884    1.2884106319   -1.8810849854    1.4262789106
   1.3486446241   -8.3928199888    2.8382513515   -1.0476912165   -0.2386195736    1.2868500666
   6.8875865223   -2.2316297557    6.2336145330    0.7759078357    5.6669396915    1.2303909045
   7.8399224398    5.3910315852   -6.6659849143    2.2472993158    4.5274497598   -3.8580933792
  -2.3666370940   -1.9038996974    1.5233261984   -1.0294282174    2.4821112073    0.3298534866
  -1.3297832361    7.7664710467   -0.6608423373   -0.6497210532    1.3301981734   -4.5500912163
  -5.6012449291   -5.2230269254   -2.5300431107    0.2710117672    3.5783188072    1.9832783215
  -7.0930800380    1.2718272352    6.3488093583   -1.4993571299   -0.2056041062    1.0789163805
  -7.1160277335   -8.4247974898    4.4749587264    1.0228179220    2.4575501226    3.0543366117
  -5.6500754961   -7.8667903627    2.4260336874   -1.5780963917    0.6644187927   -2.9592563013
   6.4233341228   -0.7577407112    2.3168664352    0.4205635470    5.2335698778    2.2938154627
  -1.3621517596    2.9599353180    5.0962672705   -1.2940046445    0.6837647696    0.4391074382
   7.2152120789   -6.6233813631   -5.6366403014   -1.8019351790    1.0589607696   -2.7576976552
   5.2596358206   -4.2752461134   -3.9484170387   -1.5583923208    1.3888127758   -3.1010546843
   2.6789209201   -5.9199828132    3.9109498032    1.6789322797    1.2793199285   -1.1950650974
   5.9801345389    5.5506619174   -4.3937335958    5.3906434693   -1.0034836297   -4.0740262141
  -8.0370996811   -7.3457671061   -3.6123815338    1.0599854657   -2.3401586154    0.8528895013
  -6.0996685397   -3.2537868798    5.0395695339    0.5930944743   -0.8890260780    0.1122998108
   0.7553438254   -3.6595681066    5.8990694768   -0.5857436702   -0.9151658653    3.3872112225
   0.1053815306    5.8155313564    6.8884550149   -1.9468271226    3.3700339665   -0.2733850750
   4.6188943812    6.1276671849    7.9694245305    1.7152896478   -1.5671181027    2.2633532977
  -3.4744703414    8.2406194108   -1.0420422202    1.5605458048   -2.5154427215   -2.1058814276
   2.8014708596   -1.5550272551    6.6381518894    3.3440155088   -1.2967973077    0.5404706585
   2.0788303930   -0.7632431469   -1.1519188400   -2.8014148641   -0.8243598141   -0.5008247684
  -5.1785366583    0.3484338711    4.4005888331   -1.9448462227    0.8791343123   -1.3562502961
   6.1131301037   -3.7878750006    8.0505991089   -0.5034176595    2.2293698686   -0.7801448238
  -7.7969320236    2.9069117388    7.6297113862    1.5437737481   -2.0184849253   -0.1463717715
  -0.2337920422    6.8171352658    3.2739240001    1.8877710740   -3.4761100122    0.1473497536
  -7.5719406493    0.8619494924    5.6274899381   -0.4433529256    0.8550044414   -2.2884218417
  -2.2545452719    4.1852973869   -2.0298684219    3.9444653577   -3.8183469549   -0.7746436671
   7.0803688018   -1.7979809702    1.8936207377   -0.4957173759   -2.2414006111    1.5041858001
   0.7384483085    7.4419666526    3.7266279315   -1.6815688177    3.8410924268   -3.4633987932
  -6.7236938140    4.4409193724    5.3508342974    3.0206325855    0.5353005901   -1.6349216428
  -2.5576714116   -4.5462063776   -8.0804754503   -0.1527538092   -3.6593143188    3.7419700757
   4.7466760276    4.6909529335   -7.5638372593   -1.8553883421    0.1009281651   -2.1009505390
   0.3317539228   -5.7359723373   -8.0638581616    1.7636129540    1.8492874539   -0.6163740063
   1.8577062557   -7.4530834681   -3.5594100701   -0.9290507810   -0.3855138086    0.6386804214
  -3.0640557517   -0.0457918685   -6.6891578177    1.6951460974   -2.3275900954   -0.4636727654
  -1.8637080799    2.2309068016    3.8864373095   -0.4694642280   -2.8361567846   -3.1665140943
  -6.1828895572   -4.4127450360   -1.4424792147    3.5242506458   -1.2284812742    2.4817103377
  -0.1023049119    3.8302660905   -4.2903900209    0.3801895269    0.8986240479   -2.8955729527
  -4.6870247702    5.0326025611   -4.4197240629    0.1270880172   -0.2282493329    0.9441986192
  -2.6816432167   -3.8116491276   -4.7344459870    1.1389516293    0.8509576817    0.3445528682
   0.8001696279    1.7861131496    5.1428059452    1.4651752487    4.4127747203    1.4950472059
  -5.7576494062   -8.0371457889   -3.3496594664   -1.0510253225    5.4704063091   -2.2190236645
   4.9524200020   -2.3779726817   -0.3310944487    2.2247709915    1.7527223565    0.8810317053
  -2.1129193018   -3.0344130404   -1.5926770466    1.2843234438    1.3851889940    2.8117342800
   2.9377997901    5.1671385015   -6.1618839498    0.4324428360   -2.3171152732   -1.3323094197
  -4.1762371111   -3.3871951331   -2.1404757622   -1.8664893426    0.1823831420   -0.4076111267
  -8.2370547029   -4.4298274992   -3.8949060215   -0.2846201377    1.8950954725   -2.6155540339
   6.3929181667    2.1689638545    7.2432810608   -0.2360820895   -1.1489046032   -0.2840940821
   8.3480450703    8.1876431320   -4.6363348283   -0.2825324219    1.4348941031    0.3400047743
  -1.1138417527    6.5557242570    7.5056244167    1.9104164181    0.9655920096    2.6484180436
  -5.9876975191    5.7525052232    0.7795921965    3.4922030170   -0.0982234339    2.0871878935
   5.4935721676    7.7403466856    2.2200032837   -2.8496418039   -2.6895510279   -3.5343974037
   1.4245315507   -0.5422370891   -3.4049984821   -1.2799781073   -0.9391036034    1.7623988169
   1.0395289447   -1.5058449170   -6.5496491176    0.1895625568    1.5156581692    0.0302616087
   2.0997084223   -8.2249019921    2.1440219739    0.9696708880   -2.1432045255    0.9827698991
   0.9009473358   -6.6958061318    0.4749780698   -1.7019976195   -5.1807261653    1.3209637582
  -2.0647871170    6.8001341437    8.4891647053   -0.7788432617    3.2530813897    4.4613469716
  -1.2401312446   -0.6464025552    6.5678557850   -0.1922309499    0.2736255465   -1.4329487926
  -3.9437500324   -3.7275061970    5.6711569831   -3.1628104671   -1.1288844305    0.9598910341
   7.5163037013   -5.2976569187   -6.0730063674   -3.0672372180    2.2213768274   -0.9880190163
  -3.9523495958    2.7558138718   -1.1744194807   -0.8327935425    0.6132663791   -3.2224207142
  -1.0911138843    1.2797743378    6.4620765654    1.9234462432    3.9052016322   -1.5340071007
   0.1042362581   -0.7825211910    5.4698068427    3.1205331126    0.5262050608    0.7897054650
  -7.8306543071   -7.4315141936    5.3119081655   -1.8778424835    1.2685546721    1.7433818090
   4.2123496141    6.4336521434    7.0382710744   -1.8983864767    0.8669957049   -1.1684667940
   2.6803792788    3.2679547765    3.6130667457   -1.9797856257   -0.2020515412   -1.4067105268
   5.7377371428    4.4132988641   -5.4780852852    0.7576940436    0.2532280042    0.7800976369
   2.5476852300   -4.1214288809   -6.7371053905   -6.6945136347   -0.6059201513   -4.8573788290
  -3.1076932179    0.9842976186    2.6430869620    1.7598258571    3.5201467148   -1.0226885111
  -0.0947179294   -4.9668763854    4.8524530783    0.3977301910   -1.6420711716   -1.5082033662
  -7.4423053823    3.2981279156    1.3008308368    2.1380333304   -4.5349204703    1.8911812370
   7.9724740523   -8.4418667981   -3.7619150929   -1.0239838795    3.1993895535   -2.9521320672
   5.1951566546   -5.7966688953   -0.6891204125   -3.4703869123   -0.7171189389   -1.5550376721
  -1.5042489443    3.8903637092    8.3717655635    1.2194733505    2.1290632095    0.1030790721
   1.7150634370    7.1990012936   -0.6638721249   -1.6218197617   -2.6581424076   -0.8617392512
  -1.5285205881    8.4206051651   -7.9829549412    4.2866941121    1.0928126971   -0.9386058987
   2.4098533386    5.8587677070   -3.5711916611   -1.3113801323   -1.8869988731   -0.8848182613
   1.9137115083    5.8936919623   -1.6094592543    2.7473909890   -1.8642370647   -2.4969473400
   1.3370478481    6.9169307791    0.6982586624   -4.9756964020   -1.1249896746   -4.3680090473
  -8.3272039409   -1.6039778155   -5.6200895014    0.6679140683    2.9990180326   -2.5206726456
   0.0234694052    5.2141468374   -4.3977502086    2.9334462754   -1.8260293668    2.8257215372
  -3.1624973122    0.9047562198    0.7834185935    2.1725088718    3.0653735072   -1.1042756363
   4.1315429114   -3.7118201701    0.3496485546    2.0771989681   -0.7605463324   -4.2669994515
  -5.2129298836   -3.0962262679    4.7321671833   -3.1274773755   -2.0877931378    1.0318353052
  -2.6747880799    4.1545587492    8.1931133101    1.8695040731   -0.0037769767    0.6428605285
  -2.8814220415    1.7159133521   -8.4704163304   -0.8593009823   -0.3631199784    1.9200174273
  -6.3205910313   -3.3942740639   -1.6071232425    1.7409105837    1.2531626000   -1.5673311419
   6.6622309475   -5.2180708593    0.5693666231    4.1733659834    0.7597766442   -1.1060607962
   0.5487398287    4.0471820230    6.7780886500    1.7168283686   -0.0144313263    5.4425518576
   3.6662299072    7.6123045130    7.7707428668   -1.0483273518   -3.4036318178    1.3831329299
  -2.3833124869    4.9276142613   -5.5683494517   -2.5417482104    1.8080039606    2.1903941412
  -3.4423049038    5.3617358246    2.7881162615   -4.3710467155   -2.3619140767    0.6217186419
   1.0319165891   -5.6900495056    4.5666821981    0.1392991049   -3.6460985142    4.1784871266
  -5.6054711978    6.5316701832   -6.9185053094   -3.4185022365   -0.8915253603    3.9978882672
   0.2036707929   -8.3556517338   -8.0442310813   -1.9035607833   -0.8939295323   -3.1419416013
   0.7410473914   -5.0412445488    5.6967724016    0.7985464024    2.4312257546    0.0423224024
  -4.2498337086    7.8599451922   -6.1526414025    0.0998214134    4.0886263948   -1.3779560568
  -8.3654433463    0.4797414511   -7.3004494351    2.2918867067    0.7218267809    2.2399642860
  -7.1665884297    2.1722697012   -7.5682899473    6.4685789024    0.6941411927    0.1483117613
  -6.5270155273   -5.2622871476   -6.8185177270    2.4956003032   -4.1559703484    5.4351860982
   7.2544225889   -3.4571776511   -1.9250925148    2.3522148991    4.7539668932    2.8226795476
   2.6818251592   -0.8719623695    1.3595490228    4.3302263021   -0.2778254960    4.0456011512
   5.0672463464    0.5118977814   -5.0229006778   -4.8952154325   -4.0092764147   -2.1175909244
   2.4381802131   -2.3915757510   -2.9659320110    2.8059055612   -0.4346354733   -2.7927388156
  -6.6911291224   -7.7117775834   -7.1377474195   -1.4885542349    3.1722587192   -4.2800331852
  -2.9829348429    4.5526737129    5.9725945995   -2.3924797428   -2.1733623901   -0.7317075482
   2.1687844725    3.5157609579   -6.0668912673    1.3118831622    0.8909515577    0.0133397818
   3.9260059596    3.1198454179   -1.4259649201    0.4624820763   -1.0815528370    0.4915595914
   3.7605591517    2.7376522417    7.2291228085   -1.8463583958    1.4227346047    5.1128234364
  -3.7360673563    3.1661358663    6.0849976199   -0.6776537994    3.3157565190   -0.9060279034
   1.7917079628    5.1484420095    4.8815046354   -3.2315379296   -3.3334894642   -3.6218217353
  -1.0192086323    3.2774633867   -3.8870389154   -0.3377041151    5.9521586402    2.6746989389
   4.7129699670    6.2191005086    0.7947378442   -3.9370820390   -0.8761685813    1.6258727587
   7.9221614575   -2.4403168512    5.7651583497    0.2790020100   -2.8501602488   -1.8232203118
  -2.8535820139   -1.8117197632   -1.0943048089   -1.3697458762   -4.1370539696   -0.9911743990
   1.7465201351   -8.3813134400    4.3374302819   -0.7645959278    0.7935462195    2.7151473006
   7.5532539950    5.8553197575    0.3659208622   -3.5080966110    1.6622478277    2.5215085037
  -5.0574219726   -2.9071912999   -1.1283523704   -3.7291742027   -5.0523159443   -0.4686154388
   8.0632766555   -4.9926125013    1.4567193809   -5.4494615921   -1.4853542184    1.3128484910
   6.1442353463   -2.4698260033   -8.3549870709    2.8697489304   -4.6279643098    0.8757331057
  -1.0637466844   -4.5009837915    1.0366418322    1.7772948797   -2.0919775472    0.7378318725
  -4.4898991510   -6.1532158819   -4.7342133135   -5.3347574702   -2.4651714084    1.6894339208
  -7.0814497611    4.6196351765   -0.3460072716    3.8233530036   -0.6776820400    3.1771380987
   8.4364469742    7.6234170567    6.4261587363   -3.8209061269   -1.0458653662   -1.5190044022
  -7.8647905291   -7.9245716697   -1.4952971270   -2.5957896390    0.3366442822   -1.6123537699
   7.3368403248    7.8025339037   -3.2949581798    0.0165211431    0.6635465258   -1.1602170265
  -3.9523055484   -8.1349694738   -6.3999867578   -2.4083431039   -2.9009529489   -4.9705006426
   0.9782318351    2.5703199977   -5.7310663819   -4.2278896257    0.8618985193    2.5217338665
   8.0432913176   -2.1366082221    1.1564419458    2.5131433357    0.8513524877    1.5002205908
   1.4963987252   -1.3993970451    5.5275798773   -1.7190703328    2.4229126330    0.7786152589
  -4.2106800432   -7.8209114898   -4.0423704293    3.6761894554   -2.6238613070   -1.6315894331
  -6.7046060862   -6.8292915777    1.3695583859   -1.0650348585   -2.3061456880   -1.0609107108
  -3.7413004928    4.4736509875    4.5688834366    0.1934545010    0.2365075247   -0.4062756660
   1.6459607042    5.6718140157   -7.6199507270   -0.5105148684   -0.1430602895   -0.9612329722
  -7.0208422020   -2.5413822097   -5.6874644742    2.5439352534    0.2233518962    0.4554546058
  -3.5173327862    3.3841252995    0.7824839029    1.9635967025    1.5462782360   -0.7849608386
  -3.0999122604    7.0690717734   -6.4237998654    1.4795314184    0.1063575308   -3.5719377453
  -5.4308744144    6.0781211313    7.2163055570   -2.1780686636    1.3063488176   -4.8440948789
  -8.1762732880    3.8588586820    7.6972257614   -1.3216371871   -0.0549866934   -2.0746456298
  -7.4829625390    4.2994780500   -4.5378352590   -2.5511592388    3.6241925588   -2.2146987868
   0.4719605613   -2.3015406454   -8.0844778978   -0.3925568955   -4.0261170870   -0.3983769676
   7.5226398977    3.0987811588   -3.3291792641   -1.5063242358    2.4136963910   -2.2683110557
  -2.7107386079   -0.0289666045    7.8692588826    2.4111647985    2.2579230901    0.5137287747
   7.8500484874   -5.3566372989   -3.7422065331    0.6886876097   -4.3404556085   -1.1404777705
   6.8852740844   -6.7275195913   -3.1389609784   -0.8725834454    1.0200444341    1.3538683694
  -0.0160285489   -5.9877985759   -0.2370794734   -0.0908665115    1.9288729482    4.6392378382
  -2.2662946250   -5.4855524733    2.9724892170    4.1247571282    1.6975862185    4.9622248886
  -5.8464733671    4.6325615183   -2.1745523267   -0.4702608906   -1.8948712562    1.7297852273
  -4.1182581482    6.9286017016    5.8747700722    2.5929779127    2.9455513335   -0.3379244402
   3.6917516823    8.1662416223   -1.9364415445   -3.4930292781    0.3832707603   -0.7122968897
   7.7635895298    4.7835737293    5.2538684768    4.2352482911    0.6847278106   -5.4499535902
  -1.7962672181   -4.5921641179   -7.3476337149    2.6937793673   -0.9233592551   -3.3690475559
  -0.2594615164    2.0790705492   -1.7821907501    1.4021748856    0.3747988649   -4.6877133192
   4.0091812484   -6.8854597620    8.0024151688   -0.4791776224    0.9316792199    6.2061907201
   2.9973291533    3.7429811702   -1.7443973450    2.3531465149    0.8221258141   -1.3767154337
  -1.2004888520   -6.2551979903    5.5385379403   -3.8672825692   -1.8367432277    1.7534212751
  -4.8796021255   -7.7195368384    6.0076841039    0.3701774649    4.9314712338    4.1212463999
   2.3167600247    4.0487211709    5.2542933462   -1.1166591407    0.4002561561    1.9242405940
  -1.2355261970   -3.2004061624    2.3033122716   -2.0693197784   -2.6290903669    2.3615327339
   6.7930979868    0.1092153968   -1.5713903034   -0.1187350956    0.0739982146    1.3360708293
  -0.8095480620   -5.0805261360    7.3587416061    2.0448054768    3.1013488763   -0.6694088506
   1.8612638804    0.1339463621    8.1023698609   -0.2978774840    2.2329562453    2.9903655985
   0.7196630748    4.7858727025    7.3608195183   -1.7308223703   -0.9051080346   -1.7945833194
   2.1678094387   -7.5107257953    0.7934278202   -1.7554364101    2.4035225784    1.3277243136
  -0.1849457208   -7.4787644087   -1.7606968374    0.2898950508    1.5523508396   -4.1811348824
  -7.5764592422    5.2745769529    3.2284394600   -1.2411512279   -3.7187035741   -0.9883593813
   8.3940776085   -7.8115404542    4.8855280600    0.1096084952    0.3625792699   -1.4458814862
  -5.4127422631   -2.4964023899    2.3267807493    3.2955030833   -1.1120993998   -1.1423618157
   7.6643524478    2.0271328542   -4.9391395932   -3.8809155229   -3.3662148066   -0.2293806786
  -2.2659354577   -0.5925015283    6.1600196310   -1.9885741515   -1.8175936020   -0.7171306376
  -3.5047859894    8.3809682647    7.7720580598    0.3184974181    0.0307367366    1.2404962534
   7.5965676676    0.9791061865    3.1179693686   -1.7366799946    1.7894261334   -4.4368531518
  -0.4640256050   -5.9763748569    2.0246692596   -0.6477799480   -0.1562203672   -0.4055687297
  -1.2960091311   -7.3241666307   -0.8301207505   -4.9946367024    1.9356393487    1.5129422085
  -0.2902914222    3.1146590829   -6.3296350411   -1.4582808407   -0.4217118095   -0.6644075365
  -2.6931973483    5.5440872227    5.0510804323    1.0629233118    1.4678729414    0.1879983269
   1.1574595948   -7.3492875904    5.4878896154   -2.1438276717   -1.4250657073   -0.1100688516
  -2.1931696142   -0.4052539502    1.3751229861   -3.2275469543    1.3337639607   -0.1042496249
  -5.8219103719    1.7405334732    2.1456611527    0.4521795288   -3.8563949587   -3.2629538680
   4.8421756972    0.4659310888    5.5957888174    4.1546141967    2.1962600591   -0.5636150878
  -5.5884106651   -5.8072279468   -1.3307401580   -1.3050341254    0.1734803204   -0.3361443493
  -5.6584287521   -6.8709239200   -5.5217404452    2.4677792715    1.9515819980   -1.0197102808
   1.9302501284    8.0493488852    5.2970119960    2.2105843565   -1.8598290083    2.0654623270
   2.1313714763   -3.5369772640   -1.4343881238   -1.8222379126    0.0230846909    0.6384822352
   2.2740212394    8.2287904107   -3.1247875106   -0.2167999515   -0.4758443211    1.2994907895
  -2.0168208267   -7.2305119144    5.1972641433    1.6988698350    0.8137224819   -1.8259504013
   5.0193223685    6.9970122187   -1.5120479283    5.3130066871    1.1986773947    2.2765466086
  -3.7948236142    7.7494051078    3.8022053010   -3.8294462510    1.8070140183   -0.0322028096
   8.1858160114   -3.9821931834    2.1155860931    1.5711658257    1.2320849725    1.8662379930
   0.5909105081   -4.7851628583   -4.3067308108   -1.1663878323    6.5129492782    0.2093675639
  -0.2901562553   -7.6159888397   -7.2433292970    1.6064709346    1.6387550404    1.3269995944
  -1.8138107991    0.7460762009    7.3625437328    1.4658685407   -1.9935817116   -1.2223395425
  -8.1987546171    3.1455371517   -1.6744014393    1.9162396615    2.2478276836    1.7043819062
   2.9985286529   -5.5284642958   -4.0869732573   -0.3056601698   -1.1170607095   -0.3912798324
   6.7798812169   -3.1295364605   -4.3194194687   -5.0048361881   -0.0670026951   -3.5254782042
   3.8908292874    3.2103296356    2.0565659451    0.2126120325    3.6144367024   -1.9375299162
   6.7692821462   -8.5429467479   -7.1959446657   -0.9862377666    3.8675151611   -1.4182344508
  -0.0243907124    5.8370188145   -6.3034110164    2.4479345277    1.7561028362    1.4058517764
  -2.2919343565    0.3270416292   -4.7208470119   -2.4157972336    3.1443075480   -2.3350903871
  -2.9248236594   -5.1690857254    7.1918429170   -2.4115868009   -0.0915501012   -1.8709901785
   2.4039917794    0.5395974533   -1.3509089786   -5.2069177932   -2.0481794469    0.0461085903
   2.1936178179    5.0770390955   -4.1812190361   -3.1617768267    0.2698413522    1.5240638173
   7.0555142553    5.3237530311    4.4115202706    0.6037451477    0.9309610412    0.5753290035
  -2.3120318129   -1.2110010136    0.1928124987   -1.5677548158    2.0158978150   -2.6549612538
  -0.6743633856    7.8963741952   -5.3319421509   -0.0726827253    2.1308381803   -2.8670507735
  -8.1073702908   -2.2302983067    6.6396996766    4.0030574602   -1.4828678480    2.4818863108
   6.7426084263   -0.7941228079    8.3786986066   -2.2504656103   -2.9706972928    0.9737159207
   5.0740873738    8.0965459643   -2.3018810060   -0.0317460158   -2.3975088771    0.6020396498
   7.3333086545    2.9407437495   -0.4076445650   -0.2184597101   -1.5789633344   -0.8232521765
  -3.9064878844   -1.0770281520    0.2385531766    2.3195244514    0.1451130604   -3.4737834614
   3.7486995312    2.2111234713    6.2254655626    2.2548132619    1.7412729528    2.7250175585
  -6.9433514623    7.6600310774    6.1789857584   -0.1442307197    0.3251556567   -0.3678878115
   2.2898139542   -1.9116307475    3.6957194066   -0.1252643241    2.6407184786    0.6934104906
  -6.1308313424   -4.2894133807    4.8984439550    1.0800708476    2.1968471913   -1.7746220013
   5.6673121235   -2.4052481015    7.1675419253   -2.8226776623   -2.7570144733   -0.3957306159
  -6.6932571037    0.8974426583    7.9606862270    0.4568721684   -0.0955774536    2.8246412511
   5.3654590881   -5.9044945347    7.6363807603    1.8602769031   -3.1727858518    0.8350914517
  -6.9537225810    4.8348633088   -1.5335602107   -2.5639642668    1.4170229159   -1.6528741627
   3.2756130723    1.8971512494    3.7583876424   -1.1771492627    1.3940254990   -2.8638257129
  -3.6834172443   -5.4214228348    1.9092373229   -0.4987408951   -0.7460423583    0.8432544860
   7.7022556504   -8.0439637870   -1.1341962042    2.1553366005    6.6931942398    2.0415157725
  -2.0395171910   -7.9893129160   -0.4775611221    0.7404532430    1.1666146357   -0.4640249841
  -0.9324697565    0.9846124441   -5.5503212682   -1.7796372699   -1.3198140653   -1.0517802746
  -4.9753845562    6.8455619170   -1.8631833396   -4.2784484457    3.7535144278   -2.1706806795
  -0.8975409828    5.8058560032    3.4852894353   -1.4548902834   -0.4219417935    3.2176510959
  -3.3943015840   -7.5660931327    0.2917041865    1.5798065237    2.3031930267    1.5932641452
  -0.6804580582   -4.8330919404   -7.0378332419   -2.5373151356    3.2568873406    1.9857709494
   2.5196070366   -2.3475931304   -4.0764532764   -0.3705839890    2.2536640407    1.3888597131
   2.4107649288   -8.2632407665   -2.3071660248    1.6445659159   -0.5064668611   -1.1110250937
   6.6728890046    3.1897258480   -3.7070634831   -3.0686946902    0.6810238178   -1.3910377615
   7.6898494800    3.8726928993    3.1149513120   -1.2132185059    4.7853086337   -0.7930506418
   5.1595977438    4.9037153140    3.6930960473    0.9852032686    1.1938000264   -0.5238296926
  -6.1239087425   -6.4030059854   -6.2640002694    0.9483069609   -2.3923622462   -2.7120258215
   5.0869421143    4.1334583038    2.0466882423    3.0553763619   -0.7571832754    0.6391727031
   3.4910206326    1.2273551447   -1.3785625962   -0.5138204388    1.6794068588   -0.1143738400
  -8.1893625413   -3.3183494360   -3.9203165350    2.1867831270   -3.5307784258    0.6261014210
   8.4353377227    6.6666714006    1.6148306715   -2.3133866523   -0.8418544219    0.5780605006
   8.1193425283   -4.5260202652    6.6880453834   -1.0469786293    0.6015087257   -0.7996409089
  -0.8277565406    0.5063003451   -2.3275302104   -0.7727866018   -4.1400663144    3.8528072490
   0.1470126710    7.5736978686   -7.3552450883   -3.0251030034    1.4250043176   -2.2603816332
   7.0667129379   -7.7829431678   -1.8104461027   -5.1687900674   -3.4428345658   -0.2694345548
  -0.6691095434   -5.1013565310   -2.5987947595    1.1086507804    0.8138797058   -1.0407975610
  -7.5340242255   -3.9348306849   -1.8334138307   -0.3975950489    2.6346952275   -0.0402663317
  -6.6850256024   -8.4946785624   -5.9574252730    3.3971768775    2.5904450184    2.1008597504
  -3.5783501525   -3.7171759825   -0.0723340913    5.2924731203   -0.4017248680    1.9285104278
   3.8341090768    4.8748748096    7.5522222794   -1.8078846693    1.4586359197   -0.3083888288
   8.0553930159    0.6590578280    4.6986733492    0.2051344574   -1.1239453925   -2.4175708536
  -5.2813918162   -1.4712687788   -4.6623396912    0.6290661730   -0.2646660111   -1.5561972249
   5.2539863645   -1.5864652757   -1.7386568262   -1.9869672240    3.1081337667   -1.9602422780
   7.6624914589   -1.6539491258    6.3965148688   -1.7355378151   -3.4945678392   -3.4081401906
  -7.1482385130    5.2740178081    7.6297919734    1.1532055480    1.9938977989   -1.9553776947
   1.9807566674    6.5796170171    0.0948269909   -0.3199893560    3.6794143413   -1.0358679383
  -5.9667357902    0.6921386217    0.9734606528   -0.8555586025   -2.1485542522   -1.1774295663
   4.9025977959    2.2980064414   -7.1022727052    1.3492599653    0.3817456234   -1.6895712438
   2.5135333942   -0.6771221242    0.1049819212    2.5638660886    0.3382284894    1.4119868712
   2.1974630150    1.6071260798    3.7944617110   -2.8927413909   -0.1441794976    5.0943402844
  -4.0372900722    3.6830522421   -2.0218036893    0.4721296242    0.2402298659    1.0735424910
  -3.7251710727    1.4112435158    5.7475329002    1.5518253802    0.0744036705    0.2578336856
   1.5331656845   -3.0423520467   -0.7717249706    0.3216567820   -4.2790934369   -0.4316132902
  -1.7655785235   -0.4157603763   -5.6135874771    2.6933654371   -0.5197980481    1.5752810110
  -2.1368576488    7.1863309325    3.0753069255    4.8172441416    3.7175508406   -2.9403463481
  -7.0233025422   -2.7536977738    3.0944892614    1.7548941381   -1.9100420993   -4.5387964041
   1.8734285262   -3.0856109031    5.3584420437    3.9165997199   -1.3277824463    3.0718496338
  -6.2447999032   -7.2697689365    5.3205917502   -0.5942128150   -0.1120754724    3.0285905201
  -5.9462837588    7.8953933237   -0.8162937866    2.9446298750   -2.4249703225    1.2967862464
   1.4188756671   -5.8864135023    1.9493625589    0.9244992758    0.0232689972    2.8887436355
  -0.5372041782    2.2844925949   -8.2186028574   -0.9271103557    5.0864998262   -0.6326486147
  -2.3584114388    5.7029998912    2.8781608581   -0.7641494986   -0.6583966251   -1.7683912796
   1.1697006656    2.0372633144   -3.2130382074    1.6710378518   -0.9874842414   -0.0541400486
   0.8848502498   -8.2424993841    7.5535937982   -0.3730602037    3.6995191117    0.0452814002
  -4.5062068805    6.3177199900   -0.3359834559    0.5546624392    0.9036517953   -1.4980986876
  -1.2865736530    4.8154099257   -1.3789446122   -0.2445996796   -1.9604697047    0.4615594877
  -5.3974922671   -0.5258784008    6.7454160667    4.6969550885    1.5770096241    0.8707888933
  -6.8230585708    0.5596799714   -0.8919205392    1.3081627697   -0.6977175766   -1.6539963018
   5.2860527600   -4.7572223742    5.8706723278   -0.2540261996   -2.3679454379    0.2371123897
  -6.3448080530   -5.2973518122   -4.7947053525   -4.4763948426   -4.1380491979    0.4303070009
   6.9135576415    2.2637340306    1.9913847258   -1.7142395443   -5.3718895028    0.4205021261
   2.0204066112   -7.7785902207   -4.6543615524   -2.1627692595    0.6139772594    1.0204683845
  -3.7777099739    3.1332338188   -3.0441283636    1.7059277161    1.7461906142    0.9104146254
   7.3040414321   -0.4483663833   -4.7093914344    0.4027652707    1.2710199099   -0.9583805019
  -4.3346984661   -5.9133490481    4.5125184818   -0.0101986800   -1.3774135753   -2.6955568664
   6.8740073257   -2.6585649717    4.3514055166    0.7504705482   -3.1522458937    3.4781146928
   3.6279614766   -2.8374870411    3.7943325161    0.2865080944   -3.3722492395    1.9943744420
  -0.0909726130    7.9648695364    4.3146784745    0.7014923313    1.3579812382   -1.7313883836
   7.5272545030    7.4083070552   -2.0526811789   -0.2619420398    3.5587474029   -3.2954420937
   5.9752948104   -0.0677442142   -4.9992254594    0.6413766262    0.7782434135   -2.4665369528
   6.0136633067   -1.0162774529    7.3085236326   -1.2826853993    2.2181584651   -3.1221335530
  -2.1531861838    0.8345170835   -0.0649683989    4.8501326304   -1.1085302130   -3.1455796168
   8.2465830841   -0.4178204568    3.4245061892    5.1985071961   -1.0088611046   -0.7269125229
  -0.2638356453   -3.3674748161    4.4887250662    2.9374266182   -0.2647650889    1.2229652973
   0.6573344711    1.9372841923    7.4437307000    1.8496015486    4.3553904593   -0.0638305463
   2.3039071209   -5.9287387127    4.7627379212   -2.0969312361   -0.3465527112    1.8664192323
  -3.2171657737   -8.2389045809    2.9781373525    0.0054969012   -3.0222770593   -5.5237638795
  -4.7883747857    6.3988263388    5.4276111895    0.1286286025    1.2745832027   -3.2653505797
   8.2906693204   -3.6013300196   -4.5624698932    3.6049696270   -4.4956639013   -4.2577374227
  -4.7757782730    0.1068532385   -1.1950100683   -0.8704636281   -0.8830507079   -3.7429325521
   2.5219251357   -6.5774752219    5.9528213480    1.2569192873   -1.4441705158   -3.3310011292
   4.5477352813    1.2600576438   -4.5700697509    1.4929139800    0.6540121602   -2.8007601217
   5.3079369940    6.5379401960   -3.5445086977   -3.2046851897   -1.4521866625    3.0594724372
  -8.3452112568   -2.2747023240   -6.3349416218   -1.8808719312    0.3431570798    0.0965964307
  -0.9987408096   -0.9117463241    2.6451382375    4.8089853545    3.8166818987    2.4538208951
   1.8236704186    1.7469080593    1.9708744221    0.3963147603   -2.9722389446   -2.4677087235
   3.2744798825    0.7848482835   -4.9662287623    1.9972273319   -1.4578652623    3.8021759670
  -7.9795240824   -7.3317101799   -6.8095397245   -3.7579592805    4.2610356241    0.2895912024
   4.5203015546   -5.7834812216   -2.8096104263    3.1816027031   -0.2390653450   -2.3380398211
   6.6031552074    1.0111066340    2.6207189076    0.8455037144    4.0939733682    3.6398201149
   8.4673786465   -3.7786175449    5.9773527670   -0.3043993063    1.2146535351    0.3385395273
   6.6752234285   -5.2452362130   -4.1620880038   -0.0949041677   -1.1334616109    3.5519951199
   5.9062199910   -5.8558668925    1.1541980368    2.5547462513    0.1172384508    1.3083826556
  -4.3200715955   -4.5593623080   -7.8007967885   -0.5059345471    2.2042452008    1.7252831485
   4.4357064033    3.5084898385   -2.2358113172   -3.3437849919    0.7765361413   -2.5443395914
   2.2758650596   -5.3723938495   -7.9051947995   -1.2590724900    3.0183179016   -0.0603043255
   6.1418054721   -0.4856269831   -5.9403050290    1.7697344799   -2.7925364468   -2.8366519421
   7.9891754390   -0.3766099171   -7.5460517590    4.8595091572   -0.2826313792   -1.5232883379
  -6.9374884102   -6.5562923508   -5.9799760188    1.0338497765    1.4571274089    1.0437873484
   1.4099594868    4.9896792146   -1.7111479484   -1.7410596561    1.8176524871   -1.3363944387
   7.4783296029    6.2003625477   -5.9663737536   -1.9229586795   -1.8353279071    1.2912097837
   5.6997302645    6.5372961256   -2.2503456834   -0.5614964698   -0.3467226969    0.4929531251
  -2.8188889779    0.9420389128    4.9659627809    0.7088951973   -1.6082050117   -1.9522914010
   7.1197948815    0.5655297840   -7.1492113799   -2.6321419876    1.1096755278   -2.5224696287
  -5.7462500881   -2.9700774868   -3.9434314329   -3.5155072235   -1.8448762671   -0.2712690674
  -3.5907593929    7.3564661062   -7.4835474156    1.1167742162    0.5849588975    0.3619054288
  -3.9133653877    2.3492266478   -3.9955420170    1.3393418175   -3.7091829504    0.0178050652
  -1.6215799308    7.4205162411   -3.3913388936    3.4893525051   -3.3751297318   -1.1773645110
  -1.0514663473   -7.6856927956    4.9940165130   -0.6462014052    0.2298659384   -3.8172566695
  -2.5731846639    1.8130561977   -1.9027536386   -3.6758293227    2.8078486536   -4.5750945168
   7.5542866652    6.9298335359    2.2801549628   -5.0435275132    1.5353344015   -0.9302370755
  -8.2263363621   -1.6187970351   -8.0565487732   -2.6457962688    2.2077751041    6.2961961600
  -8.2528341906   -0.2200920331    7.5773301456    0.7562818239    1.8501815072    2.9616034023
   1.3937830598   -8.4949971400    6.5782492271    0.4899384407    2.7643977123    3.9535545686
  -3.5928332982   -5.1240128573    3.5543061182    3.3452208360   -1.2232832262   -1.2093306237
  -3.0138860403    6.4670022716   -3.9707637877    0.5234186449    1.6898015349   -1.6130716187
   7.9463756497    0.8904502688   -8.0564543455   -5.5328554046    0.9106873644    1.8242855950
   3.9279350329   -5.6179711057    4.4773374226   -1.6640947718    1.7990381222   -0.8953788498
   0.5420004593    7.4210623486   -4.5784620384    0.0369757362   -2.0234458744    1.1956209088
  -6.6310125367    7.2165216437    7.7942409187    2.3534851829    0.3785583505   -3.8951804073
  -3.0948026298   -1.9384651742    7.0196413134   -4.4954280106   -1.1309386808   -1.3987746639
  -1.1787083076    1.0816981335    4.5879799867    1.3686021437    1.4044989563   -0.2649216016
   3.4931102584   -3.7137932333   -5.0348030924   -0.7533840802    1.0886840349    2.8397075072
  -4.7117418088    8.1177988919   -1.5740063303    0.3248682151    2.1870009410   -1.1858969401
   5.1479650957   -3.1944373448    8.0465089340    0.1713559548   -1.3435879512   -4.1945280302
  -0.8125257551    1.7109596988    2.3052499081   -1.5513528119   -4.9172061411   -1.1061814848
   8.4322800504   -6.9646005867   -4.4548058525    1.5790377634    2.2742091530   -1.3942654109
   7.1633637886   -1.9015157006    4.8810626651   -0.7601118750   -2.4983082582    0.7201895872
  -3.0909695758    1.2096924314   -5.2958821442   -1.2785831137   -2.0206524787   -2.2629374203
  -6.8277062949    1.8236314640   -0.4933127232   -4.0153736902    0.3072448220   -2.6531073591
  -3.8611458386   -4.8854649517    5.6333715690    4.3631695714   -2.7109413611    2.6822013000
  -3.6717625970    6.7288300215    0.3344614155    3.2023569029   -0.2410932541   -0.2435639062
  -1.2032146181   -1.6078225474    3.8227264714    1.5427880692    1.2783984808    3.9148626870
  -1.7715500016   -2.4595443122    3.5828377258    0.0327876338   -0.5394021362   -1.2003753493
   3.0095101326    3.3610570156   -3.2408701266    1.0005790368   -1.8674756837    2.6870347125
  -4.1420918136   -1.3363247880    3.0678574121    4.0652839000    2.9074002833    2.2985418763
   3.6552348450   -0.9380665068    7.8217748113    0.7812482475   -0.8230085544    2.2580669506
   1.0999325385   -3.9482533486    1.1648745244    2.1006663824    2.0170647591   -2.4289595907
   4.3403860973   -3.2958006727   -5.9780456883    2.0087169852   -0.2210640601    2.4782971733
  -3.5077704135    0.3157796380   -4.2500507644    0.8865014770    5.4736703597   -1.5641493658
   6.2736978981    0.7805445691   -8.2330809167   -1.7250309230   -2.3731681633    1.7045086501
  -8.1648765405   -0.0326451530   -8.3866794594   -1.2321771582    1.3759220305   -1.0288014050
  -7.8887836099   -2.2749509768   -4.5823633434   -0.4660633989   -0.1499850969   -3.1808092364
   8.3034355802    2.1805897283   -7.3008374067    2.4747156892   -0.7333187520    3.2776488792
  -2.9542905681    2.8798335950    7.4211645851   -2.9072334233   -1.7174824977   -0.0587334600
  -6.6784409819   -1.4476209543   -8.3859152096   -1.5455554702    1.6735978858    0.9313606210
  -7.5779063246    1.5750204423   -5.9020697104   -0.7861405097   -1.6822109179    3.9730540567
   6.2908061820    0.4198930759    7.0947470793    2.9654928832    2.4621240778    2.3822941870
  -1.6975182995   -6.2016634901   -2.1855439588   -4.1902627794   -0.0543651956    2.2188372394
   3.4816310001   -3.7755634963    7.2281761316    2.7379293501    3.9394056320    0.4968299883
   8.1246235431    6.1538979295   -2.6457820808    1.3168395507   -2.7853060287   -2.8013604061
  -4.7089481507   -0.7900731113    7.6829186710    1.9501771201    2.0991258808    3.2517604531
   7.6909834305    7.4170722831    7.0237405469   -0.6184467066   -0.0968517683    1.4467434567
   6.9309397860    1.0963257524   -3.0183352738   -2.0328120932    6.4054191425   -1.0049344888
  -5.0989389771   -7.0230239816    6.9560788171   -2.0900806572    2.3663048141    1.4683009664
  -5.2801603838   -7.2575645225   -4.0796417061   -1.8399843869   -1.5377520755    2.0771568355
   4.0659463971   -4.2110063217   -5.5179973279   -1.8757234992    3.5331896603   -0.6779841625
   1.2146849635   -2.9055986088    6.6156475213   -0.0728694010   -0.8932974638   -0.2503824744
   0.3051792893    6.8405489034   -6.2968439028   -0.4551020855   -0.2299170240    0.1901576597
   7.3663341420    1.8687060996    2.8036455373    1.9739617054   -1.3683226894    1.9806784392
  -1.7631926417   -5.0410949169    6.3579902922    2.4733934515    0.1286148292    3.7395630623
   7.2430533704   -3.7134212119    1.0265305188    0.4565985717    0.3776912765   -0.9390543471
   0.8633667423   -3.8151366541   -1.4245321278   -1.8206109530    2.5846508046    2.2773341740
  -7.4806163479   -7.0114655999    0.0206383575    2.1589451838   -0.6855668936   -2.0950114372
  -6.8211379409   -0.5402771836   -6.7163467062   -0.2597225971   -0.5499636105   -3.7063580458
   6.6371595309   -5.4603073974    7.1796787983    3.5399314128    0.7681125150   -4.2851311201
  -3.9460422875   -7.7367004285    5.4372646748   -2.6835589420   -1.5437514117   -3.8451307790
   6.9459486236    7.7765948823    2.0655263574    0.7877108477    1.2434820754    1.1532273097
   8.5057213810   -5.4634670450   -5.8035107814   -3.1203135814    0.5267736433    0.7461302245
   6.3235892900   -7.6813698622   -6.1542563505    1.7002543862    0.6086725019    3.6471896248
  -2.7444616585    2.6851495438   -7.9484626762    0.5361661917    1.5723655262    0.8136518692
  -2.2816284875    4.9296037276    4.1364433784   -0.0417331998    1.9565169941   -4.9428657628
   3.8407612449   -7.7205835199    0.8351625015   -1.4988124089   -0.8607869454   -3.5679739680
  -5.9095168190   -7.7813404684   -0.5735210693    1.7957292495    1.0635053194   -1.6636817430
  -5.4152141183    2.7775406460    5.5725990272    1.4620134621    2.7527545583    0.0033279686
   3.5956409636   -6.9481006351    1.9667962879   -0.6824526458   -1.9029037264   -0.1574973534
  -1.8952233980    5.9891779122   -4.4890750980   -0.7428042638    1.3188418617   -1.5048657592
   3.3703188135   -0.5854599168    5.7650848974    1.4452204910    0.3173812560    0.7653987587
  -4.3594240106    0.2714343814   -2.4352767082    0.4174712772    1.4914399493    3.1871246286
   0.1790175185    3.9814015676    8.4576150950   -4.2384691621   -1.6546189490   -3.9099407140
   4.0881932012    1.1476427202    5.0907136909    2.0441432874   -0.7583108119    0.9914999739
   3.6724236093    6.1213583798   -0.3541051276    1.7905370028    2.1565129597   -1.3236600129
   3.8618740250   -2.1563761063   -3.9688767357   -0.2807838233   -1.5833120277    0.0388884488
  -8.2434425220   -6.0705106821    8.0972964764    0.7936453996   -6.5627078489   -0.5876228642
  -3.0113772242    3.1326522810   -4.7086708590   -2.8664900792    0.0569473542   -1.7431783022
  -0.4307844323   -5.8005570118   -4.2564007291   -0.1725051522    2.6719585605   -0.0641040312
   8.2084011857    7.3955717229    7.8501845191   -2.5303604667   -1.1259774318    1.3529973680
   5.3961700427   -4.3008517746    2.0305508351   -0.2752274246    4.0605120292   -1.0945917224
   7.0575783438    0.1464912632    1.4553231702   -0.4325656838   -0.4900542379   -1.8364414996
  -1.9602273195   -5.7938478103    8.1031242584    1.8361547147    2.2875935836   -3.9623187922
   4.5653657239    1.6750107784    3.0699354076   -0.9580923801   -0.3020648532   -0.0742403567
  -3.2038461729   -7.1032835241   -4.1573098909   -0.0399777164   -4.4486799447   -0.9884105780
   0.7546384489    6.8704362979    7.1312995920   -4.3190268914   -1.7287428979   -1.4069842233
  -6.4156317690   -6.9749483617   -8.0141167918    0.0521218868    1.2782875967    0.4463215871
   1.1024480444    2.7522751991   -6.8698509646    0.9750399723   -1.0739326702    2.6664896468
   3.7721116369    5.8811404059   -6.3697433971    1.8503509415    1.9654125068   -0.5685357366
   0.8281371885   -8.2082305108   -6.8406971047    0.5505871090    0.1877038784    1.6679418712
  -4.9577170224    1.5346426475   -8.1081063240   -2.1723526147   -0.2517230262    0.3453982432
   0.7634971410    2.3668255641    0.3792346979    2.2725143902   -1.7830021096   -1.9826493754
   1.6876246052    3.3646789699   -0.7085688682    0.1216255330    1.5017557952   -0.1906380589
  -6.9536987938   -4.9066451194    2.1244671772   -2.8385338267   -0.1598422851    4.0500592182
   4.1804975557   -6.3172426998   -7.4730568808   -2.4755743773   -5.4730969961   -2.6733865689
   4.0480883319   -0.0688258169   -0.3978539327    0.0966627261    2.3664150188    2.8190258207
   1.3880959171   -6.0654248142    7.4792165941   -3.9218935483   -0.1254715072    3.7879063840
   8.1159519904    5.4864316998    2.9843077721   -1.4581894419    0.1184071077   -1.1172024648
   3.0598906528    3.2280608296    2.6614841629    1.5083349074   -0.7340387293   -3.4967884201
   7.9198059651    0.2477155747   -0.2715540289    0.1078987712   -3.7615626916    0.6274530413
  -5.1953147577    4.6965151832   -7.7787216972    0.4091964832   -0.1077191647   -1.3110594549
  -8.2988779994    3.4095007335    4.6498321400   -2.1658763557    1.8720195603   -0.9582691824
   0.7345417891   -5.3997354339   -6.9655855373    1.4827396003    1.2911501601   -1.2016641760
   8.3313784055   -5.0661243611    2.4574355504   -1.5085783331   -5.8990912899   -2.0301475402
  -3.3656940476   -6.0555257935    7.2644208454    1.3002390492    3.2595564375    0.8000982537
  -1.0189596406    5.0096662764    2.9430525240   -1.6818143324    5.5525333503   -1.8500918414
   4.4970571884    6.6925906755   -6.2270347287    0.0069297523    0.8802945970   -0.9712604485
   0.3833880579    3.6305862938   -6.8111413049    0.9042371572    0.9325885374    0.6207769058
   8.2103834300   -5.7660175782   -4.6550323549   -0.6582897806   -0.6851790227   -1.2082697477
  -1.0296561724    5.8596091263   -8.3795993016   -1.3668014712    0.7458865947    1.2599895005
   3.9512500467   -2.7291048316   -2.9461179712   -2.5059051276    3.3077016654   -5.2036131730
  -7.3320016515    2.1036088204   -4.6096720105    0.5579442473   -0.5321401896   -1.0382040594
  -5.5977169481    7.8933323127    6.8625895103   -0.0203567709    1.6922884940    0.1860101675
  -7.9833960961   -5.4741348315   -2.0853641336   -1.4092022364    1.2675107980   -1.7507223182
  -2.5826766423   -0.6822526368    2.7518527138    2.4097363143    0.0867259647   -0.4387695609
   3.7763682474   -4.5859831888    6.7501409454    1.3765303219    1.7816882079    2.9130941887
   6.6398827240   -0.3527997207    3.8046451667    0.3933522293   -2.7708531336    0.9201425369
   5.8418772932   -0.0090288485    8.3361200950    0.7830283418   -2.0369451973    3.3272184924
   0.2487610249    6.5331118394    2.1244321904   -1.1720141042    1.7645990117   -1.0288761644
   4.1735919868   -5.1870252183    8.2049580148    3.0588706981   -1.9160613051    1.8273626142
  -7.0364275714    8.3511759080    8.1839476382    1.4920376747   -0.0255279186    1.3806001130
   6.3970284784   -6.4135007109   -2.0885120530    3.5574159452   -0.5019738068    2.0077343673
   5.9611428453    0.0110827001    5.7646323643   -0.2367397619    1.0356905155    0.0214827868
   6.3510007275   -6.2650903432   -7.9563563432   -1.9852745415   -1.2138413123    2.4874865806
   3.5682271216   -5.7640158642   -5.1494764540    0.4505368618   -3.9687847979   -1.8050982451
  -4.4832875090    5.7623654921   -8.2204835454   -1.8881592728   -1.0548245787   -3.2548290714
   4.9554576979   -3.0253040092    6.6936773380    0.1793410818    0.8170518602   -0.3613598929
   1.9013410101    0.9082096655    7.6238953666   -3.4819782497    1.0641574355    1.1425883521
   2.0395266223    4.4568151933   -0.0715813099    0.2079939976    0.4461276139   -2.1582673275
   3.9043398373    1.4077609425    0.1635218604    3.6551129784    0.3656033130    1.9179650872
   0.3940503327   -3.9479610653   -5.3111186414    1.9008062418    0.3599062498   -0.7794335649
   4.6487019419   -6.2492098916    8.5268017301   -0.1441158466    1.3889781198    0.0881615947
  -3.6811874997    3.6760951643    7.9459480988   -4.0074206357    1.8782267543   -1.5607726772
  -0.1957766327   -2.0395552047    6.1964985013   -1.7602434432   -0.7987764459   -0.0060323467
   4.1911455398   -2.8499997976    5.3158204594    1.9729701267   -0.6466167026    0.3447250746
   1.5451143394    8.0966654704   -1.7312340788    1.4852852342   -1.3466252259   -0.2544226111
  -2.1932692130    8.4629289520    6.6235850618   -1.5716728573   -0.2482291889    0.7792656615
   5.3956162153    7.3167808805   -2.8707180578    1.7670596210   -1.6795736441    0.9978167077
  -4.4242968748   -1.0169474489   -1.9650085207    0.7692487768   -2.3476065471    2.2176602764
  -8.0166642795   -3.6349175928    5.0424081562   -2.8826542434    1.6569006790   -1.6936084152
  -5.7708145532   -5.6141380146   -5.6990147992   -2.8277532356   -3.3966899480   -1.0687950226
  -2.8071130794    8.0744787066   -7.3907217656    0.6057531206   -0.5289554658    3.3102550283
  -3.6965476174   -4.8172090722   -4.5171072306   -0.1421904625   -0.9695874566    1.3149544476
  -8.4347910326    2.5839792744    1.3433945064   -2.5709272293    0.7082643552    2.8493005368
  -4.7016500214    2.5346810161   -6.9134682973   -0.3755371899   -1.3537675990    0.0970306467
   1.8276919253    2.5861819588   -2.4226045514   -0.2683576494   -0.3558817630    0.1389000745
   1.0527554070    3.1100765169    3.3494764286    6.1002316051    2.5325810651    7.1260564370
  -7.5255892719   -2.0073818688    8.5266004432    0.8190204785   -0.8792808785    0.6602803662
  -7.8593108979    5.1657874177    1.2214432590    2.2607084782   -1.3745587972   -0.8217681881
   5.2502052913    5.0201301213   -2.2250516763    4.7509271437    0.0202022080    1.6333353609
   7.9793679499    8.3931068913    5.7878536124   -2.1337305106   -0.1363497077   -1.5190250350
  -4.8816714102    4.8203521275   -6.5968734742   -1.7333420619    5.4999490618    2.6479964901
   7.9818485134   -5.5115052595   -2.5404576100   -2.3815791204    2.6588420164    1.6828363703
  -1.3098731376   -3.4183371235    1.0699411362    1.4278798733   -5.1990662910    1.0746169170
   0.1782821954    0.2029909917    4.8094163373   -0.8673545503   -1.6769712220   -1.9256252782
   0.9216791171    0.3301985306   -4.1388550760   -0.4821254322    4.1720714960    2.9315941143
   3.2049464127    0.2694731221   -8.3220090416   -0.3016348908    0.0653431311   -2.7243164182
  -4.3160768891    5.8266699224    1.6559006232    3.8540400116   -5.4001466469   -1.4183969844
   7.0748074282    4.8977566298    1.5354432129    2.5586448107   -0.1993192204   -1.0028896152
   0.2287977336   -0.3246522929   -5.2913067829    1.0136957218    1.5358396296   -3.5262350070
  -3.1505162654    6.8424106902   -1.8928931104    3.6790276151    0.0139278949   -1.9689953204
   2.9595784807    2.6997892131   -6.5460908307   -0.9195995967   -0.7237051388    1.7272101971
  -3.7890926806    5.5787835313   -0.8500732451    1.0822445500    0.6938982724    1.5729009007
   7.1241778283    1.8894493790   -2.2351317959    0.9590772047    0.2668797423   -1.6932684818
  -7.9686820493    0.6481832325   -2.9300007442   -1.0914772173   -0.6420368697   -0.2182755875
   2.2682465998    3.1741395308   -1.4891044593   -0.8752600500   -1.5173228640   -0.3887558542
   7.9523711769   -6.3136112070    1.7617964234    2.6849611886   -0.3091745184   -1.1704620130
   4.0639278820   -4.5247088292   -7.6351139089    0.1580777327   -3.2414254807   -5.2624924875
  -8.0441460682   -6.0361492986    0.8750051644    2.1215043638    4.5053447073    0.8577627674
   5.8363644320    4.4854095716    5.9514404913   -1.0885628226    1.2025387422   -0.8364715338
  -4.9634513175   -3.5526883651    7.6182174574    4.5129154090   -1.3415113873    1.2161954441
  -1.9612895943   -8.5463539985    0.8689026304    0.3666572270    5.4984190422   -0.7118429217
   2.3650041062    3.3734975684   -7.0292181165   -0.9492297703    2.9586403023    1.9025398447
   1.8911025605    8.4842989515   -8.5034618693   -2.2391515367   -1.1742494069    0.6034909891
   7.0125948266   -1.7864215896    3.6302267161    3.1785886166   -0.7123315527    2.4289480227
   3.7250739230    4.7095683582   -6.4645090816    1.1478059382   -0.8195831921    0.2291154311
   0.8230660853    6.4046103361    7.8431884826    1.7160155328   -2.2607110263   -3.0608210590
  -0.3772997500   -2.8976060150    5.4592425421   -2.7076377641   -2.2024271004    2.6682065236
   2.4743910098    6.6196382756   -5.5854558781   -0.4535142533   -2.1782579912    1.4838246977
  -6.8282887576    8.3600540670    3.4694861357   -3.2051478970    2.7313575130   -1.4585522162
  -2.9469563796   -3.1388962022    7.9331241396    2.6683196843   -1.2587385021   -1.2229855270
  -6.2686110595   -2.1495735606    6.3224131021    2.6778079923    4.3583289918    1.4124119852
  -5.9256072861    4.2509437346   -7.1681500760    0.6472102206   -2.2302337192   -4.4769004453
   3.2097341002    0.8755207284   -0.4001288935    2.6955639545   -1.9778432360   -1.7636271706
   7.7866158628    7.7808389080    0.6123064617    0.1774707644    1.2257103831    2.2976120905
  -5.7451601600   -1.1753559638    5.8422543691   -3.1246445271   -1.2038084249    3.7973572920
   5.5242965465   -1.5583679566   -2.8109116429    4.5664307468   -0.5437695344    0.3186776393
   7.9071600369   -7.2514965084    7.7779918171    2.3257309889   -0.3315119458   -0.7948129270
  -0.4515475373    3.2969270375   -2.8075874638    1.1491911455   -0.3995265122    2.2796940453
   4.9859934479    0.1544579576    4.6992617432    0.0186299653    1.7657767885    0.4316950179
   7.9063399962    5.2385211029   -0.4443709653   -0.4153021595    0.3609222236   -1.1443055574
  -5.5064804178   -6.4006160519   -7.5138864151    1.0054263205   -0.7898183529   -6.4940363342
   1.1672714364   -2.5198794308    4.4336719437    0.2403966993    0.7674200785   -1.0484401464
  -4.1337229998   -8.4511948737   -7.7130184532   -2.1096863793    0.9166754008    2.9225375772
   7.0347144247    3.9060354135    1.4702652706   -1.2464489255    0.2414222065    2.2248840895
   6.9908174390   -7.4233616832   -7.2389907320   -0.2996890366   -1.6429557714   -0.8142039219
   7.1736249589    5.4996542950   -7.9370806819    0.5453733396    2.4017064258    1.6894397963
  -6.7617724534    3.9933906034    0.7107575077    1.8893035534   -1.6884525537   -0.2470473812
   6.0303300436    2.7598370761    2.5887320915   -1.5264041407   -1.5264487894   -3.6657892563
   1.7690186233    1.4421584794    0.2572654547   -0.9912326055    0.0857601347   -5.8492049675
   6.6230065598    1.1439820028   -5.5944853335    1.9670275466    2.1742380208    1.0428564662
  -5.8406681780   -1.7834448079    3.9504379005   -3.2927114223   -4.2528195922   -1.1499775234
  -8.0290015493   -1.4206150258   -2.3822514589    1.2174246873   -0.0548141673    0.1186156902
  -2.1407499650   -5.2554603417   -2.8692909025   -2.7489107550   -3.4259309108   -1.0466517265
   3.1125963578   -5.8875262876   -0.1710379391    1.2406542174   -4.4426990949    0.3361342220
   7.3735596923   -5.2583520451    5.0808318764   -0.1613197807   -5.7514354828    2.0319536408
   8.3926967704    7.1564396868   -1.1532712593    2.2208553780    2.0028832575    1.2895320144
  -1.3348033891   -3.6178692729    4.2076713554   -1.2185604247    1.0528165391    0.7216311639
  -4.9619098847    0.2594784245   -4.0428295290    0.0520022008    0.2492482872   -0.2683164536
   0.2725619281   -0.5424198205   -6.6584603211    3.4210785790   -0.9604825014    3.2976947585
  -1.6262971709    0.3648120812    5.5952737984   -5.1409097009    1.2380231928    0.0778816420
  -3.6432044931    0.1540351175    6.9147407095   -2.7211743443    3.4667327161    2.1847574567
   8.0583511487    1.5437387649    2.2622701449   -0.2130846562    0.4556690321    1.7838532636
  -2.3803159140   -3.9462786392   -1.0431280201    0.5857952072    4.0358615165    2.2427551464
  -4.3325848917    6.5826290781   -2.7037436778   -1.3293744086    3.2406392781    0.2354973548
   8.1145140146   -3.9669951529    7.8185574688    0.4431708481    2.8512824363    0.1622785361
  -3.8870898372   -6.5572512927    5.6644439715   -4.1849353649   -2.4433696341   -2.2279957894
   6.3882039331   -5.0571981498    8.2491120453   -0.6049116868    0.9366660057    0.4973829880
   7.4679374605    0.7294065231    5.6912856205   -1.3309337143   -1.9744268417   -1.3614187527
  -6.4898845093    4.8506007373   -3.0636596487    2.5004551396    1.2876051341    1.0469907922
   6.1562744854    2.7697326505   -0.9965587782   -2.7375069446   -1.5631739699    0.6827670128
  -5.6029491471   -1.8776039174   -6.9150990604    0.1471833996   -0.2694368443    0.5762676036
   3.7125936320    7.7960829473    3.9411152790   -1.4261961448   -4.5517869168    2.9041958221
   7.7899376733   -2.5161727012    2.1402756451    2.9576338718    1.4535061929    1.6185204271
  -6.4199046453   -1.0953421828   -4.9548917436   -2.3209087150    4.0066500705   -0.6128648482
   5.1023634800    1.5221735030   -2.3212947521   -0.6361885074   -0.5742438441    0.6769426774
   3.7273363115    3.0953944262    0.0156909383    1.4507025239    0.2196931700    1.2061967790
   0.2758848636    7.2557938636    5.0058873234    0.5467593117   -1.9560465197    0.3283289516
  -1.8572310636   -4.2071136614   -5.6656834061    0.0829963123   -2.8252915216   -2.7619091031
   2.6010318862    7.4574253183   -4.3758351098    0.6234397992    1.0820881591    4.0671181513
   6.6540391664    8.2703616712    0.1793616559   -3.5097738051    1.3206280493   -0.5660052893
   5.9131272181    3.7680060620   -7.4161067136    4.5608563431    0.9566935651    0.5644209766
  -8.0562242080    2.9547766534   -2.6450898871   -0.4836969593    0.3352165129    1.6469184513
   5.7991856720    0.4739673108   -2.5242017015   -2.1115491268   -0.1907730095   -1.3491547665
  -6.1406290075    5.1530154100    3.6304042314   -2.6101818308   -0.5054521288   -1.9127313857
  -0.5256392945    5.4973986296   -7.1072847419   -2.9870301757   -1.9049633764   -1.4069892823
  -2.8747924301   -5.7385546031   -0.8074224531   -3.1981265394    2.4201825515    0.0901478398
  -5.9951918400    3.6219169767   -3.1673765813    0.3951096902   -1.5959402377    2.3282036460
   3.9029233999    7.8122575055    0.9571915141   -0.4111443015    2.3187825576   -3.4950851627
  -2.3705517953    6.4706535041   -0.9223465186   -2.6488707862   -1.8819458286   -0.0680508931
  -7.4052735589   -3.4271476671   -6.2684519740    1.2224820159   -1.6562874531    0.1382891104
  -6.7475646723   -7.7405523725   -5.3219549495    3.7696284375    4.6732155090   -1.2662488420
   5.3585946836   -1.3089692982    1.9274104122    1.9831795393   -0.0114807754    1.3007689002
  -0.0103834452    8.5343646473   -4.8992966997    1.6023972936   -0.1960710227    4.0141747371
   7.5850240855   -7.3003705852   -3.5829505664    2.0579466389    1.2267192836   -3.4120963827
  -0.7536349820   -6.3471128869    7.8194554843    4.0201171123   -2.8687380276    0.8593424101
  -7.6510192165    1.6552768248    3.0107573092   -0.2503119257    0.6389969814   -1.7890015133
   8.0829165721    6.1216729805    6.0737338804   -3.2670461771    3.8917773223   -0.1495971369
  -8.4861135303   -3.3116269508   -7.4856740264    0.5423221490   -1.1842449950   -5.6082419416
  -4.7981102912    3.0518916782    7.2332874771   -0.7081644098    2.5203449919   -2.7016403774
   2.9178500457    3.7970844946    1.1325977186   -0.8593710118   -2.4641213582   -2.4630581740
   7.9305956502    2.3456191392   -0.9734914544   -1.0072796272   -0.0269929884    0.8223794038
  -6.1142687707   -4.5079407763    2.7045564633    3.3526044147   -3.2429988960   -0.6155089714
   4.5733982733    7.1316128109    4.4192179374   -4.7260559834    0.3175417632   -1.9824234664
  -4.4559380308   -1.8114977413    7.4840341367   -4.0097079708    0.9459992909    5.5491643946
  -8.4235425353    4.6701451772   -7.2351936413    0.2838933461   -0.6278637339   -3.0529447013
  -2.9702366957   -6.1254107007   -2.2771105728   -2.1033866802    0.5742929261   -0.1798406744
  -2.5776781103    5.1182187888   -3.4543394023    0.7517366344   -0.8598645682    1.5180361291
   2.7671018798    6.1956951935    5.6667038632    0.2426773387    2.5035814004    1.9561265174
   3.2952871909    4.5251987109   -0.3422122776    0.6215010724    0.8232974664    1.7529632048
   0.9880395176    1.2711643570    1.4906203430    2.1222762289   -2.2976458816   -2.0970322477
   1.1321696613   -0.5181473243    7.8576346203    2.5938543514    1.2632070418    2.6292991386
  -3.1715838781   -1.6071669227   -4.3463410990    2.1009380502   -0.9824232662   -2.0856705805
  -7.4735992819    1.6742926587    1.7882548482    2.4659978306    0.7420885943   -0.4282741453
  -4.1475968946   -2.5044647875    6.2762238441   -3.8207918341    1.5948727331    1.6165402612
   1.1532119128   -3.5968433006   -5.1329595638   -1.6733215645   -2.5201039772   -2.2923035236
  -2.3472177382    6.1916892744   -5.5241733393    0.5058950000    1.3749752056    1.9994079910
  -5.7382333678   -6.7871464780   -1.4541761012   -1.7764939623   -2.1345006018    1.9743006255
   4.0059956276    4.1853859675    1.5972517476    0.3536575751    0.9769753707   -1.6031647956
  -5.7502060194    1.8821768203    3.1299514266   -3.5455062031    1.8001954827    0.7370105915
   5.3114006937    7.6881811287   -8.5482734197    3.1309192558   -3.3945367755   -0.0501905548
  -8.4727031200    2.2099656987   -5.2977049696   -5.1127966224    2.3606098907    1.6152550507
  -4.6453271113    5.5247330113    6.5092762603   -2.1222564479    2.2294843493   -0.3639583388
  -0.5440122561    5.6921116454    1.1898540736    1.9140696915   -2.7331109015   -2.3323269527
   1.3701688176   -2.8355488819   -6.7793698651    2.3492773516    0.6929052113    0.3880313134
   5.5856933226    1.0956703734    7.2613687072   -2.1500921489   -5.8944488347    0.5740867305
   5.6878332891    6.6858713669   -8.4344227202   -2.4345474881    1.7790003698    1.9370164827
   1.9353867937    4.2293273592   -1.2924033716    0.1274892154   -0.5589106366   -0.9598206553
  -1.2231920630    4.3749714565    4.1694436773   -1.1580223962   -1.1193616880    2.2672261716
   3.5389183954    2.1785600515   -4.4726249028   -1.0835463250    1.5957928400    0.1740287928
  -4.1074086172   -5.2511733551    7.8489900187    0.3703255498    1.0790778783    0.6426653281
  -6.2839155369    7.8541470969   -5.1201185710    2.2103830613    2.6706792957    0.1388688097
  -2.8717600862   -2.2986847785    0.5345237635    0.2897538342   -0.2329745364    1.0249570515
  -0.7133356837    4.0072284693   -5.7205983038   -0.7422905816    0.1943050934   -1.3019896327
   8.0329853899   -6.1170665673    7.1452387969    4.1199172012   -2.0486754503    2.2565854719
  -0.3808472965    4.2440770570    0.8776488730    5.3034449810    1.4116646732    0.8308366375
   5.9475273953    8.1985599929   -6.6811661711    0.0595580644    2.7136096839   -0.6259168782
   8.4406888221    2.1746626847    8.2727625004   -2.6441456255    0.4338280875   -1.9601319301
  -5.2203412990    5.1396203244    1.7943080068   -2.8223216582   -1.3905149305    2.3184387564
  -3.8242049018    5.1210199667   -6.0778003702    0.9364034085    0.3486262260   -3.9309812640
  -2.4374362895   -3.8505787690    0.5144881028   -2.9978928570    0.9097026338    2.5436558803
  -2.0015121995   -6.6404421480    3.2686946423   -2.6505260241    1.9192673254   -5.2084846102
   5.1221454025    1.3300899517    5.9611748630   -0.7979072900   -2.5916421802    1.0488339623
   0.6471328005    0.9274326566    7.1138120510   -1.5026489509   -0.7431617363    2.0151742366
   5.9147929340    7.4926368934    5.7940910314    0.2748073555    3.8264362723    1.8826142031
  -6.2519296392    3.0016117631   -1.5092874102    0.0320466656    1.2059436186   -0.9852085453
   6.8432213306   -8.2024653629    1.6482232174   -1.9831545612   -3.2614640873   -2.4265331002
   5.9803616509    8.2963511221   -7.9689505083    3.1755509146   -2.3531461070    0.5442270683
   4.6022543738   -0.8998461803   -8.1814677657   -0.3863517319    0.0826222933   -0.8310111716
   1.7767025222   -6.6104555947    4.2148319029    4.8304208194    2.9252904273   -2.7601838768
   8.4049548570   -6.6328635707    3.8954023797    1.8890691482   -2.7118486027   -1.9391798070
   0.2737440200    3.4093211206    0.2329884443    1.6881714396    5.1425088005    0.3715599958
   0.5589290562   -6.3212855056    5.2758187287    2.2616713277   -2.1114709605   -0.4935718716
  -7.8154898425    6.1378881703    2.1054568420   -0.1456018285   -0.6179245203   -3.6799061270
   5.9563042075    0.9629744435   -6.8219840515    5.7471457655   -1.3868805255   -3.8456159393
  -0.2536553372   -5.1602633642    6.3588264789   -3.9204343546   -0.4302818229   -4.1435518594
   7.4288757475    4.9420340883    8.2828111473    1.6358545991    1.7596898844    3.7434077717
  -3.2599219180    4.9943451365   -4.3868996642   -0.9283621605   -2.3894380253    0.2915780389
   4.2491146111    5.6744881071    5.5225845147    0.7675073094   -5.2215423984   -1.2425565762
  -6.8531798175   -3.6809945215   -3.2283522356   -3.3957395675   -0.3796585912    2.6649132525
   0.7451536486   -7.4387130568   -2.3313129639    2.8886667437   -2.8270388083    2.6495673789
  -0.0748274091    1.0211848020   -3.3671884912    1.8725637287   -0.6123203573    2.5051022510
   2.9906332611   -2.5399553491    6.3632708497   -0.4693964707   -0.2355998348    1.1238997450
   6.1247951154    3.1138413903    5.2181021711    2.6924582217   -0.7807676452    2.8302782627
   5.9561231851   -6.4280339432    0.1004360057    0.4198883003   -2.4076409266    0.3207129896
  -8.3977426356    6.9843370398   -4.2637353317    1.4677365819   -1.9590436752   -0.9158027543
   4.4522414268    6.2519186669   -1.8327670271    0.9234442185    4.5227539626    2.7514700606
  -0.6975628921    7.9415694028    6.5881745564   -1.8198358740   -1.7699752314    2.7074953567
  -6.3120745941    3.7581494057   -0.7936783118   -2.2616057579   -3.6947426613    3.5604874546
  -1.2123594755    0.9937034944   -8.0402476149   -0.9848220642   -2.3358355840   -0.8430979576
  -6.5286524921    6.9048649710   -6.0976724493   -2.4625040747    0.6537648888    0.3877047931
   6.6211263284    5.3459502660    6.8946223182    1.9748027811    3.2902761233    0.0588468861
  -2.9786574976   -4.5244884362    2.5235685930    2.6891780687    2.0426856239    0.7230518252
  -4.9530117298    7.7807033905    1.9671172168    2.2561866940    0.7241228763   -0.3015501195
   6.6052922163    8.1062998234    1.1175475652    2.1758380594    1.7869992913   -2.2487494443
  -1.0286129282   -6.0014983070   -0.7809032600    6.7593628660    1.9038453171   -0.6609061550
   5.4857252077    6.7924369727    5.0178432637    2.8865392048   -0.8716252100    0.3360842353
   2.9034107041    7.5573847990    4.5393806112    2.4686371969   -1.5205270475   -0.1762064355
   3.9892617443   -1.2010302929   -6.2443971554    0.6716730532   -0.3318915109   -2.9641810211
  -4.6463720734   -4.5468994007    7.2212364480   -1.3911323953   -1.3538564766   -2.3772356189
   2.4279225505    3.0455107194    1.4795087027   -1.3415830638    2.2799332224    0.8078593240
   7.5758039856   -1.8688057101    8.0901884244   -0.4126089158   -0.5498078644   -7.2467623246
  -8.0034766121   -0.9820709501   -4.1398124584    0.4511363591   -1.6893432349   -1.2741479331
  -8.2808454651   -0.1872390060    6.5219808796   -0.0646774084   -4.4519721680    3.3643883084
  -3.6498172583    7.0823879632   -4.9430922680    1.4658531806   -0.8838021824    0.9089242291
   4.2238240111   -2.2947981906    7.4007112365    1.3373632671    1.8317016726    2.0935622725
   7.8731445594    5.4570987226    2.0931601188   -1.3880425320   -0.0957088207    3.6668944961
  -7.0567197549    7.1352568907   -7.2503034814   -0.7799634618    1.7273734368    0.3599738971
   7.4039995012    1.8204016135    5.0307977322    2.3328879079   -2.0128797100    3.0167788195
  -0.3459790383    5.0367505056    8.1045559674   -0.7039214777   -3.9595814266   -3.7379675056
   6.5536531973    4.2331313728    6.9049937635    5.1825380599   -2.1507819116   -3.6945975381
  -2.4065268048    2.9085642507    0.4644385314   -2.7327850555    2.0642122083   -0.2870944769
   7.2356629053   -6.1416180932    6.4372962912    3.1712252705   -2.4043127009   -1.0354578928
  -5.6782116352   -8.1336186425   -1.5865214907    1.4245501987   -1.3656894049    0.4850366587
  -5.7221771707   -6.4901799699   -4.6048908599    0.9158923584   -1.1919596935   -1.3354040892
  -4.6446665698    0.5843640202    5.6378669963   -1.7831770966   -2.3810853344    1.8915784810
  -4.4664865017    3.1918372144    0.9411467480    0.8534743307   -3.7259664381   -0.7409332952
  -7.2166530216   -3.8008347624   -8.5226971384    2.3574557623    1.3280069911   -2.9613487462
  -7.0681296258   -7.1645548967    4.5402915404    2.4054383709    2.0289787609    2.1441308920
  -2.9828705661    3.9616074192    1.5641103486   -0.3198343466   -3.4378308222   -0.3762675111
  -4.3559117531    6.6664006892    2.6255869904   -1.5442360874    4.3428213107    1.7430139308
   6.1480094525   -3.3866547868   -6.0425923868   -1.5411537825   -0.9122814828    0.0624486522
  -6.7808994038   -0.5821864659    8.2221161170   -1.7096185232    2.9729477376    1.0550625373
  -1.6422452813   -3.6366387556    6.8217701620    1.8173617380   -3.1773251863   -1.4601937115
  -6.8874949578   -8.3238244251   -0.7984666306    1.0085049912   -2.2850184694   -2.4102099095
   3.9980660783   -0.3172840152    0.9413192411   -0.2964508196    3.6737140646   -1.4913981765
  -1.2708419876    4.1258965422    5.3216442942    4.3716177388    0.0790454220   -0.0216310720
  -6.6470941171   -6.7789055905    6.6032209960   -0.6779019272   -0.1098416813   -0.6322460719
  -2.3089174558    1.2569312996    3.4564308208   -0.5330626339   -0.0384057218   -1.6178092538
  -0.1431816522    4.5657853225    3.5379734190   -1.6317064361   -0.7821243441    0.4694087808
   6.0881017271   -8.2589748727    5.8467805718   -2.6031219994    1.9902081025   -3.5773417215
   8.1403861491    1.5165411990    5.5795736776   -1.5783107250    0.0055556449   -0.2288784446
   0.9818948623   -0.3712868041   -2.2969346430   -0.8501474870    2.0340356977   -0.8352432476
  -7.0963424268   -2.8696981027   -2.9000929362   -0.1028967024   -0.4444569061    3.3896838690
  -1.2350626283    5.9899247718   -3.8051446285   -0.2630941456    2.4568689136   -1.2909424465
   5.7649018429   -5.4318160912    6.4604539907    1.0141943162   -1.4907656282    3.4496835878
   3.9914860083    0.7838256996    1.3870143645   -2.9727413079   -2.0765292575    0.6847150813
  -6.0513355145   -1.4227735705   -0.3766274125    0.6171903620   -1.1873152658    2.0617267555
  -3.5916988128    0.3920976812    5.7236814862   -1.2900509561   -1.0075032123   -0.7871857909
   7.5451346129   -1.7800065125   -3.6145804036   -2.1843358331    3.3682094240    0.6937979195
  -7.6799106258    4.4469858507   -6.4303863012   -3.1203598961    0.2610156413    1.3990373827
   5.4165031391   -6.1681397608   -1.7036977338   -2.8530434357    0.5551976844    1.4563726588
  -3.5425779160   -1.0608506545    5.1893538950    1.3309734135    2.1106876790    5.2813023097
  -7.5077436636   -4.5883731608   -5.8191888491    0.3473710757    2.4196108223    4.1980466280
   1.3173906359    5.3417373105    6.0316000984    0.4408004494   -0.5124150229    0.6498982028
   7.3061648512   -3.9753220167    7.1728336163   -2.2173137041    2.2344630122   -0.6312342058
   6.9674923257    0.0163960807   -7.8784989162    1.0561861540   -2.2414323002    1.2273975970
  -7.4486510863    2.1077360944   -2.2228349609    1.5185119812   -1.8800520798    2.0439274099
   1.6464610476    3.1133781093    2.2316323113   -2.6396920593   -3.3034734150    1.5450299745
   2.5980474196   -6.5440579703    7.5264074814    0.9488357739    3.8865225699    0.9134278005
   1.4546541699    6.1554860061    1.8819473300   -0.6948370684    1.0279024678   -0.1983507145
  -6.7407529071    7.5690463326   -1.4520820452   -1.5072415289   -1.5361782409   -2.9475321477
   5.3397213798    5.9937390356   -1.4889773696    2.4645606343    1.3585332897   -1.0809221010
   5.3112159164    0.9318042219    1.9547989167    3.3695002891   -0.2045668439    1.3584141337
   3.2285220179   -2.7134980380   -4.7861735125   -1.1792396278    1.5243506671    0.8116300076
  -0.0599806775    7.1794686272   -0.8281979503    0.2161278316    1.6012729413    2.8039749145
  -6.0485242901   -1.7613248209    7.8839096432   -0.7826877417   -1.0601081914   -0.0945145350
   1.4512662442    0.8147150033    5.4354007415   -0.5645496657   -1.1829396291   -0.8204724386
  -4.3244997027   -4.2354099571    4.5777185821    1.3622255513    2.3969785914    1.7997461576
   0.8216225285   -0.7010619440   -4.4885373859    1.1612253014    0.4844834161    4.2995833398
  -1.2772200082    0.5489655158   -0.8117647757   -0.1702720767    0.9684675180   -0.4057296396
   3.3189725501   -2.1406306450   -2.0287712910    5.2860892646    1.6560209354    2.8174819656
   0.4002150893   -4.8495106809    7.3662232561   -0.2936817213    3.8478370288    1.6682869779
   5.5488917030    3.7106490709   -1.4266865251   -0.9070774166   -0.0092716177    0.0540079685
  -7.5775930110    3.8532866054    6.4400644090   -1.8550003900   -1.1650986102   -3.6258391820
   0.6881847437   -2.7613729787    1.3827614333   -1.2249057222    1.0191431675    0.1988392842
   5.7016293088   -4.4464316362    3.4281009404    1.1125792654    1.9394427169    2.7081471772
   2.4640728043   -2.5696681922   -0.7623111926    0.9772236316    1.6257217904    0.7604105186
   3.4850243404    0.0264762543   -7.4497178383    1.5035095795    1.0585579053   -1.0227844507
   7.4458022787   -6.0127860658    8.5481810361    2.5390626549    3.3735086207   -0.3612515355
   7.9620423875    1.2355380105   -6.2991590231   -2.4917585309   -2.4185615806   -4.1224775057
  -1.7610109790   -2.4166179553    6.1976072712    2.3089237255    3.2101393333   -2.3725109418
  -4.6154031623   -3.6888766641    6.6223838704   -2.3267226728    0.8257491587    2.7119655677
   0.5726344428    7.3283035066   -1.9615565335   -0.4234726209   -3.3489921731   -0.4998102383
  -1.9268449008   -5.7814060553    0.8120129773    2.9535203850    0.9634799294   -1.4885320424
   2.4280916002    6.0046627242   -4.8524324712   -2.2797479591   -0.2569718895   -0.2355506860
  -2.5556136955   -6.4245801382   -3.3687410990    0.9512410948   -1.6954061761   -2.7962063447
   2.7101522455    1.4704577841    8.0012926288    2.4882080299    0.9519596536    4.3754555414
  -2.8769001598   -7.4606076451   -5.6616753650    2.6144756271    0.5425857570    0.3177895020
   6.3478058287   -4.5429017946    1.1793260011    4.4699866245    1.7063506846   -2.1216928267
   4.5930985702    5.5192427047   -2.8436806859   -1.7650269661    3.3873596715    2.4718320218
   0.9911277276    1.4521419475   -4.8896477852   -7.7599629889   -0.6116183526   -1.4049037944
  -1.3659252048    2.7325501437    2.1840631810   -0.4743255116    1.3716720419   -0.3441068612
   2.4619984971    1.0381616346    1.0028462460    0.6704968107   -1.2303356304   -2.5791111414
   8.0111692876    4.1357668265   -3.8838513500    3.4537128767   -0.2847012395    0.7526607738
   7.1907035719    0.0312172550    2.5520108080    0.3870472075   -5.9827832583    1.7343814721
   7.5036818159    2.0785116102    0.5928486249   -0.1382767651    0.7765221757    1.0724186141
   1.5366083749   -1.2574407016    8.4824288024   -4.3403740721   -0.4412990550   -0.5024667307
   1.7914589224    6.4828500295   -8.2196799614    2.3638195447    1.3784719881    1.6477862056
  -7.8907989869    2.2697224399   -0.1303438476    0.4988200261   -0.9303593956    0.1675204608
  -2.9914315446   -0.3876839318   -5.6284041198   -0.0780397859   -1.4443166362    1.5448803336
   1.3022038130    2.8497130781    6.7869079847   -4.6903289683   -0.5350522854    3.0810722384
   3.9571942390   -7.3832596719    7.1967037465   -1.3420514318   -1.8622196828   -2.1758422096
   0.0499229502    2.9921056701   -5.4084089631    1.8286246277   -1.0873633617   -1.3820738432
  -6.9210607793    3.8780763180    8.1892263975   -0.3685207533    1.9313962752   -0.4306303191
  -2.8866211595   -3.3927002050    4.8384720278    0.6195688039   -3.7247414718    2.4107871432
  -0.2637795530   -6.5255344628   -5.0118503181   -3.3372241524   -1.8682986898   -1.2732927466
   1.1106938501   -0.3776614061    1.4370307253   -3.0981852400   -3.2293807403   -2.7672032859
  -0.3971436664   -5.3594824104   -1.5572248460    0.2997488999    1.5145066409    0.4213827577
   4.4406600429   -3.5915130671   -3.0774277465   -1.4332475796   -0.6487538962    3.2285541302
  -2.8469723776   -2.8730054083    1.5142393552    1.6194436943   -2.2922991184    2.1009911092
   2.2028355053   -5.6166129614    7.1568648084   -2.0002557830   -0.2686417194    2.0926748354
   2.8910643096   -3.3899821771   -3.8493545272    0.0294882299    0.3645474202   -2.6929459424
   6.0030107371   -7.4132048228   -7.1520307008   -6.9576504617    1.9189770304    3.5410333593
   7.2271640231   -3.6554156941    2.3825423227    4.6865095376   -1.9326620519    2.8724473934
   2.4921652089    3.0096805119    4.9652531880   -0.1634704903    2.2784624632    1.2008722038
  -1.7808066768    5.0202877444   -7.0900450743    1.6894423828    2.5680557861    1.9858466751
   1.3124768576    6.5679884755    4.3800820550    1.1224215949   -1.4418698144    0.7161119108
  -0.4524568717    1.6963289987    4.3016254259    1.9457302399   -1.9549216378    2.1900659183
   8.4391437010   -6.2804555292   -3.3255945599    1.4365485723   -2.5578385959   -2.8051706594
  -0.4673502925    2.6757328502    6.9959245676   -1.8503570239   -1.6120348344   -4.2132972567
   2.3258959237   -3.9810634392   -8.3037786284    1.7504380169   -2.2764957730    1.7059209395
   1.1659303803    3.6183054386    4.4483149925    2.5240118984   -0.1405302662    0.7205407107
  -7.3588342152    5.7302137820    0.1753857582    0.3517670606    2.4084077864   -0.8150610393
   3.7011194842    4.2402290435   -2.5612661963   -2.1739618953   -2.8795812249   -2.8470174849
   0.6738042466    7.8368255614    7.9828418656   -0.1550839528   -0.7246866491   -3.4117142892
  -4.0465409352    8.1054617054    6.4905111848    0.3696683903    1.2535609164   -2.8899293809
  -6.5185611915    3.6709061244   -7.7766144583   -4.0193473973    2.1168743475    1.7194306931
  -5.1653490500   -5.1136097704    2.5133087983   -1.4052084181   -2.5362755701   -0.1352116497
   4.4973025873   -6.5279312030   -1.8218345703   -3.1237103365   -0.0663669818   -0.0589049300
  -7.3549171078   -5.6722620905   -4.6672813864    3.7097355758    4.0175719153   -0.7408630154
   4.5125690781    2.1197936494    5.0218513405   -1.7171738247    3.4683970290   -0.5609452803
  -2.8466990078   -5.1665202047   -3.6713761606    2.2886042461   -3.9893516148   -3.8863007998
  -2.6894611466    6.4078956064   -8.0792213949   -1.4198422508   -3.1145895013   -0.6030017646
   5.3777522192    3.6480724440    4.4096151122   -0.1221758809    0.0337206234    1.5527597544
   4.7225870491    0.5018461280   -7.6824273196   -3.1649389429    2.6761639114    1.7633516309
   4.6206677455    0.6141704669   -1.7569016055    1.9280894422    1.8920445946    1.3389296748
  -1.6003174712   -4.7887281699   -1.1225772862    1.2545212929   -1.0428894127   -1.4847777171
   0.8951375798   -2.2458954725   -4.2518290175    0.1292537986   -3.4173539739   -1.4114705305
   4.2543574749    7.4886391529   -0.0741794040   -1.9062211911    2.8826338702   -2.3406687231
   6.9189902831   -7.4703387182    5.2412930105    0.0273673599   -3.4014851026   -3.8641285633
   7.3290225248   -8.2044351846   -2.6271523492    1.5434221952   -0.2890195651   -1.9135742158
  -5.9207869911   -0.3244281603    1.1585623111    0.7237741100   -0.5893165845   -3.9205862518
   5.4820989756    6.6203468779    0.9612760983    3.6870613667    1.3850812432   -5.0736324565
   0.5975539998    7.4910033614    2.4674191276   -2.3293488189   -1.9572719882    0.9265747674
  -4.3869821992    0.1870950472    2.2473181393   -2.7871197969    1.1853365653    0.3708915555
   0.7863968048   -3.8053880684    3.9835952953    2.0867018597   -1.3354860756   -3.7910753409
  -4.7369134142   -7.5781856014    2.2137812942    3.6052514022    1.4175353042   -0.8200261235
  -4.0904894757    2.4084865797    7.8327761654    5.1825978759    1.9320939016    4.3334933406
  -2.9724348696    3.2677098158   -1.2737484108    3.3236558948    1.4773166164    2.8832091833
  -5.1195241159   -4.3552763891   -1.7052409170    2.0137742005    2.1065482715    0.3761610013
   4.9087269686   -5.1978513219    3.1468644332   -1.9193019794    1.2111724854   -1.0534260651
   3.3989543409   -6.3021383350    5.2979381671   -5.0384191853   -0.3152757659   -0.7581786237
   4.6004873469   -6.2159459148    5.0898513082   -0.3715889809    0.1345487840    0.8847288256
  -7.2985320082   -0.1883218279   -1.2774748969    0.8648506577    2.6104477709   -0.4523954791
   2.4124161277    7.1846731924   -7.4981168802   -0.5596430567    1.2593075407    0.1266089847
  -5.2889303021    4.6716958435    0.6684669794    1.6691749973    0.0354979560    0.6643080334
  -7.9285132349    0.6601820467   -1.3308131290    0.6836262203   -3.9849618584   -0.2087112385
  -2.2970005034   -7.5741557183   -8.2324553634   -0.5065355301   -1.1309822443   -2.6720219190
   7.5338757110   -3.6466472056   -0.1787243787    0.8532656149   -3.3666851532    2.7558239998
  -7.7313726953   -0.6865187296    1.5604482780    1.3442969668    5.0448206682    1.3767173837
  -4.2457109886    0.6333182420   -5.3991242081   -0.0633950960   -2.3440073937   -0.1918350492
   2.9920441634    5.0993429555   -8.3384914720   -1.8395727571   -0.6349423975    0.2458205243
  -4.8334364791   -8.4890197240   -2.7680484241   -2.5755413799   -0.4855750479    2.3433016500
   2.7953012056    2.4031828223    3.1022530274   -0.7125705521    1.4843514003   -2.7090297132
   0.2212669367   -3.1356775468    2.3141834857    0.5692548883    2.9032195614   -3.1339278935
  -5.2082451393    3.0632943111    8.0795004477   -3.3783938665    5.1665550868   -2.0401894085
  -6.1154233740   -3.4027350816   -5.9031626393   -2.8816722136   -0.7523453350   -2.4690026391
   4.8092164181    3.1989092419    6.7832466401    4.4647485946    0.0684620741    1.8438425635
   0.9799465805   -8.3639437323   -5.2742493166   -0.3422463268    1.6498967896   -0.7820721092
  -6.5780362362   -5.6885209637   -3.3840863114    0.9204554778   -3.7389769431   -3.9994622851
   8.3503395217    5.4166809634    7.5249124343   -3.3230529039    2.0881264389    1.5215822497
   7.1422258691   -3.1390730824    5.3390725501   -2.3091498256    3.7005993441    3.7514817857
   0.2262354067   -4.4512975808    2.8145246688    1.9476231790   -2.0848060344    1.7932708011
  -4.3969369504   -0.3698056161   -3.3468685483   -0.1579770874    3.4414794844    0.5357927548
   7.2925478550   -0.0640029032   -3.1934714036    2.7020856879   -1.0823316714    2.0566439101
  -1.1549913252    6.5207351560   -7.1413057372    3.0796437053    2.2996413893    1.7936506638
   5.8884268876   -1.6804585850   -7.1970371697    1.0887971049   -1.1413461685    0.5729077732
   4.1065801674    3.5068312587    3.1865360135    1.4061529429   -2.2568150191    0.0948985306
  -2.9676127328    5.6392851287   -7.2622127818   -1.8870012313    2.3177336643   -3.7203078007
  -3.3682133315   -4.7664598231   -5.5063090999   -1.2655869048    0.3240616337   -1.3527935512
  -1.3267742131    7.9328257953    2.6549879694    2.2786837306    7.2285034927   -0.4838786683
   6.5495151400   -7.4981937357   -2.7458943255    0.7180455976    0.6723524973   -4.1736006324
   3.9321641793   -4.3151883051   -6.5174503577   -2.2724819423   -4.5461333041    0.4159140110
  -0.6679513445    2.3601026215   -4.4237242995    1.6950517893    1.5915457163   -0.3740266103
   2.3365048413   -1.1057478478   -3.4603629262    4.9217940876    0.8115537284    2.7921018705
  -2.9950023498   -2.1419645587    5.7777314057   -1.6456231683    0.0670156062    2.7154750145
   5.9929106823   -7.1920812939   -8.1034758145    0.4080014673   -1.9763951755   -0.3700089892
   0.9785557133   -5.8403142576    6.3540845961    2.2420288977   -0.2420391501   -0.8598692509
   1.1658642127    0.5135355783   -6.7268739871    2.3445040899   -4.2982616085    2.0598892985
  -3.5706562083   -2.7522136977    3.9383957224   -0.3530798609    2.6031276841    0.5827418878
  -7.2889426048   -3.8883538087    4.2629062195    4.1125551430   -0.0092251716   -1.5007454617
   8.4031159351    4.6255291581    4.1068241728   -2.3719520163    0.0989933623   -4.3617031971
   6.5765539803   -4.3495751345   -0.4893955868   -0.0129792635   -0.5426220289    0.3964472209
  -7.9186189157    6.8117952847    8.3147579348    3.4356798915   -2.2487678094   -1.3318573101
  -6.9156211144   -1.4563366945    3.9819519756    2.1071960088    1.5425916362   -2.0775951012
  -5.4772311786    2.9449354141   -6.5536335171   -0.3792550715    0.6775708363    1.4897808758
   4.6356066745    4.4599906897    2.8244207208   -3.8696833459   -1.0840996953   -0.0595059543
   5.6880054932    5.5928976125    4.1386190428   -1.5568145980    1.3108769560    1.0739505889
   6.3137550874   -3.0166527429    5.7315084563   -1.6623370062   -3.2196803488    1.0785500650
   6.6486979956   -6.6433612155   -4.2631259699    2.5227148785    3.5117627613    0.7704334730
  -7.7856111239    5.7435071893    6.1676154877   -1.4525607547    5.8100071825   -1.1991609751
   7.4111083412   -6.8295476279   -2.0024305745    3.2720434992   -1.7248935726   -3.9047176452
   5.1283432608    3.6919285899   -3.6829838157   -0.8686572738    2.6568898052   -2.9527212311
  -4.7128841804   -0.4564873476   -4.5413107451   -2.4192076879   -2.3080061028    1.7586266695
   2.2064630801    0.1592664567    0.5982770436    1.1557743178   -1.0330092638    1.4966253474
  -1.1132802007   -0.5959537421   -7.1896007392   -0.1071772991    1.4164926942   -0.9134850742
  -4.9833416854   -3.7891138509    1.6672526304   -1.1048294611    1.4595748396   -0.1994508804
  -5.1256034966    5.5812060461    3.3531912919   -0.0376841148    0.9992072860   -2.1122700296
   7.4610857053   -0.2138375080    6.3300044020    0.4031760316   -0.5550080348   -0.7526665773
   1.2362910905   -3.6381251620    2.1899754691    3.0663039725    1.7803369142    2.4670950254
   8.1071410373   -3.7083520328   -1.2791644260   -2.1539505528    2.8761001501    3.6220891225
  -4.2841626435   -3.1489756647   -4.3500145617    0.2347888554    2.6581122918   -0.8982320321
   5.8578532598   -4.5778390887   -5.3307717094   -1.1992653927    1.7892627964    2.7177448024
   4.7907864670    1.9635329830    2.0549173836    0.1487873238   -0.2542133363    2.5556952483
  -3.3533486772   -4.4490228800    6.8112806452   -2.3825261290   -0.1294933695   -3.6391085884
   6.9518585613   -1.6186439326   -6.9517133384    5.9309624705   -1.1108246668   -0.0938406312
   0.4620643619    6.0287319023   -0.9146631382   -1.4034756166   -0.8722326090   -0.5992992186
  -2.7804300884    3.4499602975   -6.5205502870    2.1561587700   -3.2995252946    0.4346611042
  -2.5106844333    3.6544396675   -8.0521434220    0.1327749461   -3.1394121614   -2.5004463125
  -3.9880887493   -5.7125628024   -2.0898710895    2.6201562701   -2.0846963835    1.7413020529
   0.4117664678    4.8615607184    6.0218011805   -1.9308005042    3.7812640628   -0.8114850425
   3.0857384079   -4.3717427488   -0.9164607731   -1.0885215276    1.2700651689   -1.7382036413
  -4.4591304635   -2.1063030961    4.4668136978   -2.3564084500    0.4397580108   -0.6762065544
   3.4886403315   -2.2124904667    4.5986101735    6.1638610002    0.5719936502    4.0958042009
   2.4848596300   -8.3186694996    5.6980981308   -3.7996659520    2.6149884853   -2.2830773663
  -8.4248576325   -1.3786705205    2.6462157955   -2.1570653615   -1.7192695322    2.6217554507
  -3.8259987025   -5.6352146011   -8.1726940208    1.9405000612    1.5724702541   -0.6560503811
   7.6341976323    7.4795566065   -4.4526935894    0.7282827230    2.0661619898   -3.1526898420
   0.7731197898   -5.1196927486   -2.8942319232   -3.8619167326    1.7258121934    0.2990773504
  -8.0082626719   -0.9377452653   -0.8278416772    2.0829776579    2.4744348349   -0.6649957489
   1.8463823751    7.0446418963    7.4170040836   -1.6130010264   -5.9682151380    4.7986620991
  -1.7296253797    8.0185944913   -2.4222483749   -0.8742588638    1.4999291403    0.9212616942
  -2.1947691782   -1.2348164499   -4.9118932384   -0.1283537471   -4.0699407345    1.0993232991
  -8.5475122181   -0.5964566181    0.1468476507    0.1001575519   -1.1515405978    0.3459094270
   0.8965100490   -3.2346327622   -8.5068323989   -1.8498688970   -0.4753230822   -1.4228402156
   7.3197082520   -2.4015027230   -1.6565993618   -0.1292135441   -3.5999171110    0.7066713558
  -2.0430214881   -7.2176090068    1.2048441330    0.0095760509    2.3227552145   -4.4937970253
   6.3068710406    4.6468966358    3.9247112699    0.5651715596   -0.5137476874    1.2797421019
   6.5819447429    7.2167539759   -7.2418055618   -0.1570609414   -1.1006085228   -1.5532975453
   7.4025625680   -8.0299123057   -8.1443025149    0.7723835699   -3.9204367300   -0.2872332039
  -1.7006888023    6.3851506351    1.5081058254    3.1795588456    2.3702155984    3.7083661207
   2.3847518836   -7.6563101481    4.6372145323    1.1307234740   -1.4957954025    1.8891699024
   2.2906063325   -4.0207143928    3.6133836266    1.3513087638    1.6881540074    1.3187511414
   5.8509672373    1.3056300648   -0.9396165701   -1.2520119611    0.0305638580    2.6752240584
  -5.5251839046    5.2750828900    5.6807698999   -0.5666463360    1.5116375665    2.0987495994
   0.1329185226   -6.6919481658    8.4490830486   -0.5463104614   -4.4720586092    1.4537188943
   0.4372759269   -6.9762957774   -6.9233624889   -5.8516424554    1.5748562435   -0.1811370374
   3.1322907139   -7.9227764296    3.6085490731   -0.0140036530   -2.9131669062    0.9846371007
   4.5843309930    4.8494612942    6.8473210804    3.7435117249   -2.3732050868   -0.9128947824
   3.6665938516   -3.7204923810    4.4001198913    0.9780648715   -1.7200820647   -0.8423921083
  -7.8496637812    1.2362772721    7.7562722232    1.3623395525   -0.5457130007   -0.1631801813
   0.2032669638   -0.1331438718   -0.9776018893   -0.7654812709    1.6063392829   -1.2547616890
  -1.3613588694    0.6444605791    0.3700921444   -1.4697668655    2.0841016939    0.0833424993
  -0.1984444450   -6.4765161708   -1.2444479223    3.5020070744   -0.5317631178    1.0745738968
   6.0557739805    7.2430608722   -1.6740776547    1.6848832299   -0.9733025121   -2.6629608034
  -1.0276470639    6.9664621784    2.2634360607   -0.1723769523   -2.7704303544    4.8465922065
   1.8659554787   -4.6131333267    8.3182079921    1.2942144401   -0.5011568716    1.1414100435
   2.5444301421   -5.2719976659   -5.8276565395    3.5134858616    1.2286466845    2.4796180674
   0.2073312569   -7.0877983535   -0.3163240281    2.4350353472   -1.3623624499    1.5654134364
   5.8003238191    2.1502432645   -3.6599732781   -0.2674741655    0.8612595078    3.4387427173
   5.9069207296   -8.2672724412    0.4956192701    3.7210510141    0.9889976053   -3.3396696624
   4.4758348258    1.7878779080   -6.2895631280   -0.5092950386    2.3114638530    0.9583789718
   7.6560691640    3.1019550893    4.7126042089    0.5321216312   -0.2251522075   -1.0292769654
  -2.3945553508   -3.5730089713    3.5724598547    3.2079038478   -1.1825291100   -1.7996764870
  -6.9205969256   -5.0579745326    5.7697029163   -1.6662890143    3.2836094464    1.0066854127
  -7.7881557756   -4.1596870818    2.5802686467    0.4031950604   -1.2366094460   -2.2798457274
   6.2181278967    5.9208265738   -0.7930449779   -3.8759848263    1.0550655492    0.3615645641
   7.7711270189    0.7630819309    7.7720049176    0.7189312134   -2.7645798968    0.5544100843
  -5.5688785435   -4.7790382627    6.4637372165   -2.2017278221    1.5403957669    3.8538537133
  -4.8782150523    1.5085671300   -0.0793642828   -2.0180426128   -0.5800384205   -1.8446121697
   8.1450614845    2.2084153016    6.9196277042   -1.3318454599   -0.2110864422   -1.5822363972
  -6.2553369383    8.0433613314    0.7521698974    0.2650632197    2.5611113908    2.6055008742
  -0.3980379118    1.9115163464    0.1076407840    0.2357148297   -0.2763243484   -3.6051480465
  -6.2687073540    5.9308790069    8.1481015271   -0.5536373799   -2.6910938937    1.2192223190
   7.9429308471    7.2907650921    4.6632846363   -1.0722025748   -0.0260554773    4.7325348763
  -6.9179394454   -0.0937991329    0.3666587460   -2.2955302633    0.8289716044    2.6446599550
  -6.9033811160    2.2205231526    2.6937716125    2.1544975178   -0.8116718983   -3.2317566937
   2.1678548906    4.1704568295   -2.7221358431    0.1969062392   -1.6125286559    2.9352958543
   7.2127555419   -3.5754544836   -6.8237942426    0.7867889542   -2.0618786945    0.6772029095
   7.3515570210   -7.6653748104   -6.1223670235   -1.2240467535    4.2017563780   -1.8587092924
  -7.2714759076    0.2489915977   -7.9201853118   -0.7533412550   -0.2806827712    2.1363006528
  -4.4711336689    4.6915729116   -2.1265596421    1.1203017884   -0.5080560889    5.6087647041
   6.9333326103    6.7291734906    5.0983333457   -1.3550158467    2.0070147951   -7.0332486936
  -7.0401214294   -6.7556021973    2.6116917425    0.7762632471   -4.2429428810   -0.5450209560
   1.8119384516    6.4319711919   -6.7937208975   -1.9849092363   -0.2908599156    0.2558909109
  -2.0650927267   -4.4032994333    7.4901048637   -3.6146139328    2.8095301424   -0.6613402016
  -4.5746198826   -1.1999136740   -0.4613196588   -2.1729264418   -0.3812155370   -2.5830796273
   1.6995810146    5.6852635403   -6.2337612382   -0.8112471724   -3.0831631544   -0.1187911886
   6.3902689441    5.1637392176    2.2629343202   -0.4458006236    2.6263168372    4.0697989976
   2.8275391534   -5.9247585896   -2.6663856589   -2.5440565142    3.2567738639    2.6838407539
  -0.7638773269    5.3570127528   -2.8669391029    1.6322632482    1.2001765629    3.3327785065
   0.3327623071    6.2265726740    0.5850299925   -0.7042130541    2.5873421617    1.4246015821
  -1.1689499748    5.7145670041   -0.1416068003    2.7357651418    1.7522874757   -1.5580325638
   2.8795889180   -7.0334804592   -1.8275563800    0.6070901696   -0.5744781264    2.2486328482
   2.5792142663    8.2906250213    7.6983042525   -1.5317706182    0.0544119151    0.3213340965
  -0.6920785812    6.9225392323    0.1824583638   -4.0471029071    1.4671311844   -1.1796018415
   8.4294805968   -0.2038174333   -3.1780648503    2.2330084258    0.9260967376    1.8802836812
  -1.1716911334   -2.4544016157   -6.7589429856    2.8685407146   -3.4233278065   -0.3960022133
  -1.0058781382    7.6924506760   -4.3774491458   -0.1518687421   -0.9567201148   -1.9068441023
   8.5262789035   -7.5886067857   -8.3258984617    0.3318689735    1.6116787445    0.3865097676
  -5.5861640025   -6.9445500196    7.9821101017    0.8697769720    0.2126916581    4.2555989192
   2.0845056078   -8.5260550930    0.4015688705    1.1083697269    0.1483478086   -1.3448901427
  -3.1436143550   -3.4112152522    6.3811530572   -0.7169086546   -0.7516005919   -0.3483127392
   1.7525581441   -3.6188864661   -6.2647867748   -4.7569739205    1.2936856016   -3.6916422040
   5.4223552673    0.9149473969    2.9890227763   -1.3929939064   -0.7611384686   -0.2959125045
  -8.2678465407    5.7602131204   -4.3518936565    0.7092590926    0.7118671679   -0.3094146892
   3.1448713207   -7.3540185371   -5.1985851741   -1.2744869081   -1.3934524790    0.9123873080
  -5.9059250356    0.6537472227    2.7001385403    1.4632620260   -0.9650245586   -2.9875722019
   2.4488210694   -2.8532749371   -7.3831589940   -0.6647873545    2.0427538222   -0.5555774354
   5.1054480899   -7.6980554298   -2.5503205344   -1.8689102953    0.4373478761   -1.3977516825
  -5.9839581230   -0.5724521211   -5.7504671165   -2.0928798705   -3.7516666367    3.1555517577
  -8.1767239568   -2.0283117356   -3.5519066280    0.8646740592    2.1853952088   -2.7247123773
   4.9779058373    8.1905566215   -5.8586967302   -1.1825064109    0.1983622127    1.1565108214
  -4.7831252746    0.5329936286    8.1721607969   -0.5508033701   -0.2826949695   -2.9774939410
   1.8769642488    2.2323620564   -7.2966192691    2.3809240057   -0.0604179837   -0.7055414990
   1.4331102113    6.8232010680    3.0977188839    2.5510238414   -0.9189658693   -0.4648210611
  -6.9224369443    0.4331222610   -3.6017479210   -1.2241438181    0.6079658657   -0.7039112470
   4.5979889994   -3.9210581569   -4.6069807524    2.6194818629   -0.6132557478    1.5101980480
   0.0231667821   -0.0378695069   -2.8145269203   -2.5755348756   -2.6214347427    3.0132452456
  -5.1742190146   -6.5362345671    5.6244451326    1.3457454409    0.2811510443    4.7301234927
  -1.5209959749    5.7778141881    7.0593207857    0.9359935790    0.5182828222   -3.1523449629
   6.6075243242   -6.3067209967    7.6404217240   -0.3570504338   -1.1419506594   -0.6462330791
