           1000
    17.09975947
  -5.4024984594   -5.6754900772   -3.8249178158   -1.2346185706    1.1189656526   -2.2182668494
   4.1232725659    0.2993945639   -5.1412516102   -1.8867124644   -0.5385920329    0.2113392974
  -8.3358533107    3.4125267478   -1.3349433271    1.8076868306    1.2641594784    4.2575766516
   1.6458785247   -0.9231129699   -2.1784909106   -0.1083800063   -0.4212782371   -4.9094875348
  -1.0351759237    0.2763269208    1.1951712623    0.9536670360    1.8364583459   -2.1750044070
  -2.1426280613   -7.2597785054   -3.8591606664   -2.3528915000   -0.4079538187    0.6448790281
  -6.6303698403    7.9895413678   -7.7399201493    3.9528821806   -0.4151065465    0.6168463425
  -7.2025220360   -7.2377664748   -2.7337730802    2.3771834357    3.1870974722   -3.5644068041
   5.7131896577   -1.1127893880   -7.7579667549   -0.2690500929   -1.8377305984   -0.8653282459
  -0.5318731008    3.8526533193   -4.7593685674    1.1826907877    1.5452502858    0.4011567403
   3.2107953018    7.2193386692   -1.2126646860   -2.5013484830   -4.0132291558    3.0746918892
   6.8598285437   -6.0963077229    3.9867838422    4.0454760750    0.9702058141    2.5094869148
  -7.8337534568    4.7115258030    5.9037334134    1.5038445554    2.2445453767   -2.0817364493
   4.5011932041    2.0350980383   -0.7416506412   -0.3802765305    3.2823959041   -1.2666525485
  -4.8359934618    8.3763606762    6.3264727113   -2.6179409371    3.2792630129   -2.9370193507
   5.6094202384   -0.6477217455    4.3415904405   -2.4884895099   -2.0114063606    0.2411865418
   6.2929202522    0.0717360240   -3.5545858736   -0.0498330502   -3.0730985160    3.8394725023
   7.0600282823   -8.0506503002   -1.0422793583    0.2730174954    1.0800838908    1.4671968522
  -0.4464362965    0.7571698197    6.3357640000    3.0456644905    0.8178038595   -3.2566086430
  -0.5683136596   -2.6980243886    6.5147005198   -1.4424291882    1.6004740039   -4.1834728044
  -7.6038971127   -1.7305358402    8.3418197603    2.6981714044    1.0487243936   -4.5829662096
   3.3517065893    7.3782064301   -5.8202505880   -0.0694449378    2.5834666301   -1.5043770504
  -8.0668114502   -5.2648388505    0.4896172770    0.7147041089    1.6895308331    0.1823380688
   0.9515289132    0.9659679234   -0.6774995466   -0.8142125437   -0.4961301453   -2.6692346861
   3.5615658088    8.5398695573   -6.6325662267   -2.8910186054    4.1474568791   -1.7487408561
   5.7028087474    0.8830990323    5.5596125332    0.6897484377   -0.1356907940   -1.7828980823
  -0.1684426996    7.8889219889   -3.1499923670    1.6423662679    1.9489972218    0.5343342416
  -4.7756989884    0.9891966926   -6.4169056678    0.6684429001    1.1881207252   -1.6163347003
   6.2338373741    3.3606675803   -3.8276204041    1.5087888492    0.4022916441   -1.7604061079
   6.7592217727   -1.0951357711   -5.3876785838    2.0187207369   -4.0361753771    3.2999863937
  -7.3017016030   -0.9191479821   -5.9496815370    0.4140087466    0.3484664030    1.4408294005
  -7.3804688352   -6.2592231466    3.9091969815    0.4779968759   -0.1908585556    1.3005289949
  -1.0918520945   -8.3720156085    3.0719572592    3.2571043910   -1.5320677654    0.4962769409
  -6.8704042473   -4.5116134510    7.1422539391   -2.2565813790    0.2666668633    2.4536848055
   0.6949698271    7.0056990243    3.0506181575    0.9010468084    0.0676447846    1.3750917357
  -3.6331187937   -6.9700620654    6.1834645370    0.8783088259    2.3474567761    0.4313502339
   0.8681328238    5.4238385722   -8.5152188013    3.4362746877   -5.6883559836   -3.2541031319
   4.6673649867    5.9699202822   -0.5393674267   -2.4533139058   -0.6724852819   -4.3991922486
  -5.3258832742    2.9443577246   -3.1071606127   -3.0537181991    2.5843092793    2.9691237852
  -5.1862178333    0.5240937745    3.6285346896   -0.7828943727    0.1945327246   -0.3577485074
  -0.8927410141    8.0975108674   -5.3977415127   -1.3234908445   -3.2612393581    1.3412861045
  -4.7184876139    0.3819543855    8.3377701410   -3.0453615396   -2.8425055985    1.1454301096
  -1.1702749818    5.4175702922    3.9051816030    0.9273703232    7.9866633491    0.2244882030
   7.5101722902   -2.2101893860   -7.4768880206    1.9219406187   -1.1863748294   -0.9169432533
   3.5172914346   -5.4600715572    4.4358948131   -0.4174321167   -4.0778442081    0.0854015815
   1.2121296830   -0.4737475364   -1.3548649047   -1.2049962869   -1.1327713782   -1.4949557367
  -5.8199127262    2.0889284793    1.8376367592    0.6029530494   -1.8176888489    1.5397106510
  -3.3843929028    5.4908057284   -2.6285253430    0.8094893529    2.6539106201    2.5586111653
  -6.9331219114    8.5466322234    4.8053338937   -3.3856094620    1.7011171591   -3.3749626275
  -0.3286654809   -7.9887324208    1.9362884868    2.0929864967   -0.7119216622    2.6939316166
  -2.9988871960   -6.6533478838   -7.5308133407    1.3211259308   -2.4376557913    4.0521401743
   3.2967231209    5.0297604291   -0.6679910635   -2.9780746319    5.8236673686   -2.1403128027
  -7.1482181842    1.7545196559   -0.3621765570   -0.5913997093    1.3491835730   -1.3427797150
   7.9667911010    0.2360182595    5.5675305463    1.6949861711   -1.1453193334    0.6414540823
   3.6700601345   -2.5844197438    6.5336543523   -0.9553996893   -1.4877846410    2.9914650958
   7.7765216584   -2.0036849950    3.9483622791   -0.8673910783    1.8836809275    2.1189409360
   2.0197666372   -5.6135133136    1.2691078980   -2.1790652035    0.8247530547   -0.9535502495
  -2.8160012367    5.7646671964   -5.3000855042   -1.5307516292    0.5651821946    1.3751547587
   8.0220480460   -5.8673963935    6.9528732946   -0.4352900224    0.4881730182    5.3510452083
   2.6426096905   -7.1824833778    2.0519629219   -1.2016493001    2.0259542414   -1.8889181510
  -2.0139401769    0.3066751499   -5.3102317162   -2.9135073491    0.6017488780    1.1055401423
   5.6875545739   -6.5958679257    6.1318764161   -2.3364146171   -1.8385321519    0.7763757408
   2.3416354908    8.3470370326    2.8551102731    1.1289248689    4.8970205358   -0.7964671115
   3.5847762813    2.3551464274    1.2611302255    2.0225620885    2.6048958801    0.4993525333
  -4.3484826708   -0.4540560567    2.5352396625    0.4334455778   -3.1982597922    0.9878415728
   8.2029495683   -5.7323409343   -3.6876977921   -1.6926777896   -2.4856445416   -3.9931469490
  -6.9481951092    7.3566311321    3.4332625757    5.1304514840    4.0114754526   -0.4832392054
   2.8286409582   -1.3246457779   -4.5723983522    3.7296241114   -1.8265168974    1.9872021306
   5.4758138858    1.9316903139    1.9709094346    2.5782153245   -2.1957258544   -3.3548792157
   0.3745319522   -5.2253966882   -8.3404033014   -1.4130014708   -1.2775675662    0.7133302746
  -3.6007533556    2.6433522802   -1.1182274173   -4.5972131347    1.5438321606   -1.5390510304
  -6.6957730901    5.6532132139   -5.1441496766    1.4835121327   -1.3003703433   -2.7629869217
   7.6221404991    7.2961776382   -4.1761056567    0.9043411290   -3.7248462208    0.6914517268
  -3.1927205560   -2.8235901629   -7.9139430880    1.2084782110   -0.7283461109    1.3857933608
   5.1799511077    6.1941465674    4.2019340056    0.5760722310   -3.1308720431    4.3416395762
  -3.7039672889   -4.4345415026    3.2929763818   -4.9289968718   -3.9047173979   -2.5387553852
   6.9479617697    1.9939390714   -0.6088596681    0.0824245895    2.5417735106    4.8475891858
   5.1075817424   -2.6239018204   -2.1057520511    1.8980477950    1.2661705931   -0.9017745019
   7.9602962887    6.9588258276    1.1284694327   -1.4574452300    1.6031769722    0.3312921696
  -2.0190309731   -1.6292688084    8.4330437119    3.9586276902    0.7870666057    5.2199363105
   4.0378773848    4.7782286057   -6.0219168765   -0.8007088366   -2.0902704605    0.8743776496
   4.2311096539    2.9546092713    6.3637407665    2.4995196344    3.7238406076   -0.1543730428
  -7.3962039061    1.9843723264   -2.8953407589    1.3637718713   -3.1508836767   -0.6047243790
  -2.6651949456    0.1366344298   -7.5935221698   -1.6280696463   -1.9111099941    0.6254261844
   7.8033813193    0.3130124085   -0.0454551271    0.7892986072    0.3104939257    1.6298221191
   6.7167189424   -7.3644558711   -2.6320999667   -0.3049959846    1.5221997912    7.1294288665
   3.2239536979   -5.0730917568   -6.6514288195    1.9830488425   -1.2515690563   -2.1832177223
   1.3936172513   -4.8038435796    1.9000202750    0.6504887552    1.2605693872    1.3491234539
  -1.2645694700   -5.9035713011    7.9108968311   -0.8446785026   -3.3123355032   -2.6130269287
   1.1119937903   -7.1877987103   -3.7532407050    0.1107893104   -0.1442599383   -0.1975624480
  -7.9817959816    2.3764765693   -6.3460045699    0.6441688491    0.3209679355    0.1970191992
  -3.6881640724    6.5757536833   -2.6893967858    1.4911547790   -0.4537112066    2.1119427960
  -1.4545066347    1.6733422783    0.8427158234    0.2523296608   -0.5715868421   -2.3392240153
  -4.5741252251   -4.8883117024   -1.2926780618    2.8141834598    3.6496702662   -1.4448379658
  -6.9061230027    3.9415996677    3.0275007537   -1.1158263280    1.0616549821   -2.4158073169
  -8.2837014784   -7.4859066769    2.3493994130   -0.0274763565   -4.1075668940    3.7555398472
  -2.1539622849    6.2839321752   -5.8430719048   -1.3949664164   -1.0034136140    2.0683186023
   7.3046663541    7.3442740951    4.5678596597   -2.7479686725    0.5294279779    0.7840659486
   0.3089284613   -5.0972509016   -4.5914131993   -1.6880612663    1.3519793043   -3.0110463425
   4.0130420696    8.1015637698   -5.7439578711    2.7595954095    1.0691093650   -0.3839773854
  -3.6268878813    6.7489308237    0.9260176781   -1.8226053923   -0.6846537720    1.4570904903
   2.7193770624    6.0766452197   -4.6631074519   -0.5628611233    3.3899192402   -2.7870917665
  -2.7062922474   -1.0404938196   -0.9319649759   -0.8091760543   -1.8109376645   -0.7229851504
  -4.6331370466   -2.9197059452    5.3477049122   -2.5310723287    2.0837773476   -1.1926974564
  -8.2909529001    3.2491317649    2.1214642115    4.2411710660   -0.0125264023   -2.5365052415
   0.6465289226   -7.2700174613   -5.5389123732   -2.7317741805    1.5386492656    1.1272434509
   7.8902237989   -1.9435216337   -1.3412399294    0.4694167039    4.4859028555   -1.4535509208
  -6.8321598624    1.2928107325   -1.9723659636    0.8180946664   -3.9293616368   -0.3328288519
   1.8382386795    6.0114234954    6.4255805851    1.7233827882   -0.3668310742    0.1976480087
  -2.3557370884    0.8389794591    8.2966483436    1.5267956946    0.6085967347    1.6301692167
  -5.0121022726    4.3568463047   -4.6862840977    1.2153553986   -1.4435220475   -0.1952144014
   2.5832268045    8.2847765794   -5.5763619017    1.7616734047    0.1292774173   -0.3019288988
   6.7550281590   -2.7639032780    4.5674447590    0.6800338497    5.9105419702    0.7399223932
  -1.0498123954    0.7167214714   -6.6030608927   -1.2329020648    0.5507453236    3.4032047760
  -3.6434031018    2.8601909749    5.2617880612    5.4186793604   -1.3157551131    0.0124699738
  -7.6595961844    5.1720884174   -4.4696412728   -1.0993322827    3.5744729117   -1.2841056655
  -8.2300384638    0.8280685424   -2.0618526924    2.2585839821   -2.3650780728    5.4355130629
   0.4335783447    2.9767356908   -5.4613441384    1.1530622265   -1.0694811487    0.6280555909
  -2.9084379842    1.9819832704    7.2685880265    2.1095109774   -5.9214535528   -0.3863561131
  -2.3784792494    2.5862815685   -0.9506093482   -3.9819627336   -0.7084489725   -2.4587061924
   5.4301098457   -4.9773585569    4.3886101401    1.4760116915   -1.8749162451   -1.4614676366
  -5.8291439186   -4.0497663286    2.4705170064    1.5420945888   -1.2893229774   -1.3211407143
   3.5305545338   -6.3317135992   -6.4556107675    1.3659539195   -0.3970838499    2.2116932954
   2.3152108357    7.4855244479    0.6962256810   -1.7007875323    0.7507388716    3.0486014060
   5.7432920239    7.0271219038    6.5862223388   -0.6334570785    1.7751414098    0.9993264620
   0.9619859064    8.5390265884    5.3654515280    2.8382101994    1.9799912313    1.2312653843
  -8.2171386156   -6.5518346366    0.8196880872   -1.9635297587   -0.0150580308    2.1868048450
  -5.9902699132   -7.3173781282   -4.5448860372    1.3017429041    1.8488393408   -0.4102287984
  -0.2715904917    8.1219820840    2.3539198062    1.8314457132    0.6348761267   -0.6764944224
   4.2429729371    6.0795423634    1.8794274701    3.3562159830    2.9441847247    0.0647927031
  -5.4518029876    1.8316027551   -2.0084711442    0.7214148839   -0.8036785208    0.8916868993
  -7.0731003231    4.3205199830   -7.3706001125   -1.5259179655    2.0050280771    1.7737951379
  -3.5424237260   -8.3874087334   -5.3900052603    3.9818947253    1.5783337153   -3.5303973153
   4.8158199550    8.3798651310    0.4214290564   -0.8152875876    2.7853670228   -0.0926405885
   2.7001033453    1.6594217667   -4.9705672533   -0.1965077292   -0.4663840602   -1.8164597336
   4.8562492115    4.8686509760   -2.5282885707   -0.9618389472    0.4859069704   -0.0378026247
   6.6265131478    6.7909790663   -1.8304244306    5.1165812395   -2.6865791332   -0.9650479767
  -5.9399625515    2.8545843846    1.2478900730   -1.4464077005    2.8654132273   -1.2521738305
  -4.2455349160    0.0452158037   -5.3399950362   -2.2289038326   -3.3396655627   -0.9204137223
  -5.2335898935   -0.5939104957   -2.0786534745   -1.0732622189    2.1070179461    1.6976043550
   1.0583540551    3.4276710566   -4.5252800710   -2.0555999425    1.4483331006    3.8027878759
   6.8822452496   -3.8690389526    3.1458002587    1.3091934313   -0.3879423023    1.2762783765
  -0.4540226256   -4.9518166954    7.2675938825   -2.6385979083    0.7974924769    1.9615508626
  -2.9706532571   -4.4807288640    6.7915613853    1.1478934731   -1.3441545547    0.2572684260
   8.1822872779   -3.1282194189    4.1742091636    3.0093924919   -2.7238363239   -2.6712456825
  -8.4075633730    4.9439806293   -5.1033566849    2.6555472866    3.5298731545    1.9406939033
   0.3453384149    5.5052324799   -0.7495906544    1.2188821482   -4.0582877918   -2.2260024601
   0.6561523383   -2.4312913854    7.0862475484   -2.0425546086   -2.6112962491    3.4060758103
   3.6280153050   -0.1791768990    4.0666468883    1.8171489155    2.3112981216   -0.8260390248
   1.6488099859    5.9992952605    0.7392084752    0.3448591905    1.6705696782   -0.1104175323
   4.6209788322    2.8966891786   -7.7545277056   -3.0342396683    0.2927568260   -2.1767382996
  -8.3308221902   -2.5207464255   -3.5042488017   -0.5337107580   -2.6099466619    0.2447596032
  -5.2496759957   -0.8911637154    3.5243008427    0.8082487101    3.2645544233   -0.9587735725
  -5.9366470413   -8.1590615235   -7.6801694474    1.6004845611   -2.4026205449    0.2296442973
  -4.1459974011   -0.9552967698   -6.0541617523   -0.9592805226    4.8691096776   -0.0857932056
  -1.7715785345    4.1474800390   -4.7966439910   -1.7069604721   -0.6254489504   -0.1267357329
  -8.2677161233   -5.5665551747   -2.6263967654   -0.1290920496   -0.9857578695    0.1268765081
   1.0318701511    7.7425585110    6.7820304114    2.3566531884   -1.5187380183    2.2874928735
   3.7770331048    4.4954130129    3.9398859322    1.8372229330    1.6357957505   -0.7851898035
  -3.2542439300   -7.5004322258   -6.3108403329    0.9807682159   -0.9472097535    3.3364172184
   8.4170363057    0.1678793783    1.9281140138   -0.3690590252    0.0554224676   -1.6425585465
  -3.4539023823    1.7432896277   -6.9543235990    0.7229611148    0.1595814068   -1.0685774749
   2.6481041293    5.0472340385   -2.6246356110    0.5666538131    1.8358146464   -2.9780657289
   1.5338576238    1.9276122233    8.2892791683    0.6009387038    2.9977799847   -4.4222455480
   2.1460848466   -7.9460597403   -4.9309889080   -0.3853010987   -0.4733564454    1.6993092836
  -2.6486851082   -8.3380544838   -7.9335045277    1.1272756677    2.2547726968   -0.0442781484
  -8.5234343587   -6.0352100404    6.3178910797    0.7942943158    4.6542339617    2.7350123480
   6.2922332901   -6.7176640481    4.8455326270   -2.3829291258   -6.3951348091    1.6302657633
   0.5890465494   -1.9179013479   -2.5640558871    0.5054327015   -3.5185072204    3.3885345246
   5.1076992999    3.9980742457    3.3579544827    3.2194504481    4.1034465830    3.9386482374
   1.4952894668    5.2775040228   -4.9783537538    0.5099465093   -0.3789266843    2.2513912533
  -8.1038459364   -2.6137099413   -6.2147453766   -3.9529213137    4.2112489596   -1.4970807649
   7.8201536289    4.4514992678   -7.7784892055   -0.6398436867   -0.0688730681   -0.6801906313
   2.6691946282   -8.4454277169    3.9137707912   -3.1772481403   -2.7403086927   -0.4154572847
  -4.6376378965   -1.9677157931   -3.0538774559   -0.8182002496    1.1734777426   -1.3972617509
   1.8964264459   -7.5571826537    8.2498816330    0.0361100309    3.9783690022    0.6979987635
  -4.8458246999   -0.1309092689   -0.1006280697   -2.5607386177   -4.2261250827    0.3580263877
  -0.4790521795    7.0643227305    4.3644277049   -1.5015872385    0.9783123177   -0.6874370722
   8.4922548876    0.5840286099   -1.1815288779   -2.8958298754   -1.8074630927    0.6338489991
  -2.7198061371   -8.3296284950   -4.1272021711   -0.0123076786    0.5524828354   -4.7897622562
  -5.1417646610   -0.8270138659   -7.5040329604    0.4863873185   -0.8877559313    0.2238304604
  -5.0495617441    4.0993756581   -1.7882413521    1.4360059777    0.6132735415   -2.2187628578
  -3.6218237198   -3.1163360598    5.3899542172   -1.1029228714   -4.9276838594    4.5434958145
   0.9719467022    4.8047886794   -2.9385823793   -3.3830071559    2.1839364445   -0.5944127485
   3.9804449658    1.1381180245    2.5881069155    3.1002355199    0.1201370027   -0.7162705407
   1.3519891528   -8.4371664136    8.4444721122   -0.3328368604    1.1012931499   -0.9705436628
   0.2873133744   -6.3881981055    6.9513083027   -3.5322784731    1.3893611876   -1.9363264928
  -8.3842786611   -7.0834773121    7.2518752137   -0.4931392047    0.9483874595    0.9986413144
  -6.3957435491   -7.4715479586   -2.1552219463   -0.0592881241    2.1172235370   -0.3636353367
   6.5372479734    7.8810191520    7.2595685676   -2.6396559275    0.8718845207   -1.8930786573
   0.8286820082    4.4218588184   -6.8492965109   -1.3120692969   -1.8596240149   -0.6447084647
   2.3322620642    4.7448664322    3.7564116676   -0.4586265516    3.9673869047   -2.9366559514
  -4.4475662144    4.6882377923    2.1930105223   -2.4366199395   -1.5430786058    1.2479716147
  -1.6806574249   -7.6308406814    3.3228427856   -0.5007579381    0.3278405283   -1.1023576605
  -7.7431840906    7.7914067411    6.5298664361   -1.6864670406   -1.3736999293    1.0145739615
   6.8059740433   -6.5414833831   -4.7525875374   -0.5116755929   -1.3753030476    1.5538677771
   2.4466929813   -3.2195750781    4.6239358131    4.9829200837    3.2229876518    0.2783071022
  -1.1397578191   -1.4326204622   -3.6250141858   -1.0228590581    0.4639318786    3.9800509150
  -7.6587383022   -4.5471592667   -2.2086817954   -1.1528249156    2.7444413122    0.7760709521
   8.5493577342    6.8417787679   -4.0461345423   -4.0624986591    3.5417387570   -1.3397871773
  -6.1378879127    0.9088004633    4.8269368183   -2.2520136614    0.7228616034    3.5813463531
   4.1639216988   -4.5844880654    7.2945509277   -1.2230977986    2.1984391246    3.2947621316
  -0.6710991569   -5.5212768036   -6.5556679214   -0.0278083344   -3.3454898143    3.0283123678
  -4.3872649899   -7.8798246605   -6.9015787252    0.4934374490    0.3874268189    2.0927572316
  -3.2495388781    2.3069702271    8.5351077001   -2.6003590786   -0.7191859807   -0.7526607263
  -8.3338520405    2.7978146220    5.6782237604    0.2476323504   -0.8820961112   -0.2056818694
   4.7647616729   -6.8494201967   -1.5791039015   -0.1454952591   -0.3908778042   -2.0363974589
  -1.3867302533    1.7803052177   -3.3442399638   -0.2559837522    2.0075262597   -5.3229019145
  -8.4102803238    1.5258330224    3.6545175783    3.6998759419    1.2105561459   -0.3533958691
  -6.3500611974    5.0535558780   -7.5328984830    3.5415903481    1.7195920581    1.1050710524
   7.3732410117    5.9729810339    7.2641052626    0.9551573138    0.9309534575    0.3547626841
  -2.4236544536    1.3728053050   -5.6336691653    3.9919117443   -3.4073114744   -1.5135968582
  -6.0718804506    2.5180841156    0.3486487325    3.0215971331   -3.1006222792   -1.3555188230
   2.4851126676    5.8665261108   -0.4415084576   -1.3340356996   -3.6907739290    3.8967239871
  -5.4530927824   -8.4982972070   -6.5223441613   -2.3756504031    0.1420426418    0.0244642345
  -4.8686245562   -2.6966198862   -5.6912091334    0.6436412618    3.1343902612    0.6729659906
   6.0976725590   -2.2204783687   -1.1291269229    2.4880806205    4.3077388998   -2.1661094767
   5.3555378724    0.9010403210    0.1835600725   -1.2353993369    1.6361254089    4.0381792927
  -7.8619301332    1.4036071074   -6.2352117918    0.2594788947   -0.3662485111   -5.9174190242
  -7.8668645835    7.9636780171    7.6860652583    3.3510496100    0.4610507646   -1.7563267172
   1.7445244306    8.0604824268   -2.4280686736   -0.3332598421   -1.9980385154   -0.8921977153
  -3.0345637546   -7.5992328568   -1.9324344373   -3.5355006742    4.7640022733    5.8665199983
   3.4817536023   -2.2371567065   -6.3960544926    1.4826617430    0.5963241785   -0.7392731498
   2.7287053035    0.1681533647   -8.4532157494    1.2471197154    0.2082644661    3.6024991295
   7.6190095331    2.2704919039   -6.6907575033    0.7734613701   -0.1381511902    1.6327976049
  -1.5997429855    2.0546091276   -0.6217576083    0.1346877548    3.3217465692    1.2801940997
   3.4163070249    0.0901132501    5.7076213239    0.5375174083    0.5693748575   -2.2324464120
  -3.2325438029    6.2396874641   -6.3739961722   -5.7947763429   -0.9806046040    3.7639372358
  -6.7964404631   -2.9943361202   -5.9264672314   -0.3505500960    0.0343940385    5.2260538459
  -7.7523106314    6.0832113957   -1.2173329348   -0.6669213193   -0.0726692635   -0.4154651157
   5.3943164520   -2.9959476587    7.3117028343   -1.9863250942    1.1926758782    0.9585076587
  -3.8898699763    0.9652560981    7.5044015620   -1.1650947585    4.4392292571   -5.5517224010
   4.0128963668    6.1433576433    3.0262444382   -3.7461569513   -0.8648693276    1.4322503820
   1.2705988426   -0.0771946323   -5.6940183911   -1.0548306501   -2.2008466385    2.0849478050
  -1.0510876061   -7.1334757121   -0.2809359242   -1.1558869077    0.4053356576    1.8460575976
   2.3706452836    6.1419430260   -8.0997636623   -5.5385025069   -2.0376391891   -2.2183043103
   7.8622490877   -2.3886174345   -6.3780102418    0.6350976547   -3.4266744607   -3.8934135037
   1.5317395361    8.5416175710   -0.4744125358   -1.1242780296   -0.4401781459    0.9627860328
  -4.9785478926    0.8862418822   -2.6189125849   -1.6214601765   -4.2652253907   -1.5955468203
  -8.5429413471    4.4639730500   -3.4625060298    1.2523240027    0.8876216784    0.0103352975
   8.3362768476   -6.1024152269    3.2930744523   -0.4893215229   -1.9252362264    1.8348024215
  -7.9055881987    7.6186311828   -6.4817220143   -2.8221370561   -4.4449839465    0.9493610153
  -7.8071671580    0.0459581759   -4.1948738046   -2.4742578120   -0.8406982064    0.8680638670
   7.2210637774   -5.2727791541   -6.8454740686    1.2526486925    4.5853126948    2.1730460073
   0.0943450193    8.1597477483   -6.7205419302   -3.1131745242   -2.3628899700    1.5957794795
  -0.4934999823   -0.8994365410   -5.1449542605   -0.8529315566   -0.6743461233    1.2945587550
  -0.7324866488    2.1625498140   -2.2841301408   -1.7419701343    0.5703479970   -0.6117273497
  -5.9047089383   -7.7028500759    0.9250245041   -0.6526431116   -0.4638482449   -1.7577884770
   5.0731168618   -2.1685313419   -1.1801419741   -1.2131653592   -2.5040733924   -2.0346965775
   7.1596698517   -2.0426192453    5.6373408462   -1.5361939529    2.4461950968    0.6793524958
  -0.5837130255   -6.0459478629   -2.9979449966    0.0760327307   -0.0669361620   -2.2790956883
   5.7822991810   -2.5909168953    4.5717305551    2.1703756092    1.7659625354   -0.0880105711
   2.5304582898    3.1518054287    7.7694264969    1.1715632823    0.3753149478   -2.7097772801
   7.7932404527   -7.3084189286    2.5187538605   -0.1099061809    2.6134510215    0.5853638210
   2.2651845981    0.4005762444    2.3743853377    1.2979221093   -1.3300832849    1.6526385390
  -4.6896169723    1.3777984891    4.0806782840    0.2101237921   -3.2265220320   -3.1459893835
   7.0698057646   -4.9185092133   -5.9816753889   -4.3312272683   -4.3979415017   -2.1992352947
  -1.3538352436    7.3174057847   -4.5455255078    3.5104477798   -1.4262448588    3.2953547557
  -1.3983823389   -3.4377099482   -2.5905157531   -1.4804914201    1.8890283274   -0.1849707491
   3.6282814982   -6.7990734111    5.2952635911   -2.4869794606    0.1125913602    4.7274409096
  -6.2812518088    5.9711265284    4.5751616649   -2.3527116760   -1.2350143954   -0.1295441650
   1.3459951575   -2.2677591969   -3.7875523356   -1.6440144220   -2.7738491280    0.4279964762
   7.5743017840   -8.0782504295   -4.1107837607    0.8668548483    1.5406906291   -0.7522680649
  -7.2217912660   -0.1587444473   -2.3789314570    2.9914079234   -1.4223854798    0.8465841958
   3.5215816609    7.9688282757    5.4270388800   -2.1643399100    0.3157620983   -1.2240448640
  -2.3856622794    4.2852945501    1.9487491529    1.0678691729   -1.3817884314   -2.8452758239
  -5.6237272174    4.2323242268   -5.5262672623    3.9278247647    2.0220573458    4.5934300140
  -4.6337772555   -1.4288347610   -4.1535815943    0.4052305544    0.4424022783    1.0673084182
  -3.3343161809    6.2953965265   -3.6739586954   -6.6640812528    2.2419733791    0.0149105716
  -1.3684143569   -4.5737077653    2.5397138907   -1.8280007842   -3.6716024378    3.5487721995
  -1.2782588804   -4.1765351238   -7.7881182278    0.6646457116    1.8586016758   -3.3768077458
   2.4056842597    3.4324375619    4.1653117582   -0.5283533884    0.7086223140   -0.8362418998
  -8.1367658245    4.2076973927    2.5205217524   -0.7499988241   -1.2692583136    1.6137030688
  -3.6208157947   -1.7902243474   -7.1122071865    1.1863867899    0.0645172396    1.0526268941
   8.4092732680   -3.2324245694   -5.0049492303   -1.3984542160    6.4832781051   -0.4935159558
  -1.4135822565   -8.2012550010    4.3681055149    0.5506004617   -2.5062698062    2.0433248489
  -4.4921109392    1.0061903670   -4.8995898956    3.5379461644    3.4883852649    2.3030883121
  -0.6447889191   -4.5152870055   -5.7023887263    3.0747765477    1.7139907256   -2.0287341102
  -1.6622208112    1.7621295735    7.0836461498    0.2180014500   -0.8088158639    1.9219858052
   1.5099254845    3.0691653175    8.1817115527   -2.1878639658    2.7369642820   -1.1400274926
  -7.6067228213    1.7092704103    0.6284903221   -3.0865735949    1.5641444823    1.7482767266
   8.5004716936    6.6795062348   -0.9698813464   -1.0615536850   -1.4117008533   -2.7057504039
  -1.4686186972   -2.1141585098   -4.7605428705   -0.1215954772    1.4319856780    0.2291228015
  -5.8632066696    2.9474232416   -3.9861743863    0.4050383378   -0.9370787156    2.1884791962
   6.4944110191    7.9674719261    4.0571228203   -1.0109672553    0.6649483669    1.6771995558
   6.2106397891   -6.2252738003   -1.2352678954   -0.3392243401   -2.3866215210   -0.5197173367
   3.8430580580   -0.5555934018    4.8653270761   -1.2120330778    0.1597773305   -1.5262116969
   3.0151091016    4.7345928132    2.9785430448    1.8808380878   -0.0705165201   -1.9511649075
  -6.2380541178   -1.1809784891    3.4481767129    1.6106596418    0.7578283522    0.7671849848
   0.6112462358   -4.7097649448   -6.7967641938   -0.8603762372    2.4153838207   -0.7185829520
   6.3687824573    4.1644074953    5.8485469233    0.4915127787    1.8728436471    3.9713042182
  -6.8332632412    7.1241175853   -8.1830210902    1.2209950426    3.3613489366    0.2986406109
  -6.3787769306   -7.2776254873   -0.9988120496   -0.9045954838    2.3605600600    6.4576066309
   4.4892778352    2.3870067509   -6.1439838142    2.4205525017    0.6110555165    0.0460567842
  -4.4736284516   -6.6283274447   -2.7538964370   -1.5700329341    1.0560044375   -1.9853355575
  -3.0714766058    2.5855780628    1.8033591267    0.7602993341   -0.3289150302    0.3228273799
   4.8257065379   -3.3724514274   -7.3080797885    1.8570699743   -0.8565161034    2.7704862031
  -3.5789103192    0.7557034064   -5.4559950164    1.6604890107    4.9692011068   -3.3080014174
   1.8056369244    1.7007191003   -7.8251648558    0.6383464404   -2.7070651109   -0.5338225360
  -3.3672033162    4.0874005880   -2.1264584805   -1.6165575446   -2.7369695797    4.8643200643
  -6.8178747807   -2.3939320120    5.9723468976    0.8318278691    1.8485173346   -1.2473686930
   4.9216162983   -3.2026918082   -2.9365964079    0.3070109833    2.3069237957    3.8139249219
   4.8332396088   -1.4096659626   -1.8465520975   -0.3003198395   -0.6374742112    2.6971574432
   1.9430385296   -6.5696454985   -4.2274167114   -0.1772352982   -1.1895017814   -3.5399753157
  -7.4857066862    1.0985294683   -4.4224044379   -2.7107448484   -3.9264661864   -0.6937598408
  -1.5383845018   -3.5338973734   -5.7919502933    1.4771243242   -2.4280705819   -0.9960275007
   7.4379023601    4.7553250932   -4.2110411949   -1.9877192383   -1.7191266321   -0.9536926184
   1.2680061858    7.1732417439    2.3462357182    0.7116297481   -1.8336597656   -2.4262129983
  -7.9201895823    6.0484203489    1.4773824430    2.7245352937   -1.2389010139   -1.4000664552
   4.5870781932   -4.8146324970   -4.9221373253    0.1714474070    1.0458451816    1.1781168869
  -5.8565142029    7.0750582130    4.8012889387    2.8640891553    0.1888751145    2.7387633273
  -0.9848027801    5.5526063434    2.8919289658   -2.6796038942   -0.0239727395   -5.1328530600
   8.0786427481    0.9095384255    1.0660387021   -1.3003485593    3.2529942651   -1.4513793955
   5.6620271225   -6.4309803839    7.9211639698    2.4157742448   -3.2612233732   -0.3420333665
  -4.4158019243   -5.2094328755   -8.4734938223   -3.8476343886    1.5105492907   -0.0253981749
   5.6721234200   -5.8649570178    6.8208502294    4.3535294440   -3.6381843906    1.2272049027
  -2.7724702682    3.9290646797    8.0415751838   -1.5378899253   -0.4904024135    1.4669216787
   8.2528568940    8.2457422356    7.4009273666    3.3368669013    0.8390776573   -0.0471749987
   3.5840001745    8.1087785584    8.5124388367    1.0367384764   -2.6702651187   -2.6497244480
  -1.7304628461   -5.8480461566   -2.3834494968   -2.4147592434    0.1082042124    2.4507860502
  -0.0673177547   -0.1225983387    4.7079991661   -1.1782942076    1.8057322850   -2.2794569011
  -3.1194377992    6.1506991908    2.5982462249   -3.0919838256    1.6085707423    0.3313009776
   1.1975671174   -5.2956055247   -2.1400436196    0.9504522187   -4.2501843090   -3.2885779296
  -6.6280445046   -6.1675236417    7.2294676104    1.5277710629   -0.2449929331   -1.0353557363
  -6.9674921061   -5.2144664189   -2.7416358187    0.3102751339    2.4722141930    5.2116953316
  -1.4003391274   -4.3249835033    5.7599272786    2.8832657793    0.2021379072   -0.4808621434
   5.1542093554    0.1201441166    3.6885115852   -0.7370160836   -0.3622818334    1.8142779533
   7.0139247981   -6.7600709447   -1.7656629287    1.0690149531    0.2602039010   -2.0189255671
  -1.3183542567   -6.1229566061   -0.3397771332   -1.5080485517   -0.9580203956   -4.3698529603
   4.7407003583    7.2730155944    0.5259760499   -1.8548882944    1.4987395676    1.2258519965
   0.4327778890   -3.8328148136    6.9266088684    2.6671405294   -1.8817012360   -1.9566585227
   8.0530778008   -4.5974098664    7.4879528197   -5.0811848722    2.9021314108   -0.5004306029
  -4.7635889711   -5.4246454161    5.5506866615    2.2954180272   -0.6412746212   -0.6632198237
  -7.7602560023   -1.3324326412    5.7907104997    3.0864381221    0.6071834102   -2.0371999543
   4.8934117901   -8.1213214011    3.8239457723    1.7269635804   -0.0098828609    0.4522165692
   0.1954204036    1.1052853655   -3.2070228492    4.6738948186   -3.1311655709   -1.4614895669
   3.4405747878    2.4323365860    3.9753623857   -0.1298034144   -0.7562864216   -0.6714810732
  -7.3432027148   -5.7832091423   -4.7680286221   -0.5560152786    1.8919097790    0.2546450520
   6.1233745448   -4.7356150068   -3.4872633713    0.7281930874   -0.0636707247   -0.4802937531
  -0.8797831989    1.5289904949    5.0566411227    1.6421269705    2.5640601619   -1.3177570499
  -6.5461235432   -4.7228701002   -5.3961489910    0.2847619665    1.7748811786   -1.8852132762
  -4.4211293586   -7.1892290073   -7.9809969790   -3.5724140027    0.6228811916    0.0495089840
   2.8804663882   -6.7209987681    6.2931406304    1.8932605966   -0.2515818025    1.8764603437
  -4.2397423212   -6.7073446800    1.7765545168    4.6916678191    0.3736846612   -2.9259727028
   2.3052096026    3.0348917350   -4.3058952262    2.2675610293    1.8880946315    0.3438024099
  -3.1828430436   -6.6493344003   -4.1479991356   -3.8163163079    0.9450798904    2.7404043409
   6.2078720878   -1.9301292864    2.0114089743    2.4589191940    6.4141277091   -2.4590284246
   8.2603142594   -4.4991172759    1.2092873027   -2.3177798382   -1.9989889609   -3.2522146043
   0.0442929323   -2.9464054615   -5.9108963496   -3.7070465907    0.9239242318   -1.1208952895
   6.7384108353   -3.0533222693   -4.8197580735   -0.1800843662    0.2570570732   -1.2590292750
   1.8229848979   -6.4998680744    8.1988983257   -1.4312606206    5.2511710329   -3.6491889720
  -5.5238329577    6.1098852277   -1.5776938526   -0.1131514006    2.7257406638    0.9925447560
   2.8392630582   -6.0437946894    5.2123376671    3.4989586311    1.0738889410    4.3812827302
  -0.3185211506   -6.0032869371    2.4168761888   -3.1559243276   -2.9139432558    5.6028877333
  -2.8422021760    6.7589604436    7.2377225930   -0.0301273996   -1.3793538072    6.1509128047
  -4.3557833811   -8.4501997905   -6.1998780122   -6.0465859118   -0.4442755335   -0.1281932209
   2.1805941638   -1.3383293640    1.2777347746    3.2147066162   -1.1153073715    1.7203647054
  -3.3205259915    6.5367428507    5.1999797749   -1.0376102865    1.5083508254    0.5198140209
  -5.2528806544   -8.3335600386    2.9114697149   -2.8285639592    0.6532807324    2.4147555210
  -7.8531307749   -3.0501859741   -0.2357345999    1.6226639524   -2.5434708393   -2.2478110949
   8.3283219499   -8.0877415402   -5.0426557916   -3.0011681823   -1.9214152859    2.9171228050
   0.8489946010   -3.6352332750    0.4200070069   -0.6619856774    2.5008636996   -0.1882152676
  -8.0610060054   -5.1758684291    8.0217295726   -2.4350153205   -1.8742563707    1.1091958872
  -2.0947296108   -7.0477464743   -0.8644861646    1.5606253694    2.4791528875    0.8672639199
   5.1425816386    4.9956620133   -0.2463206263   -2.1660377437   -3.0742300387   -4.0738761866
   4.2711351502    2.5799244055   -2.5315359917   -1.6556345176   -0.7292646749    2.8258822755
  -7.8099375621    1.3078457534    8.1042713532   -1.1974640476    0.6456327846   -3.3026638334
   2.7481023318   -5.5328372728    6.1355338721   -3.7178973051   -0.2453175745    4.6630129628
  -4.7065239514   -4.8118371976    7.4466624805    0.7443819984    0.4161936237    1.4766392689
   5.0931337314   -3.7616843974    3.3160638371   -2.1146473999   -2.2394486776    1.4294361338
  -5.5170355539   -2.3797058273   -3.4371941779    2.0472396166   -2.6290764031   -0.9369125396
   1.8459488702    1.9285280218   -2.2598503184    1.7507811845    0.4445569916   -0.0283944286
  -7.6393664459    7.7934418237   -2.5243802779    0.1314493540    1.9271385131   -2.7367223932
   4.1186049631    6.3247456919    4.3791085565   -1.1542890074   -2.2978727470    3.8175644779
  -1.1632411649    0.4722918646   -4.5248259686   -2.0063012823    1.8536910980    5.6449531656
   5.7389317613   -1.0492012895    1.6808990901   -0.4170765603    1.6307567748    3.0616880730
   3.3013332897   -3.4469471540    0.2669916516    0.1676010576    1.5635906215    3.7661918621
  -1.3803470882   -4.0534930053   -4.4346530816   -0.0727774503   -0.4147919506   -0.1500604939
  -5.8227694120   -1.8965507024    7.2326473756   -0.6835077558   -2.2441229368    0.6500829661
   3.2907569471   -2.6567318730    5.0785808934    5.6141741759    1.3197264443    2.9779010225
   6.3170688568   -4.5493184721   -4.9713867271   -0.9290565901    1.6335551977    3.3436205070
   5.2208991434   -3.7627769936    5.2287218237   -0.6296477701    0.7441623494    0.5430169856
  -3.8704076934    8.4044539336    3.8475244496   -2.0754287326    0.3797007705    3.3029060278
  -5.4954380791   -2.3635880640   -1.5087638389   -2.4672344622    2.2004671461    1.6125782762
  -7.8511329546    6.4131801736   -6.1378898986    1.8951949108    0.8311673345    2.3365133564
   1.0386169452    0.9449004245    7.0696536078   -0.5602978049   -0.9287873982    0.7984283380
  -5.2851982179    7.3456373733   -0.4383205260   -0.7853470010    1.5956499769   -1.5141219028
   7.8683483896    4.9747968133    6.9624142524    2.8130987411    1.3564339891    0.1497892196
   4.7907146015    5.2967344393    3.5731489334    3.0444437059   -0.9009021030   -1.0076023591
  -3.9091883416   -2.5993215982   -3.2457035661    0.0358560399   -0.8173234416    0.0896614018
   3.0784664561    0.7933802516    5.2178424484   -0.4696774550   -0.3876380355    0.1577771440
  -8.2754141471    6.7028150338    0.2494214137   -1.5067272741   -2.2348397465   -1.0105097833
  -0.2767407605   -4.0793604607    1.5714522464   -1.2380005816    3.3149152717    1.8804546594
   4.4231835434   -2.2417985987   -7.9887301389   -0.4177805586    2.0491323907    0.3355051398
   3.6477699283   -4.7524310891    0.6285677061   -1.7575981786   -0.6945960014   -6.0581950777
  -1.9039217606   -5.6327508678   -8.5204842804   -1.1802402116   -3.8122146723    0.5548030884
   6.0197255041   -0.0232986483   -4.5821702777   -1.1571955867    1.4521852069   -3.8328154358
  -8.2561900037   -6.4734985799   -6.0076968727    1.6207152969    0.7608534734   -3.7949129110
  -1.8807507152   -3.6304336537    0.2993747246    0.4832382842    0.9516915806    4.3961020660
   7.8622481586    2.8710030954    3.2530560882    0.2338596487    3.3119265733    0.7869269587
   3.7192464956    7.4480791072    3.1229374284    2.5052254022    3.7913858224    1.6137904169
   6.1467364274    0.7790578543   -4.9669839632   -0.9138972377    0.7160778213    0.1172292189
  -7.9038686570   -7.5547116876    3.5066630273    0.8263646854    4.2451582275   -0.1691451546
   2.9163420384    0.8405310105   -1.6384972746   -2.5616049035   -2.7607597688    0.7454448594
  -6.5220110575   -7.5481042532    8.5186204021    2.0606192808    5.2973766283    0.6050493070
  -2.8284990722   -1.2994368575   -5.9550216352    1.3827309915   -2.1198984466    1.9407476565
   1.9468880157    3.8972043345    2.5831526923   -6.0254826528   -0.1115296263    3.4371829850
  -0.0183658083    3.5670528749    4.9785550723   -2.7344560889    1.9402704246   -2.0061753767
  -3.8596990702   -6.0547774703    6.6642810923    0.7726173495   -1.8419831953   -3.1111736381
   7.6268549165   -0.5136127787    0.8148553148   -2.5523655647    3.8885849057   -1.8362011027
  -6.1342210655   -8.3641467170    8.2674291705    0.3015555863    3.0222295724    0.4115754047
  -3.5031728608    6.6161116301   -1.3472151975    0.9208305093   -7.2894590754   -0.6887132486
  -3.6828048544   -5.4863396807    2.6711082160    2.6545008949   -2.9568950360    3.8888212907
   0.1236156491   -5.5829346548    1.3445848436   -2.2572821259    0.9330125299    4.6577954002
  -7.7411180303   -4.6963468183   -3.1496402338   -0.0495150615    0.1785013217   -3.0985235453
  -4.2702941307    6.4863899448   -1.9503501028   -0.3505850705   -0.6950012471   -4.3150784234
   0.6378912340    0.5886696223   -2.4712193340    2.2077290076   -0.6050169786   -0.0097661549
  -6.0625349204    7.9775786040   -5.4621992902    0.4853125188   -1.9452213510   -0.3708518087
   7.9828183367   -1.1391688715   -6.1496767750    1.3166497197    1.4582349043    1.5906530921
   1.6988821115   -1.0803345830    7.6217057255   -0.8354697322    4.5452037000   -0.2910968442
   4.4867962137   -0.4548614716   -0.5264939318   -2.5438528978   -0.5089844248    1.9082597699
  -0.1804489980   -6.3164630543   -1.3681672718   -1.8352417174   -0.1716101993   -2.2845212659
  -6.9536107270    7.3618593475    0.5936557979    1.5374722761    2.6247464383   -3.3775403477
  -4.7244854437   -7.0501698181    6.7977259047    0.9547702755    0.4324738090    0.5109751962
   3.3077551797    5.2960507854   -8.3374775315   -1.1185354434   -0.6862506887    1.6946899855
  -6.1988024195    6.7249440709    2.4405082428    3.9133431347   -0.1952883730    2.0310386743
   7.9223033253    2.0668528918   -0.6920541970    1.1968908438   -0.1998241087   -1.1738884587
   3.8980011055   -1.7121719695    1.3077789888    0.6232421338   -2.9378366575    0.6065915708
   3.6544674675    0.7347928148    1.8348222855   -1.2832511557   -2.4641876080    3.6863678937
   1.6045378936   -2.3597764828    4.1014729284    1.7304899609    0.6663272570   -1.0090180440
   1.4476017684   -6.9748173905   -8.0124983018    0.6289276170   -2.3540834433   -0.6145289031
   6.0934850102    6.2074115900    5.5199774121   -0.8524797881   -1.5841610181    0.6169158207
   0.0067387054    5.5405767705    2.4151502987    0.3220998674   -0.0657021955   -1.5450549876
   5.2131207364    4.3033358330   -4.3830519810    0.0234096367   -2.0861838778    2.5532857378
  -2.7370441877   -0.8787376446   -3.7790794835    2.2022219588    0.0206047427   -3.2342184982
  -5.6751214746   -3.9824000610   -1.6943159452   -1.3007374861    3.1047284382    1.1785992189
   0.9610117869    6.9473272721   -3.9704456923   -1.9404832357    4.4046294440    1.5684078106
   1.8110885340   -6.2481078416   -5.2031135269   -1.7329433959    0.3148079410    0.2423414211
  -6.9896141335    2.1173346235    6.7846414680   -0.0456248108   -0.1696974364    6.5934934667
  -2.2817436364    0.1817571178   -3.7121487350   -1.0293596694    0.8563202430   -2.7022434734
   2.8167220649   -5.5788828443    2.1907002000    1.8754326466   -2.5991054626    1.2249464131
   0.8910537975   -8.3639929175    1.1029371243    1.1305054389    2.9605413174    2.2123226642
   0.0274329136   -3.0631141169   -4.6972008324    1.0163535993    3.0117863367    0.9270301757
  -4.7401730264   -6.9199889995    3.3172973276    5.1484397298    2.3502539580    0.9466856748
  -2.7217071808    2.6322951959   -7.6480443939   -0.4423915154    2.2826151704    0.9008786995
   5.9894122395   -7.4261992037   -4.1811942070   -0.1293213857    3.5697794724    0.3161350821
  -3.0982923843   -5.0071342566   -8.2294560558    3.7696846872   -0.2549317700    1.3128715097
   7.4846210705    1.6365855700   -5.8483363683   -2.3460767528    0.8894805725   -1.0466859916
   7.4663493014   -5.8232631214    5.4806881483   -0.0333124602   -0.7941397593    1.6417218542
   5.9125340430   -1.0413791345    8.1296377979   -0.4851844153    2.2115836921    0.7274241574
  -0.4447156127    7.1933452815    7.1446547983   -2.0986321998   -0.2343749212    0.7603166802
  -2.0893621843   -4.7900277676    1.5639807366   -1.2995879927   -0.5839621166   -1.0279446114
  -0.7518291214    0.2701416072   -8.1507814708   -0.2992482218    0.9470846690   -1.3617890890
   8.0103386748   -1.9690964177    0.8079789402    0.8538877918   -0.0349983906    2.5853347694
   3.1844558435    7.0869504637    5.1881366119   -2.7449776356   -3.1910850783    3.5857981244
   2.0272578365   -1.8712530068   -6.4535853494   -2.2791627133   -1.3782909511   -2.2009767433
  -0.1455344170    3.7338302650   -2.4318920432   -0.5425240690   -4.0693776126   -1.4639447587
   1.3620881611    2.4329902583   -3.8534591288    0.7849129865    0.2858358777   -1.3128388361
   7.0860856969   -8.2114023325   -0.1037530454   -0.4351759918    0.7277075567   -0.1906633613
  -1.6426237156    3.1837906769   -6.8428068036    2.1956185582    1.3551872248    1.1167700180
  -2.2484288720   -5.0335004197    6.1123569157   -0.3902127373   -0.3950015138    0.0950673671
  -3.8420150016   -8.1960206305    0.4002167590   -1.2190059540   -0.2657575098   -2.3572859299
   3.7532292110   -4.3192182781    1.7418369650    3.6655433325   -1.9859841025    1.3956125053
  -6.8749220626    7.4095450807   -5.4444783023    1.6305404711    6.3843141948   -1.1149184618
  -4.8105514665    5.0601681379    5.6487949229   -0.7551000932    2.2185086936   -1.4369790199
  -3.7283308681   -5.6858669937    1.6809573340    0.5998755530   -1.4393408520    0.4010493979
   4.6250289704   -7.9266549126   -7.3027206062   -2.5473630855   -0.9939331797   -2.8191499135
  -6.8438092367   -2.6294784697    7.9137147813   -4.1568943231   -0.3321239034   -0.3256050267
   7.1666625863    0.9167954184   -4.9142962690    2.5307574707    2.0764570322   -0.2452701959
  -2.0614111924    4.3572665251   -6.8821976823   -1.9180232600   -2.7365699303   -1.4993463257
   8.3788328697    1.6441450382   -4.9772204507    1.2770358925   -1.5638669217   -4.2717057776
  -6.6367831992   -2.0681059739   -6.1022312680    0.9005209779   -0.6414689577    1.1624554331
  -8.0375131775   -4.8241628691   -0.3487081857    2.0138717725   -0.4993256657   -2.9563646160
   7.1061462844   -5.7343638092   -0.5553681209    2.8171858634    0.2500861641   -1.8286119421
   7.8855535282   -2.5400968419    1.6280462037    0.2854703330    0.7674799392    1.6372616739
   4.5580426847    8.1699815555    5.2245692554   -3.0392161858   -1.7599325724   -0.0208234385
  -5.1765630709   -6.7801856420    1.9295275177    2.4014342184   -0.5785316933   -0.2063927629
  -4.6806044557    2.6281877047   -8.3982693568    2.0104789948   -0.8082622350   -1.0118161059
  -1.9149426257   -0.7926864792   -6.8052612505   -0.4635811260    2.4192192372   -1.9169061022
  -7.2894576302    0.4042297241   -6.4740508993    0.9184292380   -6.4995699659   -0.0761016771
   7.7474602908   -5.7792187292    8.2022815642    2.8829075693   -0.8789478104   -0.9195235253
  -0.0984742596    3.0942483208   -4.3249117678   -1.9710847226   -3.5614731725   -0.0598446102
  -8.3557349463    3.9127715238    0.2324732731    3.3293025611   -0.5914115160   -0.8083342281
   2.8747330369   -2.4816490543   -4.3579025547    0.8814503021   -1.1845635070   -3.1254572962
  -7.9693167034    8.3759834482   -0.3024210370   -3.3114418286    1.7224835229   -0.3424295442
   6.4338587690   -8.2388586328   -2.1874418674    3.2953091014    0.4911276184    0.7494385784
   4.5028417228    0.2507136915   -2.2158013218    0.2295867521    0.0083096206    1.8284546091
  -5.9474367499   -5.3962452133    3.7151904954   -1.8304549374   -2.0322153147    2.7547600251
  -5.0569566160    7.0253411433    7.2955491965   -0.8325192548   -0.2959974118   -3.2877997360
  -5.9252922826   -3.6188351910    7.5751215446    0.8762051966    2.2701606450   -1.5143638449
   0.5435128438   -5.1448480550   -1.3282729235    1.3428293454   -1.2674781330    1.6161751401
  -7.6091588507    4.0941101369   -1.0571196414    0.3866283558    0.0335631713   -1.5237004984
   2.9049436319   -6.6121490555    7.7356872876   -4.9431359331   -0.6283229260    0.2495150976
  -8.0111235244    4.9054720296    0.4577050332   -2.1138221924   -1.5032989927   -0.2306816694
  -7.0887137968    4.4465414046   -1.8912778992   -0.2196504805    0.0143504727    1.4167643486
   8.0799447586   -0.8021038492    8.4290859437   -1.7788889657    1.0516438474    0.0669896048
  -4.2340078305   -4.2377512111    6.6077370232    3.9380034151   -0.7421857851    0.6292648635
  -4.8549239772   -2.4621774688    1.6886960516   -0.4092111041    3.6211518314   -1.2426973793
  -2.7402510872    8.0644482708   -6.4594120888   -1.6767460136   -2.9098165941   -0.6586421954
  -0.7306569263    7.5985553581   -2.2503605311    3.3674524226   -4.4459391125    2.5407776986
  -2.5481819680   -0.4287737551    8.4689701977   -3.8485757205    0.6988836283    0.3586719361
   6.5730915704   -5.8987107498    5.9883629537   -2.5266564805    0.0062015677   -0.6773864622
   8.3078980612   -7.0617466490   -0.2643193682   -0.3914422934    1.1650884711   -0.7398861415
   6.9831548237    0.9464899089    6.9517790925   -1.6236877084    0.9581358858    1.1052477905
   4.7895392561   -0.5110307287    1.7267138290   -1.4332806509    2.1070115073    0.0811509629
  -8.3314889804    7.1253239564   -4.9175267110   -2.7989992574    0.1394234856    1.2849305487
   5.3564401396   -6.4016838502    4.5695986951    2.6532569962    1.8415628890   -1.9810438037
   7.6726630037    7.9270540680   -6.7729312713   -1.5519232321    2.7223567341   -2.8726899220
  -0.2164998943   -1.6717273153   -2.0477673729    1.8869876510   -2.0387330932    0.8413121984
   2.3400947785    7.4609753760    4.4420716229    2.0252714422    0.4811869479    5.5612709872
  -0.2348507103   -4.2637857069   -4.7565648483    0.4048491430   -0.0373714059   -0.1190969409
  -1.6381553249    2.3634715508   -2.4147945191   -0.1488170676    0.3539197772   -0.5878335298
   5.9445269770   -7.7509874027    5.4862001294   -0.4041778346   -2.0317079014    0.4398275587
  -0.2274497082   -1.1488193003   -3.5298734148   -1.6722778944    1.3152312219    1.4537107846
   0.4401205152    3.5677112514    5.8085100207   -1.1582555936   -0.9129113022   -1.5263149364
   7.0893469423   -1.4505069328    2.7545476061    0.3240648779   -0.8833370122    6.4408381358
  -4.3167336907    5.5268009617   -7.1405161324   -2.0306073898    0.8347757236    0.4357008219
   1.0858807695   -1.9269765005   -5.3193597957    2.0604370420   -4.8626195822   -2.6879460326
  -3.3661685907   -1.2677415090    5.7388355850    1.2988038442    1.8430334584    3.4059733479
  -1.1408874930    5.5693061132   -4.1008215799   -3.8253242565    3.8720934836   -3.1012926900
   3.2567532762   -0.3407192317   -3.6909175587    1.6695262323    4.5391273357    0.1799296221
  -0.9863606906   -3.2614832071    0.2112606448   -0.5489127123   -0.8044548197   -1.9355621810
   1.3064098881   -1.8910359218    2.0302908595    0.3939289729    1.3225252685   -1.7738268532
  -4.7568203925   -3.7825562819    3.0257329371   -3.0182028974    0.3667941597    1.7794782078
  -5.1504481938   -3.9124240354   -6.0424621897   -2.2615604952    2.2493581916    0.1356870781
  -7.5788886751   -7.1023370796    5.0841127274    0.9778259172    3.8274098491    0.0845643433
  -6.5741767819   -0.0827169173   -5.8665892261   -0.6589051572   -0.8865397821   -4.0727148594
   7.6556550673   -4.7513584420    4.8289623056   -1.1695871958    1.0281677619    0.6004555205
  -3.1565492549   -2.1671494673    6.9067384721    0.6233893881    1.1931628378    2.6230354411
   3.7540584124    4.2869443060   -2.2679985115    1.4274736945    2.3364466923    0.6373697931
  -1.4067869457    8.0665789618    1.5090127316   -2.1141067592   -2.1730769786    2.9188793623
  -5.2013646565    3.8336036382    1.0671705048   -0.5611981416   -0.2647472139   -4.3738064452
   4.7450498451    6.4202065676   -2.1098240292    3.9367585571    2.3716038312    0.0408634808
  -1.3200333935    7.1332847955   -5.8947291044    3.5258612013   -1.2208169273   -4.4223001158
  -8.5219563685    7.2917221827    6.9139556219    3.9928638911    3.1168115691   -0.2193274826
  -1.0034807742    8.1639488308   -8.0416093322    3.5929983365    3.1061798584    3.1560483474
   5.2209431022   -0.2194365428   -7.7166936421   -1.2342772238    0.4873681749    2.1409350833
  -6.4455386854    3.1907259022   -3.2076363423   -2.1062033824   -3.0720447662    1.6338123385
   0.2618855011   -6.7376512282    8.5012505477   -4.8900095034   -0.2373375175    0.7951132246
   3.5004490934   -3.5941704226   -1.6528487226   -0.3964673276   -1.1401361423   -1.9719698679
   4.9451831181    3.6953362996   -2.0418385669    0.9672624633    0.6832495202    0.0086290263
   6.3921416137    0.6039448877    0.1194413009   -2.3522796292   -4.3456797527    4.6255217319
  -3.6737921226    1.8187674835    1.0587880314    1.6849665678    3.9321818191    0.0043484935
   1.1054389454   -0.7490134227   -3.8654215901   -2.3136765380   -3.8651590991   -2.1143844804
  -7.2530111715    5.5631574882    8.2303979822    4.7158110014   -0.3625937955    1.5894455961
   4.8944271483    4.4968194196   -5.8120256078    4.7479567969    0.1437037619   -0.8226144525
   0.3353638769   -6.5217859261    0.5180231523    2.0447327974    1.2645795516    3.0854008915
   6.0501747847    4.9658157823    0.6610206794   -1.4953078932    2.3903713741   -4.7579939557
   7.4319118037   -1.1694194044    7.4475411530   -0.9541478744   -0.9554348453    0.8457796587
   5.1434786666    4.4352927698    7.4510158794    2.7684427968    1.2443782369    1.4360243844
  -5.4020207795    5.1043393651   -6.7133853901    2.6688852214   -0.3702826827    2.8090707637
  -4.4383689267   -5.5928780158   -4.2362682270    1.4691565752    1.9159394683   -0.4958545405
  -6.5070182015   -3.8316084385   -6.6426599734   -3.8139366584    0.0435557277   -0.6206327182
   2.9474459286    5.2855603585   -5.9361930331    1.2117920051   -2.2631961912   -2.0763629567
   2.4140248987   -7.4325312113   -0.5179071344    2.3568757747    1.5247445019    0.5763330346
  -4.5081601905    0.5925691500    1.0765384739   -3.7273481430    0.8654335370   -1.0667512840
  -0.7164609888    5.9492720389    0.6177060072    1.4475310619    0.3577638482   -6.1245699071
   8.1413559479   -0.4389156500   -5.3583153587    2.7557652254    2.8191877216    0.9755543480
   1.8398647196   -2.8146427181    5.2089211005    0.6980325138   -1.9421702293    0.6803873125
  -3.9786536336   -7.1608647177   -1.3700661209   -1.2474882534   -0.2551694960    1.7584311268
  -0.8260894722   -0.1323077623   -7.1019191089    4.2569923130    0.3637752738    5.1849988628
   3.3504024050    3.8869089779   -1.0881665513    1.0386582420    1.5575480602   -3.0135941769
   5.2550354641    6.0068897149    0.6478767276    1.2411253668    1.7787803526    0.8856614180
  -1.3007535480    2.2801398228    8.2850605974   -1.0465864504   -2.5730043497   -2.4778824200
  -5.6946238708    7.2435448814    3.5750769440   -1.5525835105    1.1744769298    1.1912893744
   5.7579773183    5.6012789974   -4.2247341945    0.2129896059   -3.7938218085    2.2264305767
  -4.7920971167   -3.9850499502    4.5666433861   -3.1598437501    0.5047049718   -0.5789759968
  -8.2049276410    1.5964144874   -7.2244146192    1.0378091372    1.8500440057    0.0946097010
  -6.9120136873   -8.2316145101   -3.2952520792    0.5846530756    1.7284517925    0.3775657076
  -2.3328487214    7.3581563858    7.9342005670   -6.1117028547    4.4430218158    2.8024983399
   0.0632795536    0.6073115613   -1.5597297828   -0.4015752344    0.2536667633   -1.1933003504
  -1.7806207035   -7.9769777011    6.8618338783   -0.3580952363    3.2254593514    3.4806180953
  -0.7185075405   -0.6564701399    5.1996879898    2.6104970813   -4.7133595015    4.2030146561
   3.3099619262   -7.8506648817    5.8834259371    0.1712313104    0.6485247430    0.7307633428
   8.2192185360   -6.5139284298    4.9790640676   -1.2323381321   -0.5784432722    0.7735854141
  -6.6614582369   -1.1000209881   -0.6034593348    0.8418071868   -0.5921632583    3.4313844853
  -3.7427750138   -0.6639783567    3.6538027065   -1.2681609641    0.3838878740    1.1817526973
   4.3846986625    8.0968564604   -3.1087469585   -2.0566540960   -0.0715666753    2.4214355682
  -2.8112232312    7.4835562544   -1.9957917411   -2.3436335932   -1.7076319469   -1.4267154641
  -5.0486290141    1.7272986575   -0.1263318853   -5.0044114792    0.3695472447    0.5465949984
  -6.1246906437   -0.5196219826   -7.2775747075    1.1061478011   -2.5969702993   -1.1569466545
  -6.4732600597    1.3099546086   -3.3098351587   -1.8616814331    0.1915219500    1.5883628653
   3.6038901292   -4.0605707017   -0.4617837701   -0.8728236619   -1.0426567862   -5.5157044221
  -3.4627833789   -3.2130575807    2.9611589640   -0.2288913188    0.0369604338    0.7978124595
   0.6851242673   -7.7429791873    4.8127487610    0.0748704760   -1.7089699911    3.0671079926
   2.1626045496    6.8134454962   -3.3035328687    2.2782001134    4.1725957613   -1.3427064951
   0.2769350292   -6.0744931515   -5.6708664361    0.9102090306    0.5182237500   -0.8130532294
  -4.3682710797   -2.5854067182   -1.5604755715    3.7402919663    2.0508193536    4.0089633186
   7.3401515796   -1.1797063437   -7.9203869195    0.4617713880   -2.1808132408   -0.7099529894
   5.6803807622    2.6382350439   -6.3016655581   -0.0641507394    0.9129369962   -0.5490608929
   3.9583106956   -4.9923141534   -0.7062351782    3.2292040156   -0.2397003039   -0.1445455979
  -4.7885494259    2.7470823773    2.2747472130   -0.3265452693   -1.4032347437    2.6053541227
  -6.1205574758   -8.4217200906    3.9480191561   -1.0206806002   -0.9505072277    1.2264385415
  -4.8858703480   -8.0749597698   -4.3554480686   -4.2084661055    1.6248583701    0.0177083345
   5.8764295399   -1.6662560221   -5.7359823216   -5.6525438700   -2.7183208791    0.7409051181
  -3.5860031803   -1.7942825310   -4.4729832928    0.5597896727    0.0780882522    2.0694074965
  -2.0142367681   -7.1866751712    7.7992223346   -2.1688016688   -0.7158080734    1.4005272427
   6.8157227347    3.9820919365   -2.4730147273   -1.6540463877    0.8248843190   -2.1054463475
  -2.3522305905    7.4639387864   -8.1906341902    0.2844989275    2.9965104465    5.2989191194
   5.9321207853    8.5449977035    2.4650264683   -1.4094963848    1.9246281646   -0.0485464128
  -7.2307689933    6.3888612843    3.3522386227   -3.2542128279    3.9860452461    1.5305443448
   5.2520386482   -7.1435277246   -7.0565935513    2.9993752082   -3.2692005262    0.2126513154
  -3.3963980304   -6.3248045117    4.6299950392    1.0748404797    0.2295279239    0.9927076871
  -7.7518766382   -2.0235400372    0.1164119435    2.5130894225   -1.8343647123    2.1111696776
   1.8160438021    0.7952070870   -6.5648093955    0.5849359211    0.5469307541    3.5397869109
   7.6244023436    0.2093912574    6.6787446677   -1.5774269321    2.3384726785   -1.0182520515
   6.4002758408   -3.7624174444   -6.1771539287    1.1410041133   -0.1849966819   -0.2550874652
   8.3563760388   -7.7737450092    4.3282644608    0.0775703267    3.0384746418    0.8676245631
  -7.4130422308    2.9259161984   -2.7854296290   -5.2174079908    1.5688078105    2.9797115412
   8.1365909034   -6.7157614513    8.4748993401   -2.1225729936    2.4503529707    2.8126341556
   5.3474570557    5.0378239488    6.5340411693   -1.9154271497   -3.1251650544    1.1334235156
  -3.1855053840    1.9655750560   -5.8726606754    0.7009288313   -0.5118421030    0.3985392056
  -4.9395933722   -2.1922879122    4.8501724004    3.4492870031    0.3034912552    5.2902766315
  -2.3817863023   -7.3267107806    1.2484799350   -2.4284251424   -0.4915754332    1.0344979637
  -5.5155436550    6.4040034866   -7.5358890899   -4.3186175473    2.7902670348    3.9864961618
   7.6602918485    8.1761388004    2.3839566247    1.3970686118   -0.9298568881   -0.3413658430
   6.8084269091    6.3184140081    2.6188401121    0.1121998438    4.4459267799   -0.5441558685
   4.1201033731   -7.1850329744    3.1462022172    3.7706471043   -5.5868332981    2.6696081398
   5.6120302431    4.6430864188    4.4707440214    0.5025819721    1.1540836405   -4.8594901470
   0.1216850395   -1.3667581916    7.6877842565   -1.9366007510   -0.7759185347    0.6358406024
   6.9886771766    0.3307252102   -6.4932780512    1.5813005650    0.2523363369   -0.3497588691
  -6.2793998460   -6.9228554113    4.8405992010    1.4904253456    2.5567884867    1.9927887423
   0.9466629783   -2.3361389115    0.8720682424    3.3891555546    2.8858120397    1.5490384003
   2.9360780909    0.0449848735    6.5633516799    0.7818276754   -0.0588353350    2.9807562155
   1.3285235366   -5.5722680777   -5.8889241945   -1.2397245539    0.8765503744    2.0763210755
   3.7528397727    4.4876478196   -5.1518653425   -1.9787729958   -3.1084475808    0.9285397462
   0.8458220091   -3.0619060087    2.6618378121   -0.4973503564   -1.8843497022   -3.9022268543
   5.1640762004   -0.6170480591   -3.9739756362    1.2790100583   -1.3975725918    1.5396923339
   7.1224314536   -8.2741884181    1.0450684341    1.3554239538   -0.5466561415    2.8135742450
   1.9144547089    7.3033269285   -4.2809206414    1.8714669007   -0.2802266092    1.0283003808
   3.9446812325    7.0185113903   -2.8830695439    1.1210493259    0.6265821470    0.3473394831
   0.8244134687    2.4552458132   -7.2792531999   -0.3060207886    2.9861713602   -3.8278829991
   0.3523984181    4.3928047962    8.5246609362   -0.0394035187    3.2098924412    1.7410369098
  -5.7047180460    1.0599435499    8.3748149576    1.9619050110   -1.3499701837   -1.5935215794
  -0.8121300887    0.6801269754    7.9431245970    3.1332973173    0.8884158946   -1.0095805990
   5.9414352226   -2.3069691181   -2.3795331812    3.8016975786    0.5849591082    0.2343251417
  -4.1329727658    1.9481851564    6.1905769072    0.5197101992   -1.4227002135   -0.4306381413
  -6.9683413410    6.2918174933    7.0420945472   -2.4124789079    0.7728486436   -0.0815284854
   0.4036167849   -5.4387003215   -0.0295690542   -0.3734148124   -0.7670762979   -2.2623834767
   0.7849864392    3.8302816369    3.5379649214    2.2358574336   -1.4115114945    2.9290645190
  -6.8683546652   -0.3370413446   -3.4683671354   -0.4823284595    2.1000199609    2.4200741984
  -8.5446292593   -7.2593465690   -2.0604417918   -2.1479810438    1.3727731102   -1.1325009780
  -0.3731038863   -1.7497630845    2.4419859055   -0.5492407274   -0.2238355295   -0.3475633714
   2.7240739748   -3.5483349891   -3.3080652032   -2.3479057707    2.2456046187   -0.4589227801
   7.5588999471    3.2947781586    5.2568102943    0.0162257332   -1.1458032386    0.6964067406
   5.5659818509   -0.7234168944   -6.6067269445    0.4106214108   -2.7019356586    0.7527903000
  -6.2216471849    4.5913943798    7.8613260221    0.1889115157   -0.5375771320    0.6446365478
  -1.5296551438   -0.9886734436   -5.4002609878   -0.8928731731   -0.5951409280   -1.1005607147
   6.1592939427    3.1545513420   -0.8301183716   -0.4353739399    0.9306018883   -0.3347102151
   0.4571205515    4.7500886750    4.5828192048   -1.2814439093    2.5862658320   -0.4352954756
  -5.6884287479   -5.4399625339   -8.5380036533   -1.1108575120   -2.4220617135    1.7973174843
   1.8314480880   -4.1792904132    4.0504449643   -2.7366393302    0.1146839908   -2.9234851741
  -5.8998849354    3.8771126493    3.6034028776    1.6023870618    1.5808661231    1.0465659705
   7.4250778614   -3.0287776184   -2.4014347747   -3.2999222210   -0.2339757435   -2.4358648726
  -2.0653120095    5.8736616718    4.5685696001   -0.4067918237   -2.7829691825   -0.3797714949
  -4.5431807494   -3.9311888019   -6.8812786905   -2.4726329184    3.8391991448   -1.5327973169
   7.4621269704   -7.9565429254    3.6327152391   -0.4268498387    0.1355206605   -3.9410681220
   6.6297636129   -5.7161183361   -3.2554030276   -0.8796999350    0.9720440121   -3.8078588518
  -3.2105421276    7.5389275859    3.6328327249   -0.0481333298    2.2832687804   -3.9386539520
  -0.0802285850    4.6890658382   -0.7019177380    5.4163190575    3.2718131296   -0.4570019869
   3.3443996344    6.3416109078    7.5113823843   -2.0340207519   -0.7203773480   -1.0677982827
   6.3223563089    3.0308725305   -5.2935851528   -1.3650275930    1.2187141260    2.2656777678
   2.6091190549    3.1280719536   -1.9974161882    1.1713725691    2.7655269626   -1.5192317189
   0.9502583482    7.6323704546   -6.7172554253   -2.1630016713    0.4464320826    1.4644659158
   2.8002545577    4.4625634812   -7.0765316170   -1.4121460067    0.2934457099    0.1532212433
  -4.2787216222   -7.5414755933    2.4320171781    0.3480408557    0.0957221247   -4.1800701422
   5.6643643320   -3.4229004734   -1.5213479809    0.5331317672   -0.4719953998   -1.5183828887
  -8.4998375773   -2.7375858492   -7.9415603538    0.6776803041   -2.2319486552    2.0095814953
  -4.2890383708    4.9973834153    8.3718839247   -5.2699494202    0.6847215362   -1.3462735213
  -5.9238185056   -6.7662143089    8.2466978846    2.4424915893    0.1018322177    2.9219408647
  -7.1542789270   -0.1258255380    1.3105038946   -0.4226421386    1.3643310849   -2.3124162749
  -7.9885651767   -7.7649889501    0.0491916621    1.2369238010    2.5610566853   -2.0566941615
   2.8132636840   -7.0638708447   -1.6366316922   -3.7281165716    1.6869181433   -0.4229817842
  -8.1518933006   -3.3573714417    2.9556838163    3.0622278749    3.1031713947    0.0470750128
  -4.6258792765   -5.9772555753    1.3451472547   -2.1456984364    3.0330895565   -0.9415698008
  -6.7021722460   -8.4763594350    2.4826384949    3.5439883919   -1.0544066076   -0.1718869153
   0.2131862176    6.7530103589   -5.2086570295   -5.3555671722    3.4311377996    1.2297498539
   2.9570624897   -5.5426764351    3.2394692298    0.2633408506   -2.5385238424   -0.7774256492
   4.2071859984    1.4551413374    1.4915576713    4.2337386849    2.8438165198   -1.0165696193
  -5.5915318204   -6.5759776166   -6.6041876954   -0.2908636049    0.4022174285    2.3037760379
   2.2928562368    3.6710512750    0.3693266329    0.8255666905   -0.9718704108   -1.9112410612
  -3.2862322403   -0.5925415503   -5.3424688033    1.3841860933   -0.4900098419    5.3066930787
  -1.9635799529   -3.1051933376   -7.1465296661   -3.6149957967    1.7389588966    0.7412293292
   1.1241512970    6.1097313430   -0.9350643594    0.7050320836   -4.4091923625    1.8686873012
   2.5137166556    8.3714219775   -0.0554087712    2.4351798923    0.0334772618    3.1298775672
  -3.6615033191    0.1135687935    2.8010243084   -1.1378076670    7.3072722459   -0.9187489940
  -1.4786383657   -7.8977190113   -3.4590408897   -1.6467433221    3.7295111680    0.4725966059
   3.5625319845    0.0426310291    0.8100213082    2.0801401044    1.1980325536   -1.4012633581
  -5.9984363440    8.3908782213   -0.4978867722    1.4772455482    0.8089731643   -2.0947323556
  -5.4906290920    1.0879906341    7.1568317961   -0.9057111124    0.1589517733   -1.2599989896
  -1.3974043959   -1.8673769780    1.7917488865   -1.7539309382   -1.2399893522    0.5493946236
   1.8632415681    5.0771968800   -3.7066666067    1.9062602972    2.9734167580    4.2693132048
   2.5863907806   -1.7848194888    4.9734369109   -2.0294917832   -0.8361012145    2.4042692705
   3.4223694796   -6.1245119343   -8.5230528371   -1.4879329677    0.6435605317    0.2730943095
  -8.1627356793   -2.0737743526   -5.1610517832    1.2308060226    0.3347148332   -1.0529573729
  -2.8910098969   -1.4498858200   -2.9573108960   -0.8170899362    2.8753591043    1.3970161628
   7.7254693055   -1.5795499692   -3.8683262806    0.6681471125   -0.0716979232    1.9355406144
  -7.3666832263   -1.1974743815    2.6936994417    2.0460767389   -0.5082071208    0.6732317090
   2.9142230087    1.6232712208    3.1502230310    1.6724015047    3.0322203327   -2.1455366149
  -7.4929372010    6.0872849699    6.1779439730   -0.8269540948    3.2295592098   -0.1614298366
   6.2100960046   -4.5453866756   -1.4373905107    1.1451982956    2.2407836412   -0.6441501826
  -7.2174295791   -5.5931673352    1.8603973449   -0.7748767705    0.3847445709    0.3812997576
   0.2008935106    5.2464482980   -3.6290650300    1.8729979700   -1.9134977688   -0.8672057057
  -2.5820089626    4.9725169004    3.4912842684    1.0872488520    3.7705932740    1.7392498565
  -8.3295198684   -3.6044989512   -6.5114714552   -1.9786022150    2.1161522148   -4.7573326416
   4.1117699260   -3.1472421702    1.7870409864   -2.5788726011    1.0891424800    0.1576153055
   1.5125358420   -0.5936482450    2.7370439867   -0.6415956109    0.1932335740    3.5981604694
  -3.3313211841    4.1604680219    4.5143979517    4.0849113646    3.3930722075   -1.5243027727
   2.3887760959   -7.8148572657   -7.5612455496   -1.7612030069   -0.2464074028   -1.4827217192
  -6.3588572378    2.3384528591    3.8530787300    2.9694825029   -3.8978414981   -0.5385094055
  -5.7730316359   -6.3619670694    1.1770643911   -0.4310667154   -1.0129405025    1.6508349559
   5.7308472321    7.7953070717   -6.4914065603    0.9708056706    0.8732437909    1.1823015123
  -6.3881055378    5.7671133129    3.4420023366    0.2891509664   -1.7166995732    4.5440702891
   7.2560383473    7.7520721542   -8.2870970059    0.4355940494    3.4738949375    0.0524174243
  -7.4537356923   -7.7037177426   -6.0190460778    1.3933569843   -0.5828863247    3.2207999153
   1.7156165841   -5.5444104090   -8.0741653148   -0.3799475845    4.9398383825   -0.5067634685
   0.4434884873    7.0654081145   -0.1104397000    4.2418132316    0.0599398275   -4.6040874382
   1.3600066987   -2.0304372546   -8.3776523545   -0.7120793748    1.8713159297   -0.9926889220
  -1.0218826101    1.2072125253   -1.2633163609   -4.1435264403    0.1331778010   -0.4095807290
   3.2510718681   -8.4113213304   -2.6622543794   -0.4698206715   -0.1718334380   -0.9628254671
   5.1297760221   -3.9267869902    1.5695474932    0.0662023655    3.8016662918   -1.1506586713
  -7.0053933741    1.0338882320    8.4850908435   -1.2143355843   -0.8657696871    4.7047736202
   4.4617809675   -6.4472030492   -6.9069252955    0.1052922833    1.0152478334   -3.7896902383
   2.5712856260   -0.5059411135   -0.8259498181   -0.7987014755   -1.4677974296    2.8009504316
   2.6432465553   -5.5825810664    7.8587351009    1.7888943293    0.2274265443    0.8459425084
   3.2908592202    2.4581276187   -6.7995385161   -0.9429689632   -1.7798467474    0.1489149296
  -6.6007972311   -3.2831531031    3.7074149776    1.9513851689   -0.9134968096    0.1074780761
   5.2373434342   -1.2542107014   -0.0046155917   -0.5233064107   -4.2956812776   -4.0531593137
   5.4716876107   -5.9213783421   -1.8988359376    3.6989748892    1.2688664747   -0.0730587774
  -5.2714520617   -4.6852363639   -3.8185949761    5.1726436859   -2.3410704277    1.4254673419
   6.8999817997   -8.3162107715    5.2937099234   -2.3718450710    0.4612133012    0.7464101471
  -1.3537825504    2.7285011682    1.4000984559    0.2801648287   -4.0706520865   -0.5000266404
   3.1995874778   -6.6698290063   -0.3171260264   -0.7016489411    1.7020675780    1.2400313740
  -7.0287709064    2.7938388315   -4.7459603702   -0.0804041777    0.1907296259    2.4715080967
  -3.6953317969   -4.4852997632   -2.4805158185    2.2066272849    0.4606246881   -0.6864535135
  -1.3689397487    4.5596714286   -1.5069978650   -0.9946101974    1.8848852189    1.2138520087
   1.1941917725    3.7839828114    7.5657907413   -2.4079984636    0.9369301758   -1.5146104310
   2.3614467445   -5.9082382712   -3.5304041346    0.4796471526   -0.5134496827   -1.5649276954
   2.5329128052    3.0341050146   -0.5543158108   -0.3374360792   -0.4248462470    0.4081331404
   5.6042980194    2.7316008235    6.3155845180    2.2655703499   -2.2460788639    1.5363270482
   2.6873867861   -4.0283187308   -1.1565106222    3.7085833041   -0.7601717515    1.1197366098
  -2.9626257155    8.2019259991   -1.2362116447    0.5960000916    0.4544694111   -1.7657617569
   0.0068139948   -8.2597655604   -2.2783482582    0.9200362612   -1.3924210104    4.2999877807
  -0.7906850767    4.4324726587    4.6970198127    1.4528975948    1.4934925030   -3.0218930956
   0.8471960544   -4.6775442234    3.2948158647    2.5979745669    1.4342645951   -0.6657534977
  -4.6008985431   -4.8263308990    2.8261651046   -1.2132613558    0.3473344502   -0.7336243101
   6.7478969506   -5.9881963123    8.2748015878   -2.5765611163   -4.1150003767   -0.0760138182
  -5.4811518394   -4.6726870407    0.6209167803   -0.5697942907   -0.2754801956    2.2089740755
   7.8457237812   -6.6200872500   -2.8618242776    1.9251828454   -5.4087789980   -1.1031275361
   0.0812461703   -7.1336120070    3.0338663562    1.3550907336   -0.2951891735   -2.3472537360
   2.6486677942    4.8028642617   -4.9492888421   -1.4993220316    0.0981975623    0.1845780513
   3.8323812444    4.6489135655   -3.5211705602    2.3634277276    0.0443425579    1.9694230368
   5.0972163121    5.2996662289   -4.9201167421   -2.1507122515   -1.4216925398    2.8400193030
  -8.2697502999    0.2055550842   -6.3552051172   -0.1977065154    3.9780737414   -3.5608050815
   1.0211808808   -1.3116486608   -6.9442503619   -2.0109361037    0.9931848725    0.1726996087
  -5.9283521190   -2.6619759000   -5.4125625848   -1.3472139144    1.4216111575   -3.2142274058
   7.8422142875   -6.5530525299   -4.3174735970    1.7841369659   -1.8971108606   -2.0114457729
  -3.0065205730    5.4009847878    7.8269404313    0.8571862721    0.1707552680    0.3917420408
  -1.2434035432   -2.0732938280    7.2489397644    2.9211748787    1.4312674145   -2.2629306428
  -5.2531043332   -6.3830440222   -1.9788243821    3.3042761067   -4.2444383894   -0.9892263626
   4.4801826680    3.6506221871    4.4484550826    1.9738499057    0.4383510143    0.9499517867
   2.2750044481    0.5404483513   -4.7727374466   -3.6334401005    3.3539905322   -3.5135156121
   3.2122775999    4.5394705498    6.4562089259    2.3292196831   -4.4780573817   -1.7995081719
  -1.6022867707   -1.2015752319   -0.9634974916    0.5268300559    1.4347747100    0.1642181953
  -5.6687601607    4.3717998866   -2.7410135026   -0.4827060994   -1.2717590153    0.9664073635
  -0.5374409945    0.7218957417   -2.4590156135    3.1857588174    0.7346194734    1.7369269155
   6.7992920621   -7.1683982712   -3.9374410736    0.1268371678    0.0582244153   -0.9565103305
   5.1733891000    3.9157841031    1.2109122111    0.4816136269    0.7872113029   -2.1109052776
  -7.9176179695   -2.8595910875    5.6031996618    0.7908186468    2.5582749754   -0.6649418574
   3.7388073208    7.7748895203    7.3599658568   -0.9710712695    0.7980819349   -3.8693974197
   2.1815439345   -4.2776264446   -3.9541633874    2.4625271788   -1.9802093765   -3.3936135786
   4.0817881646   -7.3308308778   -3.5654908711    3.2956565960    4.6590498063   -0.3550052255
   4.6360922515   -0.5910556544   -5.6912888727   -0.3654573083   -2.2001734477    0.6519146347
  -4.3862481553    0.0232529361    5.3666651329    0.3866983737   -2.0576364068   -1.7787770663
   6.4108463281   -3.4108557579    7.5893791040    1.9798485444   -0.1353062550   -0.8483791524
   1.7034813346   -7.1030842277   -1.4230920162   -2.9308371317    1.7436182965    1.1906412351
   5.0709061505   -2.4593804173    3.0442359694   -0.3932638553   -0.8162520360   -2.4752726196
  -4.8283398553   -1.1976439396    1.6589833534    0.9998136622   -1.4819073047    1.1360189219
  -3.9051847074    3.4146733540   -3.7123474692   -0.2182577138   -2.6162885980    0.6057636319
   7.6235219631    5.5365580921    0.3450854525   -1.3167227299   -1.0960643939    3.1416021357
   1.9366936407    6.7857242331   -5.3547107630   -1.2336441225    1.9133066308   -1.1549309508
  -3.4633526611   -0.2403746720   -0.5601812941    1.2087645520    3.4662408995    2.3691764897
  -7.9737252276    2.7284577035    3.9912689187   -2.2002538770   -0.7302378964   -2.3371605041
  -2.9362534399   -7.1108455317    8.2916047084   -5.1104935431   -1.3478933085   -2.6562460565
   6.6220391852    8.4698407895   -7.7714598700    0.2413001718   -3.3179264028    3.3977070946
  -3.3890152030   -7.5629192642    1.9800553876    1.4702697813    0.9104223633    0.6574007506
  -5.8709970167   -4.4616021816    8.4562543049    0.3191900488    0.5522118866    1.0197668343
   6.7495551696   -4.0787625537    0.9566736338   -0.8423783982   -1.7642942589    1.1372878275
   2.5255494784   -8.4376574136    6.2361431693    1.7471518836   -2.1274277776   -0.0799758808
  -2.7666832083   -2.3449863142    5.1001362236    1.1500912872    3.2889213196   -1.4931575244
  -6.9923092366    2.1503601396   -6.8634487817    1.2707809436   -0.8105515193   -4.0183182175
   0.2382908081    0.2123073601   -6.4917240979    6.3483615381   -3.6417036880    1.3785167423
   5.1476545983   -0.7675984666    3.0899907751    0.3263682961    0.3108755288    2.7542139774
   3.2320309119    6.0172352774   -7.1782605969   -1.2562927486    1.4984823795    5.9739836457
  -6.6600860453   -8.4601008955   -6.4702315826    4.7105304082    4.8988277891    3.6045864640
  -7.9997935292   -2.9844025202    7.6660972624    6.6261644359   -1.5513508247    0.4531819047
  -7.0597327582   -4.9705658657   -8.1529374628   -1.2916077655    1.1034209786   -0.3800576185
   5.2688008998    4.8334066079    2.7176017361   -0.4771025631    0.8873467573    0.2150959842
   2.9506518222    0.6387853138   -6.9480063213    0.6286234896   -0.9862371001   -3.1734964938
  -1.9070324956   -2.4838083044   -1.8652072607   -1.3789866041   -3.0849163354   -2.7936222049
  -5.2004813812    8.3918862214   -5.0922540925    0.4125068317    1.1466844118    2.7240083887
  -4.8311024209    5.3308196981    1.0257493127   -2.4178723043   -0.5720811436    2.7595774710
   0.8148725434   -1.3259882799    1.1459627922   -0.1938477833    1.2235551556    5.4840659289
  -8.3760138696    3.7985613473    6.2624969090   -0.6700955702   -3.0120422132   -1.3216783172
   1.9161291391   -1.2261193232   -5.5118929015   -3.5987198293    2.5450796867    1.4377912074
   0.3669772206    1.1436399917    1.8750809708    0.5520207816   -0.1524433349   -6.2559389818
  -6.5786219627    1.6194902447    7.7605051620    1.0478912913   -1.8553465614   -3.7682321283
   7.4362214707   -7.3702903886   -4.7859268794   -0.4312844848    3.1225106654   -3.3044037648
   6.0336295337    6.2296527302   -2.3770699486   -1.6388265713   -0.2275594485    1.7206497248
  -3.9030561031   -3.4878510442   -2.3422710870    1.1169950189    0.0905127253   -0.3241638874
   0.5316697985    8.2632301842   -5.8251351064   -5.5802276824   -0.4731502248    0.2422224063
  -5.5394480073    3.1859195637   -4.9285689243   -0.0758601381    3.3174855361   -1.0249416500
   4.4388309310    0.7873456237   -8.0248940866    2.3930201345    5.3846514100   -0.5958330064
  -0.1232221029   -4.2990025289   -7.9068410072    3.3368674180   -4.0620593129   -1.7940072638
   0.6272696015    8.2519892838   -0.7504272731    6.9140815298    3.8885005782    3.8873608969
   4.3839038516    5.5897510971    7.6824987492   -2.0857086866    4.9074015492    3.1005089906
   5.3689396081   -7.5818682971   -0.2517789644    0.2680790051   -1.4546467860   -1.3709543543
   4.4391690092   -4.0858630437   -3.0681031844    1.1064424636    2.0889260239   -0.2932408089
   5.4120883256    0.0008090741    5.9124736926    1.0091204697    2.5610276842   -0.7912879211
   7.6430946280    1.0524808163    3.3280953784   -0.1344459163   -1.9569324169   -0.1020075643
   2.5166538724   -5.0404178151   -4.5165511340   -3.1513889228    4.2108811925   -1.5656298708
  -6.2823088854    6.5474572329   -3.5937309650    1.1041170104   -2.3399729977   -2.2039007996
  -2.5066263549   -1.8583407070    6.1083181816    5.2554230528    0.7270026197    1.3349171560
   1.6127942943   -4.4969638605   -5.6916706670   -3.3101671595   -0.6974312083   -0.1572194172
  -0.9256688843   -0.8563555357   -6.1142621947   -0.1242743327    3.4156028610    1.9117699661
  -3.0087062706   -3.1809926650   -1.9105756084    1.9909375987   -0.7110276381   -0.1758229006
   4.8329800387    5.1634183663   -1.3811183118   -0.9617001475    3.4111715295    1.9464126105
   8.2877697197   -4.9306725786   -2.1984491715    1.0685821293    0.8606850562    0.1859564944
  -4.0415857782   -0.8436152008   -7.1305679155   -2.2911737865    0.9483788067   -0.0331868298
   8.2038750241    4.9592048886    7.8163580874   -2.4690268939   -2.5679651254    2.1704762862
  -1.3517616832   -6.7352566840   -2.4811805493   -3.3361390142   -1.7378554884    1.5457096898
  -5.4426285217   -5.1807998376   -5.6271331854   -3.0517118554    0.2890176547   -2.0084298731
  -6.8784243234    8.0342828506   -1.4852829907    3.0587785053   -4.4955524961   -1.7189185838
  -4.0100910123    4.6583129513   -5.8527570713   -0.2121584742   -1.5329072169   -1.6570227185
   6.3949017877    4.7366269327   -7.9455230416   -0.3244164902   -3.3365491133   -3.2998760008
   4.6333965217   -6.1044323043   -4.4425896335   -0.1498440699   -0.4363459117    0.6631329480
   6.2523224863    7.1695800541    5.4564776759    7.2959887582   -1.1642105294    0.6040325920
   2.5572663837   -1.7300035467    6.2116107963    0.8790967179   -1.5569144297    0.5205331844
  -7.8329889587    6.8864557636   -2.0422854326    2.5049871231   -0.8111257741    0.7250183278
   8.3627324549   -0.8246353302    1.3760585777    3.0427545940    0.2788034324   -0.1373200955
  -0.4653297943   -5.2263441202    4.4739764062   -0.1913472975   -3.4184335375    2.0280247644
   3.2929564303    4.0536327162   -6.0772205296   -2.7811064054   -1.7884326726   -1.5924510293
  -7.0936143619   -3.2543929905   -2.0285861794   -1.8656077620   -0.4899171339    0.3823695013
  -7.6054813304   -6.7927480273   -4.7624242167    2.5795623274    6.8188136980    3.8064158164
  -4.8347732715   -0.2710957365    6.7850102781    2.1412288199    1.1937388996    4.9767846105
  -2.2840717584   -3.0755520964   -2.7110780958    2.0771225425   -0.3308002444   -3.6557846428
  -2.0983996607    4.9661208211    2.7443346515    1.3370688045    0.6914089718    4.0843893362
   0.2514608752   -7.6728287307    1.1306888686    0.0722950458   -2.7539802535    2.0091654806
  -1.4701492987    0.1677478843    7.3880066908    1.1087989959    1.7803896307    0.4911464320
  -5.9429499425   -0.6382452982    1.2932677292   -0.9990476598    2.4365813934    0.9750080541
   1.7842159139   -0.1107999853   -7.0050511622   -0.7939663056    1.7159815939   -0.9777283671
  -6.8171757911    2.6954434553    1.6933543658   -1.4784292701   -1.0719209267    3.4439878158
   4.5193475382    0.7190106205   -0.3135023486    3.8455783406   -2.8826211854   -2.9766995156
   8.5078435665   -5.7471477443   -4.6282170927   -1.9065990455   -2.5245464860    5.2638666490
   5.6270929169   -7.2137855443   -5.0763099237    2.7754126266   -2.1886184695    0.6055929598
   1.7488521091    4.3733984541   -8.1147666839   -1.3401101678   -3.2023847527    0.0692009100
   6.2424657089   -2.1583313466    7.6020077571   -0.2735316631    0.4859461248    1.4120222006
  -7.2500255474   -8.3957460741    8.4354377739    0.6262477873   -3.7823838127    0.1874063304
   0.6599328085    7.2728488356   -7.7390606082    6.1900690261   -1.3376352231   -1.8541605865
   7.3892969958   -7.1012695723   -0.3586569160   -4.0785944303    3.1502565704   -1.5954704178
  -5.1591903477   -6.8464191631    5.4236625344    0.8953976562   -0.2182092995    0.1534646870
  -0.5328493690    4.5202436488    1.8320873308    3.4509161714   -2.8619866778    0.0596388424
  -2.9115393424   -7.3505884876    3.1347321354    0.0652432840    0.1658275232   -1.5787956748
  -5.0069556200    0.2068590815   -7.5580013688   -4.1355734528   -1.5083453068    0.3697116947
  -2.7641402358   -8.1301036440   -6.6872787619   -0.0636769021    3.5697323911   -1.8440319434
   0.2256145697    1.7628039078    4.8984055223    2.8494462599    1.7999311555   -0.8453181220
   5.7804294989    8.0177192011    0.0066787896   -0.2088367211   -1.5900427891   -0.7930439281
  -5.3074372094    2.5333737645   -6.3527067584   -3.5312539105    1.7689329833   -1.2344316298
   0.8372554163    0.8967136199    0.5252571012   -1.0555675021   -2.3337199093    3.5800414997
  -1.2121340562   -5.5858885864   -1.6281646371    1.5486954887   -3.6524009616   -0.8687186197
   4.4305945686    6.9019582293    3.5803262270    0.9514811839    2.0322607572    1.0915748431
  -1.8464190524    6.5888043876    3.2308625823   -0.7078500078   -0.9643546219   -0.2380271626
   5.8463933589    1.5076404653   -4.0014539958   -0.2788187077    0.7699531699   -1.9003838144
   1.0051556159   -0.9176041263   -8.1637297954   -1.2590392328    0.2997390758    2.2799859533
   6.2429687947   -6.2986607771    2.0257547252    1.7031604536    0.7866940586    3.6653340025
   7.0782145545    2.1589342170   -4.2200076778   -2.3363451252   -0.2383336563    4.7143986492
   7.1164921785   -6.7055573514    6.8031772319   -0.4951736842    0.2917608646   -0.0498214274
  -1.6007153224    0.5551515234    3.4816751462    1.5680938248    3.5632374316    0.7372887532
   8.4571790497   -0.3805067788   -3.4943699573    4.7137072195    0.1343378874    0.0105940967
   8.4641051204   -4.4880416616   -3.4445498501   -1.4943839305    1.5037058769   -1.8224043905
   3.0770369268   -0.2850833052    1.8226053149   -2.3331661528   -2.3860984532   -3.2748227239
   0.1371994223   -4.5837247098    6.0238002883   -2.4281420175    1.7845938897    1.2138175895
  -6.0083877199   -1.0129964078   -2.2555450948    0.8852989719   -0.8694987900   -0.4970818049
   2.0040938143    6.4578508507   -1.3774348314   -0.7790995676   -1.7636417488   -1.3983903143
   3.6928030237   -4.9528164493    2.9296288874   -0.7783865291    2.3030358490   -1.5264346915
  -6.6308262091    8.3290275379   -4.4745229990   -2.5606477687   -3.0816821916    0.5765641324
   6.1890318246    5.3142081287    3.6136548205    1.0358610219   -0.3897058210   -0.7384598425
  -3.7250134394   -6.4595149661    2.8198655683    4.2147921981   -4.0093715383    0.4556404474
   1.6550325313   -5.5426405702    3.1884903760    0.0527792145    0.9583484456    0.6677194501
   0.6923788064   -3.6374506216    1.6643896927    0.4612253358   -1.9659186623   -1.3752410963
  -4.1998958107   -3.0097990371    2.2053821685    0.6399089739   -1.2723027136    1.5247555111
   2.8471216252   -2.9164360287   -7.5726303201    1.9599194291    4.4949509489    1.5722262858
  -5.6752620658   -2.1478577608   -6.7626688977    4.6855974743   -0.8724074043    1.9044938896
   3.5615215618   -7.2030417714    4.4121718279    3.5550261758   -1.4932685638    3.0853168555
  -0.4050478480   -6.4399779844    1.2172864432    0.9610483308    0.5938566478   -1.3268608196
  -7.9086428258   -3.0540596438   -1.7429671458   -1.0668962245   -0.3328978477   -1.8629467918
   1.9678505001   -0.3880982401    6.1672585870   -0.1223031835   -1.8263539037   -0.2856881022
   0.9353580029   -8.4866631071   -6.9773016232    0.6697369200   -3.5411420110   -0.3087605984
  -2.8396190425    7.3302884517    1.5698019363   -0.3459870375    3.1700051102    3.2895976896
   7.0893658389    7.6406207897   -0.2240623536    2.5732187923   -0.8562538409    0.5431716322
  -5.8350687876    3.4687065679    4.9055014832   -1.0654343602    0.6803555806   -1.2532942600
   7.7400658864    5.5840666821    5.5887848230    0.6571318471    3.4054642006   -3.2418604841
  -6.2929406930   -3.8858249521   -7.6333203523    1.4240387468    0.6739858320    2.1192948004
   7.7194796087   -0.4102290350   -6.7923606992    1.0403675549   -1.2743633421   -1.7110355754
   3.9093249488    3.5083553749    1.3805276190   -1.3117728952   -1.8908659978   -2.5687839249
  -5.0677147197   -7.5056770367   -5.6466097612    2.8922198040   -0.3988819975   -0.9561177844
   0.6299673198    5.4713075496    3.3501240619   -2.0593311854    3.1152886244    1.2978689945
   7.4995053017    5.3817044591   -2.4814805601    3.0928162188    1.6703371579    1.4996540949
  -4.7586968267    2.1282204078   -5.6475928923   -2.6487350116   -2.4766613712    0.0711006803
  -5.6627347362    0.8924644784   -0.1008371721   -2.5867986959    2.1228067417    0.2376524936
   8.1595718801    8.1221446170    1.2441818773   -0.0557804652   -2.5732623213   -1.4697085914
   1.5477916658    6.3874393736    3.5493823264    2.1375397269   -0.1413631666    3.3717079972
   7.2990228279    5.3251964414    4.6372889352    0.8473268573   -2.0129156973   -3.9845410901
  -5.5498344057    5.4301922299    3.9468095771    1.9292566259   -1.7228756992    3.2276785861
  -3.6595949055   -0.5355359966    8.2767241538   -1.5643456923   -0.7764056163    0.1802047136
  -5.5286816807    5.8527767218   -4.4829481731   -2.3809633954   -0.6669628194    0.0605096955
   8.0134884332    7.9504125723    0.1471709493    1.8109848001    1.2629332542   -0.5151506453
   1.9553891843    8.3985859820    7.5175664367   -2.0439890170    2.4170474968   -4.1683136686
  -4.6328467514    1.4710231718    3.0164880778    0.7252955592   -1.9459747929    0.3827307111
   0.6447039496   -6.5273302867   -3.1200540280    1.5012485141   -2.3615279967   -0.0934065503
   1.7245381632   -6.3557891900   -7.1152960888   -2.6748140203   -1.4629424244    2.9353251840
   7.5170342213    1.0406676904   -3.8556000748   -3.1446576531    1.7017532295   -1.5425532424
   5.1823042658    7.5091841926   -4.3073841945   -0.2286284099    0.5110499707    0.2043150603
   8.3533836373   -0.8617572436    4.3410241477    3.5521128499   -0.2199258217   -3.3987993062
   0.2143247897   -1.7616310705   -6.2755252514    0.8935356380    0.0894936801   -0.7103078295
  -7.5381925046   -2.6428976062   -5.4986774143    1.1502697452    0.0440014960   -0.1124140504
   6.2012355409   -7.1504611348   -1.0224385530    1.7484890938   -0.7000483480    0.0516870222
   0.7254512948    3.6201077364   -1.2256119020   -2.9445573727   -2.9917897023   -5.3386571450
  -2.1935163391   -2.9999720149    6.2535955616    0.1840641222   -0.2300731446   -1.0340619112
  -0.9441514179    3.4588790999   -5.9063648545   -0.5607425490    3.5389223351    2.4443475515
  -7.3142323192    1.2223491847    4.9755278915    2.6490919693    0.9935809633    5.4802855822
   2.9764358460   -1.5403532425   -5.4765692835    0.5479620924   -1.4938664970    0.7329032589
  -6.0037442095   -2.7884209505    5.1582115255    2.0041696729    1.2726617380   -0.5932010348
  -0.8732519253    5.8773093439    6.6985526780    1.3227004098   -3.0818713302   -2.0819342150
  -2.4876775688   -6.6210639518    6.6980422500   -0.8553489379    0.8943526298   -1.7200385385
  -4.0400957327    4.1604610781   -4.8674319838    1.5121424950    0.5378500536   -1.1133845298
   4.0054783216   -2.5972180934    7.9544286775   -0.8639942151    3.4985288173   -0.8871836902
  -4.3916365344    5.1524936058    0.3233981161   -0.7999339967    4.9737763897   -3.2796458699
   8.4501083653    7.9573196761    5.5052762484    1.8839662764   -0.2557957857   -2.2953093867
  -6.4000418701    5.2336616023   -3.7637121561   -2.3995795608    0.6278795036    1.7040438755
   3.1391209025    6.7583031693   -8.1403150802   -0.1786163633   -1.9275882713    1.7345472619
  -5.3112895726   -0.2321958047   -6.4282250742   -0.7651743018    2.2113017669    0.6601269464
  -2.5455754149   -8.3657515043    3.2003141212    0.6241888487   -4.9245432491    0.8242870575
   5.1119338780    7.2064297090   -8.1898821445   -0.9652055430   -2.8207998600    0.7947214387
  -7.1321072377    2.7913007414   -3.7346165322    1.3249329943    2.3410705188    1.0535117218
   6.0617808228    0.4007883004    6.6513974817   -2.1955087981   -1.3922604745   -3.0979068972
   8.0583501556   -3.7975555590   -2.7548230521    2.0831547292   -3.7166254643    0.5243775773
  -2.8878507424    2.7723890297   -0.1411843186   -5.3843934836   -0.4863727386    2.1643316918
  -7.3632528730   -1.6230409948    1.7827004128    5.5034910929    2.6923421731    1.2300778460
   6.2639644089    1.6984482436   -0.0963233081   -3.8131398435   -2.0418069421   -1.3651838382
   0.1673309903    2.8778746733    6.9598366552   -3.2506467421    0.4739296130   -3.3918813744
   2.4520408327   -6.6324098943    0.9262220187    3.2460031262    0.5349228402    2.2846420695
  -2.8614257248   -3.8386034943    7.4746767474    6.5486868611   -0.1137565422    0.6158105869
  -4.3527790379   -1.0974973152    5.9828179499   -1.5832269986    2.2997217931    0.4748753530
   2.9444551570   -2.2059466957    7.2411476931   -3.0257520060   -1.3279341741    0.3704921604
   0.2234573118    1.0029878257    5.5227059610   -0.3759836297    1.7851778537   -1.1862864217
  -2.2376283230    5.3206831499    0.5054717753   -1.3875547685    2.2100159735    2.0596243300
  -6.5955384564   -1.7105417661    0.2633158495    0.1387609567    4.3008576850   -0.6822386164
   7.1130426365   -0.0056801788   -4.2315318358   -3.1964817015    1.2542010613   -0.3956171897
  -3.3829150018    7.3606517905    7.9629702815   -3.7814288716    1.7362864115    2.1942746353
  -5.6860503757    1.5605827156    5.9884344652   -0.0594709075   -1.2560007434    1.0854295653
   7.2262140150    2.7166928369    4.5041176871   -3.4701412395    4.5298307141   -3.0652109268
   7.9321273117    6.2597485855    2.2979406110   -1.1459900940    1.7409433375    2.9263707604
   6.1325064951    3.5149478057   -8.1465614183   -3.5240986712   -1.9051895987    0.3958514113
   8.0763566824    1.6032408269    6.6305495451   -1.2645148248   -0.3633397773    0.9288539532
   6.7289041232    1.6711687066   -2.8734461988    2.4588481273    0.5166483176   -2.7539029646
   7.1029310506    5.9490710785   -7.3224347677    3.8846130080   -2.9480483035   -1.3671600046
  -4.4877640277   -8.1951272809    4.9193793737   -1.5292868610    1.4471024111    0.3780867545
   3.2055192034    2.7812488338    6.8281290558   -1.2728280319   -0.2271813071    1.6773780537
  -3.1145550960    0.6212187148    0.1871356907    0.5486186969   -0.8758694800    1.2857990792
   1.0018509383   -3.3330434569   -7.5057575760   -3.2203352392   -7.4460483923   -1.1489723926
  -0.3329073508   -0.0913708524   -1.0554429086   -4.9094154373   -1.2947009222   -2.9102014284
   8.4282626610    5.9544508864   -1.4834320754    1.9644777486   -0.0698795521   -0.0547032334
  -4.8093335336   -8.2761031250    7.4372216186   -0.5498573033    0.5033188917    1.0582683435
   6.6253387031   -1.9957060241   -4.8543194509    1.4208109681    0.5840430692    1.1679977712
  -1.3259284798    0.5299814405   -3.3859979162   -2.4608177594   -0.6687571323   -3.8963228605
  -1.6607471367    6.2042225409    0.2996501817    3.0281987894    0.5371649324   -0.3654131389
   7.5882013800   -5.3509096077   -2.7531949591   -0.0560343656   -1.3380374889    1.0170300963
   6.0405244442   -4.7931628575    5.4121959389    0.7184503331    2.7034224331   -2.4152833684
   2.1805595744   -1.9681960785   -7.7680451491    0.3098056247    2.2356910022   -1.4761258288
  -0.7427798411   -1.8664765546   -0.0626868589    3.0269599091    1.4531258620   -3.6149038948
  -1.9791939268   -4.7787942175   -4.9386804851    1.1482740084   -2.8138413671    0.0347313859
   3.5463284410   -7.4592603953   -5.8931497766   -1.5938257840    1.6585303266    1.0172800462
  -8.0791002759    6.4479118243   -7.3169478559    2.0460660012    1.2588988220    3.9869735988
  -6.3544040637    4.9756286348    1.0879323938   -1.0726288904   -3.2882565963   -0.1686269361
  -5.1344824687    1.6225336236    0.8781932908    1.6625676750   -1.0376149592   -0.4508746823
   0.0535929897    1.4344472194    6.8044244719    0.3904395497   -3.3815872354   -0.5597734776
   5.6698267376    0.3114659348   -1.9400863888    0.5140704890    1.2927889952    3.4346095378
   6.6724558882    3.1635197354    0.3893726958   -0.0658926369   -1.2664461513    2.3545040450
  -5.8381381253   -6.4013156672   -5.5218223082   -1.5619608203   -3.1460486854   -0.2221647821
  -7.9313785956    1.9866084085    5.1073650106    0.9314290979   -1.2427880965   -1.3500320961
   0.2893546533    4.0320288775   -3.2336882735   -1.4790252992    2.0856516098   -2.4969042302
   5.0765073514    2.8611833965   -5.3046432239    0.7193180710   -1.9065509033   -2.9909304910
   7.1886940022    2.4785244336    1.1924050032   -0.2879969340    0.9817605281   -1.2066067789
   7.4030445992    3.7254993197    2.6844487636   -4.2144785906    0.1106326442   -1.7144482679
  -8.5418503841   -1.0004080482    3.4442624064   -0.9726773870    3.9750982262   -1.7926260157
  -7.5507570157   -1.0259265122   -3.8687284877   -1.3693601832    1.7674644905    0.0956767483
  -6.8980004340    5.7013409108   -0.3091118913   -1.6309289318    1.9145596279   -0.1264089207
  -3.9536242110    3.0060893660    6.1399942773    2.0307990648    2.1093321445    2.1754749520
  -1.1847340380   -1.5089804004    5.0154733407   -3.1986962961   -2.4493881881    0.4266970497
