           1000
    17.09975947
   7.6033568891   -1.7020486939   -8.3109760595    1.7025533751   -1.1911300941   -0.2841570413
   6.7070222520   -8.4477599141   -2.1779528947   -1.2512149504    1.6708927365    2.8808302393
  -3.3367412085   -6.9465941922    3.3036452721   -0.8747119119    0.4539198900    3.9279112334
   0.8153495314    3.0010545795   -0.4512649024   -3.2049081632    0.5833077252   -0.5913294632
  -8.4339727735   -7.6252591005    6.4248315322    1.3782521483    3.0742234611    1.6170328114
   1.7270111122   -5.0081752903   -6.9894718092    4.2869410617    0.4083705962    0.4169959441
  -4.1010517353    5.7164125965    2.9929427488   -0.7762321325    2.9704115952   -1.7583586317
   4.4912535737    6.8119567824   -2.9719317740   -2.5604330660    1.8130859384   -2.9982480414
   6.9373979629    5.5449580393   -4.3968633952    0.2112262951    2.2667521428   -4.3286307669
   7.6882233075    3.1269169764    5.4164932733    3.3073767030    2.1157105215    1.2211627628
  -7.1038446104   -3.5961344501   -0.7670915238   -0.4102126606   -2.5756615433   -1.3497850110
  -3.9575225128    6.2083279722    8.2428380763    4.7278279061    0.0682433399    1.3462959350
  -8.0693774226   -3.5599201045    4.2436450626   -0.5527079132    2.6913885452    3.5952156842
  -6.9145067747    3.4639212296   -6.2102566540    2.3916615365    0.6593435927   -1.3465558173
   8.5462790103   -2.8079755245    0.9208947221   -0.5759199514   -0.3905950996    0.0921215562
  -4.1408360823   -5.2363095314   -5.9725687547    2.9267358638   -4.3955553693    2.9360589693
   8.2768539491    0.4442029671   -1.7661805562   -0.6954715499    3.0145538488   -1.2748436215
   1.1506162600   -6.3071740449   -0.9388635316   -2.1301115924   -2.7206258315   -1.3109612739
  -2.4091659358    1.9227166593    7.9487427493   -1.2808880652   -2.6608052974   -0.1320608625
  -0.1340430189   -5.5235292658    7.4464494384   -1.7103959018    2.8747211139    0.9357288354
  -7.1865057173    1.2019865969   -1.6958998647    0.8410938311    0.4320754074   -0.7386843601
   5.1836759109    6.5370314440   -8.3374666488    1.6704053208    0.4390877728    3.3631377576
   1.4334997118   -6.6124914224   -2.9292000129   -1.0015772040    0.6669073368   -0.4962172323
   0.8509517027    0.5857618424   -2.3614078944   -3.2828705714   -1.5848682365    0.7067516728
  -5.3959774327    6.9632941983   -0.1392924323   -0.9419373293   -1.9626149518   -0.1096598821
   5.5842168733    5.8620991299    6.6740461854    5.2278236645    0.9286802356    3.5238907346
   3.5185882817   -5.4647564344    7.3142518844    0.1764668776    0.6580446872   -0.6570864804
   6.8847820844   -4.6543678222    3.8877848567   -1.8022802542    1.5905133336    2.2504220332
   2.7552137012   -5.1919143306   -2.2857679388   -2.8773587916   -0.9837620090   -1.3483585977
   5.5755732493   -2.1176230253    2.1431420967   -2.3954478207   -1.3146656179   -1.7248380557
   8.2895086752   -4.8954486323   -2.4793084100   -2.1735949894   -3.1130488031    1.8836439676
  -5.5382818094    6.1454436497   -8.3992130434   -1.5377912309   -1.4848468114   -0.5050054395
  -7.3482882912    5.4126004815    4.6524600465    0.8844248587   -5.5417280563   -1.8942605580
   8.2601332251    0.0226140279    3.9040353448   -2.2470735177   -1.1508946664   -1.7540263551
   8.1392268778   -3.0990038021    7.3528665870   -2.0647034696   -0.3987781868    1.2456616056
  -3.0351597371   -5.9197594564    5.8183453025   -4.1337097769    0.8434036579   -2.0516077362
  -7.4149094412    7.3869849923    2.4811751051   -1.3875171231    0.6666611711    0.4135759585
  -0.7091328846    3.8910764722    6.6471602638   -0.6485617742   -0.1420313057   -0.0818326991
  -3.9459967605    6.4908675245   -4.4056467327   -0.3607750089   -1.4810117965   -2.1282997505
   5.7673297870    0.7563316805   -4.7606692009    0.3168357140    0.7623751650    0.6713912909
   8.0763183648   -1.3638633995   -5.8184591934    1.5728204420    3.2754848498   -1.0476588705
  -0.9074232736   -6.6790836480    4.7036327663    0.5956385700    3.2141672351   -1.0143678308
   6.9967890400    2.2341461715   -1.5163607537   -0.6538753592   -4.3945683179   -2.4229446387
   0.3415852733   -4.0463050123   -1.6489674764   -0.3082815390    0.2307619533   -1.3937307217
   4.7604627669   -3.9485650360    3.9273665881   -3.0798648958    3.6758530673   -3.5812412457
   7.0204445619    3.0884701905    1.6208336501    1.1843884965   -0.7160729256   -1.0170805560
  -0.5837174126   -8.5255388299    4.7643297111    0.6509660212    7.3040834404    1.0017842148
  -7.4254146131   -5.4706824040   -3.5980991735   -1.2976695802    1.7227684476   -0.3261453580
  -5.8991224474   -5.9226460356   -8.1828690747    4.7039591478    2.5878354156   -2.5017426806
   8.5452609321    4.4422124454   -3.6114135422   -2.1154720538   -0.8546472598   -1.0602011007
  -2.1492748619   -3.3253878407    3.3061608856   -1.9835736591   -2.1964571750    1.1774954370
  -4.2675533821    6.7962455379    6.8416646346   -2.5175633074    0.0252656499    2.9830789304
   3.8788843180    6.6846904899    4.7330653629    0.4259420373    2.7888697818    1.0004945634
   3.6860137302    5.1816558003   -3.3199415624   -5.9973209227   -0.8624605824   -0.1306063422
  -2.2366403228   -1.7825713988    8.4828720666   -0.0211096190    0.7960139092   -2.2132448778
  -5.1191454299    8.4323697623    0.3173107874   -3.0260929795   -1.5890818371   -1.1015440746
  -2.6028136767   -7.6711921419    4.4765309591   -1.2290565469   -2.5018433701   -5.6470603918
   3.3765232113    4.3326843194    3.0129885495    2.0081021565    3.0631003497    3.5262726182
   6.1056017071    5.5594440735   -7.2624836973    2.1010866289    2.6917115231   -2.2161203207
  -5.8542674259   -1.1032549871    5.0827933405    1.8094688145   -2.3288341719   -2.7152721415
   4.1958974287    5.3952974749   -0.6381635361   -0.8649974140    3.3289846323    0.5719514999
  -6.3825560575    1.2461434218    3.8279909697    1.8649293262   -1.3526463669   -3.1768423256
  -6.2266534127    2.2878516196    2.7739887020    1.2235151985    0.1028281754   -1.6368802830
  -5.4587661819   -0.1433003220    1.6896386730    0.7663974664    2.0944609038   -1.4156891639
  -1.7767275492   -4.0599384452   -4.1594843770   -2.3343398679    3.7538716049   -4.3613899521
  -2.0243945211   -5.8562486725   -2.5693969532    1.6398876454    1.9463057472    3.8678443456
   6.9532023356   -1.0892442633    6.6375289759   -1.0838148499   -2.6812325966    3.4384959368
  -6.8099763785    0.8005300174    6.5812388780    3.4766864395   -2.8924091568    1.8094039230
  -4.6041788354    5.8786600966    7.7062667168   -2.3423170312    2.6418954439   -0.5833069271
  -5.6983598493   -2.1414842001    1.8551205109   -1.6760267973   -0.7952742791   -2.6850748111
   5.2803408482    0.6368182443    7.4187661247    0.3132145197    1.2402122835    1.9916697290
  -8.0054839066   -0.4057328911    5.8978579667    8.5911684091    3.3392073688   -2.3934654189
   7.9102427971    5.4059581821    5.3532196803   -1.7408987224   -1.8481692237    2.9158231201
  -2.4812446389    7.2818111082    0.7309542195   -0.5104281071    1.2860563373    1.5806536117
   0.9588936856    7.3310970922    0.0470908308    1.2330193008    0.0295808855   -0.7951095164
   8.3568743850   -4.4886499035   -1.5789841251   -0.4609788398    1.3675498016    0.0858829803
   5.6036922329    6.1995975875   -0.6792193407   -0.1550076692   -1.4391767223   -2.2134693006
  -4.4007553485   -1.2751325605   -3.4095532010    2.6066840857    0.6843937611   -2.6330368209
  -1.2224634037   -6.3751114841   -5.9972937439   -3.9316044035    2.1903696359   -1.7332218735
  -2.6941665598   -0.5832460285    6.7952200634   -4.6141053189    1.9812124498    4.8702160484
  -6.3158504105   -8.2953210588    3.9678821927   -3.8299374845    0.9815256746    1.9916048348
   3.3986991562    7.6969716259   -5.5296108320    2.5735738205   -1.3882761730   -0.8945987007
  -1.7210529482   -2.6058561584    1.2668130148    3.1900664178   -1.5722218068    1.5776653269
  -0.8016867055    1.9274433633   -8.1041596678    0.8533275673   -0.1557849733    1.1987233441
   1.0447449035   -0.0453825871   -3.1422384761    1.0385554039   -0.5912579265    1.0136836050
  -2.4586199583    2.5146291015   -2.1369914904    1.3910246034    1.7916377908   -0.4779654318
  -2.2536962747    3.7264824926    8.1871638980    2.1508435114   -1.9179412762   -1.4669231087
   2.8365780107    2.9845309585   -4.1548365941   -0.3610931083    0.5711948575    2.2997779329
   1.9617194036   -2.5289477291   -4.8646697676    5.9473823823    1.1194733374    0.2679235833
  -2.3746431606   -0.9198256971   -2.1784449431    1.8817779504   -0.9742540148   -0.0316810394
   2.9171519669    1.3775228925    5.4749150922    0.1977079993   -3.0275104679   -0.6662349654
  -4.1847293424    6.3877766889    4.0442852748   -4.6867901887   -1.2650239630   -3.0427972928
  -7.1021345914   -8.1117242877    7.5361070290   -1.5360465239    1.0710536369    2.1794024756
   0.6149680022   -0.9466245131   -3.1232429338    0.9610056835    0.9808136314    1.6389694534
  -1.6582333010   -5.0643601049    2.8960394787    0.1520286946   -1.9638287564   -4.5931717964
   4.9328842303   -7.1724559447    6.7386359635   -2.3018749470   -7.3062979257    1.9781695347
  -7.7155537956    6.0418209945   -5.6316272057    2.9688173723   -1.5316123612   -0.1405877975
   7.9118204360   -3.3639807397    4.2032720223   -5.0322742931    1.1447752783   -0.0237074180
   5.4148973784    4.7630645644    2.0603394865    1.0984152851   -0.8749737999   -0.3559490198
   0.5039178443   -7.2558692753    0.5173257646    3.4015396359    2.2247169312   -0.3390311578
  -4.5961784289   -5.2689344431   -3.3558924110    1.0045401025    0.0238800850    1.9484371622
   7.1625429207   -5.8534809474   -5.8220134330    2.4617212310    3.4497943913    1.3090180540
   1.0773605366    0.4959017032   -4.2516110635    0.5320719422    0.0450602295    1.0809377072
  -6.0984279626    1.4604480143   -6.3163668363    1.8427737501    2.9270927021    1.8346919099
  -0.7620411029   -1.7672128247    2.2583022098    2.3191581754   -4.1863067650    2.2095324626
  -2.9866799085    1.6723964117    1.8411188799   -0.0307228075   -3.0144569292    1.4028066293
  -4.0924465235   -6.1035127350   -3.2648918199   -1.2956398984    1.0769916636    0.9344867569
  -4.3921740793    7.3982815656   -2.3080991028   -1.2080197820   -1.3750404636   -0.2037345974
   7.1231896407   -7.8709640281   -3.7719822640    1.7043245514   -2.9308487934   -3.8978669952
   7.3768154196    3.4351426678    7.2189872964    0.0598528565    1.4112112131   -0.1665784372
   7.2152108138    7.9573463919   -5.6910226376    2.3223610053    3.6442226739    1.8007252122
   5.3561557856   -6.1531053913    7.0316145513   -1.0619156319   -0.2916410866    1.3691973993
  -3.4640758976    4.9054845671   -3.1701098021   -3.1956539082   -1.2058491535   -2.2617394338
   0.0411619943   -2.5560559613    4.0223909400    0.0618259712   -1.4656818509   -0.0077412246
   1.8856796076    5.2745998199   -7.3674145161    1.5615641357    2.3306873072    0.6300731425
   0.9384836912   -3.5405587784    4.2636132121    4.7190487908   -1.9914226554   -1.1195123789
   7.5778551418    0.6816158219   -5.8167630681   -0.9573102706    2.0149513782    0.1011224540
  -5.2943836016    1.1050627347   -4.7020311990   -0.9596608680   -1.1339193092   -1.1509659769
   6.3003297548   -7.8451641133    1.4922853471    2.9281775954   -0.3360477018   -2.2353067247
  -2.1210490680   -1.6101335710    4.9044650549    0.8578242503   -0.7929053962   -3.3490742740
   6.6857154847   -2.6549620590   -5.3392179760    1.3707948501   -1.2689958141    0.0100003031
  -7.9117350155   -6.4454742619    2.9510375729    1.8215574755   -2.8066331817   -0.5215785937
   2.9789886325    2.0653360080   -1.9183948138   -0.3480105548   -2.3115132396    1.8617798046
  -6.7879693723    0.4180159112    1.7884541872    0.0020323532    0.4560385281   -2.1257244311
   3.1826864107    0.5207318460   -0.2790318568    0.9004871473    1.9288252322   -1.8262320043
  -3.2511213005    2.1263678338   -4.1393114137    6.4502474239    0.4984210746    1.3208605750
   2.8706440422   -7.1663296223   -8.3063663168   -3.3441656356    0.0772561399    0.9536180767
  -8.1381335194   -1.3438076763    7.2739180731   -1.9195891361    0.7292979731    0.9971903801
   7.6784851957    6.5560057170    2.2259606007    2.0077425577   -0.3823094291   -1.1493181759
   2.3436368061   -7.1486929339   -4.9973059491    0.5796335665    0.3872478694    3.3756727281
  -2.3482697506   -1.1332575787   -1.2224985614   -1.5579485348    1.2452162711   -0.4346141930
  -1.1182867302    1.9232888992    0.0378438254    1.1044105566    0.6218607791    0.8742590893
   7.3963990820    3.0357615965   -2.1664450296    4.2458258898   -3.9549790992    0.0501958374
   3.5636832742    2.0532561863   -3.6167064081   -1.9064098652    3.9968603121   -1.0979991318
   4.9303339378    3.9983519190    3.3561264491    0.3668393195   -2.6661852745   -3.4639884877
   1.3811669766   -0.0472192314    1.5002823308    1.4985813748   -1.1096210727    1.9662694445
  -6.7850027467    4.6073303547    7.3002604958   -3.8135274931    3.1042484485   -0.1271759401
   1.2681276541    2.7789943023    6.8903256629   -1.6290110593   -0.5216831141    3.3701430372
   0.4350882732   -5.6933690091   -7.8540502271   -1.2711280827   -5.7357107372    4.0146559916
  -2.5125567440    0.0897510427    2.6097166930    0.6382726762    1.7900264629   -1.0407117287
   3.3971504063    2.5786163694   -5.5071441855    1.7401959106    0.0794475922   -1.4176163263
   1.5167930651    8.4106779172    7.1143934090    0.1588149261    0.0424070113    1.1270021999
  -5.4446096456    2.5515636333    5.0841540371    0.5523607961   -1.7480022095   -1.0975630007
  -8.3470759003   -3.9997718205   -8.0054164333    1.3731096996    1.5328166678    0.0990443996
   1.0097347565    3.2881075071    2.2615000310    2.1937247021    1.3533816946   -2.5620178852
   1.5634933943   -4.9680740589    6.8814095200   -1.9336003825    1.9421467522   -4.0743556243
  -4.9327132305    2.8661324111   -6.7132918053    0.2798764026   -0.5380878326   -2.8492468352
   8.4615227066   -6.5179578968    1.9570331500    0.5577769791    0.4733162502   -0.6126521034
   1.4368483929   -2.8375304060   -3.7898436023    0.5769807648   -0.3984352072    1.4651832503
   6.7094931632   -1.1092158469    5.6184111446   -2.0410945413   -0.6596246736    1.5086055570
   6.8447900575   -2.6561024462   -4.3230335328   -1.0795847920    2.7839649992   -1.8812271322
   2.6215867217   -5.5945253918   -4.7192144357    0.1244085602    0.8997462122   -0.5551873328
   0.9592422318    2.3791496514    7.7975408807   -2.8439894161   -1.3264249386    1.6318560177
  -8.0823466129   -3.1710427164   -0.5414957985   -2.3886329151   -0.3923618184    1.0083903943
  -2.6537831664    1.0280129475    3.9195343115   -1.6426138088   -1.9141475483   -1.5979062382
  -4.3102810165    8.2851770771   -5.5269531378    0.7716067396   -0.6989236833   -3.8273804463
   7.1959618181    2.6655448733   -0.3639046455    1.0919622414    0.0765715807   -2.5970384917
   0.0733299508   -4.6517313053    2.2493430534    0.1226680888    4.7128175895   -0.5500111747
  -0.7304371261   -1.4986194412   -3.6840463383   -0.0339698736   -3.2785525023    4.0008252607
   6.4205696066   -2.0466527981    7.9478953013   -0.7874432535    5.3329678780   -0.2092999790
   2.1206117756   -3.6461364137    3.8398292925   -1.3918735590    2.1259976919    1.1564384198
   4.7872484000    3.6619148268   -5.5686887598    0.6160630671   -2.6363196544    2.8761164533
   4.6046694364   -0.9591086650    8.3534404141   -0.2072263018   -0.6016460895   -1.8980398010
   6.5374901900    3.4468322541    4.4409378485   -1.5095553184   -1.5749638297    1.3266256829
  -1.6148361894    7.7868891716    3.6752498082   -2.6720164034    1.2534222406   -0.3501406203
   1.0029082176   -4.5279210178    0.1086791854    0.0196501412    0.5477636735   -0.4905114915
  -1.5150648343   -3.8927904552   -8.3260557884    0.6810086894   -0.0674633635    0.0690801522
   6.1254926593    6.6094066373    7.4339312330   -0.4578142818   -4.1279572081   -1.0104674494
  -5.0357124135   -8.2539549508   -3.9962885437   -2.7588499363   -2.7141127867   -0.1327018832
  -7.2299383882    0.6003050409   -6.6262832783   -0.6648462670   -3.8576541847    1.4700087569
  -8.1069030912   -6.8283522563   -6.2262967921   -4.4874227337    0.6747137860    0.6189996504
  -2.3847226724    1.8721472835   -7.0240399038   -2.6806152674    0.1633779003    0.1039559826
  -1.7296722082    4.9664651742   -6.3276175916    0.5606566848    2.0826479735   -1.5290386313
  -3.3899640316    5.2778040169    7.8881815441    2.2243568014    0.3642787266   -1.1679691654
  -4.3384776452    3.1347374618    1.6276386553    3.4257487249    1.5953832597    2.4775214306
   4.3342832639   -8.4969683144   -1.7848253841    1.4058567854    0.8538575715    2.0502966519
  -6.0700370185   -5.9029729451   -2.2754219813    2.3700158589   -0.2162583053   -1.1718598661
   6.8346887422    2.1846995985    5.8519340451    3.0977072292    3.3598787828    1.3562175327
   7.6195098685    4.8625282225   -3.1389405195    1.5202840186   -4.5310408543    1.2278661342
   5.2108960490   -0.6493087483   -3.7261052209   -0.0871964995   -3.3688988206    3.7050444001
   3.1224406202    6.2368142008    1.0566085917   -0.4323549550    0.5500408501   -2.2439363694
  -0.3166514307    0.9955088648   -2.9355791535   -0.1874589440    0.6127385217   -3.3412595597
   2.8326187405    7.3976655889    0.5106317124    4.8511545208    2.3753053519   -1.7015164210
  -8.3351348861   -7.7646751405    1.4056587530   -3.5745815883    2.0616581487   -4.4572587359
   5.9527225945    7.8296096721    8.1541935704    0.9699858915    2.4688476248   -2.8270866444
  -7.8961017085    1.5724392291    6.9612431762   -0.2072486697    2.6582485832   -2.5530896046
   6.3742845799   -4.1630519423    0.6294068623    1.2466578924   -4.2322702215    0.9256249915
  -6.2489877719   -3.4358988695    0.6403695521   -3.0587664198   -0.4241748279   -0.4007580631
   1.3307363586   -2.8397289665   -6.6345225499   -2.3049064916   -0.1919858977    2.8266191088
   3.5059076616    8.4681197446   -7.5845993960    2.5678903633    4.3515765327    0.3724909308
   3.8111990770    8.3910157700    7.1915893856   -3.5710709940    3.9533552208   -0.6279716751
  -8.0494473963    3.9720666385   -7.2558342204   -0.3775521920   -2.9342288110   -1.3948472322
   6.4640441717   -7.0271111564   -3.6927025668    2.2624524140   -2.9954789580   -0.9736260672
   3.7827229420   -3.0888711445    0.5086663042    0.5982686734   -0.9767163267   -0.1103738607
   1.1158351799    8.2463514643   -6.5272183696    3.7515822516   -2.3231163825   -0.6461132982
  -2.9986136249   -4.6069097015   -6.6607245753    1.7362186712    0.3664268224    0.0065289267
   3.7204562641    3.0185951929    8.4883847474   -1.6594022292   -3.2087264177    0.5299845256
  -0.2507972221    4.5719811805   -7.2430022955   -1.8221624930    1.8767176411   -2.2588103334
   5.1290384211    2.7469051209   -3.9299461410   -1.1916308810   -3.5292152797   -1.9102211511
  -5.7259583792    1.5907945361    1.0030621366   -0.3563649311    6.3052261358    0.6889686069
  -8.0886346300   -7.7110487599   -0.6427404965    2.5801174604    2.9001561022   -3.1619561959
   7.9784064055    1.3962772165    7.5628358537   -3.2982798793   -1.0483568892    0.7151982535
  -5.5114181046    3.1934240134    0.6197011417   -1.4960294736   -2.3891203302   -4.1764515482
   7.2874641068    4.2605007534   -2.3216479333    2.4553776557   -1.1071364515    0.2156788242
   2.8256940257   -2.8045421104    4.0269088813   -0.4928882928    0.5988029704   -3.7297880037
   2.6486251137   -3.4041504478   -6.8630978481   -0.0574068017   -2.2428244870   -2.2681156425
   4.8539181900   -0.1652293274    3.3028418798   -2.0244737604    0.9949935160   -1.0805160768
   2.6556740030    8.1457581700    6.7217985415    2.4218174662    0.5365309563   -1.1309730878
   5.0465012522    3.2586097123    1.5925550889   -0.8323860797   -3.7199325297   -1.7221069536
  -6.9229522390   -4.7248464677    1.3054672551   -0.4263489567   -0.6626096276   -2.3682341318
  -7.2775746733   -8.2361481772    3.6354748348    1.0354972226   -2.8283081030   -2.7701463382
  -6.0371733464    5.4700753649   -2.2473820027    5.1140923863   -0.7682130658    3.9610031179
  -7.0714620712    1.1650667640   -4.3536915637   -0.3759543037   -1.8505279716    0.9061466840
  -3.5465480461   -5.6483983940    3.2486271509   -0.4420372614   -4.6503787500    0.4401335120
   3.4299534247    4.0367425417    5.0844001401    0.6494524844    2.9643785284    4.2006011796
   2.4169119998   -5.9491631551    7.7075958630    0.2793587924   -4.9873670392    1.4464453695
   4.8407255778    4.9302428318    7.0702536147    1.0865172291   -1.3414061668   -3.2364065391
   0.3090715790   -3.6087379666    5.3657229224    3.8750211547   -0.0843263983   -2.3870586831
  -5.5452385036   -7.2860712710    7.0981540563   -1.8172860708    0.4531110431   -2.5426883980
  -4.4701512870   -2.3426293025    3.8825355406   -3.1891461436   -1.1493623098   -0.3488647707
   4.2601192129   -7.6621514313   -6.2217654638    3.9483025665    3.7942860566   -1.9337152129
   5.5189830085    5.3573933978   -4.2462903159    2.3916190834   -0.1124306555   -2.3151964928
   7.7530570970   -3.4016072966   -4.0986475333    2.1782681339   -1.2490723162    2.8755143675
   0.1286372459   -5.9159593205   -0.9967630140    3.4401785340    2.3549945587   -3.3164047568
  -5.7208798360   -6.2433306096   -4.3016912195    0.9273229357    0.5219818958   -1.8571808245
   0.3683660275    7.3348479942   -6.5258510575    1.4596474347    0.5276386851   -3.3805817701
  -1.5087644147    4.0858763531   -6.0379104914   -0.9673968445    1.2422457634   -1.4210240239
  -3.0007978940    7.0651492843    3.3973550298   -0.1451573446   -1.2947750168   -2.7187624768
   7.5953794132   -5.0108203134   -8.3827028305    0.4308998275   -4.0639841625   -3.3309471887
  -3.0500295279   -3.4250323788    1.8688169628    2.3264114237   -0.9452236375    1.4426876975
   6.0377815871   -5.5872579460    5.2932834048    0.5478081915   -1.6753491015   -1.5984936872
  -0.8490590772    1.4821914196   -5.4588757372   -0.5022009835    0.0508553269   -2.4013192601
   3.3191371065   -1.8438453008    1.7447634962   -3.2339922788   -2.8885713194    3.6069527273
  -6.1145911546    8.3074356455    2.9482302004   -0.6828305987   -2.1981208359   -4.5553991041
   0.9710707864    7.3320792949   -1.5654415159   -2.5939765478    2.4766912157    1.5535231313
  -1.3329390758   -4.4759533368    0.5317696865    1.9153581219    2.3325005654    1.7385587228
   6.9919266543    7.4598609225   -6.7257424031    1.3144620721    2.2554967489    0.8967150936
   7.2565604034   -5.8685254989    0.8311161013   -1.1860035739    0.1082575242   -1.7866491972
  -1.0238188709    2.8812082380    1.0591681551    0.2249263614    0.0454978015    2.9838635197
  -0.2875576349    4.7934652076    0.7159681684   -2.0568249718    2.8424842546   -2.1505722892
   7.9358959768   -7.7991618364    3.2991500014   -1.3991768592   -0.7992964512    1.4652809257
  -6.1804816551   -3.6430692954   -0.4568982309    2.7507735242   -1.7658540267   -1.1919227332
  -3.3948177384   -0.5724708318   -3.7227173049   -0.2994820171   -0.9748256210    2.5299772756
  -1.3031223183    6.4283816570    6.4640987857   -3.2353664767    0.6867497213   -1.7073149672
  -1.4008630864   -5.5389190445   -3.7186448523    0.0047247773    0.8688317226   -1.9799438878
  -3.4732978386    4.5566556244   -1.3489573061    0.6149550033   -0.4380002878   -2.4028003392
   8.1347940864    5.0879388160    1.9200444991    0.6132030448   -1.8011575988   -2.1126358918
   3.6291194793    0.4286593053   -7.8342016494   -0.9864294897    0.9292423475   -3.9908826869
   1.4098020454   -6.8693022251   -5.5110652444   -0.5890417040    0.4073595289   -0.7570241053
  -6.9595454362    8.1105173782   -2.0157720811   -1.3796432963    1.4327122566    0.7021984171
   8.3640805206   -6.7204699845   -3.0106336749    0.5415957236   -0.1557388437   -0.2821779142
   2.0216168730    6.7753020435    6.7885716687    0.4469166323   -2.3565454303    1.7014239559
   5.1115750137    6.8020804109    1.9733851491   -2.0561007846   -0.0742932957   -1.4438882634
  -6.1365606260   -6.7392183411    2.8127254441    0.9021124982   -2.9547170462   -0.7287451333
   2.3151019391   -0.1138314158   -3.9775268330    0.1176307825    0.3850211313   -4.1593624944
  -5.9176205050    2.7310140694   -6.2401134280   -0.5458635351    3.0830245445    4.3220404350
  -2.5831942179    2.9642482542    1.2776538463    2.5484551713   -3.1077020824   -2.6289937025
  -4.0966140617    6.3298453270   -7.1244869412   -0.4692244394    1.3250849506   -0.8443889429
  -4.7373052663    1.8042169792    6.1305881062    1.6483920610   -0.4117837806    0.2024289597
   7.9827737232   -5.8036806565    6.6026223627   -0.9313287496   -1.0020749115    2.4255055110
   0.9458429343    8.1634028574   -3.1940543839   -0.3760653262   -1.8582062001   -2.1411465975
   7.0101347307    7.7531992406   -1.5799215289   -1.1826823178    0.8267033830   -2.2058222937
  -3.8967894399   -2.4442786291   -3.5024486420   -0.0974132355   -0.4560493192   -0.1359996759
   0.2512058249   -1.2049150648   -4.1557886076    0.0072267409    1.5286857141   -1.3880584716
  -2.6358322940   -6.5661232826    2.5428309158    0.6864710713    0.3392264941    1.2357109818
  -4.8666662860   -6.2203265730    1.0605331567   -3.7067997195    2.4310791435    2.4710771751
  -2.5917368618    4.7840785574    3.5122645909   -1.7868170307    2.8429544606   -3.0642610544
   3.7388707288    3.5980192400   -5.1157457158   -1.3096964987    3.9671953324    3.5642878756
   5.0182619492    1.2635769140    8.3835361758   -1.1179611654   -1.5229452456    0.3753543754
   4.6361690271   -7.4068133117    2.2083196722    3.3258470861    1.4664057016    0.2502307215
   6.8755889877   -6.5105885923   -0.5535140902    3.0835479991    4.4929317844    2.0518281358
   7.2109312461   -6.3864221957    5.9726577694    3.3121316396    2.9777492913   -1.9098650379
  -4.8306807721    7.4984234751    3.5569116829    3.6048780822   -1.2758610170    3.7773053756
   0.7248124946   -1.0987920246    1.2196150830   -3.7025280809   -3.2928085004   -0.4912075649
  -8.3012505931    7.7517104406   -1.2086334952   -1.6774352563    2.5034160485   -1.1943419039
   3.4632775071   -7.1398053741    7.2367884409   -3.2790325819   -0.2531899428   -1.0010197740
  -4.5451669806    0.4222856772    7.9408719245    0.2666779198    1.3506917560    1.6453928471
  -8.4934024258    5.1691027740   -0.0272397357    0.4933253807   -2.1928457688   -0.7980157255
  -6.1979255434   -7.6750795042   -2.9858409401    0.2720127298   -1.5530213009   -0.5884391226
  -5.6494369544   -4.5701965341    3.5875677012   -2.1866575706   -1.0796739052   -2.4850422465
  -5.0332324165   -1.0030515956    8.5090183266   -0.0955390124    3.9783570331   -1.7618712520
   6.7532618508   -8.0565823972   -6.8403713549   -0.1567774261   -1.4173858708    0.2505474714
   0.2470124112    2.5016717030    1.0578143389   -0.5637713899   -0.6640776106    2.9309167651
   2.3024812332    0.2547869155   -6.2274528803    3.4861394000    0.5900317015    3.3338242027
   2.4642844483   -8.0213177485   -0.7724230746   -0.0640768222    1.5565237127   -1.5529002347
   4.2473262912   -3.7395235668   -8.0218168874   -0.3160148919    1.2105538556    1.5663027942
   6.8799390022   -1.2837773463   -5.9692211229    0.1072038132    3.6487938070   -0.0377297092
   0.3598465604   -0.4172488852   -2.2747952058    0.4652777113   -1.1351482316   -3.4827980951
   2.0802874926    0.7774226051    4.7474384647   -0.5282243898   -0.8583988442   -0.3209681508
   2.2740772906   -6.5016064244    3.2866999106    1.6165823413   -0.6398519293    3.8051521543
   0.4194059409    2.4274091025   -2.0936757758    3.5025822076   -0.4922079473   -2.2901228318
   5.7349148212   -4.3715869115    8.3288246068    4.5351815520    6.9208411591    0.5292270177
   6.5046760633    2.0887829778   -5.8834027366    3.7119156177    2.5187980881    1.5975622134
  -1.2198861106    6.7621990894   -5.4129995357    4.6053886082   -1.0906861231   -1.2883221061
   6.5323331532    0.1584312131    3.5826698685    1.3669108801    3.0684813458   -1.2745642696
  -6.4299251051    0.1819389256    3.6891754749   -1.1124975351   -2.2246908199   -1.1300355093
  -2.5880792096   -2.9570817400   -4.6299352097   -3.6506676071    3.5551727636    0.3935402960
  -8.2952752075    1.8740849294   -8.0600066190    1.0733506906    1.0793530545    0.7606250781
   3.9094358030   -6.0796431913   -6.5188441283    0.4101171352    0.1750554429    0.7746117734
  -6.7069839987   -7.5612035857   -1.1338210174   -5.1943111076    2.3759290044   -2.5496515939
  -6.1146563058    5.7476465099    4.9890945629   -0.5589292015    4.1571441707    3.6413762415
  -0.0717140565    6.2370184121   -4.6389736236   -2.0424223164    1.4023681187   -2.5773060081
   6.1370774087    5.8949444523    2.6045556307    0.2545281463   -4.0331783697   -2.0287883421
  -0.2097742783    4.1742919663   -1.5434156387   -1.8087855279   -3.4104830249   -2.0682540973
  -2.5036532410   -5.5713129854    7.7477817717    2.0843411987    4.0709583234   -1.5418529467
   1.2426617248   -5.3704374508    3.5670650938   -1.8605837476   -2.1374878472   -0.3534277399
  -3.7541599413   -0.3374856681    6.4330102655   -0.6383445440    1.1007398498   -2.9780583095
  -2.4036578246   -7.2632041754   -5.2806178217   -0.4479445482    1.2103541788    2.2685132133
  -5.4323259692   -1.1511559914    3.6901599033   -0.4112360060    2.3634898692    2.6269117496
  -4.2741339931   -0.5882478886   -5.8727135820    0.8602877869    5.2374625409    3.0509892396
  -0.8292783922   -7.8218298342   -6.9400622414   -0.2708245868   -1.2835143221   -1.0508006463
  -3.1940845670   -3.2694686430    4.6083806635   -0.3775586087    0.5414883388   -3.1458641443
  -6.0264401182   -5.4994398574    0.1191875406   -2.1288236021   -2.6690486062   -3.2124605641
  -5.4637046722    2.8038308812   -4.3900084861    3.3652930599    1.8347425813   -2.6501047202
   1.0761491209   -4.1651425380   -3.2047560363    1.6997799832   -1.8110271434   -1.3460329855
  -2.0217395161   -8.4557103233    7.4760552435   -3.7966685190    3.2219587781    0.1847072502
  -3.3490191426   -5.3536775023   -5.0035720203   -5.4133611532    1.5443628051   -1.5008444274
   3.0163739515   -4.8061286745   -7.2276210448    3.3763323843   -1.8470685435    0.9304122047
  -5.2387307319    6.9364165293   -7.5178689957    3.1034177603    0.8567398675   -2.2835986700
   5.1799006988    0.5107187258    0.7259180349    1.0912664200   -3.2775267463    0.5287669651
  -2.6255429548    4.8523650674   -5.2978623857    2.6456964880    0.3428638063   -0.1580341267
   7.3716969068   -4.4200812243   -1.8216374966    5.7423155834    1.8725051654    3.7203617143
  -4.9269383831    3.9685263952    2.4967626404   -1.1596861867   -1.7783381137    1.7704829384
   7.2667021244   -0.9434162703   -0.7495629633    0.3277556041    4.2453056489   -0.8533161865
  -1.8640698296   -0.7577906193    3.8029208208    0.1433809128    1.4528107844    0.1168191661
   3.4852770365    6.8867466286   -5.0882592571    0.0222669109   -1.1365925409    2.8221843021
  -7.2652144345    2.4332385926    4.2349112081    1.2746170538   -1.2321795514    0.4351349030
  -7.0897062039    4.6529176862    5.2474838679    0.7564697537    3.3023477396   -1.1742544257
  -0.7281248330   -5.0473889692   -2.6844763377    0.4719933266    0.7961648550   -0.7210244171
   7.6566563923   -3.0995244714    0.5538777159    0.8479326064    0.3675259153    0.7772748167
   6.2023226448    6.2627055705   -5.5573377934   -3.5222327107    0.4392631777    1.4054808824
   1.8073141986    8.3868076126    8.3799922295    3.2352223818   -1.3885709650    1.7957945216
  -1.6378633737   -5.5686369604   -7.3996807681    2.5858140190    1.3206938631    3.9488995293
  -6.5894625992   -8.1461400313    1.5854441797   -2.8410216318    3.3630261374   -0.0634501585
   0.0687224916   -3.0693202928    0.3557841752    2.6197010673    3.3592632612   -0.1051701081
  -4.1889752423   -7.0330209424    1.9853027449    0.2652189893    4.6893979390   -0.9441536326
   4.6763584048   -6.3037080822   -7.5399407142    0.7050461925    0.5704697783   -1.0601723251
   7.6503904232   -1.6612976696   -7.2638172803    1.6757207763   -0.8251101646    0.9947499089
   5.3150881648   -3.7539864802   -5.8747355781   -1.5638348779   -2.7311522703   -3.7878902936
  -3.7883904970   -8.0876209372    1.5877644726    0.1827463872   -1.5681516640    2.9728546661
   3.8259528243    0.4456846249   -6.0891099836    1.6501934184   -1.2697725072   -0.2471029910
  -7.3307981881   -6.2101811993   -1.4416206305    1.4305047655   -0.1694707113   -4.2387960670
  -8.2235348355    4.3630075988    7.4568489267    0.2413325781    0.9092274361   -2.7601590082
   5.7876739367    3.4393105905   -6.6572960744   -0.9791312860    2.4236337661   -1.4540808543
  -0.1233723710   -5.0528007941    4.8399834175   -2.4799192723    2.7260454157    4.7241092177
  -5.7286776800   -1.1273231401    6.3737177489    4.1839582738    0.1411791909    1.4379039860
   8.2277946565   -8.3827581297    4.0479760215    0.2199202120   -0.6394698487    1.9305070998
  -6.9833506913   -4.3265976453    3.4455098319    0.8762661492   -0.0128467504    3.7925591460
   4.8359017926    5.4378830933   -6.6266430022   -0.4890961587    4.7236890574    2.3042983730
   2.1631165475   -4.7231772544    8.1364359623    3.1102230139   -1.2773273485    0.0723609482
   2.1899466143    2.7209037928    4.4163376122   -0.9819038944   -0.5151227023    2.7076321846
  -8.3101988039    1.7288141634    6.0759395168   -0.4226545514   -5.1770718800   -1.6094317053
   0.4503393043   -0.0520326027   -8.4520792544    1.0336269690    2.1876671066    4.4679898150
  -3.6839359506    1.0200181947   -4.9736504468    0.4869157162    0.2517224213   -0.2828634805
   0.8919232918   -7.3964421500    5.6534844140    0.1958211788    1.7757642231    2.5270499823
   7.2689456352   -2.4713594613   -3.2817645676   -1.4709064208   -0.2762039284   -0.5584726723
  -1.3034389585   -3.0030547053    4.0956957936    4.3258849301    1.6550841603   -1.6865395986
  -6.8368346648    6.9275136166   -6.0975546377   -0.4976289653    4.3028860933   -2.3440883480
  -7.0157520482   -0.8183342565    6.2068338712    2.5473310952   -3.3077877322    0.3497787558
  -6.5979514338    2.2923972927   -3.2751936513    0.1038982633    0.8493003482    2.4291656782
   5.6391646126   -7.4960890533   -7.6622579075   -0.5040957817    0.4099432185    1.4278120209
   2.8856590956    6.5091106123    6.9833544566   -0.7065586606   -1.2735640058    3.3219588234
  -4.1031852483   -0.4128341921    4.2213272294    1.9236381005    0.7894417863    0.1435682454
  -3.1957774957    7.8377673996    0.1428781342    1.3954074118   -1.0698714405   -1.5545183901
   4.7455733861   -6.1972368292    3.2750321118    1.0340125292    0.7208336611   -1.7865416989
   7.0163786462    3.9129294704   -6.3779551722   -0.1907503497   -0.4291686473   -2.0297263780
  -7.6498733329    6.2049438173    2.5098551637    0.7332319736    1.4262649517    0.3458515150
  -0.3706915938   -7.9517733759    8.2575998763    3.3592587654   -0.3837334942    0.7400112574
   5.7880700402   -7.2020318701   -2.5071824742   -0.4200736321   -0.6650565317   -3.9284710084
  -3.1459607426   -5.5173763712   -3.9129224573   -1.6837880198   -2.0190250733   -0.0112942984
  -4.0757873707    0.4102419114   -0.9249040807    4.2716492847   -3.8974081772   -2.8896633183
  -3.2434514292   -0.1958805657    3.3815472227   -0.6417450293   -0.0570646322    3.5412632585
   8.2324759455    7.4712951335    8.0167249524   -2.3672863264   -3.2858157276    4.0086821942
  -7.2428163125   -4.6099804971   -1.5771984081    0.7742204088    2.9155571752    2.3296276911
  -3.6226356552   -4.6136937582    1.7278038523    0.1239112564    0.6922639446   -0.5519592695
   5.9380512694    0.6221924658    2.7544212418    3.6523677501   -1.8920328677   -0.6541715834
   3.5253367283    7.4857010580    2.9187878832    6.0648630089    1.5592312664    1.7276689617
   1.0680108777    4.0538549900    4.4008609033    1.7855228577   -5.6744185628    0.1477399602
  -0.9415684804   -4.8690895563   -4.9442628355    2.1185756434   -3.7781008889   -2.1460366237
  -7.6604949017    5.4769617498    6.2272653874    2.4034849499   -0.8689841506    1.3457092958
   4.3996991768    6.9951137696   -4.5188319291   -2.1909488350    1.3127912838   -1.4443347332
   7.5166638934    1.9342381163    0.1495822823    3.7297239243    5.6081181691   -1.2311295285
  -7.5302380650    2.2292649328    1.6497558382   -0.7668568487    1.0025290891    2.3778322993
   7.2953618825   -6.5679734777    2.5933612522   -2.1148291519    1.5147143055   -0.9805156378
  -0.7660893865    3.6519433926    1.6766105181   -4.0733873210    0.0721358300   -0.0598305507
   2.1066033341    2.2626978134    7.9724544642    4.4289322724   -2.0256132332    1.8412537728
  -3.4759829613    0.2072130066   -6.0530536168   -0.6236996021    1.7169836699    0.2719068487
   7.5228529374    1.9821311501   -7.7686708786   -0.4549198254    4.5485891587   -1.0901586840
  -6.7042087338   -3.8661107760   -7.4380719035   -0.4282037864    1.6977045768    1.2883689603
   6.1810892839   -7.3231422854   -0.3965793662    1.6328955735    0.5579515564    2.3788179093
  -4.8413269103   -3.5586154636    7.6150510398    1.9957017997    2.6160136102   -0.1973698342
  -3.2757908883   -7.7360432832    6.4819616796   -1.2157359396   -0.2160468249    1.0604056834
  -6.8717585665    5.2814727982   -7.6547916126   -3.5882012501    1.0069271139   -4.8315882692
   8.3278478761    4.2471151267   -5.5649826145    0.8328034760    0.4159028688    1.2197296453
  -5.5263540676    0.6814287472    7.7289208983   -1.7814129665   -0.1793228922   -1.8069664878
  -4.6450586009    6.3527631409   -2.7604440294   -0.7642386415    0.0791730002   -2.1563452060
   3.0972885998    6.4609325701   -0.4987484940    0.0623979196    0.5299198184   -2.3054314635
  -3.6720327989    1.5075726825    1.1790750861    0.6835622896   -2.4835394360   -4.4374701183
   3.0322901347   -3.9018041074   -8.2511538727   -1.3235815586    2.5516700905   -0.3669087614
  -4.1431231803   -6.5782453631   -7.2634397992   -2.4361378834   -1.6706113744   -0.2701327311
   8.3773578352    3.0016672520   -5.2582467708   -1.0618896439   -1.5398821660   -0.7233058914
  -2.8830655127    7.8582181611   -4.1290521455    2.9813726594    3.4527032329    4.3053103549
   6.6023849559    1.3355784529   -8.3477533940   -0.5960375547    2.4091019710    4.4972121567
   1.6648959201   -0.5349278909   -2.3271458182    0.3547138685    1.4740677485    0.9721948585
   2.3803408841   -2.9368994670   -3.9302739814    4.5643193674    3.4093885823    3.7323540887
   3.8543202372    0.3368416166    3.1308275830    1.9519898264    2.7366288507   -2.1587123573
   1.0719853787    5.2698238360   -3.9467516255    0.1457591634   -0.1140580032   -2.9306589594
   7.2626115666    1.4830519254    1.8760455635    0.0613645204   -1.3649623879   -0.9637069839
   4.2663475981    2.3244276714    5.1660285935    0.4766739215    0.8318651107   -3.8984781698
   0.7832448196   -6.2143118200    2.1543021908   -0.9158608976   -1.8819941135   -4.2680777911
   7.3814227956   -4.1812015497    6.0791574162    0.1498700791   -0.4983656748    1.9914433550
   1.3871776686   -1.7142732028   -4.1263134454    0.4959727364    0.4437860510    3.3649218820
  -7.6591336879   -1.3078766277    0.0911911681   -2.1366025293    2.0992382308    1.2739050558
   4.9635051164    4.1683048742    4.6990508575   -0.3425346689   -1.8608132176   -0.4929631069
   6.1326181776   -4.6928533329   -1.4632460789    3.2011619249   -3.3092805771   -0.9223560534
   1.4971594829   -3.7817403640    2.0997714856    2.8054519381   -1.3809786060    1.8253976224
   5.1220015415   -3.7836182792    6.6403304145    1.5578938439   -4.3401977382    3.6541009190
   1.8968800653    5.7655279712    3.6402583894   -0.6572343054    2.0151983685   -0.0776555833
   1.9527406790   -7.8647277330    1.0036091201    4.8007114616   -0.1755012421    1.2144527915
  -6.2072371808   -0.7478104157   -3.4046639230   -4.4941966060    0.9516317408   -0.0243423412
   4.4485258947    5.5983133070   -7.5197498056   -1.2631248911   -0.7457359762   -1.1858590219
  -3.7971530353   -1.9608739904    7.7233894666   -1.0404771332    1.5253997246   -0.2284061985
   3.3891892848   -5.4411922461    3.6180163000   -0.3704313896    4.2625372470    5.1064796883
  -1.4847110734   -5.0952012292    7.1205835164    1.3832782132   -4.1441452081    2.9575816827
  -5.3298307999    4.5245388428   -4.1507013632    2.2332415084    2.1196829904   -2.4085609883
   0.1763314509    7.3771168925   -4.2847009044   -1.3060532910    1.6939688133   -2.0887590750
  -1.3046948469    2.9686947272   -8.4468040016    1.8827871832    1.2561658822    0.1009980890
  -1.3269454231    5.0911267699   -1.2556394122   -1.5816101646   -1.9326206013    2.9896915896
  -5.5367326170   -1.8148295719   -0.9004591605    0.3229030181    3.0796503420    0.1688994403
  -4.4474480781   -2.8666597097   -0.0785912957   -1.8597532066    2.2200871428   -0.3450479805
  -6.6742518730   -6.4184957766   -4.5287057338   -2.3463087082   -0.3320556245   -3.1165438917
   6.7854653574   -0.8214539269   -4.5123987053    2.3256455938    1.5606107362   -6.0842695838
  -4.9725354999   -3.4072838208   -3.2650363802   -3.3629092566   -1.8174219025    0.0170951952
  -7.9908501600   -3.6492422397   -3.8199737665   -3.6280561575    2.9307745886   -1.9791169523
   2.9159016134    0.6252253290   -2.3223114435   -3.1430215152    1.9788943878   -2.5677710211
   7.0367120583   -4.5088098527    2.9620818123   -1.2722595081   -2.9998381806    0.8296349768
  -6.4358718494    0.8086980865    0.5901393757    0.4659087870    1.3866958035    2.2387837174
  -2.0921685909    7.7640349286   -0.0835730942    1.2855424190    0.6451771896    1.2617744701
   3.7858977849   -0.2796720193    2.1371058505    1.3273363708    0.6729915445    2.1959440048
   0.2989433863   -7.6229000867   -4.1290319912    2.3578072688   -0.4743541888    0.8119155123
  -0.3308194040    3.5916330764   -2.5304530858   -0.7937016404   -0.2393861417   -0.5052044841
   8.1300057057    3.1056954198    3.1962115248   -3.2695228691   -0.7699755217    1.1608981253
   7.3167565798    5.5934816369   -8.4255141502    2.1253610964    1.1208923824    0.0282854973
  -3.6805567736    3.6409206137   -2.1931680068   -1.4066670353    3.3533298359   -4.6521434631
  -4.8374508894    1.8758254855    3.3578015448   -1.3694971581   -2.1318809475   -0.6119572071
  -0.6471144631   -2.9898485577    5.3650794508    2.3038945835    0.6910738137    2.9593678134
   6.5249808001   -4.5861414061    5.8387923614   -0.2761546723   -0.9991568838    0.0709127431
  -7.6558541902    8.1838923573    1.2682299024   -1.4509777989    0.7700258123   -1.2449923573
   1.2307811845   -7.6855102659    0.0422451195   -0.7691801419    1.3962590797    2.2189633091
   0.9795164072    8.4003725459    1.9592078437   -0.2273888750    3.4041082366    0.2826080431
   2.5492220473    7.6970060323   -7.2880507747   -1.4978169383    2.4257630398    4.3376471512
  -7.7034929277   -7.8079705250    2.8744715474    1.1907335352   -0.0780939769    3.7209518429
  -5.7650074578   -7.8487311576    0.1870284974    0.1129980323   -4.5299473099   -1.9545742841
  -6.3715578139   -5.2659685125   -4.3975916598    0.5355091166    2.6442085481   -1.7349732620
  -1.7588522038    4.9475208248   -2.7640221847    0.0607954556    4.0206821007    4.8489867202
   5.0151351358    7.0656709343   -1.8773428754    3.4351159258   -1.4215441675   -1.4410399601
  -8.4344115446   -5.6997676932   -3.1000368480    2.0000982260    0.4375098174    0.5186387417
  -7.5111216906    0.8028796194   -0.1751907084   -2.5503176729   -1.7617326023    3.3329402728
   1.1447226371   -4.3497799616   -6.0587959597   -2.1805423795    0.9899387004    2.2138250507
  -8.3672535446   -1.1710719013   -2.5018616335    3.0248548624    6.3857158034   -1.9489120083
   7.0741489886   -6.1279199830    4.0986368961    1.5408373292    0.6631489480   -1.5061890058
  -3.7607520184    2.2720773321    3.6349080557    1.6323072203    1.8039732087    3.3713179558
   7.4474438431   -2.6637039878    7.9586519352   -3.7001383091   -2.2278644355   -1.0857311578
   5.5632230757    2.5561111581   -1.8367229599   -1.8352947950    1.1539218959    0.1173372054
  -2.8229116566   -5.4001379433   -6.0651377636    4.0022916885    3.1995488931   -1.3243950099
  -3.6863173453    4.1933335714   -0.3620992556   -2.7589773801    0.2416024557   -0.2177274967
  -8.0790810306   -6.6098524313    5.7773245083    1.1108891466    0.7109720263    2.0685616807
   3.1900839872   -1.6867192030   -6.3837500882    0.3829842531   -0.9826386914   -3.2072232530
  -1.6188289490   -8.4705099431   -7.2317405658   -0.8859401679    0.2099502556    0.9970210452
  -8.4067572068    7.4241719360   -5.1488858434    2.2106979217    0.6029329825    0.7603633377
   1.0592923746   -1.7919057952   -1.9644901374    4.4955875973    2.1216190672   -0.8800426484
  -6.2782294777    8.3899099439    7.3809232232    1.5393185092   -3.2134296945    1.9536476036
   1.3834989507    4.1434494652    5.3803555654    2.0509261501    0.4901521214   -1.1250949847
   7.1302506547   -3.6896725682    3.7008192047   -1.5661513890    2.5706560409    0.5057047529
  -1.7105733478   -7.1412833653    0.4889651228    0.2644968298    0.4351157249   -0.6788761751
  -2.7200351248    2.0760387660    0.4883581893   -0.4994347244   -1.4576747235   -0.6772231459
   1.1384549387    0.0416369435    6.6925511608   -2.2731837787    1.0987015114   -1.2694498209
   6.7083187788    5.8489721517   -1.3767146602    3.1150650210    1.9154856000   -2.2706618377
   4.2050234253    3.1997935508    3.5645880516   -3.7356461875   -2.5662257839    0.7426644130
   2.4023558643   -1.6381769349   -4.5655073869    4.9028585386   -0.1647748443    1.1993070220
  -7.0303333991    3.2414653830   -0.5376584430    1.3337263461   -0.4779981695   -2.8188376261
  -6.5872922958    3.3408047877    7.9546243264   -0.4314195282   -0.0239594851    0.0122389308
  -6.5489316210   -5.7219158263   -5.3967185515   -2.0691119522    3.9588087794   -1.2102589257
   2.8478082887   -3.4771416849    7.7720256203    0.2274805617   -2.2531692921    1.2720110969
   5.1087310036   -6.9734545583    0.5862278759    2.1866097093   -2.3253526818   -3.6860045534
  -6.7501560485   -1.0208452036    1.8148020622    0.7006714528    0.3402343557    2.6238866374
   3.5938788058   -0.5282922630    1.2681050587   -3.9560946222    3.5681291770    1.0248853226
   5.9085864132   -3.9658835174    4.1542168009   -2.6628325853   -2.1681587210    0.1366631027
  -4.5399230688   -5.8908286154   -6.5418189087    1.2253082425    0.0106016609    0.9202592522
   3.1376302523    6.0374083275   -7.7593483236   -2.2062203542   -0.7048913513   -0.5864703508
   3.9420523420    7.7512283677   -6.4133680032    3.4884385304    2.7575328133    1.0734213279
  -6.7956141983    4.6355013381   -1.1720681071    0.7364447525    0.9501545145    0.2750284034
   5.6020398612    8.2276181306   -2.1610773323    0.7980689456    4.6084804577    1.3369479368
  -4.8841621896   -3.3221840507   -6.5313505340    1.3869476163    1.4525300487    0.1498909966
   5.4949628777    5.1126422601    8.5139187799   -1.1869849777   -0.3948576625   -1.2406773114
   3.9408175152    2.5624395290   -2.2908444544   -3.6246701696   -0.9965957319   -1.8033444769
  -3.4835027975   -0.1642194996    2.5022822851    0.6572830479   -1.1594761218    1.8943722025
   7.6999202299    8.4041637644   -6.8095049987    0.4908894882    0.0882915153    0.2799920197
   6.8801529623   -3.9765487052    7.2451793738    2.5426020142   -2.3282397404   -2.7893301628
  -1.6306310496    0.9257856107    8.3661496071   -0.0930980371    1.9027240523   -3.6267663978
   1.4890847265   -5.8269715861   -5.1876687214    0.4455979390   -0.7272104725   -2.5786189257
   7.3786081767    2.3560221252   -2.9205971186   -2.9219880207   -0.8214656094    2.9725778723
  -1.1951205942   -0.3375016622   -4.2966113395   -0.5016716492   -1.2887989456    0.8077514065
  -5.6688272862   -7.1072235185   -5.9533536719   -0.4753677925   -2.7508397670   -0.4803947349
   3.0216709758    5.9915973295   -1.4411029179   -1.4262060812    4.2699932595   -6.5911424529
   0.8013600241   -7.9383421541    3.0355040990    0.0245172908   -0.8838557654   -0.3912000910
  -0.5136239631    0.9356167326    5.7760189191    0.2612940249    0.3967710357   -3.0734365112
  -8.2942553820    5.1633221062    8.3755501509   -0.9506660432   -0.6177084378    0.6903217602
   7.7989048629   -5.8120210494    3.3782134665    0.6030704134   -2.6122490281    0.1803211976
   8.3473652008    0.3772970043   -0.8395474332   -0.2698761255   -2.2124868310    0.4093735160
  -1.7630861092    7.7960070511   -8.2454230764    0.4979686519    1.9585234203    0.9131267609
   4.1692086307    4.9438095570    0.7508012950    0.1676811310    0.1844525051   -2.2160398300
  -1.4758979246    2.9555834717   -6.2427350995   -0.9241255236   -0.7004357318    0.4905287115
   7.0539702382   -6.0566964092    7.5991046390    1.0835633330   -2.5126772907   -1.7351827082
  -4.5696401974    4.3094872102    6.7854972752    5.0737222926    0.8086942557    3.8745140894
   3.2510010226    1.5863332197    1.0572287817   -4.5799184656   -1.2107304835    0.8647971955
   1.9926772605    6.3461962546   -1.2686239753   -1.1824673531    1.0562174114   -0.8399944340
  -7.7112495275   -2.1635596365   -0.4604384229   -1.9055595071   -1.4536586259    1.7459232977
   3.0093377114    6.8620949486    8.0932312520    1.8181318844   -0.6338570832   -0.6303697750
   5.6461490511   -3.2618672866   -4.2525411212    2.9152662517    1.1763649608   -3.5582464224
  -7.1313029678    1.7312666936    0.2794631809   -2.7345953598    2.6329231026   -2.3993475951
  -7.5208856317   -7.9383248314   -8.2977055932    2.4156341326   -0.7825945705    2.6632082197
  -1.6239109420    1.6315108805   -1.2699384671    1.7655274508   -0.2212331528   -3.0188914798
   0.8254819772    1.7460467745    3.0887304579   -0.3557419015   -2.8895232029   -3.0694785489
   5.5686506664   -0.5821680709    2.1367164268   -0.0249535770   -0.3688507446    2.4156254484
   5.4732786179    8.0337961358   -7.0168317067   -2.5037677333   -0.3695977115    1.7758368174
  -4.3552367587    0.4474519933    6.4407422134   -1.8055148455    0.0767553884    2.7259220284
   0.2662426533   -3.2561364020   -2.5916229841   -1.5271907494    4.1619345717    0.9751799584
  -0.1012134610    6.5141387839    3.9322715149    0.5708828323    6.4341540841   -0.2571059063
   0.0226718010    1.8275254029   -7.3598022353   -1.1194966960   -3.5930534917    0.9486633645
   0.3798737212   -8.0867096031   -2.6514780340    0.6673755693   -4.5338035660    3.1249602258
  -0.5338589917    2.0749627564   -4.6856308729   -2.7723124956    1.6060614769    0.8691296284
  -6.3529123041    6.5798868846   -7.7268537283   -2.1692552377   -1.7799265681    0.3318638927
   2.1739917161    4.4780023050   -2.2837103437   -1.8506328213    2.8924790509    3.4798490987
   1.8823897220    1.2165933234    7.1969410351   -1.7409679951    1.3645848635    1.2171069030
   8.0529155423    0.2782904965    4.9549339250   -0.1792796599   -3.2838478717   -3.4386494738
   7.9579846920   -4.6528885300    4.7026814256   -1.8589558920    0.5589101883    1.4080087583
  -6.4436016631    4.6623180989    4.0432591288   -2.6501557983    0.3477578517    1.5012391019
   5.0930521892   -1.3230922486   -7.7967062291   -4.5179014333   -0.2976436184   -0.4543240982
   4.5325715458    6.9930882900    6.0768920425    1.1520137871    2.9182355835   -4.7321421067
   7.8496412397    0.1785256127    1.0864613239    1.5485165450   -2.1724714911   -1.7115190932
  -5.5666871778   -2.1155098055    5.1825014482   -2.8257988944    0.7095665730    0.7431526588
  -1.9923950373   -1.0604121412   -6.8092550879   -0.1104236849    0.3086967201   -1.8867346776
  -3.2777118720   -5.0674950517    4.0145837092   -1.4061058617    0.5370810951    3.2873684751
   6.2391916729    4.4947777195    3.8153096237   -0.5921670218   -2.0113170650    1.1980301728
  -6.5230371627   -1.4574913022   -5.2488764675    2.8910868777    0.8456548633   -0.5338206261
   5.0610755752    3.7660992698   -0.9537149567   -1.0464310535   -1.9741706560   -2.5213698952
   8.0426257825   -2.8007091241    2.4225703853   -1.5749549957    1.0253248321    2.1963189927
   6.0164166004   -1.4291645672    6.3755158434    1.1926827405   -0.2718026521    3.4115943899
  -3.8695591026    7.0842276858   -7.7282908397   -4.2988409407    2.6680329787   -2.9822472959
   1.1098647228   -7.2632378765    2.4422301185   -5.9380980369   -0.4566368294   -1.5537095651
   6.1635105738    6.5557032028   -6.8225109683   -1.5306956359   -1.1969217057    5.7929855438
  -0.8146037704    4.0183827724    4.6457906827    1.1788960257    0.7941063536    2.4932278964
  -3.2663476014   -0.1314108001    5.5028090155   -4.1493101553   -0.8914568628    5.1315934852
  -8.1799115169   -7.3542623964    0.3181580356    2.3786700037   -1.3089153948    2.5600246338
  -6.5920953839   -0.5486161107    7.1828996734   -1.3698107480   -2.7205318124    2.0079447418
  -8.4417855103    8.4023617447   -2.5727287773    3.0278490697    1.1525018210    0.5388661033
  -5.0210665144   -8.1129819147   -0.7940111619   -1.2881157530    1.2427337480   -0.0032525294
  -3.5131376778   -7.2229648658   -3.8311487280    3.9806467731    0.7907079640    1.0183909313
   5.2594430142    5.1708197891   -0.8495221803   -0.9231067437    0.7476398080   -2.7635115458
  -4.6153944788    4.4417644995   -0.0585381213    3.0792265982   -3.1721863575    1.3947869629
  -0.4717328022   -4.3421955240   -7.6901623698   -1.0338198391    0.6437296235    1.6765479845
  -6.4470956002    0.7267376090   -7.7548391512   -1.9327806253   -0.5856669107   -1.5270818573
   5.1763847230    3.9035501289   -2.3755047986    0.2918890730    1.2751885962    1.1702757750
  -0.4157190197    5.9433492058    5.3468023524   -0.2764475795    3.0006019631    3.4833204623
   1.1793938618    1.3931269395    4.6025832013    6.8370826251   -1.3110287495    2.7199643158
   8.5020058200   -6.0586796589   -6.6505940117    1.1060637857    3.3727112398   -0.5257457781
  -1.3047112260    7.3176546035   -6.9395078821    1.3153027252    3.8770273800   -6.5282443348
  -1.9590512036   -4.3053133710    3.4537649875   -2.0995063974   -1.1669635251   -2.6781774814
   7.5918047752   -6.7520931198   -1.4983455688    2.0646502819   -1.9179766465   -0.9476081187
   4.4717098108   -3.5020212840    2.1004821960    3.5006203227   -0.9881194799    2.9012610203
   3.4921433680    6.9297024371   -4.0019557827    7.2294947811   -1.4431016947   -0.8447054740
   0.6971513003    5.5668277238    4.2101309584   -0.9347607228    1.2665626575    0.0721411563
   2.8128040837    4.5812708998    1.6676448103    2.3217549765    2.1752163453    1.2007511884
   1.3422115015   -6.8084138578    4.7292936584    1.4757063354    0.9199629975    2.2815698624
   0.0531757698   -1.3209095096    2.8883726647    1.0667249954   -1.9874091948   -3.2598596099
   8.3037721005   -3.0482039001   -6.5608541063   -0.2436159989    2.2851217459   -1.7272572318
   5.6549376559   -5.0604368913   -6.6550220941    1.2983719165    3.0957099079   -4.4229200337
   4.8203503592   -7.5738842118   -1.8497825632    0.4735858926    0.5134771058   -1.1924766182
  -4.9226586283   -6.5858159328   -2.8729800891    1.2645158546   -0.6324969727   -1.4190481022
   7.7687135130    4.1020396348    6.6788246505    2.6012447308   -1.5559059813   -1.5031812888
   8.1720506314   -0.7211010405   -1.9023502494   -3.0245100667   -1.4168768345    0.6041173878
   6.7169700161   -2.4305489806   -0.4912336170   -0.7573747989   -1.1850113178    3.0512325615
  -0.0420667116   -6.7574849355    2.3899681066    0.6691540299   -2.0499045344    2.6966953108
  -2.7086404821   -4.1185452630    1.0253639550   -1.3148945560   -4.2608441474   -0.6588491075
  -0.2389901625    2.1356716130    5.6500530816   -0.4169177654    6.6897804949    1.7732851249
   0.0640461944    0.5881527044   -4.6949526771   -2.3643883172   -1.5895911125    0.3056792442
  -8.5143196274    3.0188043387    5.1071626280    1.2135143457   -1.0657017700    1.4198869315
   6.4646493851   -3.4084894795    0.0541711839    0.7052346217   -2.3507725186   -0.0023605926
  -6.7262063560   -4.8185824497   -7.0816123969    1.0758411957    0.7872911127    3.3871626263
  -0.4903745321    5.8851925653    7.0702934897   -2.1482658796    0.7749187397   -1.0419486632
  -6.1022915168    6.6809924447   -6.7552274041    0.0162458586   -1.7520314643   -2.3919401192
  -4.3612117605    2.3195404523   -7.6992299774    2.5149870130   -1.5472049853    1.2548092364
  -5.1247766228   -7.9943139333    7.7237106277    3.6880735756   -2.2638373384    1.5208638942
   6.4451808891    2.5348209827    4.1535978907   -0.3345576452    3.6413572296    1.2570300041
   0.6184257868   -3.1105368071   -1.4703074688    1.7168348862    0.6782342291   -1.0319265659
  -5.6908260493   -2.0159859978   -3.3801567767    2.1808555649   -1.4481551385   -0.1494050216
  -7.2538032067   -3.1515274198    1.1598786054   -2.0858215481   -1.8388702900    4.4334210967
  -6.8803956982   -6.7471681940    0.2073190961    2.9026029702   -2.2641083714    3.5226059109
   6.2223671406   -7.0630067909   -5.6868165180   -0.5384856350   -2.2176453982    0.8256755185
   3.2697024078   -3.6369336106   -3.1103285639    2.3693886230   -2.9261089172   -0.9669700651
  -0.0206591340   -2.0208802630    4.8284411775   -3.0940876682    3.1541691086   -1.7433316765
   6.4428917638   -4.8143878707    1.8281596711   -0.3112880167   -1.4273998687   -1.5826144118
   6.4933222848    8.0115363977    6.9005858048   -0.5801118154   -4.3752117661    1.7351636436
   5.0086055905   -7.9432403993    5.3947392175    0.3479720425    0.5579127894   -0.5884789974
   7.9683116348    3.8932199404    7.9951394958    4.4240904252    2.7052304357   -0.3114311048
   2.9491493973    1.8227083417   -7.1061427505   -1.9088010611    0.4534538222    0.1486355695
  -0.3019530853    3.1281002461   -3.7215698559   -1.2566208989   -0.3114258693    0.7734353200
   1.8414765728   -4.7015993176    4.6356915352   -1.5019288747    1.6711382712   -4.1264614884
  -1.7552767838   -5.3042407377   -6.3655687142   -0.1120714120    0.5920694041    0.0664158888
  -6.5205559623    4.1825679894   -8.4265809791    0.2121049900    0.8934532346    1.5568013091
  -5.1848814682    1.0200555631    5.8287201087    3.0038614435    2.2103935936    2.2058865543
  -8.1678246348    2.0561308176    3.1326491991   -1.6347841856   -4.6075483568    4.0573189185
   5.4347830027    8.3611420861    0.8142730392    0.8422091786   -0.9525162567    0.1195820806
   8.0399991639    0.1466122976   -3.8495584298    1.4284928733    0.5665977166   -5.0254902651
  -4.2632429481   -4.3799792804   -5.1288900167   -3.1258438258    1.1929095679   -0.7340908980
   5.4743505369   -7.8519529849    7.4110559418   -0.8755860831   -0.7919276126   -2.3919120609
  -5.3641902356    3.7641015908    4.3563323582   -5.0524824655   -1.6220719941    1.4808049271
   7.6386946835   -5.8467321985   -1.7875785083    2.0177305300   -0.2308148839   -2.8345648917
   0.1840085987   -6.3589002227    3.4753024952    1.3069355420    0.2137364348    1.0293037638
   5.0220054473   -7.1046335974    3.8793733216   -1.1442259100   -4.5069799496    4.6062217766
  -2.3830078585   -4.5316585869    7.1550726616    0.9517540093   -1.0324371980   -0.5893861784
  -4.8470877035   -0.1373916346   -3.6870121479    0.3780263017   -0.9909490801    0.3187006844
  -5.7947300928    3.9306213493   -6.8879360149   -1.4054399040    1.0338513884    0.4974800557
  -4.6574412961   -3.5892384782   -4.3439828706   -2.0862013390    0.0167196037    5.4759249784
  -1.0544574178   -1.3979047139   -6.0443747188   -4.3242480297    1.0116648701   -0.5218086964
  -1.0628533875   -2.6750600820   -6.1114055667   -2.1230698761    1.8959074040   -1.7511059971
  -8.2571370379   -4.8495230822   -5.3224622352    1.4859188037    2.4908805104    2.4380058673
  -7.5731338004    4.5944287215   -8.2541373226    1.4451619775    0.2898789775    5.2153428314
   5.8112744341    7.4020270955    2.0522847453   -2.4310411006   -1.1332584938   -2.8875578785
  -2.0431285733    2.0211986493   -5.4367859962    1.5133148720   -3.1212629639    0.9444904603
  -8.4817972779    6.1522721321   -4.8862017898   -1.7675185120    2.3213428224   -0.1911049285
   7.4107786792    8.4122471436   -4.0676258432    1.4432682671    4.4672625539    3.3116738922
  -2.7433285555    3.0196416275   -5.7415871123   -1.8823360612   -0.9093775388    0.3160726357
   1.0378535636    6.0804080399   -1.6268798108    0.4228646174    3.3262705529   -2.0872801842
   6.4483597490    0.8948207515   -1.1309364513   -0.1232885965    0.8421793040   -0.0476743361
  -1.3370943775    3.1805351413    5.6837966972    4.2660785393    0.0324989088    0.1769077807
  -5.9274979596   -6.4531106152    8.2048207945   -2.1395464325   -1.5456173392   -3.1525158060
  -0.6838831005    4.3928601238   -3.7801934645    4.5438691980    2.6887613961   -2.2417854878
   2.2974990702    6.9200535941   -4.8614879982    0.9396397121   -1.0118600767    1.6142348934
   4.0225779865    4.7473951002    4.5417231467   -4.3945759218   -2.2234895019    2.7714334998
   7.3323485297    5.6586353032    0.2534736295    3.7031856938    0.3339504031   -0.6126853352
   4.0823649757    2.8752292584   -1.1744276468    6.0896376779    0.9991750774   -3.1076308304
   3.7600243477    7.4372218799   -0.9388593885    1.4010371197    0.2256856999    3.2782819301
  -1.8337749589    1.0745729310   -5.2168057168   -0.3437792297    1.0436631833    0.2739015137
   3.8968297073   -2.7523414741    1.5120053633    2.4275845273   -5.9313205710    1.8883648002
   2.4000801100   -2.2584898469    0.1200722507   -1.4782816616   -1.2516151593   -1.9313718690
   0.9473113630   -5.9301547303    7.1806856322   -4.1197270163    1.4942037209    1.7801514032
  -5.6927277150   -8.5089881924    1.3530836609   -1.2385878327   -1.9636554052   -2.2904966440
   1.4818694776    2.8418052119   -6.5020989258    0.2497475389   -1.2104739488   -0.8143743837
   2.0446820264    4.8741358345    6.9099627736   -1.5916635389    3.8605525243    2.5856267594
   2.9859781643   -0.0807179262    5.0463880270    1.8113274648    2.8019310605    1.9012490473
  -2.0958699944   -5.5368505610    5.5088828563    1.4434318226   -1.7182003537    0.3316916997
   7.3597739175   -0.3374688242    2.4547564567   -1.7505808901    0.4731583474    2.8747728778
   7.5278348344   -8.3645815780    6.9941062436   -1.8016465224    0.1290311475   -3.8795149683
  -2.1997226663   -5.1390756933   -0.9576305602   -0.6661557246   -0.7668395240    1.3300317159
  -3.9959733826   -8.1928234453   -2.2512937614   -3.1349857052    0.3029850411   -1.3404718018
  -6.0615793845    4.2644933512   -2.1279729775    2.8990491166    1.6379131451   -2.0227344803
   5.9090412067    4.1601695149   -4.0593089713   -1.4500284817    1.3849591156   -1.6373172636
  -6.6381040625    5.9252891632   -4.6933833787   -0.8909538514   -1.0353926598    1.9787233589
   3.6473119493    5.5153908063    3.0147699540    1.5934149546   -5.0098552390    1.3918426228
   0.0385676346    4.7300683124   -2.6999936609    3.6981503844   -0.1799521382    0.9297131481
  -6.7086129769    1.6307103933   -0.8551766929   -1.7708034648    2.2647889704    0.1610808680
  -3.1952545294    3.6304157993    4.9294659381   -1.6027631936    0.7516399365    4.8265343688
   7.1008882256    5.4639527451   -2.3770446012   -0.7939340615    2.2346423232    1.8020013315
   2.5945627679    4.6624987788    8.1735712242   -0.9013162509    2.5548017719    0.5214051232
   1.8204529002    7.8806408021    1.5317865404   -0.2292006365    0.9658240419   -2.2353713713
  -1.1999950383   -1.7816297656    6.8275067007   -0.0211779075   -4.5472606737    3.0288818362
  -2.5314586975    3.7487224467    7.1339244004    0.7266803148   -1.2045225535    0.1700866143
  -6.5491626930    3.4850881449    5.7764811075    0.6675541926   -2.6526120009   -1.9038124791
   1.3168798002   -2.5340110307    0.6876715680    1.8003960069   -0.7203718161    0.5564927812
  -2.2314735183   -7.7685774966   -0.9794577537   -2.1519148215    1.3085779545    1.7151093557
  -5.3696925492   -2.1390621816    7.7929494313   -2.4993883005    1.4665157373    2.2001328391
   5.5271187117   -0.0629475078   -0.7479255253    1.8623691518   -7.6291601392    4.2896878698
   5.1415373657    7.8348754182   -4.8426415209   -1.6028487793    0.0603912727   -1.5604297993
  -0.1239341626    4.5290896780   -4.5247724407   -0.5902964925   -0.6541830777   -1.2797848605
  -8.2540104758    2.6881077932   -6.3269506378   -2.6606124789    0.0071012748   -1.4738748075
   6.8394826414   -0.4276767055   -7.0800405619   -2.7681426696   -1.8661872213    1.4581653662
  -4.4106142741    7.5926213836    0.2018326907   -0.4573526505    0.8938811848    0.1382275644
   5.4945263553    7.3756500031   -0.9101570572    0.8909242412    1.2178904300    2.1069089009
   6.3285049070    6.6530557298    8.5103353347   -2.8163210579    2.5934981225   -0.6343429820
   6.3187359277    4.2282820668   -5.7189892017    2.4104499226    0.6762503912    4.9054981331
  -0.1204630286   -2.6120270118    2.8375155934   -2.1388193450   -2.0898330273   -2.1362896720
  -7.2631370179   -4.2249904271    6.4231937903    0.6178293654   -1.3490492759   -3.7915150213
  -8.4721182639   -6.9278094661    4.7405224915    2.7785559829   -2.1463621278   -2.2203232533
  -8.1699080086   -8.1260797260   -3.6504829583   -1.0270590285    2.1034191867    0.2381251127
   8.4177815795   -1.9322811295    5.3558484693    2.2769538603    1.4641339241    2.4590311826
  -3.9540659542   -2.9527772476    1.0473420079    2.0885203660    4.2663881112    4.0088138449
   7.5474111546    4.7818602123    3.8714664793   -1.9682892487   -3.1192679733   -0.6090114056
   2.9935659482    6.8053577714    4.2290304514    2.1986742610   -3.9521944347   -2.5718519060
   2.8826418181    5.9923383244    3.4648585710   -2.1395710090   -2.7197293099   -2.5277203059
   7.2934035667    4.3179756987   -8.1430823782    0.0505452149   -1.2704188375   -1.4804101905
   1.0527554259    1.9040470507    1.3122855737   -1.4869246008   -2.3412180672   -0.8353240450
   2.1335058348    3.1661080658   -7.1489425510   -1.5493791295   -1.2887388471    2.7885992516
   7.5728412130    1.3774420795    4.4274272766    2.1764327824   -1.3899320107   -2.9074568423
  -1.8128421547   -0.4548320603    5.1930102989    1.4209506869   -0.2639049308    2.7403722095
   6.8136175760    4.9204284448    8.0638412256   -1.9953122270   -1.8808173711   -2.2256649981
  -4.5536392776   -1.2899257059    2.5586529134   -0.2079126624   -1.5082596618   -2.0566934561
  -5.9528956373    2.8470893376   -7.8311858581   -2.6310675568    0.2941177048   -2.6344316601
   1.3674165812    4.0156192874   -5.9582811267    1.1337841034   -2.0325188379   -2.0306975594
  -8.4306844036   -1.5859801464   -7.1481668184   -3.2558652051   -3.0577653502    0.2555314456
   2.7101006843    1.6875476798    4.4084743632   -0.3749733687    0.8496602225    0.0039674403
  -6.3612186999    3.4660825990    3.9145298291   -0.5230894453   -4.8563162001   -1.4433820120
  -8.3005199521    0.9494152576   -2.5317338456   -4.9188960851   -1.0435560849   -1.4946231834
   1.5825158969   -7.9912095370    4.7797216161   -1.3526700468    1.1304886355   -0.9375933159
  -3.2499326657   -6.6622265910   -5.5557573124   -1.4370752563    4.2253192109   -3.1165102610
   0.4326774218    1.8159653274    4.1954135606    1.2361696877   -1.8656443646    0.2221790465
   7.6526326130    2.9350223861   -3.6489954181    1.4505691191   -1.0195009685   -1.3216289475
   6.4526853739    6.9110527591   -2.2922884873    2.0555907881   -0.0642439389    1.6112674015
  -0.1793082582   -0.2428027637   -3.8024533910   -4.3229791263    1.2956093959   -1.4505034622
   7.5220476826   -2.5366658706   -1.8373991343    2.9921502915    2.2140091994   -0.9666272633
  -4.8423498291   -5.6323375517    2.2960950665   -0.1671033061   -0.3066442915    2.9513114296
  -4.7082051895   -7.7975943107    1.5266859259   -0.5485835851    3.1268120169    1.0865218002
   5.6750928917    6.1251306914   -2.4667973954    1.8401333107   -0.2056636726   -2.7525885818
   7.0641077806    8.5300351973    0.6010456137    0.9211964721   -0.2861000466    1.0667843373
  -6.6925979713   -1.7037094489    0.0448523745    0.0912812205   -0.4011313065    1.8342720090
   7.8523401684   -3.8717499236   -5.4520867727    0.3445798043    1.1096712584    1.3728239457
   0.5049805429    1.3335284371    0.5337846907   -1.6806302042   -3.7206642229    0.5456430507
  -8.4248758460   -3.9647069423    1.2709199412   -3.0878847733    1.3679472467    3.1782282069
  -1.6135702511   -1.1857735080    8.1508785149    2.0519484048   -1.2556283080   -1.3631853074
   7.2824447807    3.6155386645   -1.0129579884    3.0222192526    6.0160782349    3.3937422883
  -1.6847834588   -2.2377701061   -1.1799474109    1.6559421885    0.7246334946   -1.6557176040
   7.1192348495   -4.4956649176   -4.0702971602   -0.9726423911   -2.1174965650    0.0508387751
   2.9613512388   -5.5043507577   -5.9386791560    0.4415820617   -1.9413807063    0.1558473387
   0.8763757673    0.5839616265   -0.9689648673   -1.1698744502    0.6843350970   -0.5225698056
   8.2739261253    6.3927668238    3.1733456209    2.7838793191    0.1191139097   -0.2373744967
   4.6414063090    2.3228573371    0.1164308371   -3.0096933169   -0.6466235992   -0.0269883493
   8.1560372168    4.1358390777    0.8255045980   -1.9765906337    4.3082593608    3.0544128856
   0.3908033499    4.0630847983    7.7414695275    0.9658159688   -0.1537134436   -0.8020887647
   2.1863162185    3.6140776564   -4.0438369473    3.4100184132    1.7549558801   -1.6393847055
  -5.1058501844    2.2043632224   -1.6570147358   -5.2478706524   -1.9810791537   -3.3194819468
  -2.3217901608    0.1421043296   -5.7153793188    0.7952065702    0.2545163215   -3.0471772014
   6.0346023582   -3.5059380180    6.0150034287    5.0315219018    1.2345442042   -2.6294288065
  -1.2871609843   -5.8406253653    3.6966362861   -2.6998861985    1.8167112895    0.7485290163
  -4.4776441982   -8.3946247169   -3.2299368087    1.6007940891    2.5640674539   -1.1850951927
   4.2722195820    3.6864822614   -6.5885102755   -1.6718508030    2.6150506700   -1.4163255066
   1.0613875188   -7.6050348468   -8.0373990422   -0.0252960041   -0.3718762042   -0.0182725151
   7.0035259842    0.4002494079    5.1022750247    2.3848247513   -0.0217461700   -2.8475058004
   6.4034703801    1.6799650744   -2.4177454527   -1.4592197790    3.7594300683   -2.3883185636
  -3.7631754927    6.4588778098   -2.0400400887   -2.5478965329   -0.3797550017   -0.6262047896
  -2.3819991444   -7.0508802601    5.2900291949   -0.8669150794   -1.5351401926   -1.6559775601
   4.9115784187   -3.6874071448   -3.4414773756    0.9403613429    2.9876133710   -4.2598126164
   5.4282899309   -1.8335560279    7.5138477822    1.7862906160   -0.0523515896   -0.1121814841
  -0.9628181998    3.9022303416   -0.1784119422    0.4202215789   -3.8923274774   -2.0786015726
  -3.6900228030    3.4689107223   -7.5408896510   -0.2127236667   -2.3170136050    1.4810296446
  -7.7403769743    4.4641134751    1.4937586256    1.5235290164    1.0147004803   -2.6762635649
   4.2003378534   -0.3523493102    0.1766564313    0.2346395738    1.8253714861   -5.1585703712
   2.7794328263   -2.2492217541   -8.3779752552   -0.6116355799    2.0769386110   -0.5899477753
  -2.3782734480    3.2775395774    2.1702938003    1.5843871008    0.8814466489    1.8982617447
   2.1436517574   -7.9656734945   -5.6749852786    3.7024993755    0.5104980728   -1.6349661663
  -3.3575417697   -4.0600798074   -8.1816248137    1.9780257098    4.3683354364    1.1926517588
   6.6598059585    3.1272902039   -7.6961220275    0.4012999606    1.2940551463   -0.9641345119
  -3.2806078586   -8.5496144675    3.7186377132    0.8781873151    0.0494682844    3.8477739695
  -1.2404130183   -6.6037699504    2.4435872981   -0.5899398929    2.0116333535   -4.8971737758
   4.9000788573   -2.4168368220   -1.3957841454    1.2300412956    2.6209395283    1.5839599327
  -2.8634005233   -0.6237396396   -7.7054952927    0.9127291269    3.1956640904    1.4033567640
   0.7652653883    5.9740331067    2.6832067328   -0.0660341031    1.3346244645    2.9221609975
   4.9688580154   -4.0185820813    0.7159013141   -1.9229315122   -0.9694490011    2.3425996023
   5.2676981645    6.3216068502   -7.1170019414    3.4371607610   -4.8253717712   -4.3169739071
  -7.9064956325   -0.6351010904    2.4673682598   -0.8057285887   -1.0634727662   -3.2384988010
   3.7363555141   -7.0263895537    3.2759411555    1.3035415965   -2.6687187015   -2.7741975815
   2.6005362041   -0.0329544797   -8.0676158635    0.2987273348    0.0139357743   -0.2241765636
  -2.2467603825    0.3805177302    5.7901171476   -0.6863734610   -1.3336938051    2.7197598300
  -7.5787001453    0.7647137188    2.9125131628   -2.5333037732   -2.7176336765   -1.1425555496
  -8.4177501240    7.6800052346   -3.4459069562    1.9806548349    3.0922054120   -4.5459622209
   4.8409244368   -7.8365701146    1.0805578634    1.0492886751   -1.0794530901   -1.5823688633
   7.9705651311   -0.2171257769    8.0167066999    0.6757164964    1.2023513243   -1.8114960668
   6.2588284629    3.3063696421   -5.5824475387   -0.8736728391   -0.6155790945   -3.5383739127
   7.1193305258    7.2586097436    1.9230310688   -0.8181342443   -5.2671270859   -2.3590757344
   5.5709844190   -0.7659961403    7.3683742526    1.1767654136   -3.8341046202    0.8657204620
   1.1388942229    3.5087520917   -3.9508642894    0.6049272089    2.2796722286    4.3433293024
  -3.0697616461   -0.6004645597    1.3063793205   -0.6142930292    0.3012875953    0.6691327381
   0.3048535820   -7.1881801541   -0.9205899248    3.0410130202    0.8344137956    0.4677292623
   3.4043909785   -3.2415130549   -5.6441586690    0.5234052002    3.0633234493    1.0252289270
   7.6681873818   -7.8585596783    1.3999433458   -1.0189223707    1.2252079520    0.4994394471
  -1.0249087383   -3.4429601544   -2.6447316440   -1.0989852757   -0.3226025721    3.1199433990
   2.3301698171   -5.7481312149   -0.6941274920   -4.5528993373    0.4147373406   -6.7429700298
  -5.9573762352    0.9940203137    2.2977293214   -1.1707779823    0.5207279148   -3.1421123720
  -3.5420204097    5.2856568274   -2.2573755314   -1.9003082450   -0.0950626283    2.3516740021
   0.6378160653   -6.3485001702   -4.2533045736    0.3501125455   -3.9523788561    0.8319134870
  -3.6888044425    7.3451139532   -6.1731749773    0.1629570153   -1.6060404752   -1.4688665758
  -7.1673909053   -0.7257787542    3.4827490310    1.7531780171   -0.1309327737   -0.9083971054
   3.6596041495    6.9574523021   -2.3642224494    1.9806976951    0.3493443290    0.3523370015
   4.9782999350   -0.2152926840   -4.7553691004   -4.8020998277   -0.1398539688   -2.5138718005
   2.6648088733    5.6855905392   -5.9358753429   -0.6014539856    0.7154051915   -0.0304613236
   1.5651137071   -3.9446874888    8.1450570800    1.6868910754   -1.8819384936   -0.1837978354
  -1.6789462534    2.1652730648    0.7704144703    0.9514548877    0.4794042740    4.5183032330
  -6.3473826367   -4.5172731657   -3.3038254327    0.0639707690    0.1180030315    1.5705468356
  -5.9011308968   -5.3846343784    2.2533071730   -3.9704481375   -0.2525511076   -2.2820552424
  -4.4885627995    1.3563347389   -2.8263967194   -0.9020069435    1.5612692356   -0.6728396259
  -2.2074595593   -3.5217374379    4.4350916428    2.9184715476   -0.0235304656    3.3964082704
  -1.7379827468   -7.5587025930    3.8527199455   -2.3711695641    0.5207174720   -2.9568440668
  -1.4941580377    1.0544898428   -7.1503983026   -0.1340920682   -0.0282675438    1.8306140959
   7.6373426925   -2.2018248257   -6.3442394646   -0.5821838203   -0.0657468823    2.2358645723
  -2.9921068784    1.1804989199   -3.8747394888   -0.9173530675    3.8505220395   -2.7483955653
  -1.6423595185    5.0949044965   -4.0006121824    5.9239743983    2.1329387967   -2.7557428221
  -6.1459512736   -3.0372929182   -5.2644491720    3.8463092508   -1.6097357523   -1.5820896105
   3.4198791369   -1.9135854982   -4.1180591349    1.6397201791    2.2762070947    4.6799949913
  -8.0693653041   -3.1187988524    7.4461723198   -0.9931280737    5.9484256580    1.9192821877
  -0.2241303303    2.4142549126   -5.9330485624   -2.3795419836    1.2394005695   -5.2677126339
   3.4629925415   -7.8345337992    0.1310943120    2.3057098760   -0.0001312230   -0.3010187164
   2.3228059623    4.6089193524   -0.0753747985   -1.7529320122    0.4787855129   -1.4498280378
  -8.1337403379   -1.2920880003    4.1666391016   -3.6103547618    1.6503985857    1.9205976334
   6.6290208887    0.7024197488   -5.6727633224   -0.7489172211   -0.9904752274   -1.8485224053
  -7.7186619795    0.4059310087   -4.9914527556    1.0813514067   -1.9478988575    0.9129769393
  -4.9742654278    2.5736160900   -8.4319031197   -0.5403008786   -3.0999741023   -0.3077093295
  -0.9602633222    6.8394156500   -2.1780579659   -0.5273746609    2.5400698045    0.8128033813
   2.0361844926   -3.6950042965   -7.6139343896    0.8180578510   -0.6789785993   -6.2143771798
  -8.3269418944    6.5771572223    4.5820062233    1.7238682501   -1.7222553343    2.1259338872
   2.0778716544    1.9196970781    0.4232998265    2.7372594479    2.8368585000    2.5081243813
  -6.7290485246    3.2903097576   -2.0261950887    3.4781004477   -1.9782386362   -0.9473335148
  -7.7267963661   -2.2202869885   -6.7058927241    1.9319570325    0.8902161861    0.2020991719
  -6.6160273749   -6.7765790793    4.4669496510   -1.9817302730    0.0052368927    1.8057177604
  -3.8832182608    5.2851320443    6.4336001581   -0.4511048833   -1.8134849423    0.9513809627
  -2.2140394720   -6.5238809617    7.5247328050    1.1914817779    1.6730769975    3.4566838144
  -7.6703941837    3.5646101574   -1.5506040957    0.5767653101    1.5644462335   -0.1988368058
   3.4097538289    5.3867267967    1.8368266280   -1.4566656134   -1.6593570109   -2.6509492851
   7.5033693328   -5.2962877800   -0.0569445954    4.8185069271   -1.1889465913   -1.1158633253
  -5.3063770432   -1.0094490126    7.6360419881    0.1729190541   -2.4496225925    2.2238620329
   6.7723501279    7.9600713015    1.3875764783   -1.6298253107    1.5125799690   -0.8072498565
  -0.4379736822    5.6260672584   -1.6948514554    2.1745481316    0.1264288002    0.2739110238
  -4.3555964315   -5.3195445714   -7.9101511144   -4.5475077848   -1.0758896187    1.8771663028
   0.1875636720   -3.7425963313   -5.4473407845    1.5317488246   -2.0649387535   -2.9271209078
   0.4666563294   -8.0568394335    4.8023316468    0.2173423540   -2.2621807754   -2.8963520893
   4.4978461491    1.5671914755   -6.9169673256   -1.4691813085    0.6907338730   -3.2535538967
  -6.7409737542    2.1247198245   -1.7660393128   -4.7114192039   -2.0016725617    1.9083799713
   3.7178296802    0.5883422199    0.8047201679   -1.5290883807   -2.5508709442    3.2011701508
  -4.3089693882   -4.7017864395    5.5730855058    0.9492239534    1.0165687694    4.7628708292
   1.8655324293    3.5392599100    3.6560937057   -1.9659056764    1.0385650929    2.0791460237
   2.8200106937   -0.6871665236    0.4509434415    1.5212527216   -1.4944851411   -1.0571039719
  -8.4522928217    7.1432531368   -0.1262824142   -2.0903943664   -0.5618447899   -0.8832859684
  -5.2532163950    7.5361403926    6.0303229014   -2.3574079853    2.2672899093   -1.8864888582
  -1.7380888050    7.1865949577   -4.5708485112   -2.0284776570   -1.6510323494   -0.0884935424
  -3.6696033319   -1.2387796359   -1.3073299359   -4.3028214651   -3.2866969493    0.7371647606
   2.6436834112   -2.0884187387    5.2029824653    1.8231282046   -3.2601162598    3.3880428913
   0.6952533729   -8.0749682945    6.7930584597    3.1497299976    1.5757618573   -1.8672397449
   5.3973303057   -7.0229652258   -0.9009380970    0.5778397994    0.3364157731    2.4126758002
   7.3682938940    0.1577286682    7.2406605620   -0.1352681466   -3.9342914438    0.8396312345
   8.1933158485    5.4407183513   -2.4190215612    0.4152226163   -6.2881578874   -2.6041977097
   5.8863288510   -0.8816966273   -6.3218615650   -3.2634993138   -4.4371977123    1.7307631752
   3.1525624975    0.2814943442    8.1522953827    1.6894323319   -0.9159002501   -1.5544644845
  -0.7749295592    3.5132566444    3.7579821623   -0.9980871321   -1.2282727188   -2.0876611230
   6.3866098751   -3.4039041506    1.7791576582   -0.9792647827   -2.6893627325    2.5601374417
   4.5888974119    4.7869140217   -4.2225111026   -1.5264105899   -0.9194230389    1.7916386422
  -1.6772163590    5.1999359108    5.5296100809   -1.7408960164    1.8123763523   -3.2243464579
   4.1038604320   -0.7227861008   -6.8901385470    1.9663624589    0.2903838257    1.7873863998
   6.5453648930   -3.6080789640    8.5394815173   -3.1539583878    1.0150470778   -1.6842090944
  -5.4318750726    4.5101774630    1.6056945716    0.0457207867   -3.1758785225    0.5564883533
  -0.4701007067   -6.1668612726    5.9959478619   -2.4480664708   -3.2206516379    2.0788319972
   7.2223099519    1.5281068567   -4.3029089920    2.7585843700   -3.1676229513   -0.3396093090
   5.8374961968    3.6905617125    6.0966719185   -0.5574158728   -0.4782251433   -1.8179970047
   3.8850671537    6.8182137208    0.6300663290    2.2485511452    1.3906358456    0.0763463632
  -2.4758317161   -4.5254741095   -5.6645213946   -2.4126919340    0.0824591829    3.2587472521
  -6.0918158483   -4.1673077381   -5.4111853424    0.9176954794   -1.2161671810    1.6890724340
  -6.2561897877    1.4829382065    7.9554264413    0.9946809952    0.3193099815    2.1834932599
   3.0008745882   -2.1477088068    2.7614558433    6.4084520445    1.7290579640   -6.7677933395
  -4.4061085760   -1.4166761278   -7.1967104642   -1.9269407432    2.3859207824   -2.1426875468
   3.8250949429    4.5266700565   -8.3579216732   -1.3533708454    0.6657306975   -4.0888090059
  -2.6520055701    4.2082860329   -7.2583989756   -0.6643445428   -2.5559987936   -0.4497055362
  -2.7763966182    1.3779277532   -4.9478819934   -1.4500306809   -0.7502601441   -3.1095101352
   7.7877965596   -5.8372969743   -7.6745095817   -1.5750200993    0.2262406423   -0.3277572763
  -1.4364522096    1.6438579274    7.0487162509   -0.5875541735    1.2706207193   -1.2515716037
   4.6519029957    6.2075319739    7.2794101215   -0.4551042814    0.9522796275    0.0001538667
  -0.9046913839    4.9044019860    4.1998752156    0.7806385825    2.8132115526   -2.4796456463
   1.5897605427    4.8934413221   -5.4872125766    2.4110322491    0.8582768279   -0.8081104079
   5.9325744759   -3.3064702965   -6.9737534661   -3.6986586208    0.2692267638    0.5447650866
  -7.2927660814   -6.0503117180    1.8058477470   -0.6970645591   -2.0425068107    0.3320825955
   5.0532438166    1.7618587314   -5.4287376843   -2.1201631267   -4.9497457776    3.4547286741
  -4.1266255015   -5.8393947111   -0.1533142461   -0.6212069742    2.4534122206    0.0247282161
  -3.9471201972   -1.6138315454    6.7477625109   -1.1334339579    1.0653258512    3.3618518662
  -8.5429600923    7.3785050678    2.6977173196   -1.0883162174    1.1998117613   -3.3403149120
   4.9258442657    8.3029128719    5.7984889092   -1.2768414837    1.9350041900   -1.1627797277
   6.5539126530    7.3634947578    2.7630295142    1.9255263592   -1.8433189851   -1.7778849724
  -4.1637348184    6.5630234963   -5.6059210353   -0.2721385717   -0.6948332956   -3.1639169625
  -2.0073596153   -8.5465496122    0.9684084168    0.6799248923   -2.8053749212    3.9814415232
   0.0811913540    4.8948598349    5.5033484548    2.7387010171    1.5200840147    0.2059493832
  -7.5118902072   -7.9084921425    0.8154998004   -0.1876168838    0.9705831148    0.6939835388
  -8.0434224861   -4.7706933164    7.7050139323    2.5688625574    3.3947083570   -0.5957618228
  -3.7607918488    7.3918620879    5.8791275141    2.7558316007   -3.9617214693   -2.1579789757
  -6.1188623649    4.4579247448    0.7159540079   -3.0400633473   -2.7726875944   -3.1087770321
   1.7657770760   -0.3975052300   -4.8479991873    1.4128139201    6.1733512139    1.3935786400
   7.9387830864    1.1282955380   -0.3662961967    1.1522151193   -1.4109373324   -0.2154712889
   7.2861450285    5.9379543045   -7.1489425866    1.3040322483   -2.2556565003    4.6448339440
   0.6562662236   -8.0846735270   -5.0734714719   -4.5665785715   -4.5540850016   -2.9911905244
   1.1730526886    0.6103163358   -6.1597950974   -2.9323652133    4.4178221954   -2.9363455892
  -4.2926894670   -0.4418854839   -1.4512338544   -0.4315180310   -1.8740468961   -0.3529107647
  -4.6550502969    4.8852978503    8.1130867243   -1.6934719632   -3.8714574429    0.7714471177
  -5.5382660463   -4.4661587490    1.8974396790   -0.1686758504   -2.1289316994    0.1504373000
   6.9335929757    7.9687797921   -0.6426216552    0.2556220835    3.2574089954   -0.8275918091
  -6.0916667666   -3.2647380296    3.5678530081    0.6179316613    2.4284300027   -0.1449941020
   8.2319179552   -8.3970623692    8.3050151952   -4.6370465422   -0.2611752336   -0.5257476969
  -4.8633904800   -7.1855851344    0.7182909543    0.9639731950   -2.3368492006   -0.1950189196
  -1.3100955536   -7.0797489543   -2.2538024918   -2.1634605645    1.4370162622    0.3671276746
   2.5789193329   -0.6062343502   -2.0088153578    0.5371506491   -2.2200766988    0.8376237279
  -2.4971078783    4.3426190453    5.5621068397   -0.0832657689   -0.2092049642    1.2257598125
   7.1042575891   -3.2923532138    5.2505643427   -0.2310271542   -3.5493160394    2.2205779016
   3.7442452606    3.8548943332   -0.8705394315    3.7132297003   -1.3940184781    0.7472092825
  -6.1928682135   -1.5861171538   -7.5456873306   -1.2841042175    0.0437170806    0.1913765262
  -2.2049878283   -6.1138748751    6.5767367652    0.4291653686    0.1716777613   -1.4275983896
   3.5212721920    4.1111852224    7.9475267281   -2.2349332138   -1.2962140634   -1.7995800770
   0.2288479839    6.1930886436   -0.2129325696   -0.1728525818   -4.9587674470    1.4777559018
  -5.7617954527    3.9487247025   -3.4387613664    2.6926775141   -1.3853773937    0.5244483146
  -4.6046145732    6.8533193355    1.0442881568    2.6036924530    2.9372375399   -3.6990547880
  -7.2538836602   -2.5378866053   -5.1243737495   -3.0572156296    7.0111657584    1.1603370129
  -0.9546626212    1.3323349715    3.8318622500   -1.2177804895   -1.1476600367    2.1887887392
   0.3324661929    7.1370025078    2.1878010673    1.7713337180    0.6277551888    3.1527624374
   6.1158842132    2.5090640542    7.4432101781    1.5514407200   -0.3090220345    1.3003071572
  -4.6566329250    4.5206089166   -2.7437607131    0.7583376022    2.3385427863   -0.8074884874
   7.5122551678    7.9278733890    8.2745338159    1.3496020605    0.7858134994   -0.0157276894
   4.8604655572    1.3769139734   -0.4729624244   -1.9549407512    0.5937414938   -2.0972324900
   5.1897593592    4.1535975016    0.9879864176   -0.4385881249    1.7920159392   -1.3750046332
  -2.9932771096    7.0050490826   -8.1884904830    2.8394043209    3.7213828111    2.5138629142
  -7.6945801704    6.5967775261    3.7479259691    1.9151624198   -0.0046518133   -0.5005964527
  -2.3006866094   -0.0387611635   -4.6490541620   -0.5865577080    1.0028217716   -0.8713192616
   7.6009122403   -6.8142142569    1.4870790491   -1.0150035876   -0.0584940231   -0.2694767006
   7.8013564510    3.8364650161    1.8881832556   -0.4873236301    2.3971215707    3.9280884967
  -4.5827922280    0.3755542576    2.0462345255   -2.4899577490   -4.1456111656   -1.7305146331
  -2.6093982719   -3.5059517415   -5.5691870655    3.7271598382    3.3393596971    2.4735390572
   7.1053969738   -8.2397917291    8.3824613525   -0.3291859376    1.2839663846   -1.4430070198
  -0.9542430614   -6.1325380489    7.7443148088   -1.3390345591    1.4437360799   -2.8016075859
   1.7141018226    3.4617893596   -8.4236268867    1.2024297406   -0.6299745927   -0.4027803242
   6.8118403730   -1.6468241929   -3.2392429525   -1.1274776018   -0.6221634703    0.0847980852
  -0.2515585907    0.5828698508    0.1786326439    2.3379595340    1.7154689519    1.8137357114
  -3.6154573619    4.7059665738    2.1209472454   -4.2141877925    0.6687115623    0.5006910085
   5.1883914931   -5.2730020053   -2.9144471027    2.7280377703    5.1259505681    1.6153353878
   1.9250130715    5.9354109996   -2.5753752873    2.2479886198    2.8851073932    1.8351404753
  -6.6872717147   -5.7995289073    6.9064882636    0.2385230570   -1.4235222256   -3.2188985193
   7.6159866681    6.3065175012   -1.1306964058   -0.6264764637   -0.7593443210   -4.4485767400
  -2.3647097929    1.9718264242    4.0289119374    0.2622197763    4.3009931389   -1.2745670559
   6.4635240782    7.2535078052    0.8668602662   -0.8217707736   -1.4557570866    3.6174865607
  -7.7566893172   -2.5785350093   -4.1315421575   -3.0996693765    1.6746258123   -1.6404856407
   7.6052393943    6.4808016766   -6.3098124045    1.7070124751    0.7947858705   -0.1521333689
   5.3936430712    7.6187070035   -8.1227154902    0.1003802371   -0.9546855874    1.1806620019
  -2.1173439644   -1.2614021357   -4.6194228385    2.2008325333    2.1300402896   -1.8797750936
   0.6703527186    7.8368521906    4.6117948713    0.9793095951   -1.9323893466    0.4808839045
  -4.4893161866    0.6620041778    5.2936630813    3.2721049281    1.1701616188    0.6743849781
  -0.9162557453    6.9655267933    8.2449972489    2.2227003159    2.7507093601    4.2049938352
  -5.3144520930   -4.3858278045   -5.8252682082   -0.3464930473   -0.4023660752   -0.3973831591
   0.9205442395   -1.6378173847    7.7830792797   -0.6797768050    0.8332561114   -0.9783721312
  -6.6676537017   -1.8207343425   -1.6148930392    2.0357777298   -2.7913425352   -2.6899013725
  -2.0982696000    6.0243085569    1.1232898357   -1.8764906848    0.5084670894   -1.9645927507
   0.5983224408    7.1868764621    5.6974883885    2.3556811728   -0.4225515602   -1.5416505437
   7.6634654199   -1.8195613242    1.0137144183   -5.7283241664    3.7518376805    1.2113488919
   0.3528520181    6.5892533527   -7.7908599901    0.7186021189   -0.5552687645    3.7655324879
   0.7469314333    3.9402867304    6.1693156013   -0.4710480963    2.5227809542    0.2571997954
  -1.9154157607    1.1169290133   -3.3928358884    3.5251609638    2.0535169223    2.6791955067
  -2.5509191002    0.1496664663   -3.5296290932    1.5894269915   -1.4281063933   -1.8846379862
   2.4670978045    3.1100045900   -5.7155948709    2.0525907023   -0.4920407855    0.5199415490
   4.0934854054    3.4612241922   -7.7820982784    1.6333664087    1.0276711704    4.8456625184
   5.3037062330   -4.5036148544    1.7584579961    1.2733430414   -1.0686805854    0.9814462312
   4.4176740301    7.9054776156   -3.6700147999    1.1645687710    3.6146879006    1.0033151982
  -8.4155158944   -7.4109146657   -8.5220197426    0.1089596919   -1.9256918459   -0.7207592772
   2.7695317849   -6.9425281148   -6.7080118653    1.9314583413   -1.6373143226    0.6614704723
  -1.7095019007    2.6554305129   -0.6733862996   -0.0188470721    0.2352033758   -2.8521333283
   1.5220053252    7.0411182406   -6.0149482074    1.0534670853   -2.9292494805   -0.2767339374
   1.5366756018   -7.1148407629    1.4680316719    0.7005781318   -1.1572332658   -3.3210981066
   4.2807705324   -5.9443497345    8.4804884870   -0.5215189539    0.3979008457   -0.8790235126
   3.9568869396    4.0342882265   -3.4287952775   -2.2966545081    0.5810395633    0.9118471061
  -0.6893605812   -7.4533693627    3.9415123346   -0.6622333114    1.2629614144   -5.0317160882
   7.4154431734    6.1971111706   -3.4351547716    2.4089918754    7.2670659189    1.0149683557
  -5.5365853392   -4.9697905395   -3.9018831306    0.3421050047   -2.7139423848   -0.7901356931
   2.5021488721   -0.5242028309    2.4905656523   -0.4223475216    2.0737803724   -0.7305845962
  -3.4649055727    5.4395948862    4.3154333529   -0.2234173154    1.3078994744    3.7018776600
  -0.0403114191    2.0647297919   -3.6366161478    1.2430489497    0.7455064843   -1.1693467672
  -8.3169596382    0.6937108372    7.9448367328    1.2769985545   -2.4696384268    4.2080311744
  -4.4000326178   -0.7671412188    0.8398914862   -3.0359720972   -1.8490199444   -4.3093006577
  -7.9547606329    5.3916125900    1.4394299944    1.4294501441   -1.0730917410    1.1013380645
  -7.1030064221    5.4132198073    8.2611350440   -0.4258279976    0.0297147704    4.2869982836
  -2.5520404873    6.8786826279    4.5772855924    2.9807521631    0.7959677310   -2.2756775635
  -4.2055978820    8.3022871232   -6.6427214154    1.3904272103    1.2724442244    2.8825876069
   6.1868085422   -6.9328550393    7.2560385619    1.5944187463    2.6685278042    1.3427764655
  -0.8543508825    6.0458506160    2.6370300175   -1.2619178496    0.5898639043    1.0805755582
  -3.4783287062   -6.8640481433    4.7082450004   -3.3368013369   -1.3000701147    2.0904117714
  -3.9798061455    2.3444743958    5.4341997991   -1.8481430085    3.3479125739    1.6162990647
   6.8751618090    0.1479313297   -8.2893162953   -0.9947904041    3.6781971170   -3.5325014060
  -0.6853512191    7.7888826599    3.9583155935   -2.5849177808   -0.9581949043    4.1149843006
   2.0968360240   -3.0015028998    6.4968026986    0.3210110465   -2.2932893441    0.4754868400
   2.2911298339    5.7521881984    6.5661644541    1.7470886183    0.0983693213   -2.6387779385
   6.2577276812    3.3667237192   -2.7040673043    0.3261923050   -1.7494645125   -0.1022548956
  -4.1341895464   -7.3500935089   -5.2245882724   -0.2992015045    0.1927845004   -0.1506636555
  -7.9214778983   -3.9475876648   -2.3665889739    0.1949031794    1.3028431190   -2.1823233509
   7.1543315830   -6.9711224828   -5.2994455473    0.9825632896    2.0061906926    3.2136097424
  -6.8387806388   -6.3859355921   -2.1604569735    1.2511714510    0.5088203829    2.6369974740
  -1.3896475914   -6.7705785047   -0.7134027307   -0.1866826558   -0.0805970270   -2.0665973627
  -6.1132423985    6.1302084616   -3.9186922649    0.7633823347   -1.2816437792   -4.1909082591
  -1.2181892222    0.0822714739    1.9085379809    0.3982994849    4.3898762392    0.6769380553
   2.6646340034    7.7560300724    2.3568515616   -2.2422221838    0.2588825552   -1.9959691591
   5.0335652524   -4.6430652268   -2.0625343105   -2.6237818502   -1.2348794904    0.4844650866
   5.3209606684    1.0630566199   -3.0338301321   -2.9499044871    4.0471603363   -1.2299665955
  -5.3901750820   -0.4378637814   -7.0276763381    4.0037210483    2.1637893603   -1.4721920528
   7.8932564279   -1.8116244304    2.4526456635   -3.3118904129    2.5305232486    2.3457610384
  -7.0873665362   -6.2045189474    8.3751634422    1.0386919931    1.9442036950   -2.4464677998
   0.3237093698   -2.1669836641    1.4319704407    1.4312262925    4.4146408721    3.1309698366
   8.0743782406    1.2203651709   -7.9976206385   -0.9866282506   -0.6864471352    4.7371554302
  -0.2814524133   -2.5339124413    7.0863516182    1.7206362386    1.2667803533   -0.9030045509
  -4.0908336146    1.6074773966   -3.8674340918    4.7128266038    1.3557820189    1.5820913276
   1.0330441577    2.4499560951   -3.6759042695    0.9240639076    0.2625194721   -5.5136953390
  -0.3081020525   -4.4213879557    5.7742998030   -1.1637950391    1.2246932490    1.1735506841
   1.8491448781    0.6790128592   -5.3766421978   -2.8090678245    2.5158155829   -2.2490003898
  -4.9394760810    3.6984660736    5.8532143236   -1.5190227817   -0.7954900632    2.9185304721
