           1000
    17.09975947
   0.6295320617   -4.4375641401    7.6480288018   -1.2219552749   -2.5372257890    1.8690938425
   6.9691474381   -1.7673708924   -8.5417649832   -2.1777369832   -1.3147894196   -4.4001742678
  -6.5314625136    2.8180777060   -3.7148453679    1.5264705883   -0.2451944038    3.9620198038
  -4.4300486587    4.7340229647    5.5814203608   -0.3769100307   -0.8880680142    1.8342370380
  -2.4154849081    8.3919307751   -0.1445292732   -1.5198724972    0.7166353027   -0.8877761613
   5.4129378503    7.9412956007    4.5713259736   -1.1675987725    2.2883761892    3.0451322766
  -6.4165537057   -4.5304715959   -7.3484606885    6.4584087846   -3.1576426472    1.4123936290
  -4.4727302916   -8.4711692436   -3.4892916032   -0.5415863531   -1.2924812540   -2.7243205197
  -7.7713170527   -7.3841144009    2.4410486563   -0.1624628132    2.9437297781    3.5068352024
  -1.0042022024   -3.3006710636    1.7307312798   -0.2366355923   -0.9353444519   -0.8295138351
   6.9772502664   -2.2456564974   -6.3152624083   -2.3353658569   -1.3876358455    0.7680829320
   7.9520546757   -1.5580529464    3.6555182174    3.9568461746   -4.2817673610    2.9424812597
  -0.9949273596   -5.6754020724   -1.6833221443    3.1323110840    1.0489952643    3.4461859148
   3.1842197297    0.0025253711   -2.9690264260    3.8625249885   -0.5852455008   -2.4679177071
  -7.6082559185   -6.3416114303    1.6601853680    1.5249224614   -3.9086593237    0.8588348447
   3.8913878204   -7.1582695382   -3.7265355667   -0.7086429212   -3.3727829442    3.8183710497
  -7.1707867804    0.4091923619    6.9379556076    0.4618401606   -1.4824876866   -3.3139021768
   3.3686019769   -3.7010216462    5.7422899736    2.0338474262   -1.7015125837   -4.7933919989
  -8.1153165886    3.4246062036    4.2652107982    0.4937428434    0.4747173217   -1.2913730739
  -7.9054948699    1.2466086639   -0.7498938644   -1.8604464507    1.1203528452    1.2379007956
  -0.3926914114   -7.8826414518    4.1165128074    0.1838737094   -1.9716476398   -1.5872616111
   1.0189943410   -6.5175019866   -2.6925939323   -0.6523180732   -0.3881662136   -3.5638217478
  -1.1782188837   -3.8050075609    2.5874864506   -1.8499979719   -1.1243172694    1.5986111977
  -0.3842583384   -6.5133795500    3.2012115996    0.2622811640   -7.6783528843    1.8451598852
   5.5098955825   -7.4956053866   -8.1468947464   -1.2057233423    0.5157679791    0.8182191343
   2.0497858554    1.8383878953    2.3052956520    0.3217323681    0.9416353755    2.2238816491
   0.1768749397    6.9269265456   -2.0222898142   -2.8780912084    1.8281591418   -3.8740641011
  -7.8958702123   -1.4772166821   -3.6545751467   -0.8068102596   -1.1554059862    2.4302034201
  -3.9590717430    3.9103248620    1.8503807028    3.8990727452   -3.2993270323    1.4648200007
  -2.0702355819   -2.2543520571   -7.4827741513   -0.0704510747    1.8425707118   -2.3900187451
   6.1805439155   -2.7678706118   -1.9387074080    0.5387843813   -0.7987277942    1.8077029623
   7.3799784177   -6.8498299149    2.5884300867   -0.8375854437   -3.1855427841   -0.0928469384
  -4.4668470283    8.1784865291    4.6096352489   -3.3557088920   -1.3780411688   -2.7718097088
   6.3818541932   -2.2841741312   -8.0579768067    2.6464591415   -3.5123854803   -3.4593937598
  -4.7402722835    4.5994846642   -2.2629008196   -6.1970429267   -1.1003168317   -1.8290222667
  -0.9082764812    0.4298034276    4.9545085835   -2.6245334659   -2.8900463502   -0.0415346102
   5.5957725979   -6.0038474136   -6.1072464412   -0.1353411682    4.4906042725    0.2382008823
   6.0104035505    1.0275509591    3.2745551682   -0.5381962165   -1.5872922660    4.9511649385
   7.9727195863   -3.5604159812    0.6118152632    0.0790079730   -2.7192820196    3.5342812189
  -2.1603364899    4.2361290274   -8.0362974400    2.4110740087   -5.6709147321    5.6569044719
  -6.6794605474    6.8067896868   -0.6931074598    4.1221123193    3.6829041916   -0.6750864391
   4.9203889178    3.9077027994    5.7373653709    1.6257683762   -0.8927795171    1.5990565261
  -0.0414439004    5.1571145839   -6.6366810568   -2.1110483516   -2.0771034289    2.6644661863
  -5.4919359021    8.1667387829   -7.5129402904    0.4105588711    2.8895943123   -1.7849361083
  -5.8476768628    4.9145879577    8.2171475395   -0.5789717374   -0.6540180008   -0.6873250296
   7.4556694336    4.6558511262    3.6381074682   -3.4635029961    1.2206350059   -3.4828950130
   3.2640831784    1.0513363739    1.7742901396   -1.2821148963    1.0127602963    1.6940504423
   3.8364921016   -2.2530000308   -1.5166461421   -2.2669725375    3.5343325181   -0.9308453707
  -3.6442300216   -5.4096618522   -8.4493480332    6.5625839089   -1.3124921489   -1.2505597926
   6.9043883674   -1.2678031604   -2.2131415582    4.9285868497   -2.3314480884    0.3445153409
   5.1837235538   -7.8161456638   -3.0990338345    1.2440239365    3.6799961515    2.0738402333
  -5.1265678582   -3.9200455204    4.9764088281    3.1705338197   -3.5630465592   -2.2167428047
  -1.0189205346   -7.9038411330    8.1169995893   -1.1423442796    1.2819883666    0.2526310250
  -3.8950765715   -2.9108170524    5.3492955494   -0.8767322733   -2.3502088117    3.4197753588
   6.7786134199   -4.8018222662   -3.5973913361   -3.0481853506   -2.5949695648   -0.1117893268
  -3.2549137286    4.0059220054    2.6010131626   -2.1043929337   -3.2077289357   -2.9751432441
  -3.5341031923   -1.3029143457    2.1734435213   -0.6694450947   -0.9200888277    1.8572565922
  -1.5111702716    3.3896290787    1.9514389775   -0.0894819358   -1.7454863063   -3.8799982611
   8.4587344940    6.7558168343    3.0169235281   -0.5666632665   -0.3731619150   -2.3014458675
   7.1126500013   -2.8405833136   -2.3380455892   -0.4270430994    2.9878189824    2.4600662136
  -0.4467471499    3.5371010786   -3.4405453930   -0.9228430064   -0.5019809562   -1.8206998054
  -2.6648014934    3.1605769474   -8.0225973325   -0.1130982097    0.1323943516    0.9332755455
  -3.9917730137    8.5431254921    2.0023822431    5.4464210470   -0.4943666975    2.5778904155
  -1.3373063666   -5.1797217613    2.5472274874   -1.7877135724    3.5015817669   -2.2991600987
  -8.1312638404   -3.2645615992    0.9651084177   -1.7133798405    1.4711547613   -1.3863238375
  -1.4030184044    0.2059590924    0.1572296510   -1.6392933220    0.0574118527   -0.3250533434
  -7.2866408643    7.6176709512   -5.8406576979   -1.7728350731   -0.5268321671    1.3582691708
   0.0370756607    8.0787126144    0.9918363047   -1.8780416166   -1.1584162059    0.8411089535
  -6.9966000410   -7.4137963768    4.0541494115   -1.9810340477    2.7871118344    2.1544832382
  -3.7374533423    1.1673622532    1.8137574967    2.4655180651   -1.7519753605    3.4736770927
  -3.9131282927    1.9706443830    2.8351654858   -2.5457228412   -1.5361357473    0.8559205402
   4.9554444514    5.5538723959    8.0633116818    4.4113894260    1.8493964143    0.1494068627
  -8.2690794069    2.3820141502   -0.6635253372   -1.6649716893    0.9563615150    0.6692338050
  -7.2473654841    7.5927458215   -2.1436799249   -2.0448133054    0.9170466651   -0.5621637656
   0.9963209824    6.6586660570    3.1879790647    1.6786520193    1.8261511456    0.8147745473
  -3.6348574880   -0.3359758400    1.6782176106   -2.2823109957   -1.2655674744    1.7267401058
   7.8379916212    6.8498373771   -0.6504113481    3.1626595614    0.4690353040    1.9143595582
   2.0355030209    2.7403919880   -4.1919389539   -4.7920950060   -2.5774036404   -1.0499640026
   8.0674880901   -0.9476869969   -7.3336641301    0.2876611984   -1.0020176907   -0.3356147887
  -5.8634673937   -4.2792588108    0.4189322415   -3.6112012042    1.1859621262   -3.2754541080
  -1.5441949488    1.3402478211    2.4012111680   -1.8348940959    0.0406014736   -3.5126521200
   2.6735759049    0.5493869146    0.4105946441    1.5862329323    1.1140418604   -0.0104326693
  -3.8692615824   -6.7412002223   -6.5748857771   -4.1583622666    2.6357477561   -0.3904504923
   1.7901737136   -0.6793440458    3.2880682259    1.2116933883   -0.2000342969    1.5885359259
   6.8452551978   -3.9519411797   -6.2193228608   -0.8548694243    2.2211134982   -1.1749921977
  -3.7030812891    5.2790996049   -2.1300074180    3.2366243970   -3.0414345599   -2.1021328354
  -7.4072631684   -5.1115919264   -0.8761052503   -0.4702055260    1.3067365230   -0.8475268450
   0.6747303485    5.8016447765    3.7429626893    0.6180460661   -0.4805162116    1.4001188276
  -1.1410810059   -1.3307713080    6.7111159875    2.7584531623    1.2965728637    0.0318928555
  -3.7899811874    4.9621316940    1.9609982762    0.3775988202   -1.1859836793   -0.6853697704
   5.9984867016   -5.6348850299    3.0300916761    1.8920614551   -1.4885546525    2.5399257692
  -7.1569869555    8.0452757758    4.1221826903    3.2328592261   -0.3695033556    2.1407270702
  -3.4255540881   -1.0577759597   -7.4324991380   -2.0725011412    1.5750452498   -1.3354142833
  -0.7506950244    0.5853836676    7.4428788049   -1.4343583769   -4.1465318811   -1.5346719452
   0.9136539341    7.6510018046   -3.2917147166   -1.3088287655    3.6480505182    0.2915716408
  -0.6091816893   -7.5243133637   -7.9998961411   -0.9707313256   -1.6460257018   -0.4952742929
  -0.1799612519    6.8514714454   -6.9070232159   -0.2546233424    1.5522170761    1.0425515112
  -8.4905713761   -2.7001535950   -1.6962836890   -2.7762967870    1.6941036686   -0.3196921424
  -7.7319327419    7.8520545426   -0.2822186130    2.5506871341   -2.1370827142    2.7729546067
  -5.1873198811   -5.9111701075    1.2002498604    1.3887121980   -1.5884403270    0.1829185448
   3.5787732110   -8.5175872748   -1.8099543840   -1.6807228146   -0.5828520702   -2.3476274189
  -0.3982475355    3.7468149344   -5.2943207942   -0.4858834092   -0.2639690060    1.1408597698
   1.9952210906   -0.9950702599   -6.8379006395   -2.5330588126    2.4509023853   -0.3791821581
   6.0924672326   -6.5959350723   -3.5217829484   -1.5888695695    1.5543349801    3.1016525996
   0.5144674059   -4.1042682065   -5.3064137892    2.5976837398    1.6892444969   -0.1516887299
   0.6591197511   -2.6964644120   -0.3745854910   -0.1720136719    0.5184550257   -0.2329626563
  -7.2107843698   -7.5322748235    6.4738917166    2.9781288590   -0.7660576428   -1.2260268270
  -8.4032720889    7.5224260768   -2.9206695851   -0.1747531073    4.2177812555   -1.3710102136
   5.9504655581    4.1156463166   -2.8347191628   -1.2162758874    2.2511055108    0.0021275813
   6.8529059479   -5.1954283256    4.3275630948   -2.3525485285   -2.4495626051   -3.7051598769
   1.3268080980    3.6322354263   -2.8791481971   -3.6827450235    0.1310131191    1.5184769012
   8.2153155608   -1.1340346027   -3.1748566784   -1.5194505371    0.1029950161    1.1125483195
  -3.3881102460    1.9240007464   -1.4307384965   -3.5281166187    2.1603149587   -0.4379992451
   5.2106545375    2.0585623672   -7.5588401987    0.8130259854   -2.1858615655    1.1436860901
   4.9261705952    6.2648403400    5.5758417510    2.7075336741   -5.0677389048    1.9772391889
   2.8204983750   -5.0994556748    5.3648150673    0.7635171930   -0.4719845125   -3.3315809989
   6.5541556293   -5.1080088114    8.2832009505   -4.5427424508    2.7111251841   -2.0592714358
  -7.5393123220   -5.0260143753    1.9819469355   -0.4962641820    0.9057041601   -0.8655106198
   3.6331230324    3.7773564320    6.5116090821   -1.2237450774    1.0496949951   -2.5769851745
   4.4798343981    4.1817829902   -0.2964994760   -1.7654114432   -4.5500631127    0.5939689931
   1.1473872252    0.0275419104    1.2021170551    2.7664766265    0.8851997473    1.4226916900
   3.3386149132   -6.1292586036    4.1108774401   -0.8573900977   -0.7466087389    2.3237417923
   8.4407325928    1.1433811358   -8.1254027246   -3.3205245878   -0.6399885084    2.4693526163
   8.4838524588   -2.4762032697    6.3993456360    0.9936211918   -2.5813451022    0.3778166410
  -1.4528188362    5.6697165046   -0.2214300032    1.0918875427   -3.4035616513    2.4061327529
   5.3553766991    4.6212586706   -5.3831854718   -1.8113784721   -0.2584776901   -0.2577229453
  -3.4815074568    3.4068959374   -5.6278063297   -1.4085347625   -1.5437436934   -5.8780309233
   7.6590036940    2.7693688978   -6.7333184582   -0.0939528217    1.2739612244   -0.5152650371
   0.9461405348   -4.9825451806   -2.7584854753   -1.1963034716   -0.4499174249    1.3079968080
   0.8997614370    8.0458410292    6.8378508225   -4.4642055681   -0.0169030690    3.2805831610
  -0.5581755322   -3.1200225275   -1.0304523192    1.8352852209   -2.8884870680   -0.1838214498
   3.0158392968    5.3496175212   -5.0628675251   -2.1440373724   -1.9813770162    0.6143679609
   4.3125730396    4.6612893026    2.5704113730    3.0927251626   -3.6795355926    1.6416536776
  -2.6109477092    5.4381788679   -5.6200077451    3.0271396434   -2.0961799971   -0.4245748954
  -2.3909288668   -3.2811349943   -6.3489520376    2.4297896259   -1.7124832321   -1.1787373841
   6.0519170389    5.2958986174   -3.7703725446   -0.0081757593    2.8436469192   -3.1879819875
  -2.0744219706   -3.1806166545    2.4158887946    2.7712312916    3.1794298770    4.2149800758
   2.4502267599   -6.2076075275   -6.1968889345   -0.8051972034   -2.8658988630   -0.8018082976
   0.3761447824   -3.4013401790   -4.6048680825   -2.2953590028   -1.0187101681    0.6325055833
   1.5609042062    1.9265283827    4.6674640794    0.1228178497    0.1377527466    3.8343053878
   5.1730743703    8.3840485739   -0.4627120068   -1.9584668257    0.7058853394   -0.4654950352
  -0.0851961470   -2.7004281492    3.7105470870    1.5985601852   -4.4491740648   -2.6676492294
   2.4651186100   -3.9365516797    6.8948646322   -2.0722572028   -3.0630791472   -0.8712652789
   7.1606510147    2.3415622099   -4.8259267887   -1.6395247231    1.8608051230   -1.3941237965
   3.0435709090   -1.6198248567    0.4083183787    0.5115265341   -3.2317695169   -4.1582627514
   2.4694846034   -3.2250329884   -8.3958612791   -2.3810663932    1.9120108647    0.5596912427
   2.5865091281    6.7789411082   -2.3817913586   -0.6763766592    0.0393093004   -3.0676188737
   7.7955764698    3.7095899885   -6.2102722195    0.7851374930    0.0144448178   -1.8623383614
   2.2953497195   -3.0639190670   -2.5804103918   -2.7098997245   -3.0351791930   -2.4526866457
   2.9081754525    6.9592106344   -3.4292357213    1.8395054781    3.4738771604    2.0879112393
   1.9962633558   -8.0811251901    5.5173036728    0.0745666743   -1.7434998867   -2.1815329513
  -3.2719830769    0.9145709018   -8.2932782559    4.4953384414    0.3925752099   -2.4805730780
   3.3840934794    6.3665449001   -0.7738435734    1.2863763828   -0.2099307126    1.3464987450
  -2.3257868841    7.9715212861    6.9883080397    0.3302836534    0.8137060699    3.6888568986
   5.1386003031   -0.5878854079   -1.0084694758   -0.3205253854   -0.6844435837    2.0270684931
  -6.6680199571   -2.1212746316   -5.3970927633   -1.6989708398    3.7907656516    1.1235513721
   7.9616387891   -3.5664606885    4.4757162976   -0.5188672759   -1.1410148784   -0.9616450462
  -1.8480880498   -1.6113768375   -1.5111913327    0.0476595294   -0.1821279477   -1.0338169764
   0.4556924574   -0.7314183513   -6.9972827120    0.9694790657   -0.4932095049    1.6609976361
   5.5565097971   -7.9039823518   -6.7679820280    3.7382064857    0.2646360369   -0.7858193737
   0.2274309024   -3.7067374741    4.4204749840   -2.6139587953   -0.4176724907    2.5060770852
   8.3064531756   -1.8862026522    5.2875103330   -0.3574674434   -1.6860586915    0.0782538949
   7.2339845901    4.2817701975    8.1723711546   -0.1773007153   -1.2888671929   -0.5966387440
   5.8804773276    0.6145334574   -3.7050902888    1.2113476539   -0.3709199134   -0.0022984515
   6.5413769445   -5.4910914959   -1.2374471519   -4.4499538044   -0.2827651308    1.0924902665
  -7.4182996800   -7.0183409724    5.7257141050   -4.8394125839    2.6628325705   -0.8673018736
  -2.2602574977   -3.5023761981   -4.9910366192   -0.5311795374    1.4695947656    2.6431174514
   2.1358566702    1.5106549605    5.8676696863    0.9160070934    1.3384162635    4.7623147043
  -4.5793720198   -7.7947535462   -8.4472763852    0.1502758306    4.3774796583   -1.5006818014
   2.9197559812   -1.3018830353   -2.8379163948   -1.2937170730   -2.3327134616   -0.6457174878
  -0.4314958703    3.4502495514   -0.5933418826   -0.1761105278   -0.8367948421   -3.4074964788
   6.9715328088   -1.7747705293   -5.2750196957   -2.3828236122   -1.8252382110    1.4353887977
   5.2673505575   -2.0845464980    7.9009206718    3.2299084104    1.9707069269    0.4296460460
  -2.6032880277    2.1180866996   -3.9437496909   -1.3122234652   -1.8345802687    2.1050981279
  -6.9834144677   -4.1883908352    7.3655764668    0.1050848045   -0.9896991744    2.6551306553
  -8.4402443298   -5.8156640235    0.0172328570   -0.0512871111   -2.2618422264   -2.8790708397
   1.6795172685    1.5346521819   -8.0424153486   -4.5566645760   -2.0442849307    4.7093818827
  -5.8692769922    1.5806317380    6.7540096100   -2.3380214512    4.2081603385    0.0150571916
  -3.9090969454    5.7951666911   -0.4281283576    2.0745424934    1.9790918713   -2.0082566483
   4.5926405445   -8.3340680701    6.2600803484   -2.3261239782   -3.4631946603    0.3421038779
   5.6634772451   -1.5139327339    1.1519429939   -2.2575037145    2.9669911462   -0.2693646155
  -8.3590412340    7.3667966301   -4.3393591268   -2.6443389627   -0.5693230827    0.6046097926
   3.8519881444   -0.1854310071   -8.1733519605    1.1985467877    1.8372263995   -4.3149001171
  -6.0730480234    0.3716320442    4.0181133407   -1.0970244154    2.6718057590   -1.8803302538
   2.0141420122   -2.4169248841   -0.8745965295    0.5062667048   -2.2117435266   -5.1996397941
  -2.6613510265   -1.0799503530    4.3461259759    0.6095978460    1.5414253446   -0.8980959648
   7.1557727957    6.5737268284    2.3189580834   -3.4232994217    0.5907238092   -0.8882299816
   6.7380964655   -0.4777981835   -0.2233091480   -1.0881633487    0.9971195262    3.1464592596
   4.6023375268   -8.1402856671    7.7164503928   -1.2165007578   -1.1821739106   -0.8826475523
   1.7843047172   -1.2590191019    8.3757545787    0.1693509386    1.3754857467   -1.9066110997
  -2.4360800270    8.3046450480    5.7229438674   -0.7513760570   -0.8283158150   -1.8814786356
   5.8807857592   -5.2762534716    5.9633890326    0.8706704357    6.0311271311    4.2037594615
   7.7525698455   -7.7948832643    1.9854903808    1.1810190654   -3.2782593723    3.1166015303
  -2.2885198543    6.3716273650    1.7898365870    2.6993687332    1.9860386676   -0.3246168719
   3.3994480607   -8.4433423234    4.8050942665    0.9020235196    0.7772140666    1.1894585525
   0.8800568850   -3.1753165968   -7.4154489632   -1.8218974296   -0.8425372402    1.7193250852
   5.0827261573    2.2250099460    5.8475931517    2.8865407967    2.7793775519   -1.0195204999
   4.6103533421   -4.0125014761   -3.6731250153    0.7005595179    2.8160968238   -0.2891954027
   3.5634208849   -6.9330537780   -6.6720487635    1.9135640466   -1.2848490734   -0.8190066790
   0.2207857467   -4.8258460980   -4.0702646003    0.0535709551    3.3634227999    0.5145590244
   6.4691924554   -1.6181387019    2.3828137058   -1.8282150936   -0.1592355153   -3.9505419215
  -7.2321025347    7.2109347124    4.2738683552    0.7043583041    1.1191157969   -0.7912759472
   1.7545568145    2.0038630118   -3.3932536797   -0.9858852175    1.1190525489    1.6847786119
   1.8694002938   -7.8535165698   -3.2230740758    2.4278958383    0.4543353332   -0.3129203039
  -5.1682088966   -3.8912471842    1.0277260597    2.7053628133   -1.1181983623   -2.7161870673
  -3.1464518518    8.3507188478   -6.3334113166   -2.5796643089    2.3455525531   -2.8879822445
  -0.4124335259    1.6354052420   -7.4830188988    1.8018017069   -0.5680060173    3.2568387012
   3.6824715575    4.7270997140    8.0540417531    0.0778122246   -3.3239404058    2.2741645714
   2.3534375418    0.1111600042    6.4727932883   -1.6230907198   -2.9451702736    4.5243872558
   4.2916920191    2.8477290796   -0.7875691456    3.3578284353    0.7612894664   -4.6700208334
  -7.5006906826    4.0063753655   -6.5567976989    0.1014522757   -5.1200836666    1.3660431927
   6.6797746787    2.5968034048   -2.0296094127   -0.7838330887   -1.1881771138   -0.0198629909
   8.4901431371   -8.4249180651    3.3046389956   -1.7771959184   -0.0308562843   -1.3503610474
  -7.2978947550   -4.3623275536    2.6197792230   -0.0734917176   -1.4293179751   -3.4059708806
   7.8892338426    7.8087644357    1.0724549683   -1.1658216731   -1.0382025308    0.0255168528
   3.1138302341   -7.3721256131    3.4198992097    1.9280380479    2.6260446966    1.8632032137
   3.1756305945   -3.1457492238    4.8917039031    0.6915982817   -1.1120514295   -2.7821867312
  -1.3236934882    6.8121809815    4.4899026943   -1.5496047698   -1.6122425195   -2.3092669585
   4.2009097674   -1.9338600536    1.6826959480    0.4327400089    2.6958327373   -3.6710350998
  -1.1265033245    2.4418878635   -4.8371173958    0.0626629444    4.5913779756    4.8239947757
   3.1085272323   -8.4586901270    7.0947567329   -0.7411354845   -2.2305955096   -0.4908882318
   7.4805907360    2.6231422817    7.3586238583    5.5125414936   -3.8039751907    1.6631640058
   0.0553896304    5.9081293942   -1.5955830385    1.9065317735    0.0482229236    1.3884587361
  -7.5621446538    6.8940214627    1.5553657794   -1.6293104771    0.9101363926   -0.1709638529
   3.5877694905   -8.0662743340   -6.4289450565    2.6454726510   -0.7416578740    2.4261547022
  -7.6227812944   -3.6644054770    5.2173024568   -3.8654479625    1.4581234293   -1.6336175935
  -2.9851157423   -6.2373869596   -6.5479707992    1.2496451252    0.9978723079    0.1447962996
  -8.1822339291   -3.6995098653   -6.4250804024    0.8888605513   -0.0007313746    3.1147628661
   5.0729379132    2.0295757018   -4.1882999862   -1.9230302950    2.0451313048   -0.1654633736
  -1.9262482578   -2.0579224705   -4.0480383677    1.1269983447   -2.8575426347    0.7925734976
   6.0181436236   -5.6775169352    4.9762721335   -0.5626272212   -1.5713741137   -2.3437621368
   3.0350056674    1.2788046402   -1.0393258649   -1.9527724458   -0.1469137591    0.9519770350
  -7.2202208805    2.7614304038    5.4171273935    1.3369534584   -0.1405992605   -2.8031405519
  -8.3308843295   -5.4693882222   -1.1978574384    0.3750705922   -1.5194399599    0.6361945840
   0.6499656057    2.9011299156   -3.3230419036   -0.6614864715   -0.5851837869    0.0726042861
  -6.4360223685    1.8574415431   -1.7913929474    3.5853479828    1.7855000542    0.6645539629
  -8.2049069670    7.0137675321   -6.4199470397   -3.1865683927   -0.2198480017   -2.6837117320
  -5.1322911348   -6.6652140986   -2.9822517467    3.7221969591    0.5455577369   -1.3428631112
   7.6950664141    8.3601142005    2.1059518266   -1.9080759416   -1.3424081754   -3.3856463397
   0.9993174628    8.2341642759    7.8257662313    0.4073739923   -5.1771589416    0.2515587111
  -7.9674141825    4.3650400823    3.0463047249    1.5402967877   -2.3429473007    3.1441205584
   1.1648479114    7.9842558477    5.3303238538   -1.3966270077   -0.0248016658    4.6198592888
  -5.4700642018   -2.2081580124    8.0903525573    0.4003255559    0.6159839490    0.3263646968
   3.1533461897   -5.7950809694   -7.6133480414    0.3002665470   -0.3302188086   -1.7624846992
   4.8705359499   -7.7530301103    4.3040701643   -2.4658315878    0.5860378056    1.6514106332
   0.8661061941    6.9656781638    0.2901945006   -1.1574665119    1.7636003412    1.6035152234
  -3.7681411768    0.6700836495   -6.7009720837    1.4515326879   -1.5919089711   -1.1686548660
  -6.5574719269   -8.4915216222   -7.9210284984    1.8827151223    2.3863551836    0.0724093790
   2.7834415492    3.6652514674   -0.0823700581   -1.8515214482   -0.2413434020   -4.3553168055
   2.2750588735    7.8746826574    4.8519079439   -2.0176584683    1.0625941246   -2.4135894119
   0.6964181634    5.1321166029   -0.2459044271   -0.6394488860    1.8320534272   -1.5086398197
   1.8246467374    3.3692502794   -7.3119954293    6.0715406145   -0.9281938827   -6.3272614547
   1.1143144899    1.6588940323    3.8110003631   -0.8345594547   -1.1071276873    3.9366587998
  -3.3426451318    0.9019105068   -1.3276888103   -1.5863011748    3.1405225134   -0.8633522594
   3.3950391397   -1.9325872065   -0.3258442513    1.9645963753    0.5670805575   -3.6082871340
  -5.2259398739   -5.7130189416   -4.9779207153   -0.9936622307   -3.5520290323    2.4526909218
  -6.6078747049    8.3655382054   -3.0278504832   -0.4390798125   -1.5482253301   -1.2313275240
  -2.5629762365   -7.3620013752   -6.2773771165    0.9696713305    2.9779058882   -3.0349331647
   5.9191994473    3.1334502385   -7.3676208252   -1.1155146086   -0.5045860143    1.1098893683
  -6.2156016362    6.0958222184   -5.9516931709    0.3742208817   -6.6272379347    2.2534379381
  -3.2772464079   -7.5687122043   -1.2868556517    2.4503073553   -0.2238286064   -0.3300395704
   5.3557870576   -1.0024734065    0.0211116120   -1.5256355692   -1.3702180640    1.8160851601
  -6.9080151882    5.0672804566   -2.7685466486   -5.5137258886   -3.9707181809   -0.4560579464
   4.7056602859    4.6345897040    3.8413333134   -1.0980889083    4.5836058591    1.5677611082
   1.0703103087    5.6607100884    6.7722148240   -0.9311942658    1.3368905763    0.4762998800
   2.6089900745    1.2840696183    4.9882746488    1.0527565082   -0.2407768652   -0.5284647618
  -4.9037326089    1.9054556402    1.2369257840    4.3704826352    2.3711442229   -3.6312061302
   3.0123394805   -2.7081444173    7.7799857163    0.3596976408    4.3281840750   -0.5924635827
   3.6353613662   -3.9643152030   -4.5563232917   -3.9984264806    2.0202797722    0.3656749222
   1.3170364003   -4.0262815892   -8.1249610083   -0.9742392295   -1.7791345520   -4.3828266456
  -0.2188571774    8.0617535689   -0.3737725141    2.7863271540   -0.3049891580    0.4498217479
   0.0128395215   -6.8189069063   -1.6424727888   -0.9858629904    0.3057971196   -0.5033473384
  -1.0156108662    0.3087831841   -5.2711969150    2.3498619174    1.4837592640    0.1574309596
  -2.2652120777   -4.6391499995    5.9355477528   -3.5479547913    1.9483360934    1.1794480175
  -4.1591640846    7.2037077459   -8.1722230714    0.2382359615   -6.5712064402    2.8376742967
  -1.0643592657   -3.4748579903    8.1103652446   -0.2135127981   -1.8060297157    2.7223066494
   8.4361595975   -0.6763807836    6.9870010602   -1.7184860207   -0.7035070586   -0.0403817972
   6.9522727395    6.1829474313   -1.5257889670    0.4976266810    1.9721295758   -3.5476448471
   0.6238670395    8.2784400637   -5.5806737922    0.8297717587   -1.1350990498   -5.9254333555
  -5.9582077614   -4.4708319397    4.2332708975    3.0463442122   -1.5776940536    0.3167921160
   2.1700578921   -4.7302645143    7.3524366495   -0.4962388574    0.2213519366   -1.4705737964
   3.2372614223   -6.3240657694   -2.6920619158   -2.4218091552    0.3590389390   -1.8345928329
  -1.0472875508    0.8964184543   -3.7235352783    0.6680712499    0.7921053876   -0.1959541373
   8.1971141603    2.5137624618    8.2059776405    4.5476701074    1.8048867303   -0.8361692963
  -2.2656028631    3.6920105869    6.2544122968   -3.1252960124    2.9550217257    2.6998966117
   0.2276958723    3.8274638160    4.3860257302    2.0121177719    0.0912456142   -0.6310797713
   6.6979839807    2.1058671436    7.3577677322   -1.1198345846   -1.2624510728   -0.1592638330
  -3.6654942624    4.2143425227    7.9855411337   -2.9429047831   -2.6965402984    0.9745088288
   4.0560854216   -1.5321892786    8.1335006627   -0.5540874486   -3.7200496430   -3.8895188910
   8.5095395639    0.1644650986   -8.4850598620   -0.8137783152   -3.3381260003   -1.2961159965
   4.0108752422    1.2999128263   -1.2177265069   -0.0662328685    3.1187502227    2.1612080467
   3.8888737755   -3.0512943912   -3.4373378981    1.0088441868   -0.6433244889    0.8974890462
  -6.8171197414    0.1599160349   -4.9919822369   -3.6313719812   -0.7560275180   -2.7966840552
  -8.5399249880    5.7061248075   -1.9078047245   -1.2699334122    0.5877016537    2.4587092706
  -1.9604660373   -8.1437380353    3.1766114681   -2.4547227417    0.2115770903    0.1632774053
   2.2071252247    0.8077997492   -6.4368157978    1.8208692159   -2.7955437014   -1.3930174176
   8.0168740973   -3.8453269638   -1.1675969762    1.9809219633   -1.1002057914   -4.6632801619
   7.6683617259    8.1753587728    5.9422513758    0.9246432337    0.1116901827    0.0693979022
   3.3002416402    0.4362717110    5.5773610024   -1.4473527590   -0.6727319544    0.9577161005
   3.7496487588   -3.2082467949   -1.9919128504    4.2177141282    1.0540086022   -1.2452866712
   6.2876697587   -1.7268642359    7.5086311423    4.4117455831   -2.7629699957   -3.3893088058
   8.1701656700   -7.9615647879   -3.2483084693    0.2153261820   -1.8952461356    0.2132992034
  -1.1989448724    7.0820585983   -3.5668864937    1.7802121164   -0.3350699472    2.8373715694
   6.2270695025   -4.1558505572   -4.3992738975   -2.8044275848   -1.2457403405   -1.3828297187
   3.7958506613   -7.2959376498    4.5460566095    2.5305645504    1.8049254549   -0.3010682618
  -7.3645572346   -7.9522663859   -5.2407780251    0.8926471613    0.6907103848   -0.2263441081
  -4.4479063363   -7.1817973138   -4.1055915666   -0.6547201302    2.5334195558    2.2100059163
  -6.0132843446   -2.4922916788   -7.2320994052    0.9950645771   -0.9657611642   -0.6001367471
  -7.9392056916    2.0418121957    2.6589045511   -1.8656644644   -1.7613098971   -1.9926414547
  -5.7733868069   -7.7543397070   -2.3183463258   -1.5998417602    1.8650198360    0.7880023527
   3.4630477647    3.7296413482   -6.3254091649    0.0188602099   -0.0020858967    1.2415143259
  -5.2942730781   -4.8988516224   -5.8767298976    0.6963298502    3.0301848267    0.1271595247
  -5.5987694684   -6.0090263481   -1.9117157444    1.3388144865   -2.8702785407   -2.2797935261
  -7.9508208103    3.9412768583   -0.6468947272    2.2055963352    0.4673204945   -1.8520896600
  -3.2307480136   -4.0511553993    1.6747736872   -0.5484312756   -1.7124921689   -2.8737336498
  -5.1766697593    3.4848953286    6.2373063630    2.8255715430   -2.0881413877    1.3057726528
  -5.9380645531    6.0954089900   -4.5731672704    0.6717845399    0.4528391983    1.0613044802
  -7.2778757072    2.5138109177   -0.6573770127    4.4231119676    2.4638950876   -6.3463406397
   6.7850320334    4.3124495556   -3.6025240191   -0.4757509258   -3.4300782307    1.1504396517
  -0.8815104343    7.5308926736    0.9525015473    3.7671353496   -0.5523835761    0.1212062607
  -2.7128413900   -2.6927623476    5.6759647270   -0.9065836803    0.2675662585   -1.1229443772
   4.4959200421    8.5272750983    0.7270790170   -1.6928373015    0.1186100388   -0.0402543763
   2.2935862686    8.5290844850   -3.9818393368   -0.9430353150   -1.9230511952    1.6147183584
  -1.5742612036    6.9388619944   -4.7727445881    1.4112842945   -2.4649357817   -1.9683467592
  -5.2992605586    4.4737935206    5.8714885672    1.6069712305    1.3272188432    1.1028482186
   3.8412683593    2.0783778473   -2.4773843083   -0.7962516698   -2.0718487118   -0.5235067944
   5.9643613394   -1.8928856809   -6.5380957961   -2.6063984209    3.5701319384    4.9293901765
   8.2346218241   -7.8558182994   -8.2302736041   -0.6653623860   -3.0456530046    2.6529915623
   1.5251096229   -4.0386797616    0.9226690602    1.5004154587    0.5830972455   -0.0725265863
   4.2837981745    6.6546836825    2.2797081882    2.9160211504   -1.7364833362    4.1896826042
   0.0198234030    7.7439010222    5.4681283925   -0.6690018911    2.8859727708    1.1469428886
  -2.2230420368   -6.7256189193   -0.2532497110   -2.4021163664   -2.3361424689    0.3674982118
   6.0116893131   -0.8045239496    3.0832787397   -3.0589203524    1.0790042661   -3.7319535164
  -3.3468412995   -7.8854911390   -3.9094400104    3.7897882380   -3.1544496202    3.9001083806
  -6.7975529937   -5.8008117514    2.7478524883    1.0149492895   -0.2725481852    1.7881591399
   3.5518524727    3.1076724935    7.4215578249   -1.2506591258   -0.1468480737    0.8269817411
   5.3915945631    5.7255552339   -0.3986675522    0.0998472829   -1.4244671018   -0.5126698504
   5.2831061200   -4.2612246003    0.2777382870   -0.0789960762   -0.8539656276   -0.8944429874
  -8.4294478243    1.1982400894    4.4072246710   -1.8111688299   -0.4290325002    6.8198232658
   3.3046958680   -6.7354867181   -7.9270561923    0.6228717582    0.1336706206   -3.6601736051
   0.9425503038    0.1043718089    7.8212322783   -1.8444583216    1.5094596134   -1.6930374065
   6.7369127679    8.1754922175    2.3562870139    0.0828559478    1.2667501671    0.0903181340
   6.4083230141   -6.6203786221    4.9273281028    1.5794328435   -3.2379998250    2.5523275476
   3.1696721206    5.1230484277    4.3700368378    0.4918613901    0.7573809421    2.4591008763
  -0.4903883484    4.0207228168    7.3406566572   -1.3031079505    2.4704223210    1.6921305564
   2.1185782459   -3.5125250839   -4.7891548467    3.1379731094    1.2492822629   -0.6450352423
   2.4178590176    2.8313697763   -0.3020174418   -1.0281755476    0.6931433827   -3.5639692918
  -7.4259527819    2.6423421162   -8.3312056642    1.3943271150    3.4296692222    0.4070045078
   0.2601833776   -2.3141994889   -6.9224670293   -1.7528598728    1.2301708767    1.5296862263
   0.1015250905    0.9485437044    6.5441454968   -2.5645752379    2.0418840415   -2.6456702569
   7.9526379976    7.2120137239    7.4329447927    0.0472458589    0.2002883991   -3.0536086998
  -3.7755563727   -4.6270914982   -0.7423905516    2.5200467876    1.4549790138    1.7695953548
  -1.3209599498   -2.0079276544   -2.5972634691   -4.8430265768   -2.8821517202   -1.3507166782
  -5.1748541713    5.2721697395   -8.0434616605   -1.1260229790   -1.3261989488    0.7780098903
   5.4988672175   -3.8006559827    4.4950140859    1.8879042844   -0.1409576188   -0.7141594861
  -6.6293595705    4.8785123810   -1.1557880666   -0.2009241333   -0.9504703454   -0.4180998415
  -2.2829605971    6.6361298591    2.9545241672   -1.4155158506   -0.8016999225    0.5003840944
   1.1769200656   -4.9600008783   -0.7067726241   -1.5216715960    5.5917536917   -0.7196604466
  -7.8009888350   -5.6559861085   -6.7112299880    2.8216879324    3.4418155132   -4.1176796213
   7.6152914144   -5.2538618705    6.8562796262   -2.3940545162    3.8018984546   -3.1027508779
  -8.1032378202    7.8329697096   -5.2995280538   -0.6494292684   -1.3449232872   -1.7156043884
   1.4623706574    7.2256263442    7.7778341228   -1.8009612474   -1.4612219177   -2.4351815763
  -1.9200749496   -7.2145130448    2.9990376273    3.2577265877   -3.0370986227   -0.8852767644
   1.1483129119    5.7294634743   -5.0567587421   -2.7214563212   -0.2079839531    0.6482989747
  -4.1853417039    3.7857493128    3.1349378102   -2.2740098719    2.7609579175    0.1155581333
   2.3442087705    6.8807839539   -0.0710676983    1.5714068156   -2.3495646383   -1.2944731364
   7.9718598985    5.0684967182    6.0019927860   -0.1828980701    0.3936844105    0.7541528777
  -6.5230808930   -3.4482488791    3.3443017699   -4.3280698595   -1.3700402263   -0.9157116743
   1.6175778417    2.9825588909    0.9968067549    3.9668522661   -0.4120324304   -0.5968593101
   4.3851447525   -2.7321829665    2.0242412574   -2.0619169624   -2.9961118100   -1.3364495610
   6.2854257568   -8.3472640004   -0.8914356217    1.4656135406   -4.0743783986    0.5249962891
   0.4057288998   -5.7762065774   -7.2881711824    2.5929578035    3.6427476311   -0.6649110775
  -8.1042527463   -0.9539371934    8.1366316009   -0.0295090142   -6.1341412381   -2.2513352314
  -1.1052258750   -7.5659376260    1.9554331957   -4.2690352603   -1.2448063306    0.8424677407
  -6.6115427313   -5.7062830165   -7.1909108365   -1.0831302803    0.2415343577    0.1218327696
   3.0997516008    5.8869432563    3.4599781473    1.2806270666    2.9288658666    0.9530937506
   7.9499829237   -2.3513706248    7.5355169049    3.9153137465    0.8579231705    0.2744597398
   7.2783652842    1.7179252120   -8.3503777292   -1.9051640766    0.0097674083   -0.1442933455
  -3.6985451829    3.1449429403   -6.7337601021   -0.6244288536   -0.4327590913    3.1514534184
  -0.1064064516    7.6925665006    7.7979968527   -0.0374826978    0.1624470233   -3.5357589843
   2.3243341052   -5.8629411598    7.4910409332    0.9615908773    3.9464801090   -1.3981279906
   4.5412610301   -6.4133967048   -5.6550665136   -1.4710299432    0.1184603435   -2.7046395351
   5.2891218823   -3.3968581283   -2.9399880496    4.7122541206    4.3323874286    2.6618653475
   5.2286842788   -6.3317873104    6.4229871553    0.6334562806    2.1659351110   -0.7700205860
   4.9185280262    3.9079792628    4.5292540237   -2.2895914894    0.8333862442    1.5410117327
  -6.8672993756   -4.6630694406    4.8336181375    5.0403670289    1.4781048278   -1.7963083933
   3.5692830086    1.6685607076   -4.8936477557   -1.2557529813    0.4445755310   -0.1257840433
  -4.7297470821   -2.5383477533    5.8160691919   -1.9737890103    0.9157124445    2.5625086837
  -0.3564134794   -7.8482616054    5.4009405446   -0.8299271767   -0.4264915696    1.3870051993
   1.7679459025   -8.0980061764   -5.4664430768    6.0242602366    2.6518530178    1.3988161800
   4.8476976606   -6.4500256023    2.2473437107   -0.5896117974    1.3987263603    2.0784461434
  -6.2365133385    3.8031160891   -3.3078465524   -1.2185240434   -0.6342730410   -3.1154621211
  -5.9169267020   -4.2408112901    2.0634559521   -3.3314576075    1.9511113325    3.2423203269
   7.6675902272    5.0932722868   -5.7756675561   -0.3162647761    0.1723314094   -0.9438309265
  -6.5366026008   -7.7810159584   -6.0928095902    2.1241698059   -0.2096664607   -2.6915806445
  -2.0098573936   -0.7667827174   -7.2874057656    0.1254283789    1.5028347251   -0.1528393612
   3.4154076876   -7.2737275375    0.9726672226   -2.0828064397   -1.6731902607   -2.5961200387
  -7.4807513867   -1.8476929320    2.9711355399    3.3376640830    1.4540442411   -1.2712922305
   3.0570602283   -7.2116732233    5.1194613523    0.8780668766    1.6264371903   -3.7011606625
  -3.9187546919    2.9425707885    0.1420642250    0.7006885447    0.6929912591   -1.4830163190
   2.1178040240   -3.4851649923   -1.2556817738   -0.9759588946   -1.8576298907    3.5600368458
   3.4715492647    7.4584942370   -4.7374170753   -1.9464302288   -3.1114697001    3.7894257020
   7.1854325141   -2.6168351634    7.1455820835   -0.2912492883    1.8776822650    2.2268416580
  -4.7513331199    6.1422433898   -1.7685876246   -1.4416795327    1.4646868970   -0.1762933849
   2.0332298536   -4.7077740532   -3.7504145559    0.2598407720    3.2484273204    1.5735434414
  -4.8783819458   -1.9865896253   -1.4810928720    1.1736370229    2.3804750319    2.7793018938
   3.2218216854   -5.7768883395    1.2529408431    1.8001567250    1.3274391486    0.0040666618
  -0.6896073456    7.9358999202   -2.0464974166    3.4199935091   -1.3320806375   -1.8347093776
  -7.4546484906   -4.2245598223    0.9097188448   -3.5399617030    1.7661132173   -1.6703559245
   2.3056077754   -7.3291003471   -6.5322969782   -1.6836134426    2.0419919408    0.7373964631
  -0.7875855603   -3.1316740093    6.3386005308    0.0340163797   -3.8475137839   -0.3970687467
  -2.8561989594   -3.8702512136    8.4672024034   -0.6892550292    0.5789999933   -2.9506384736
   4.8331514444   -2.0745413707   -1.3959230803    0.7851556430    0.8465077725   -2.1686740591
   0.1864887776    4.5193749529   -5.9095504107    1.1170781262   -1.5028748718    0.7644403582
  -3.9888981788   -0.4514883588    7.9594725299    4.1988242686   -3.0988324145   -1.2041693231
   4.7643969693   -6.6505996541    4.6504527441    0.2066668408   -3.4917027179   -0.5555710486
  -0.1103813291    1.3584008705    1.9931748230    1.1847380564    2.2318214772   -1.0122311937
  -4.6417289587   -0.1905259775   -0.6405135983    1.7057271467    5.4797883189   -1.6892115976
  -3.3146013485   -7.8186761782    2.6353912971   -4.8305713066   -1.9815573389    1.0169292357
   3.7727750380    0.1922408372    7.4247761630   -0.7361275647    0.3778931994   -2.7011036928
  -7.6515447132    0.1711629609   -6.2398983109    2.3059205382    1.3263467007   -3.3891392136
  -6.7494639369   -0.6705620555   -7.2287394833   -2.7569850260   -0.2116740506    1.9870083980
  -6.9336143023   -2.7347326090   -4.2957338010   -1.4355506736   -0.9951572519    0.3697507804
  -6.0400266046    3.7327292186    1.1211751963   -1.3571377557    2.7185618505    1.9781297185
  -3.1615768387   -7.4510688911   -2.4008836783    1.5402075063   -1.8461775286   -0.5769225997
   2.5792684826    6.9051698524   -8.3779453237   -0.4419578890   -4.1759312060    1.4065390169
  -1.8040646664    5.7711430090    8.2641007910   -1.0594913917   -1.5602425363   -0.2011485215
   5.0429844823   -2.7786923935    0.6180028677    5.3550362540    1.6400884561    2.8467013134
   1.4330092683    3.9192320445    8.1541007826   -4.5816240702    2.7409318056   -3.9159857587
   0.3357348771    3.8106009335   -2.1663506856   -3.7117833492    0.9487963908   -1.5531587473
  -6.7486639144   -7.7065635080    5.3870728919    0.0919622959    0.2862546313    0.8671772202
  -7.9726701402    0.2728342209   -3.3282062658   -1.1681346652    0.7523040409   -2.6926674426
  -1.7441768359    1.3472342952   -5.9285855414   -0.7369995788    0.1622773085    1.8419489962
  -4.0503787091   -0.4481696313   -4.7628488294   -0.2196173861   -1.7699622946   -0.2954557258
   3.0934524201   -1.8467694662   -6.1809157086   -4.5848236399   -1.1396341175    2.3850174912
  -3.0185453079   -5.9736607727   -7.5663289832    0.6382873516   -2.2190711647   -0.3329324319
  -5.4935382102   -3.5724845485    2.6438318115    1.9784584022   -0.8884237841   -2.9385739046
  -6.7401531653   -6.6324623747    1.9999824965   -0.4340824015   -2.4668724251    0.5644804551
   4.5961466823   -4.2792512696    4.3793685099    4.6063316857    2.5279054191   -1.0837330049
  -4.7679845965   -7.8398127877    3.6932761504   -0.9002704803   -3.9186662738    0.9796225273
   2.2518485639   -0.1534690053   -2.5360737092   -2.6842602237    2.2991379630   -3.4288729717
   7.6753073582    7.9650356925    3.8026132153   -2.5669806116    0.0797349152    1.9553940378
   6.3339410013    3.2215773734    1.0925610379   -0.0595450292   -0.9053889383    1.6621588055
  -1.3026193905   -1.3047537033   -4.0513872602    3.9902015969    1.1755287665    0.3260445395
   1.2040391638   -2.4928483698    2.2600557958   -4.2356019305   -2.0057172631   -2.8988327956
   1.8576077208   -4.2812073878    2.2804055483    0.9472859529   -3.1249258918   -1.5411849972
  -4.9675986576    3.7083236503   -7.4679204139    1.3421403839   -3.8039508107    2.6990350988
  -6.9001496950   -5.1008553568    1.1188940896   -2.0749980582   -0.0288879063    1.7068320218
  -7.7491367663    4.0704319565   -4.8243035901   -1.8939187739   -1.9353258941   -1.6026460738
  -5.6108777821   -6.1619206155    3.6460455847   -0.6355390204   -2.2667662943   -0.9657370805
   0.6716279121    7.6720174774   -0.6128619951   -2.8505097032   -2.1640471543   -1.6249539029
   4.2315494160   -5.2721042255    8.3815114281   -1.0131880393    0.6188593305   -2.9854076741
  -0.7484499037    5.0231698733   -1.6639116267   -0.0239475291   -1.6079978862    2.5696289580
  -0.7787927342    0.1419268545   -7.1678928891    2.6740130818   -2.7426293832    5.6042154302
   3.3300788307   -2.6864673464    2.2526182252   -0.4839525369    4.1893609426   -1.2047207376
   6.2129396957    4.1287244938    0.6791037553    0.3926324737    0.9855546188   -0.8564794748
  -0.6330235000   -4.0145821592   -4.9804176593    1.3269269764    1.5449705382    0.8638196944
  -2.2646310707    3.0193774934   -3.6658996276    3.2274655860    4.6436719167   -1.5529317490
   1.6759170212    4.0862825408    0.0110084584   -1.5784124632   -0.7118308296    0.8589131921
  -7.1701912361   -0.2209537425   -2.5672561433   -3.0043470309    1.6351730152    0.0118006416
   1.9747086133   -1.7325909044   -4.7312041364    0.8861937133   -1.1093087612   -1.0724088216
  -2.6425331718    2.8562197186   -0.8527901636   -0.8770653895   -0.7274780316   -1.6804822158
   0.4604725991    8.1222516090   -2.5644524662   -1.2563782673   -0.9786140597   -2.5222482987
   1.5537759262   -7.4310602533    7.3518351062    2.5646778097    1.8387250873    2.1861444074
  -1.9695770578   -2.3187330386   -0.5550623978    0.5194466158   -2.1070344681   -3.5693222882
  -3.2742656585    5.0552520054    7.8014676134   -1.8704748631   -0.5459647819   -0.6013998214
  -0.4511436717    7.3888867583   -7.8172344290    0.8532624601   -1.3948358276   -3.4638011030
   1.5179268596    5.3327531608   -3.4305860705   -1.8456097684   -0.5757602469    1.0573318112
  -6.0039469733   -5.3127514315   -0.2444913357    2.6985552276   -0.5126728564    3.2648420268
   4.4798960671    8.5362357985   -6.4953760106   -0.8333555469   -0.6974497963    5.0247477916
  -5.0886211855    6.8880020087   -3.2714418094   -0.7320104488    0.5798246128    0.4741629910
  -5.1186543419   -2.9499558298   -4.6464756732    1.1124924286   -2.9163493182    1.6026728888
   1.6087355989    2.4354180352   -2.2716010201    0.8402859101   -0.5362424531    1.9375343806
   7.0079532501   -4.2159129984   -1.4344003244    0.4626040896   -0.3048478381   -0.2086983170
  -8.3745884858   -4.7144148432   -2.3009599664    0.5476764548   -1.7869520471   -0.7030260707
  -1.4186652520   -7.6504353914    0.7856776141   -0.5772837268   -1.1314880662    1.8918377714
   2.1989217569    8.3493612175    2.2742239636   -1.6538279271    1.8512170674    2.9197643370
  -0.1535239987   -5.4967144004    2.5478825334    2.7208616027    0.5976293971   -0.2660698443
   3.6128194131    3.6861004031    1.8767768119    2.6191886304    3.2146400309    1.2111536971
   0.2907099854   -1.3425809788   -0.9691558949    0.0435927214    1.1157069945   -5.0760976950
  -7.6395051882    2.0268175047   -5.7410847064    3.5323376627   -0.0344853370    0.3926997072
  -7.6215036528    2.8737593003   -7.5103813077   -0.4561294989   -2.0628630334   -4.3550835714
   3.6157010153    7.1684784525   -0.0192097361    2.2658956069    2.8839339428   -0.5360177240
   4.8055557158   -6.8288224927   -6.8092121648    0.8004525891   -0.6273296903   -2.2195503793
   2.8955942844   -0.4088266106   -6.5793395998    1.1460964083   -1.1775861578   -0.2459660769
   0.3989118840    1.9697717156    7.6642120004   -0.8505646902   -1.0777463666    2.4151431036
   7.5290967790   -6.1108443449   -4.1422552589   -1.1444745813    2.2872783393    2.6485469057
   0.8262690529    1.2350132241    1.0336507285    1.4796743742    3.3105642575    1.0901475778
   3.1772071627   -3.5168939192   -5.7043835533   -1.5609265218   -2.1712352873   -0.2732241213
   1.4092330813   -6.6783883475    5.0915979066    2.3836328530    0.5325292121   -2.3383260652
  -7.0890657548    4.7536776850    5.4874255522    2.7478833548    0.0271932434   -1.1392177065
   8.4348112166   -4.4525609698   -3.2612399201   -3.8250542441    2.9313091068    0.7802742009
  -7.3822237865   -6.6473232801    3.7425654907   -2.2901309070    2.5968565125   -1.1944110941
   8.0843701695   -6.6145305141    8.2008104512    0.2302940833   -1.6007916900    1.2041535535
  -6.8330954265   -1.7887161383    3.6695274540   -2.4846072376    1.8264212671    1.7370984193
   7.2862444319    7.0568213570    0.7330890291   -1.4657043609   -1.2162353132   -5.2914340380
   2.5110212286   -0.1011510251   -1.4998607139    7.1601972012    2.4595328744   -1.7493441515
   4.2808414301   -6.3056694300   -3.2237984300    0.9664818331   -2.2227860719   -0.4173179745
  -2.3751134124    3.6063719968   -5.8398993287   -1.6329562240    0.2853726269   -1.3315595453
   0.3849457769   -2.7459753111    8.3108983220   -1.9725799962    1.4129739212   -4.2658621785
   2.1022567829   -6.1826835282   -2.9336226971   -1.1359811259    0.2185204763   -0.7463862417
   2.6254664055   -4.4914201350   -2.5518661780    6.2669293798   -1.7691747245    2.4465775405
  -8.2451658232    2.2054133765   -8.1145450835   -0.7197602875   -0.7200385102   -0.5544624471
   8.4905008756    5.3724570963    7.3650675470    1.2041519483    1.1058661038   -0.5558062978
  -4.2641142748    6.7545020862    2.3703938147   -0.1668072465   -1.7659365229    0.3090079960
   0.7714431525   -1.1058810414    7.9218443408   -3.6857278436    1.5951349106   -3.9280784329
  -1.0040337352   -1.1545360549    4.2924509532    0.9666463216   -0.3712304790    4.5644442138
   5.2725652776    5.0793722058    2.3586983136   -2.2051021632   -0.2747155159    1.2407017471
  -1.4262462337    0.6994387703    1.1843545553   -1.0028674070    2.3597677427    1.7483196993
   4.4627053013    0.9540296712    4.1469752566    4.4872322197   -3.0616200517    0.0863265375
   3.4803169998   -5.2673038416   -6.1533334436   -2.7822860076    1.5639957985    1.2780990217
   6.7274141208   -2.7074087168    6.0359177412   -2.9329189565   -5.5929124864    0.3476336423
   4.6509867712    1.5633780767   -7.0406930161    0.2575873421    0.5427988417    1.1979188364
   4.9980719032   -5.3537416248    0.0343429990   -4.6856605656    0.1047092425   -0.3947907654
  -5.4978730818   -4.5451257217   -3.2434726006    2.3136819244    0.6549020418   -0.3752534362
   7.1279103993   -2.7335268560    1.4683238065   -0.6401034114    1.3531495991   -2.5889822317
  -1.3659194070    7.6640272287   -2.6951563348    0.4146486913   -1.4061818151    2.4173733529
  -6.1606259984   -3.6178767844    5.4908500552    0.4810467394   -0.8970661783    0.2223340209
  -8.5485840365   -6.5930243246    4.6052932926    2.5483080463   -4.3514141425   -0.7809095189
   4.0290601941   -0.5055624179   -3.2535427799    0.5038988741    0.8343788519   -0.4941449114
  -5.3645297086   -0.0451978502   -1.7651044457   -0.1416258272    3.3520340097    1.1594138725
  -6.4412294141    5.8011950856    6.2402437257   -2.6359630869   -0.2678034599   -2.9733087895
  -0.9641805810   -2.7556244574    3.0396888584   -0.1651097480   -0.1390814293   -3.5043861789
   5.7885208313   -8.0233327350   -1.6740253549    2.0252441639   -4.1088973781    0.4448558860
   1.6064003597   -0.0994148693   -1.2411890302   -4.2401887857    0.5617704891    1.9784396094
  -8.3677350806   -8.0524036167   -6.1546891826    1.9142943047   -2.5575752189   -1.9625687288
  -6.6836220459   -6.2238840384    4.7221246589    3.1821906750    2.2087534300   -0.0108090039
  -2.6221577089    0.5386349070    2.9223874776   -0.7532784967   -4.1762801939   -4.0485638460
  -2.2894451913   -4.6009327624   -4.5462446038   -3.1219607534   -2.3375293569   -0.9574237187
   5.1744777292    3.8784695059    6.5994806311   -1.6753480604   -2.5480678607    0.2221074866
  -3.4998391117   -7.5485917170   -5.8787763470    0.4371378040   -1.1992894953    0.0324930374
   3.5811996621   -5.8260108329   -4.7722237830   -3.4690238439   -1.8959580644    4.7274104680
   4.2591874542    2.4466726387    2.5236042790   -0.8691779745    2.2074620165   -2.9535558208
   4.3949153467    4.2293961217   -1.2692295258   -1.7908517542   -1.7137433970    3.3640531578
   4.9455968816    6.3329339253   -2.0693195316   -0.3640757889   -3.1466513473   -2.7448598971
  -5.9945688512    6.2869189458    7.7251263195   -2.4696449334   -0.7418619245   -0.7718551939
  -3.9867143806    1.3986115205   -7.4839070549   -0.7728560598    1.0422878896   -0.6698717854
   3.8931080839   -0.2872532153    4.9066919715   -1.8693269813    4.3737436984   -0.3328685988
  -7.5299077784    1.0690922907    3.2594024071    0.7335653692   -0.8024616777    0.9095881651
  -3.3162312678   -1.3173972602   -0.8321067743    0.4492778995   -1.2015667048   -1.3396703490
  -1.2312202472    1.5905310726    0.8173744561   -1.4338092651    1.2625666746   -1.6052826539
  -6.8231267206   -1.3572479431   -1.3215433815   -2.4327285102   -2.5345585726    1.3606979243
   5.4795039591    6.3304651446   -7.1727107567    0.9494283272    0.9893368199    3.0624164532
   8.2670558006    3.2159536205   -1.6015055311   -2.5609191497    4.1962552976    2.2706553676
   8.3292363815   -7.1984079114   -0.8164874874   -2.5945858957   -2.0154830894   -0.5331336227
  -1.5740873034    1.0146394359    3.3919783302    4.8477903421   -0.1727450071    1.0558375973
   5.6858733735    6.2279674422    4.6959268305   -0.0421354767    0.3520179741   -0.2740368926
   6.9693385567    6.7992544220    8.0719318583    4.2411581654    1.6091087890   -4.3890598986
   5.6733510928   -4.5295422774    6.9937213654    1.9767853444    1.3294883790   -0.5507634520
   4.8901190946   -0.6705126822    8.3031000922   -1.5133138121    1.0237368995    0.3312515165
   0.7822984555    6.1149945450    1.7635463341    0.6494967401    2.0077027940   -2.4169639071
  -2.9235161136   -5.2088670376    7.2223495313   -6.7113312036   -2.8172305286    1.8797442373
  -5.5078136823    3.4792576290    2.9025482146    1.9483710066    0.3688888614   -2.3611459035
  -0.4726299122   -3.0427260629    0.0854028621    3.4509206696   -0.7065530995   -2.8426678826
   3.8932692732   -0.8651335037    3.4741409714    1.8812403882    0.6512690676   -1.2719430002
   6.5240153497   -7.7795328215    3.5568526565   -1.0491431854    3.1123657255    5.1918014677
   5.1717447998   -8.4325328318   -4.2779018067   -0.9780849283    2.0072855600    0.5517993198
  -3.5472505831    1.3184238278    4.3278157764   -2.1849389806   -1.2931250886   -1.6452040253
  -7.2046178229   -4.0739944323   -0.8603478923   -4.2271920990    0.9727138287    1.8216158713
   4.3503998180   -2.4949009363    6.1035093522    2.5519727439   -2.6459816802    0.5063390737
   7.5210602182    3.1155231870    4.4157522541   -1.1119472279    2.4384494333   -2.2597199223
   2.1256484209   -0.3815944800    0.3258245098   -0.3168690816   -0.1614352302   -1.5480322145
  -8.4287625466   -1.8025930401   -8.2863903764   -2.5474260060    1.1785524724    2.1136397893
   6.5704573358    5.6936615707   -8.0617106980   -4.4591071963   -2.4902083566    4.1056802176
  -1.8678634903   -7.7568151135   -2.5115064699    1.2635073395   -0.2099507771   -1.0722281113
   7.4586931948    6.5157403089    6.8255074151   -0.8289694451    0.6344372375   -0.5068864229
   5.6544681965   -1.4955620823   -3.9875330641    3.0518136751    2.0512651754    1.6603380527
   7.0808628942    6.3996226127   -6.5372986736   -1.9675350951    0.6215654675   -0.6862339125
   3.3785915994    8.0062811423   -7.8885669264   -3.1526598106    0.7906864451    2.4231156136
   8.0727872345   -3.0677973946   -4.9044722243   -0.7297435210    0.3470787141    3.1366679815
  -5.7524998145    8.4954208324   -3.7462216992    1.2043666533    1.8683987372    0.0713266094
   7.9019850227    3.9188211643   -0.1487880546    0.7728698970   -0.2118621370    1.2998856659
  -0.8939536014   -4.0892236759   -1.4463119447   -3.2512050800   -0.3427136042    1.0415356750
  -6.9847094029    7.3713386280   -3.9838665852    1.9878435573   -1.9091220168   -4.6043782517
   1.4395736499    4.5549097840    4.3506498333    0.3589887683   -0.0804982500    2.8141253429
  -3.4992285128   -3.2373605776   -7.3996699448   -1.6925407177   -1.1781816375   -2.6073106296
  -3.6566440397    8.2104481035    5.6731262153   -5.0126546833    4.7676734749   -0.2482182005
  -7.5359880536    3.0217001784    0.3356700744    1.0916264826    1.7704322340    2.1482585671
   4.3192604514   -1.1805024733   -5.8661974228   -1.7480569009   -0.2006959205    0.0911881201
  -2.7083323237   -2.4520185215   -1.4829164850   -0.8929076392    1.6740550474   -2.2119692681
  -7.5744595639    4.0745594351   -7.9865392770    2.7908700102   -1.2635122980    1.3869522060
  -0.3063616148   -5.4952796266   -5.8317913292   -0.6248880890    3.3222395860   -0.2621576626
   1.8229602597    1.3660844299   -0.6648580117    0.5420412204    1.4886964720   -1.1200756510
  -1.5363288402   -3.7776819930   -0.2108825466    2.2220620602   -0.5498730494    5.7318327609
   7.8239778495   -3.8411887944   -5.6109082280    2.8345852300   -3.9365913127   -1.6642587605
  -0.4198741809    3.4306446885    0.5391232132    1.6348499835    2.7162038423   -3.0610039353
  -3.0201958765   -6.3066579000    5.2063246184    0.2719248773    1.0361850965   -0.5159692572
  -0.7916334087    6.3124222547    1.2428115551    0.9113295820   -2.8144257040   -2.0014497181
  -4.8371865302   -5.3743946645    3.8811242567    0.3452396417    3.6860589779    0.4774994956
  -7.6325103537   -0.5229367906    6.1790877235   -2.7731896757    1.2520263142    0.7091473582
  -6.9054967809   -2.5368873925    4.6339881349    3.7588240908   -2.3130983869   -0.2437399148
  -5.1192131387    2.5756251822   -6.0302838627   -0.2130244782   -2.1880021707   -2.1895887971
  -6.2876782414    8.2402934968    4.7017980411    0.9418157208   -3.2345501753   -2.0752639668
   6.1036480713   -4.6975839870   -0.9225697883   -1.0370265513    3.7081203769    0.3316265864
  -1.2022142251   -0.5462168837   -0.7519075360    0.3650618859    2.1495253563   -1.5545927346
   6.9868869100   -5.8073570037   -2.8220087669    5.5880220072    0.3988296017   -2.7411105651
  -0.4366142550    0.8929301030   -6.6784919208    3.6887051772    3.0575803559   -1.8469742854
  -1.8397906661   -7.0821977766    4.0627581764   -1.6480825587    0.1189699877   -2.2258355691
   7.4644098629   -6.7014906245   -5.2786198674    1.7855733840   -1.4034221378    2.6822472644
   2.4144891529    0.6954807792   -2.2182599988   -2.2194791679   -1.0994822024   -0.6923411008
  -5.3284045163    8.3806643340    1.5037141066    5.5465324280   -0.7652094672    0.8448314104
  -1.5908827440   -5.4170770958   -8.2390657995    0.3827590735   -0.4959302713    2.2417249239
   3.4686043547    2.9299080155   -1.7658879850    0.6429276943   -2.5679940336   -1.1315437419
   5.1109388511    4.8910099305    7.3716751988   -1.4158236725   -0.4018498590   -0.1564737505
  -3.1188795828    2.5413548693    1.8117962156    0.0508437535    3.5631087259    0.0905572248
   6.0576768555    7.1639584455   -2.6051205565   -2.8363310635    0.2166665171    1.3357856664
   7.4471310772   -7.7095983064   -4.2181385914    0.5396648241    2.8316242435    1.5807270684
  -0.7901853273    2.1583051757    2.8995226801    2.4646116130    2.1109763463   -2.5444001912
  -4.3534839970    7.8042579502   -1.5287641645    1.3822008005    0.9967940530    3.3353200312
  -5.2338566182    0.8763193399   -3.9220956412   -3.6931087510    0.8639713395    4.2911282608
  -6.3894588913    7.1985349728   -5.4591963870   -1.5583668900    0.2087627158    1.7532379373
  -1.7906535152    3.0381878008   -2.6107785842   -2.1575158504    3.0535663137   -1.5046929895
   0.2310809686   -0.6743025099    0.8728644910    0.0353994239    1.2093058763   -3.2387851477
   6.0200834883   -6.8249693166    4.0040019274   -0.4407969288    0.8263079097    2.1828210394
   6.2585562276   -0.8346791841   -5.7199974113   -2.3178743506   -3.3113707286   -1.3554462383
  -8.2262522657   -0.6970169662   -7.9719680040    1.0523862012   -1.5593351293    1.8230506451
  -0.5069468613   -8.4091405248   -7.5321335755    0.8116260314    0.4739369851    0.8704378063
  -4.4514893684    2.3009203771    4.1837974947    3.1040974588    1.7117285679   -0.5142852528
  -0.0763685634   -0.5560627759   -0.3378656635    3.5228159083    1.4596698388   -2.0906932215
   1.4730444910    6.4468816226   -0.7701249220   -0.7998307981    0.7966473711   -0.0275397923
   5.9686083450   -7.2596038787    1.2902701489    0.4763762505    2.5631117129    1.2325065598
   2.6663052950    1.6661791715   -1.9880238737    1.3990867970   -0.4955482255   -0.0915418290
   0.3610817659    6.6372016580   -3.7455239014   -2.9997361833    0.1614086059    1.3899260862
   7.5720974749    7.7103746062   -3.1688852656    4.3614895163    2.2232861273   -3.0755601633
   6.4638461526   -6.5639434389   -0.7437928604   -0.1511415359   -0.5288878391   -0.2011263418
  -0.1514564513   -0.0630419236    5.9482265287    5.6398468057   -1.3405674105   -0.8150261318
   1.3112293796   -1.8959374603    6.6725737464    5.3150116658    0.9616589921    0.4052458407
  -0.8383241570    7.6891686044   -4.8655600066   -1.0216071002   -0.4246890543   -2.4220177977
  -8.2255883489   -8.2312862966   -7.5273387291   -0.1160805498    3.4830318231   -0.2641350615
  -3.6550723789   -6.1936806237   -2.4521683407   -4.1404528137   -1.6713166002    1.2403330476
   5.4824681967    4.8413903018    0.8214394428   -1.0314639339   -0.8748729017   -0.2027807643
   6.9081178692    1.9909570082   -7.2111707496    1.1278540257    1.6886041021   -1.3764354233
  -0.5129614520   -8.2543263802   -6.5946696199   -4.7899202558   -0.2553193081    1.4917675770
   1.5047757694    3.6190519319    4.7455542095    1.8868266837   -1.2087289443    2.8396285632
  -1.1064317398    4.1833432138    6.7059457593    0.4898519531    1.6802914492   -2.0093504971
  -8.2444831073   -7.2053120445   -6.1125997394    1.6384336699   -0.4574678067    0.8445144853
   0.0373403714    2.0547896835    4.9744480010    4.4108746268   -0.0463607908    2.4086244989
   2.7658746845    2.6266268096    7.7384952338    2.0718502721   -1.5403329084    2.0223741623
  -0.6812329956   -4.0313577130    6.0672075345   -3.2298325769   -2.7541183334   -3.2713144336
  -1.1298373007    3.1387729280    7.6998701022   -0.2541364543   -3.0160812944    1.5252433940
  -4.7571034433   -2.3183149245   -7.9887644556   -3.7151133375   -1.1073869697    1.0631209921
  -2.7643602557    3.8855355363    0.0555615648    3.1460120612    2.5296791743   -3.1824925759
   6.0397545148    1.7234188710    4.7048779096   -0.7002783624   -0.7662064986    0.0549998480
  -0.2456259693   -2.4562898506    1.3270229092    1.7675590445    2.6760400051    0.3854424209
  -6.9908516897   -6.1270493321   -0.4580906931    2.2431866794    1.2265679724   -1.4028894514
  -8.5207411927    4.7444214053    1.6426924940    1.3326378231   -0.7018865008    0.1489155518
  -7.8413314059   -5.6561228769   -5.5637184664    1.1512656986    0.1712494292   -3.7516927212
   1.7739076986   -6.4868469326    7.7715091717    1.1386744353   -3.4789180514    1.9963299014
  -3.2676808890   -3.2784983974   -1.4957607305    1.5957026837   -0.4529104997   -0.2060506180
  -1.6387041126    1.6311521703   -2.3791966436   -0.4617680818    0.7322208515   -3.3785830956
   5.6426064499   -7.1817334250    5.8227928517    0.7672199012   -3.7101047612   -3.6052602222
   6.4344490016    6.7577333188    3.3524560937    0.1569734638    1.7093247963    1.3469950029
   6.3827045810   -0.0835787025    2.0481580314   -0.2658785004   -4.8935605160   -3.1746525968
   8.3789515932   -0.4514046693    5.9930982051    1.7003736949    1.0889614209   -1.0267362828
  -3.9324517533    4.6338768089   -7.0986231415   -1.5501563966   -0.5651823695    1.4312563984
   0.8596933896    3.7670746619   -6.8002590105    5.3017777315   -0.7122422205   -1.9785635234
   0.9786982005   -5.9704214227    8.0875322995   -2.0993862444   -1.0412948359    0.6756572656
   4.8897519101    1.3381695693   -8.4133261015   -1.0492163758   -0.0007308466   -0.1698091138
   4.5001034174   -0.9341437817   -7.6488656251   -0.4879125690    1.6151961305   -5.3832899996
   5.6919973711   -6.0666953407    1.5919767774    1.9996647069    0.5794182633    0.3634379736
   6.0568580535   -0.9682267042    6.9150734669   -2.7774185318    0.4709712992    2.8225822919
  -7.9394543818    3.9233431815   -2.2233139100    3.0197893598   -2.1254060622    0.5663873545
  -1.8826967981    2.8903014453    4.9919986616    1.5628045427    0.0002404264   -3.9724644525
  -2.8553630323   -6.6012643819   -1.2985525513   -0.8004310795   -1.6033356568    0.6421672760
   2.8170924784   -4.5838320969    3.8671798077    0.0080105800    0.0477286140    2.7417151069
  -1.4830334878   -5.9273768317   -3.7806809598    0.5797793734   -0.8211636558    4.2451706374
   0.0111792708   -0.8725094793   -8.1896870013    1.1990093450   -2.0229787611   -0.0248884997
  -5.7030033083   -4.5586705561    7.4426641034    0.8935368607    1.0138227992    0.5835418273
  -1.5696489364   -5.8186813202   -0.6264280302    1.7785801586   -1.9502290949   -5.1512452452
  -3.2077319477    8.0027790010   -4.3023840691    1.3136666692    0.5038523604   -0.5562576203
   5.9962194320    0.0865849893   -5.5714737265   -4.5296219202   -3.4878465034    3.1846913428
   3.3186244125    4.3282068387    3.7547175466   -0.9028248603    1.3216433523    1.3145880433
   0.3556994745    1.7052784178   -0.3396600809    0.3019989699    3.8872654984    1.6090242808
   3.3025618856   -6.0063132270    8.0566533113    0.3710123384    0.9111837188   -2.1934572454
   6.3274137374    7.9128421699   -3.4358419924   -3.8640858937   -2.3063330585    0.5496056958
  -5.4535750155   -1.7720225715   -5.3233937755   -2.2578260970    3.0651554939    0.4773076050
   5.2546838295    1.5572189464   -6.0453107151    0.3810871583    2.3537080181   -0.3134236467
  -7.0449175488    3.3236503641    6.3193246611   -2.7581692605   -0.5723034337    1.4120326218
  -2.2685311034   -1.8592712964   -5.1215225561    1.6102484220    1.3234942878   -3.4826360072
   8.3560650726   -8.1765593530    6.9800815646   -1.3455705682    3.5501162308    1.1247267807
  -2.8237320497    4.1830019365   -7.1628789314   -2.6304632904   -2.6099268896    2.9036410570
  -8.0741338015    8.3802732416    4.2657479901   -0.9116375122   -0.7356330585    0.6531949606
   4.2317855843   -3.6385258286    5.1477363088   -0.0918306031   -2.3920519611   -2.2823937078
   7.8579542608    7.8320214148   -7.7159493901    0.4366924302    4.5084316184   -3.7190560553
  -4.7601355917    7.9526912780    0.5555713524    3.4988092643   -0.7869468924   -1.6260576068
   2.2354363940   -7.6899883055    2.2363082482   -0.6169490942   -3.7274128859   -1.2246338616
   7.7267663195   -5.1068118542    5.8196740170   -2.6667234938    0.6793619388   -0.1964277307
  -1.8011570398   -1.4240903249    1.9804320722    2.3175358260   -1.2536642247    3.7182932728
  -4.6217895879   -1.3753309385   -2.9534374393   -2.2537375694   -2.9554296728    3.9627168793
   4.8414435433   -4.1584608192   -1.4688684213    0.3133446351   -0.3448483863   -0.5948185137
  -2.8323177244   -1.7509001920    2.7822157002    6.4533243359    2.1929519276   -2.3991324272
  -5.5207732765    7.4479455633   -5.3901343198   -1.1334230807    0.4405960962    0.3200189399
   7.5194926041   -0.3468744868    5.3604056608   -2.6495582168    0.7411296378   -1.1785436013
   6.3432543587   -7.8192103647   -4.2655897086    0.1578352728   -5.1580309099    1.8728455762
   3.6515686843   -1.8984846287    3.0584183249   -0.4695754744   -2.0318259992    0.1489176491
  -6.6187437664   -3.0846253905    8.0809291805    2.5573940160   -5.0348678752   -3.7960612251
  -0.9494767144    4.0377947899    1.1438767159    3.5482948882    0.4968357433   -0.0080122319
  -2.3225876263    1.2739079375   -1.2422494244    1.9654945898   -0.2947660698    2.6888761098
  -0.1834922891    1.8535626231    6.4679007577   -2.0036053809   -0.3407226012   -0.3184727688
  -5.3574826461    0.9351361838    4.7923595878    0.5780251018    3.2848910428    1.4131310407
  -6.2003333952   -8.2659480452   -1.6914917767   -1.6627803914   -3.6756131337   -4.2284421148
  -0.1053401590   -2.5332034698   -4.4851906079    0.7032504948   -1.0916095838   -0.5096376649
   2.5248624398    3.9642383285    1.2180202435   -1.0170777498   -2.4511070789    5.0722396029
  -2.5000627801    7.2653222427   -4.7274539667   -1.3448965775   -4.0027635181   -3.4231396732
  -0.4442933995   -6.8944222642    5.5951597976   -2.4771501093    3.6522110296    2.0030818842
  -6.2269027266    5.4233228378    1.3200924978    2.4579823160    1.3848016999   -0.8239988281
   4.0165147645    5.5857491802   -2.9525639304   -3.9553343058   -0.1895502939   -0.4127984433
   7.6774015797   -6.1152789002    1.8178623822    0.3358606592   -0.7202919894   -4.1433448202
  -2.5397705802    5.2341416059    1.4129519566   -1.9825537472   -1.4202247511   -3.4750714008
   2.3312520455    4.6527893099   -4.9250798315   -2.9437799904    0.2657559096    2.5543190788
   5.4611059976    3.5272648218   -4.5394605451    0.2155525709    0.8082217929    2.3964235809
  -7.1937548615   -8.3602044931   -1.0100259155   -2.3979751824    0.9039964248   -0.7287800425
  -6.6245170199   -6.9588551380    2.8856640604   -1.9490323880   -1.9068215344   -1.3704893290
   0.7616676600   -5.6653154447   -5.4784324781    1.2943574450    0.4638930165   -0.1816144012
  -0.8833594728   -0.8369561374   -7.6674336476   -1.7305226280   -2.7993369122    0.1506026314
   8.4530787989   -2.2604771687    2.4203433825    0.9029643268   -0.7605845342   -0.0612488937
   1.0584058082   -2.4497320862   -2.3453429453    1.8890258239   -1.8397020922   -0.5143541996
   8.0720773996   -7.0587475697   -1.9828209505   -2.3466599188   -0.2728793383   -0.9115742398
  -5.0217656250   -3.4853853480    3.5831078403   -1.4199621724   -3.5109191272    2.0235116327
  -2.9420615118    0.7527775865    5.4162045329   -2.5580683292    0.2214424975   -2.2483690724
  -3.4133726248    5.7332234168   -6.5948552708    0.6365120469    1.1923106692    4.7301452718
  -6.7790792556    3.4579628761   -2.1182450737   -5.7240904852   -0.5905675670   -1.6210095049
  -5.4190580685    3.3823093294   -2.1655771636   -1.8856682217    1.2556704093   -3.0401849897
   6.7738051079    3.5170670183   -1.2922449679   -1.1174026286    0.8371330613   -1.5089308914
  -1.2140603360   -3.1534850034   -3.9654612719   -0.3138754371   -0.9436206114    0.7231820888
  -3.2077013387   -5.7080227425    3.3749287564    1.5108717781    0.3232218109   -5.0262901358
  -3.9293000287   -0.9838719257    3.7527351023   -0.2189704542   -0.4204131847    0.3646510849
   2.6173082080    5.1955568925    0.0042087459   -0.2933125030    0.0843371143   -2.4143007677
   5.5501250197    3.4947883006   -6.0193233118   -4.8150035082    0.6978243744    0.8296768482
  -6.5795467865    5.3813128933    0.1305329267   -4.7340022545    0.8190972924   -0.0856275427
  -2.7315278274   -5.6641078817   -1.9238299344   -2.5600734767    4.7599131139   -3.4743394044
  -6.9409208300   -4.0262711095    6.3905591904    1.1129107381   -0.9239761330    1.6120328750
   4.3582350058   -2.9068459807   -0.7524978229    2.4703416925    2.4582784610   -0.7061529013
   3.4142436521   -5.5732881960   -1.8003835233   -1.2224785367    2.4419538795    1.1281494095
  -7.8445313371   -7.1282949266    8.3217572016   -0.4888295341    0.0839541698    0.7211415517
  -0.3297681874    6.8702902981   -1.0653565291   -1.9663477188   -2.1841096065    0.8695551169
  -8.3941846308   -1.8978021056   -4.5107022257   -2.5383427726    0.9809239939   -0.2946391183
   1.7845220817    5.5009113428    0.5084679271    1.5550484975   -0.0502240072    0.2803701541
   6.5737463869    0.1007168908   -6.9832321836    0.0589449659   -1.3499301436   -1.1897057203
   7.8389951806    1.7649240559   -2.4937464541   -1.6954262938   -0.7520232327   -1.1495621752
   6.2733492686   -6.6064422933   -4.9397680204    0.4175680103    1.9242397859   -1.2076522330
   0.2544380945   -2.4466586349    2.1470669628   -2.3751994255    2.0533719198   -4.7153166130
  -4.8478301320    8.4636419754    2.3295684034   -0.2964586973   -1.5864228888    0.4839235638
  -0.4808346640    5.8488923664    4.7858446920   -1.2844118555   -3.7970847243   -3.7054067307
  -1.5806040350    2.5978857528   -1.3699173273    4.1200595025    4.0816560998   -1.5633549684
   8.0175390500   -4.2755655504   -8.5430942439    3.4559645055    1.8187404843   -0.7756828887
   5.5641668713    6.0599969467    0.8996825862    0.5123733441   -0.1373428635   -2.7645720072
   8.3594337413    2.4774276640    1.3208340705    0.0448451203    0.6841476480   -0.7322005233
   0.8921294078    1.9912120827    0.5714608968   -1.4728467468   -0.4135020402   -3.2591677955
   1.8394336605   -7.0133297418   -5.7965806501   -0.9527271742    0.7136015304    0.1604973277
   5.7815489304   -0.5430052582   -7.5299166752   -3.0757545730   -2.0555511950    2.5918922368
   2.5341287036   -3.6270020390   -6.9157016813   -0.0471614696   -2.4282024432   -1.6207080807
   1.0109330022   -0.4980981744    6.0076582867   -0.3508538287    0.7224231168   -1.7220072985
  -8.2155426833    4.0151218384    0.4763267906    0.8562492093   -3.8306724344   -0.6268100982
  -7.3437352005   -5.0827983111   -4.1214219593   -0.9829287404   -1.2537953908    2.2512479586
   5.0771116318   -3.8473273340   -6.1780654543    1.6725564772   -3.7318879870   -1.2656361996
   4.7267907035    2.2117883747    0.8406808099    0.1283416667   -0.8948839093    0.0215483999
  -6.1134909472   -1.8670043262   -1.9498728152   -0.2202022100   -1.5551657982    4.2511261652
   4.9848761056   -5.6405977188   -7.0151415389    2.7807877254    1.1507106392    0.9297693780
  -2.4111597529   -6.3052312894   -3.2439231343    1.2741338293   -2.9390645810    1.8112582971
   3.9627236759    3.1860322878    0.6250422968   -1.2947731379   -0.4825173771   -4.9453582020
  -1.9341726660    5.2794501512   -7.8708264725   -0.6702806874   -1.6767753430    1.2384691086
   7.8493506684    3.3668336066    2.9777101553    1.5535048447   -1.2760280640    1.0854457888
  -7.8193864056    4.6561766406    4.0324259723   -1.5475263943   -0.0630156452    0.8929674879
   1.9632846376    0.7755977537   -3.8344622564    1.1345795953   -0.5308499938   -3.2503833142
   6.2901431142   -1.1584329278   -3.1116612814    2.3405056846   -2.2153221353   -1.0674432283
  -1.8927642022   -0.3591540764    4.3397726205   -0.6145117357   -2.3820941976   -3.6377747088
  -2.2319995713    7.4570926433   -0.5874457304   -2.2884194465    2.3259956893   -0.0320914642
  -7.4954921271    3.8443792483    1.8504576403    1.7649290161   -2.1218765873    3.1729619471
  -8.2321683240   -6.6035206253   -4.6977518527   -0.3747367001    0.5312345136   -1.8882661293
   8.2089488294    0.3616867970    0.3062538868    0.8302485677   -3.2514340315   -1.6227912033
  -4.8241201916   -8.2292606047   -7.4844428286   -1.9867104178    3.1044564258   -0.2123316688
   8.2378704310   -0.0852412835   -3.7558501167    0.2259138137    0.2388375554    2.0652343946
  -1.7076881213   -6.5835355636    5.0940768283   -1.4878674937   -0.9508102048   -0.3133867344
  -4.1717523983   -7.0107451670   -2.2687462396    1.4214897811   -3.1057226031    2.5762861347
  -5.3256693950   -1.2235462927    1.7662483758   -1.6928435878    0.7773788177   -2.4024378872
  -4.7747566344    3.3648956523   -8.4918266808    0.2911536681    2.2635310587    0.2116532230
  -5.9658489839   -0.7800988050    4.7523746267   -1.2641717446    0.1853777653   -0.1998313521
  -5.1138552619    1.6407904989    5.9338260305   -0.7293474589   -0.6724748717    0.0512987862
   4.0706163810   -4.9472037224    0.3723228185   -2.0475973533    0.2599189101    1.5187644011
   3.7176507161   -5.7896784384   -0.3694843903   -1.3782141929    1.0641825263    0.7341862726
  -4.9188206124    1.5569658323   -7.6818386307    1.0876263969    0.8493835891   -2.4977058900
   6.3688414841    1.3303669413   -6.5728937235   -2.5260189711    1.2820812398   -0.2046710735
   2.6016453438   -1.8737463937   -3.8478797686   -3.3518630953    0.3013844356   -1.5463848110
  -0.4073035002    7.8199000832   -3.2390272706    2.1899817084   -0.0772055444   -0.0916316005
  -4.0853230659   -2.0674662214    7.6979851803    1.3278894581   -2.0566250012   -1.2149799541
   2.3887880605    2.6380601664   -5.8502619791    1.2326678502    1.3630262721    5.9555977519
  -3.3032920849   -2.8660034219   -4.1237429342   -5.5117376899   -1.5853030388    1.9722792246
   7.0115745451    8.4116723751    8.2489426301    0.7945174033   -1.4857787759   -1.7221281330
   3.7858211086   -8.3240364106   -3.8289097400    1.6910587428   -2.9843966241    3.3749288598
   7.8418420692    1.5676537214   -5.9638965414   -0.8064860585   -1.7725526097   -1.2880295759
  -2.3349317933    7.5225628650    2.4708920663   -2.7213172882    3.3951561366   -1.1462963495
  -3.7107151493    3.6202050935   -2.6634343407   -2.0913447953   -2.1488572788   -0.9080002330
   3.4607279472   -1.6234804787    6.5513688293    0.1469678990    0.2530151240   -2.8630753592
  -1.4827253679    4.7888771927    1.2410034442    2.9790465891   -0.2933637219   -1.1572282077
   4.5480679906   -1.7087577581   -4.3118828883   -1.2516484680    2.9970512043    1.5493206330
   4.5644922097   -1.9556738526    7.0408316084    1.9202575163   -0.1874689102   -1.5648281089
   7.6734101416   -7.8776409195    7.5894049234    0.0451082293   -0.5382101288   -2.5557799014
   3.4532398789    4.2888039244   -4.8750817186   -1.4262998746    0.0667069060    1.5817412376
   1.6585432939    0.3984597251   -0.4160128145   -0.2384348405    4.2216154173    1.0571586000
  -2.0763539088    3.5969619549    1.0512359332   -3.9497656701    2.4593622748    5.5417897182
  -5.7617251581   -7.0490208897    0.5056460695   -4.5459056328   -4.5876344538   -1.3091643193
   5.8106485193   -4.3358050478    3.3780495206   -3.9039223690   -0.8235873351   -1.8244297221
  -5.6446576984   -0.1807788869    1.5077826151    0.8122809493   -0.6809135302    1.8743798877
  -5.0261300118   -4.7057386262   -4.2683424663   -1.1863592830   -3.3530172533   -2.6987686995
  -6.7213776709    3.8109764033    7.4140284937    3.1807005421    0.6163179921   -1.1047791965
   5.6252731992    7.2289306427    3.2356214264    5.1534902600    1.4468133386   -0.0813627781
   4.6178401190    2.2461683868    8.2472941601    1.3896356939    0.0560990917   -0.4353020459
  -5.6983559175   -2.7813932112    4.9585125115   -1.6075696256    3.9708316515   -1.4296382869
   2.2183070838    2.9325900186    6.6771914769    2.6950094147   -2.0797606755   -1.1013966127
  -7.4946759748    3.0369750761   -4.1840775911    5.2156590814    1.8809204764    5.3981165265
  -8.2660866577   -0.2344935853   -7.0848283345    2.6706822765    1.4996853912    0.8444165320
  -1.4568472506    7.4745245380    8.0582055725   -0.4619272562    1.3724555821    1.6005704112
  -0.9822839533    2.5429776067   -3.2226507753   -0.1783069965   -3.6517040784    0.3600700352
  -6.5472907412   -0.1666445052   -5.8132394896   -1.6068871544   -1.4511923613   -2.6836759267
  -8.1577901092    1.5170876105   -2.8247619395    3.0397382068    2.1508524200    1.5548879954
   3.1176118866    2.1684537483    2.3298036070    0.7294592418    0.7682162710   -1.2649858967
   5.9426858566   -7.9490797542   -5.8979513280   -3.5257047695    2.0654975944    0.6645795488
   3.8223111190   -7.8257501868   -0.2020093032    1.3028767103    0.3538956022   -3.8785113384
   0.1090468961   -5.5446165660    7.5318316150    2.7969249750   -2.1408748653    3.9406775061
   5.2096914697    2.5837054380   -1.2544843204   -0.3523299856    2.0236779934    0.6947741500
  -5.8583608753    7.3193125230   -3.8504230029   -1.4620749217   -3.0730801612   -1.7010292603
  -3.8119386404   -7.2373181484   -8.4589049913   -2.9681545593    1.8223475447   -1.4578781517
   4.5669804067   -7.5241791441    0.7731050120   -3.8859189266   -1.1713074251   -0.2773839842
  -7.7071225598   -3.6053420024    6.4552527491    0.0966396160   -2.6332060039   -3.3437103055
   0.4562791141    5.1912340057    5.4945770846   -1.6789600554    2.2613471464   -0.9075686017
   7.2891438122   -2.6408190478   -7.4355922250   -0.8005644748    1.1655422573   -3.3257344663
  -3.7497034670    2.3860246203   -5.9377778219   -1.2172561098   -1.1657008203   -2.9565335990
  -4.5079220406   -5.7007913299    7.9396866741    0.5716650594    2.1538501758    0.8897769021
  -8.3795459634    5.5733425816   -0.6662161389    1.5016366578   -3.3042523564   -0.4709951785
  -2.9442669574   -7.8811155627    5.4894679949   -3.1645625803   -0.1363761678    0.3460145037
   2.2154395054    8.5157872604   -7.1084661309   -1.6774706578    0.6996330256    1.5764549795
  -2.2291988555   -5.3268525878   -3.3882353994   -0.3407592753    1.7186805443   -0.4108971974
  -6.3650532242    0.4240585045   -0.1829097217   -0.4403379918    1.9714528663   -2.0580069498
  -3.3903999937    6.9908110481   -5.7120175710   -0.4115569827   -3.4523337462   -3.5716960896
  -2.8389148056   -8.1107746650    4.3695041367    0.1876151603    1.0923027432    0.5395096347
  -2.0860789282   -5.6922084131   -5.2610233017    0.9166973517   -4.5048643630    2.9789881729
   2.8381727280    3.9430855166    7.5231325604   -2.9111626894    3.2169669639    0.1008233843
  -6.8861762735    8.0633186703   -4.8963235562   -2.7337077107    0.1663389119   -1.7187518180
  -4.5358135104   -2.5120060037   -5.7091030726    0.2471178599   -0.2840384648   -0.1954667427
   8.1701589866   -5.4912457644   -6.7118733646    0.8338503251   -2.2742599492   -0.5133292801
  -2.7747771672    8.1920644411    2.0134159001   -0.2011185279   -2.1607119044    0.3579402723
   2.4113754148   -4.6381400183   -1.1950788832    3.4433048663   -1.3342678327   -0.8650658971
   3.9234080905    1.7178540805   -8.3651393455    0.1714159933    5.4018746835    1.8794592648
   2.4939461121    8.4325636881    0.3756184600    0.6378455077    1.6805199955   -3.3401273720
   2.4242216818   -6.3238702412    8.3616709611   -0.0692119845   -3.1327146210    0.0448484874
   3.2378515431   -6.9601213667    6.8598235212    2.6117099597    0.6669233894   -1.0587737108
  -0.8106102826    2.4425940166    1.6824601995    1.9882860110   -1.3668776502    1.7128760158
  -8.1674362025    2.2362382318    0.6357946199   -3.9379657051   -1.5948932873   -2.5003274350
  -4.0996622329    1.4720184702   -0.1245671832    0.4254305847    6.0425182920    3.0040747234
   7.2785325949    4.9988549193    7.5948062125    2.3872352549   -2.4600942925   -1.5325976191
  -7.5223571526   -4.2882048444    4.1573589477    1.9860375629   -3.2634717480   -0.8690176370
  -0.6959705755    4.5984527444    2.6929864040    1.3518265597    1.6024944668    0.5995069317
  -1.3879631928    1.5867115708    7.1934329611    1.1685251756   -1.2454971770    4.6592026252
   7.5401063945    8.0591835137   -1.8996779375    0.7539224645    0.2550874335   -2.8226399914
  -4.2323183886   -2.2767288195   -4.3253380537    2.1251050925   -2.3313143121   -2.4802205449
  -4.9781932486    3.9105097729   -6.4815709165    1.4229886562   -1.1581883000   -0.7417015993
   4.1920413909    4.0474301167   -7.4142653955   -3.0263235057   -1.5274686777    2.7073673759
   0.5868936239    1.5218737989   -3.3914294004   -1.1804498260    1.6837462448   -4.2406616954
  -4.2858492416   -6.8238504441   -5.4677939122   -1.7718946198   -2.1288214349    0.3711296957
  -7.6680193415   -7.0111417345    7.1441415362    2.5357246500   -1.5723372158   -1.4491629124
  -7.0904167384    6.5641238137   -7.7259059032    6.2146850189    2.7465556391   -0.1489548032
   0.1134828130   -8.1599020703   -8.4118178817    4.3155312630    3.1368117244    1.0320073480
   1.3179366358   -1.9431537985   -3.5092812049   -2.5905007188    3.3996754894    0.7376346405
  -2.1807594205   -6.4812935508    8.3674300131   -4.2453724670    0.9801813718    1.2276314389
   1.2475806708    7.0979238844   -7.5057274632    0.7106714969    0.3084632251   -0.8213805876
   1.0396676239   -7.8749302292   -0.8331838983   -1.0337899908    1.6500894124    0.1188921458
   4.8539495591   -3.2618522933   -5.0738294327    2.2745661007    2.2221980274   -2.7444677539
   4.1949455439   -4.3466600747    2.7044312907    3.8786932039   -1.7254758573    1.0762938863
  -6.5186431906   -3.0993283147    7.0381307255    0.4387073030    3.8956662487   -1.9280273834
   1.6567263890    6.5091743066   -4.5414583819    2.8473237538   -2.8814709198    1.0651414882
   5.0150978521    3.5768225540    2.6615269115    4.0601256046    5.3396407831   -3.2303244894
   6.1247028003    8.4159756003    0.0408842803    4.9036463353    3.2310827966    2.7042971038
   5.4255872889    8.0513216781    7.8917941513    1.7986994192   -0.7774204040   -1.4838271279
   1.7970702758   -2.7967460527    1.1114286295    3.6459658080    0.1831761461    1.8451575332
  -5.7394782389   -0.8911261347    2.8503851201    2.4618473640    2.4308399406   -1.9185899767
   4.3756138881   -4.0829847413   -5.0131245353    0.2452568050   -0.6306038949    1.7486355245
  -2.1559975833   -3.0245755985    6.9229300978   -5.1813070069    1.8835977416   -2.4573291769
   8.2011652680   -7.5623462180    4.8398275719   -0.0011501847   -1.7016082318   -1.3875141696
   2.7601002870    2.1392813845    0.3362322290    3.6656413108    0.9535777803    0.7932082418
  -5.5677645170   -7.1391697292   -4.7080859063   -2.1122653931    4.5938346262   -5.4961468627
   6.3442771570    6.2668504341   -5.7253705414    0.8850933876    1.7091117189    0.6382395565
   8.4735525277    6.3275236731   -3.1874983283   -1.5338917173   -2.3636734515    0.7747193057
   2.8717292873    2.8988138918    5.3517802758   -0.2611378074   -2.6726079092   -1.4004772896
  -6.4418487967    4.1211783308    2.1840952271   -2.4923499262    4.0171019899   -4.6837650755
  -2.7436586218   -4.4795256465    0.2751855535   -0.0045173059    4.2454027836   -2.2124953714
  -4.0554512567   -7.5315717084    0.8395138089   -0.6385469540   -1.0540403268    3.4762659068
  -3.5594727974   -3.4658417001    4.4189983715   -2.8820094252   -0.7621890744    2.0564286031
  -5.7188049535    1.8818527470   -3.0892700795   -1.0852670235   -5.5049238989   -1.2193180834
   8.2483226052    5.8476455827   -4.4660358353    3.0757324097   -1.7926845022    3.7813669595
  -5.2769992889    2.6096663892    7.5964135550    4.9717119154    0.3284822367    2.8180740531
   2.8823838819   -1.6483274874   -1.4035591421   -0.4177294673   -3.1163381964   -0.4166700113
  -1.1216871030   -4.8637629444   -5.2028532448    1.9580367585   -1.4314901924    2.2474037413
   8.3511863457    4.0605627291    4.9775897431   -2.7683872107   -4.5555210743    1.2850087282
   5.2541952390    3.0979218026    5.3348013147   -3.0974605683    0.1279295820    0.0077175645
   5.4625763226   -6.2309148503   -1.5377443047    1.9036104752   -2.4903608333   -1.5149321303
  -1.7728832057   -0.4467062103    8.0247160850   -0.3326282960    1.1536418604    1.6255626292
   8.2607364457    0.1630505499   -0.6597194170   -0.2122565918    2.8900035568    1.0400370525
   1.4992258850   -7.2352236481    3.6754186841   -5.5686542591   -0.1869428784   -3.0261356578
  -5.1818519463    5.4114650856    6.5849951986    0.9772812027    1.6247036339    1.0086786342
  -5.1596323194    6.5842203886    7.2350019820    0.1078766337    0.0591418270    1.4036017785
   3.7679856817   -1.8885619780    5.1164899326    0.4808769708    2.8709813545   -0.0115043854
  -0.3092091013   -2.4395011428   -2.0069835140    2.8136485219    0.1150059027    1.1710131917
  -4.7803559215   -1.3407553501   -8.1009358966   -1.1672434581    2.3766507194    2.0078463977
   0.6863784171    4.2356960215    1.4653925530    1.5765309472   -1.8158107747   -2.3473765828
  -3.5691716775    7.2407373534    8.1582883310    0.8123548000    0.3731054893   -0.8075616886
   6.5664157647   -6.3518334661    2.6288100261   -2.7364043729   -0.4343887169    2.8662851853
   0.1852839478    1.5695963749   -4.7281954717    3.9265977751   -3.6795142345   -0.3826309432
  -7.5590886001    4.3732972989    7.1929767563   -1.5051284794   -2.1812708319    1.1329069941
  -2.8821612348    0.9073949098   -5.4247231666    1.5260261871   -0.5097757234   -0.5942953212
  -4.5256101055   -4.3404094353   -6.1743220224   -1.9832838019   -0.9368927270    0.6519071950
   6.3978727595    6.3287218128    1.5477070254   -0.3745861012    0.5670226269    0.8273555215
  -2.9771871014    0.6887793670   -7.3119212053    0.9126363642   -0.1859857833   -2.4987513457
   4.6494106001    1.2219301888    0.2245637380    2.6341556686   -2.6149514893   -1.1351986926
  -5.9691564000    6.9939472623    2.2042764240   -0.3416626101    1.1044526295    2.1913696409
   7.4351308885    2.1829818503    4.8108397346    1.3957750379    2.4637609319   -0.1048148952
  -3.3690465680    8.4173155387    6.8588488276    0.7431777853    2.6907181351   -3.1772725056
  -3.6019125410   -1.4420337123   -3.7762967920    6.0335130419    0.1446672990    0.8048111739
  -1.6840451445    6.8658289608   -8.2214405720    2.9081400405   -0.0759748483    2.6064176734
   1.3106685087   -4.4985209282   -4.1959161310    2.7291390704    3.4223854628   -0.1712690145
  -0.8184835989   -8.4582720449    6.2514582513    0.9521317029    0.0812031114    3.9175097259
  -6.8657994454   -1.1963051678   -8.2330266705   -0.1443001973   -5.1450136832    2.8060840658
   5.0117043594   -7.3702415342   -5.0316358812    0.9844783320   -2.0504453279    3.7245908585
  -2.2927909470    4.7748253767   -1.3609430909    3.0903735173    1.5147350186   -1.8773991570
  -7.1902403534    7.9100602108    1.1750468342   -4.4348357264   -2.5603069592   -3.9611648828
   2.8449799424    1.7638130212   -6.7793624838   -1.5916810447    0.0104865171    0.3975766778
   3.0512698844   -0.8482654743   -8.5055346864   -2.0041034614   -3.7604912736    2.6571442753
   0.5979469944   -3.0196834227   -5.8815147916   -1.3030118167    2.3994261872    3.7460202191
  -1.7687735908    5.2783240631    7.0188056661    0.5525265748    3.0129093292   -1.8210364716
  -7.8425135757    8.3737095172    8.0574180704   -0.4605680175   -1.9856172305    2.0188796322
   6.9327494517   -7.7535744044   -7.5359875866   -0.6941698699    0.9008431564    1.3291424245
   7.8456319751    3.4951168459    8.1446930688   -4.2128107687    1.8402129102    0.9450428164
  -7.4159371993   -1.1071428645   -5.3813129149    1.9315805900   -2.2432005786   -0.9356444301
  -2.3262583739    2.5468985593   -5.5897624964    2.1721071485   -0.1711407068   -4.8001429645
   0.5825445987    4.0169579044   -3.5071740939   -1.9819076047    1.8767796050    0.5330890520
  -1.8237186270    1.6036517688    6.1628553115    1.8467155730    1.0229369751    0.8878804914
  -0.7763978286   -2.1513806139    7.7746177798   -1.2883660594   -2.4761221084   -1.7410916114
   6.0625917870    2.5314447914    2.3109805368    1.9816885350   -0.6040093660   -2.0663430393
   2.2562424795   -2.0084841044    2.0335663176   -0.1965988000   -0.7533115658    1.1767341995
   6.8488711818   -2.6034139262    8.0725224425    2.6207086768   -1.9329595615   -0.5152053114
  -3.0029490272    2.9192091254    5.8076418903    5.3111904726   -3.2178887511   -1.2325849017
  -3.2822155294   -8.4405411378    7.7782216924    2.3442517003   -0.2054397689   -1.8867381328
   1.5851255936    0.8121551398    3.2294854323    1.4490292017    1.2380386050   -1.3692570076
  -3.6378597828   -4.1449916109    5.0892834398   -0.0362326286    2.5993674176   -1.6433728259
   4.1036583376    7.5594662302    0.6734381249   -2.2052492193   -2.7045682621   -1.2205312114
   5.7909776473    7.2290513454   -4.3158851221    1.1733914098    0.8657854829    3.8779459036
   5.7818402342    0.9071683696    6.7080661448   -2.1547273804   -0.9560932218   -2.2173579974
  -6.8690850026   -3.0835804136    0.1657117304    0.3214638893    0.6417815859   -1.3509191087
   2.9952315132   -0.2805119758    1.6312331166    0.7852678002   -1.2057003956   -4.3020101893
  -0.0978245626    5.6503789831    8.2861741198   -0.9179576696    5.0739472059    2.4385003712
  -2.0825464306    2.5923914082    3.2076289755    0.3888491966    0.9534116565    0.1246629861
  -2.0033929866   -4.2794283648    2.1822851343    0.4800970079   -0.2389667560    1.6093343036
   3.6640619937   -6.6559079454    2.4760094639    0.1842508419    2.1255262348   -1.2005083400
   6.2576722820    7.1283595817    2.4388590370   -5.5163348182   -0.6662748778   -1.3463298075
  -4.2615255532   -7.0589926723    6.8055601385    1.3228262020   -1.8882365475    0.3021236668
   2.2973324515   -7.6685820263    1.2133450621    0.0983408680   -1.6658809796   -1.2678973123
   1.0657419228   -6.7495434744   -7.2330406302    4.5138879204    2.3094119078   -0.5735758865
  -5.7849283120    4.4547522916    7.1308209867   -0.8797259897   -2.5023419877   -0.8707891180
   4.4043096081    3.2312005778   -2.8433916647   -2.1643316237   -3.0028802408    2.1225849423
   6.4242019616    8.2184702572   -4.7748287534   -2.4185920453   -2.2070574126   -1.6063416284
   1.0863041098   -3.4003408105   -1.7029847014    0.4932744960    0.9312545640   -3.9910667615
   4.7215598246   -5.9148625464    7.2364779630   -2.3119822705    3.9571728121   -1.4531254294
  -4.4920218222   -4.7458649470    6.0687028076    1.6120758048    1.7565002563    0.8776720614
  -2.9989947311    0.0358239002   -1.4987365720    1.5347046748    0.1551262799   -0.7266856657
   7.4686558311   -7.7943605644    0.1773889809    3.9013580251    2.2782171472    2.0529727348
  -4.6603973259   -2.5480934264    2.9497762184   -0.5884868281    2.7282598558   -1.8203918189
   4.5947726259    5.8541377118    4.5719483725    0.2891096828   -2.0368958507    0.9291362965
  -3.9353024253   -2.9181133048    3.4644416189   -0.0546809374   -1.7461392566    0.9153894211
   4.1622207675   -3.4628772627   -5.8759769587   -3.4223044013    2.4556136206    1.0912364678
   8.2477564320   -4.9426566788   -5.9258984729   -1.2538172404   -1.3882369959    1.0748127612
   7.2234447317    2.6725040935   -5.9223599143   -1.0261627579    0.4581262331    2.9098695178
   3.2443583873    2.3662484420   -0.8207704834    3.4705029094    3.5064283148   -1.1457427876
   4.2332219854    8.5155446101    5.2888170084   -2.1715076130    3.6210098194    1.1141776032
  -1.8682438967    2.0686747488   -0.0752960829    1.7962900078    0.9842124867   -1.9036833367
   1.5097547938    1.2963633144   -4.9428421742   -0.2246505704    2.8138575964   -1.5509494397
   4.6050339666    5.9608712853    1.5219918580    1.6497934552   -0.8565015174    0.6342850510
   3.4218229690    2.9160508432   -5.1744216602   -0.6116206034   -2.0452624767   -1.2798945373
  -8.1058911639   -3.5470557450   -7.7591161788   -0.6645774963    2.0690810404   -1.4666250671
  -4.1767540464    0.9069478583    7.9816090106   -5.1232268589   -0.4117604976   -2.9041347141
  -2.4181217617   -4.3382108444   -7.7696085928    0.9206468898    1.3523510888    1.5922851456
  -0.3660621022   -4.9940711802   -6.7777157146    1.9041615672   -2.2458734416    3.8994506135
   6.7289107381   -7.2705160624    6.8347346723   -1.4307544908    0.6982726031    0.3542211263
  -7.1722060839    4.9595851774   -7.4184422855   -1.2902859894    0.4921465748    1.7485694633
  -5.9423221568   -8.3469870624    5.7460959196    0.7258772021   -2.8504419055    0.1377087063
  -8.0497820884   -5.9212369571   -2.6672048012    0.2730729936   -4.3222913492    0.0006486181
  -0.9490758077    1.2235108994    5.8758416693   -0.4035291347   -1.0902832152   -1.4430923001
  -1.8461899829   -7.1640765672    6.9741823312    2.5049878159    2.1467367576    1.7858695789
   4.6934009597    7.5859985551   -2.6617501262    2.9187828104    4.7188158903    3.2698239514
   5.0381279239   -0.8097539018   -2.5320462422    0.2289168409    4.7519145803    1.0510350418
   8.4182776641   -7.9190749809   -4.6752918093   -2.9025612239    0.3742809777    1.5668189303
  -7.3413751560   -0.7783592029    0.3023643380    1.3554004073   -0.7946937325   -2.6137622584
  -3.4282516937   -6.3307514057    6.7999499282    2.0016151105    0.2699018899   -0.9622413041
  -0.5286833983   -1.7819397005    5.0649147293   -2.8847542844    1.9413074276    0.7372386751
  -3.5316085684    1.0091803213   -3.4710126118   -1.6594611610   -1.6942361514    2.1109233802
   4.8622263452    0.0078261931    5.3201082170    2.7154029984   -0.2060550985   -0.5565396237
   7.5414284701   -5.8093692508   -8.2796902943   -2.3986105742   -0.3646846675    2.6198560291
  -1.3590825834   -4.8547414539   -0.0017705914    1.3682500342   -4.4286204307    2.7766919763
   0.1970063441    6.4613529416   -5.1778948005    2.1292111298    3.1046778683    1.4027592547
   6.5320986819   -1.5208450238    0.0565937610   -0.6643689727    3.1371722185   -0.1522550701
  -0.4045480881    2.3192798888   -4.0876316232    6.6991630580   -0.8569797869    0.1319790735
