           1000
    17.09975947
  -6.2784676286    0.1240196093    7.2743211727   -1.0804017966    1.2899168605   -3.2470693091
  -3.4793282422   -7.8988691461   -2.8172546848   -0.1343888757   -2.6264670032    1.7823096084
   7.8563033298   -0.2115713916   -0.5726176931    0.4562975961    0.9854109629   -0.5451394676
  -4.5814304952    2.9985967443    5.1885681268   -1.3479459109    2.0445378292   -1.4276737792
  -0.5013642169    6.2439054677    4.5631866991    0.6414137006   -1.7883633607    1.7550668988
   8.2479998545    6.3963631176   -5.6968439045    1.7325530574    0.3822663716   -1.5459264723
  -7.5814803703    0.0209494640   -2.8576192040   -2.8837419740   -0.6416313043   -0.2095726377
  -4.5045938797    7.6705365977   -7.7196634987   -0.0953300415   -1.9658839334   -0.5349222496
   1.5855476506   -3.9110250409   -6.5806210343   -0.0880248824   -1.6253285509    3.9556093641
  -3.9701241197   -5.8708119071   -0.0626224007    0.4623845087   -3.1761366978    2.7162264188
  -7.4019670004   -4.6309583044    6.5581834360    0.5656426039   -0.9954332182   -0.4824569535
   0.9483271512   -7.1961019043    3.5363777549    0.4065440939   -1.6329985463   -0.6520334183
  -8.3426959559    3.8526088538   -6.1537785138   -1.4641873610    2.0790712726    2.3329451580
   7.6030655442    6.6883610378    0.7299749544   -0.4538504592   -2.5233168035    5.8500892641
   6.8144954646    1.4229304702   -0.4336529809   -2.8014888923    2.1632581326   -0.4960398850
  -5.6534226662    2.0864427377    0.1975914154   -1.7265292321   -2.5526838261   -3.0923915033
   1.4838628062   -6.2774104834   -3.6760326973   -1.4072620701   -0.4886331950    1.3795632980
  -0.8771077469    0.7926003058   -3.7089784271    2.4592280664   -3.4521187270   -2.7571208434
  -3.6263068417    6.4846058340   -4.1221916332   -0.8741584308   -1.6979075409    0.3655747026
  -6.2107085129    5.7268270445    7.9588607123   -0.2680519562    1.8682019638   -0.8149428775
   6.0774723203   -8.2361725804   -0.4151156620   -3.6636637351   -2.6789618189   -1.1466899263
  -6.7095956273   -8.2781791404   -3.2716753056   -2.1801384880    1.8128078453   -0.4803014830
  -0.3141724885   -0.4684515140    4.6845781190   -1.3830284992   -0.9921706596    1.9301879384
   0.3707458879    6.8294352373    4.0229371372    0.8212673206   -4.5729476837   -1.8256750446
  -2.3307692780   -2.4919807880   -2.0263937838    1.5408345916    2.2168227663    0.3025832470
  -8.0127939826   -2.2346393180    6.0558323521    1.5144249521    2.2996112537   -1.1097875671
  -5.0860748828    2.8337014032    4.0496495161   -0.9250454523   -4.8766735286    0.0247482682
   3.0661081058    5.9236027656   -3.8066335063   -0.3496790347   -0.2993639242   -1.0636081113
   3.3974948577    2.0180047035    7.6599184210   -2.0666699094   -0.0099508954    2.6360343932
  -6.2043968690   -7.1340808559    8.3157150963   -3.9653450154   -1.2888377603    2.2280554098
   7.3899280689   -1.1945023936    2.0206674117   -3.0367079967    4.5181708464    0.6527966465
   2.0462246175    5.6110239608   -1.2516571549   -1.1523877661   -2.0909298930   -2.0403677533
   2.2063702519   -7.5895159223   -2.8895987096   -1.1968481807   -1.0782244289    0.0959425713
   5.8347571249    6.6012651704    3.8824878350   -2.3736199037    1.2603135059   -2.1586745636
  -1.4945629090   -1.9695705109   -5.4783968315   -6.8575780256    0.7696011514    4.6963726381
   7.7459856485    3.0517295216    0.3054765818    3.7933763438   -2.4810533277    0.2478755233
   2.8521068218   -8.5479431711   -4.8458851838   -0.0642506846    1.6021337156    0.2516900416
   2.8551224270    4.7583073776   -2.5560178399    3.1493189323    1.6095981356   -1.7070221311
   2.7328269047    0.7014074440   -3.0873747105    0.1220239554    0.1647408001    1.9470578948
  -3.8273263037   -7.4236512604   -7.3423533572    0.9739082558    0.1538644087   -2.2207427229
   6.4127640161   -2.8332235594   -3.3278370108    5.6856221974   -1.7086390068   -1.3883118386
   5.9076157594   -0.2798511622   -2.6282965377   -0.5458324136   -1.1510523178    1.0774425730
  -7.9934525682   -5.4008285945   -5.2370059207   -0.3603447720    3.4904226183   -1.5591604492
  -5.6606939042    6.0696123320    1.0891625206    1.3907999103    4.5818242047    1.9881319331
  -1.5814056096    1.6110498761    7.1574212783   -3.9419987639    2.5739996085   -1.0198369170
  -6.2127436462   -8.3035143083    6.5503320818   -1.5288942940    7.2616351281   -1.3507691293
  -7.5006200558    5.5358944095    2.5921627053   -1.7923158767   -3.6896172713    3.8829251800
  -1.5137861947    6.6173772079    4.9817894944   -0.2132120001    1.0496798607    0.9487482199
   5.8575355948    7.8355059617    6.0719944346   -2.2161445092    1.1429445537    2.6728720044
  -4.7243568052    6.3990062252    5.7136547456    1.2946525713    3.1519476517   -0.1061650704
   3.0031788870    5.7611791165   -8.0525971928   -0.2754965582    2.8856842490   -0.9057780367
  -5.5602642521   -5.0163634339    7.9784687037    4.6675108398    2.6658959595   -2.3743360233
   6.3391590917   -1.2795947790   -5.7817538366    2.1020152747    1.8554828949   -0.5263396514
  -5.9888678646   -1.3413744561    0.7096608285   -0.1744497426    0.8293089973    2.7138751465
   7.7719164156    2.7754009958    5.9127352301    3.7582671371    1.1733711188    2.3776117241
   0.8193326500    2.7959480421    0.9086322219   -0.4390277470   -0.7983532947    5.4682009778
   4.3127562054   -0.2656394968   -1.3380505547   -2.5890838199   -0.6186775238    2.6460395793
   5.8891560582    7.1662908963   -3.3178189796    2.1501227431   -0.7185259970   -0.1569106242
  -1.3979717816   -8.3968864249    5.6735314977   -2.0271279749   -6.1990556737   -0.4959830402
  -3.8308751706   -2.7050373320   -5.0589960829    0.3981082948    1.7337705880   -3.2102925449
  -5.7553618182   -1.5871906259   -0.7613538446   -0.3853780480    0.5948885467   -2.7946791040
   0.0275106691    6.0490526041    0.2190795658    0.6012685410   -0.4626519401   -0.6022367586
  -5.2197399031    2.0743838500    2.8771533586    1.6812653055   -0.4086086392    0.5790705349
   1.9787389471    8.1485384104   -5.8638645880    0.4587796551    3.9113948173    0.0414894136
   8.2590537254   -7.0689550769    3.4561454320   -1.8430748386    0.7612933488   -1.1751795318
  -4.9249764315    3.8998635099    4.9905635948   -0.5541204540    2.8872498157   -1.7407073948
  -8.2086828665    5.6825132610   -1.9416452013   -0.2905311542    0.1027120470   -0.6013623102
  -0.9888597325    0.0747097499   -5.6977674736    4.0505645680   -0.9382591944    3.0449970947
   3.8968945414    7.8806151037   -4.8729198556    6.1034696734   -0.8517746011    3.1782578102
  -4.6539979404    4.5193789500    6.8152661023    2.5184527146   -3.8402148910   -2.8064832764
  -6.6809693745    2.2146068057   -2.0810424994    2.0739338099   -5.0746702975   -3.3885045122
  -1.5372019094   -0.6529887187    6.5700710983   -1.2374914398   -2.2415441277    3.8633268671
   8.1403549444   -0.2932395673   -3.9425703410   -0.4026005237   -1.9818697278   -2.4058131062
  -6.6729991744   -1.7433261764    7.8746910933    2.7054720699    3.2040482581   -0.6088920428
  -6.8141706774    6.5250287989    6.5007165028   -0.7303326141    2.1458222001    2.1525918342
   4.6280341052    0.8321424055    0.5419682227   -0.3859870171   -1.9818014718    1.8906492818
  -4.2474735473    5.8879539085    3.0997010542   -4.9647519423   -6.2769100343   -2.8203812319
   3.0648308606    7.4241980696   -1.7179850151    2.2671261874    2.1156102276    3.0671097529
  -7.2054973085   -2.7454264017   -6.7062072753   -0.8429810382    0.5161450362    0.3222225827
  -4.1191407133   -2.9943009722   -3.9993656205    3.9830865364    4.7332034393   -1.1594632002
   0.6468342971   -2.6101207878    2.4284245390    0.1214217274    1.7706541035   -3.0386002115
  -7.1121127391    3.8620264028   -3.2424069005   -2.0204970762    0.4603954037    1.6973265714
  -1.0119976150    5.3123147003    1.4762215875   -2.4199400555   -2.3644158306   -0.2716753076
   2.4196690245   -4.9291825100    6.4382946533    1.3302297019    2.2622265725    1.4501048287
   7.2769047266    0.4398284930   -5.8593273875    1.1342544302   -3.0439158979   -2.4958351702
   5.7759872000    4.4362712874    6.0776225955    0.3004668422    0.8573199776    1.0388155444
  -6.4407386841    0.4932745431   -1.1147122434   -3.1230931140    3.7834926155    2.1474309314
   8.4995413136    0.3773880664    3.6820856433    0.9844525723    1.3738309090   -2.9958881505
  -7.6365238154   -2.2438868929   -0.7371116863    1.2190685032   -1.2841388720   -0.0859572629
   2.3668323370   -0.8383546372    4.2661162331   -0.9097705275   -2.0773041015   -2.7011788780
   3.9052120164    3.7465463479   -8.2126330310    2.5293275381   -4.7161715884    6.2010100013
   8.1874207468    6.5739859297   -1.6066815377    1.6445664575   -3.9039052778   -0.3162227096
   7.5387112074   -5.1428386985   -4.2877748435   -3.7848492405    0.9198225743    2.7812885698
   6.3064732652    0.8057763991   -5.7655095689   -1.5013921629   -1.2017042060   -1.7254096954
   3.1479969542    7.2628387897    4.7786568974   -1.6900246098   -0.0688997961   -0.9726729584
   0.9633627530   -1.2992206415   -0.7565170583    0.8148179839    0.0704616356   -0.4135848428
   5.8036010731    4.5237507780   -8.2016333381    0.6680107869   -2.2738521006    0.5722740445
   5.1489229537    3.3850655211    1.6674254653   -0.9597978252   -3.2977506138    1.6426939935
  -2.4983392773    0.5194346560   -1.9431511944    2.6292082152    4.2174234237   -0.9809311379
  -2.5255237828   -7.3718302391    5.1080160854    3.2263616438   -1.6547977409    1.4814972342
  -5.9130619453   -2.7272507222   -7.3058937994    0.6469144840   -4.2656405133    1.1279690770
   0.2128086690   -6.8472753393   -4.0578360561   -0.9523711303   -1.2985900851   -2.9417128495
  -5.0063896033    4.3669695877    4.0787280668    1.8481021559    0.0078417105   -1.6209752832
   3.2521618665    0.8920315011   -4.8026834174    1.0280247579   -1.3361118374    1.9076488674
   1.5162120441    2.0076414161    4.0881277467   -1.3630844698   -0.3991751773    4.0362972364
   7.4973809412    0.6831020137    3.0700132867   -1.0608765780   -0.7598977550   -0.7385881909
   7.0673109389    0.1704355853    8.0406551732    1.0387979347    3.0124744118    1.0741163233
  -2.3538263866   -4.4232203117   -1.3567389341   -0.6654014379   -1.2805601885    1.5066478161
   5.4118815591    0.2029519703   -1.4328609509   -3.5746827039   -2.9079037008    0.3376698174
  -1.6615936948   -5.7487769698   -8.0962612519   -0.6191371838   -0.5598046050    0.2643606411
   2.4750165502    1.3870219662   -5.1424812988    1.7590862341   -4.2926194669    3.0791257702
  -5.6391357568    2.6627710121    5.7219659915    2.7138327197   -0.0245138261   -1.0067174639
   7.2433247470   -2.9700556038    3.2226393367    2.2579731086   -1.7569303820    2.4116475246
   1.8797755319   -5.1589467355    5.2190319985    3.6460790781   -2.4895979276    5.8508825242
  -1.8350132641   -4.1607901847    8.4642114889   -1.9844205059    0.4597882860   -2.6402286972
   5.7321019866   -7.0190333517   -4.6258957314   -2.9455307285   -1.1142047895   -2.3651490973
   5.3533442330   -2.4198547384   -7.2354223447   -1.1412148888   -2.2112710816    0.2010337904
   8.4941437955    1.9913644767    3.7486794512   -4.4284916002    3.4371950653   -1.0782689407
  -5.6321896873    1.2800768499    4.9079861100   -1.4918961991   -3.7748236772   -2.5984210600
   7.8291150287   -1.1184405771    0.5324375633    5.2925820811   -1.9276026719   -0.3210785589
  -0.8672950435   -5.1289874054   -3.8980743373    0.8702307909    0.8397952809   -0.9687168721
  -5.9763811156    8.0998656272    0.4744026303    0.1217858125   -3.5247398492    0.7397694291
   7.9628132223   -3.1944276497    4.0107385415   -0.9039030841   -2.6045271772   -2.3134697850
   1.9925763927    7.9311143908    3.8606814561    1.2596496183   -1.6743667307    0.9017847815
   8.4260064402   -5.4161299075   -6.3312312358   -2.8027560326    2.1111125664   -3.8346837741
  -2.0183502394    5.4701752729   -0.6530576857    1.9459098302   -2.1934084108   -1.9947843334
  -7.7975369038   -7.7503159756    1.2063070888   -0.4510363143   -2.5518377655    0.9337642791
   5.1995474714    5.6436696023   -7.9129148228    0.2634068667    0.1298125343   -2.4266840311
   3.5875401985    5.1312339328    8.0236929226   -1.6264327528   -0.7737623696    0.0170900452
   3.4948413043   -3.3191199231   -4.3369059609    0.5032587345    1.1047056694    0.4960519238
   7.1129400332   -5.4890359005    5.5518282182   -1.3130013043   -1.9395016795   -1.1487576552
  -5.9077832219    8.4487325670    7.8621238877    2.4882522868    2.4637008012   -3.7728488443
  -2.7568954613   -6.9110390065   -7.6316313140   -1.4227514691    2.1326209473    0.4997916683
  -0.0320211596    5.2548233306   -7.0982449210   -0.0102157139   -1.8774832166   -1.3025275464
   1.5823368161   -8.4504903943    8.5020890041   -0.8599504887   -2.9939379334    1.1710094195
  -6.3155077957    5.0829399520    5.9523798615    0.2166884428   -0.6612412027    1.3281259804
   7.1082507777   -6.7724183369    6.9745314482    0.8144213711    2.7826593990   -2.5510120502
   5.1108046222   -7.6440853943    1.5692476796   -0.2651075699   -1.6211499008    1.4288508740
   2.4058463127   -1.7357247411    7.2251484260   -0.9584185202   -3.0201685546   -0.4714963648
  -7.1025732887    3.6146184253   -6.1524181102   -6.7516957923   -1.2033639557   -0.1543331122
   2.4794022566    0.8975154587    5.1189262729    2.0480587555    1.9435171068   -0.8871747389
  -3.7982808229   -0.8658931774    0.5772683065    1.5863047614    2.2192379847   -1.3777004103
  -0.1079163933    4.8165933230    7.6123710363    0.1555012531   -0.6663382006   -2.5299256543
  -1.5896450541   -4.0646052927    6.8010246446   -1.9458906657   -4.4954147484    2.7774303766
  -2.3691524681   -5.2635784040    1.8905471638   -0.2696020690    1.6793611476    1.8328169919
  -4.6473374527   -2.6514922492    7.4883972057   -5.0083628018    2.0376762103    2.9187644143
  -8.1031718116    7.4145946175    0.9636617486    0.8397957163    1.2993160136   -5.0102613146
  -7.9717196950    4.0153272838   -5.0874660018    2.0381038034    2.4440843564    1.0427354229
  -4.1463543904    0.1397343269    7.9910906511   -2.1363634028   -2.0803473547    2.5202675471
  -6.8276431485    0.6523872935    6.4185742880    5.0132570328    0.8625386248   -5.6040328340
  -4.1587418552    6.4480971745   -2.4649472599   -3.8975482910   -2.2665648244   -1.9079621940
  -5.8332361380    7.7432442850   -6.9965412959   -4.0770276187   -1.7092422321    3.7857220149
   2.8665244642    2.4007838241   -7.4295932434   -1.7525119861   -1.5538493346   -1.5759470767
  -6.5764272385    4.0495803665    5.8214427943    1.3812254122    2.5901947836   -1.7995551918
  -7.9904758063    3.1833112588   -7.1075146427   -1.5702091840    1.3108489138    2.6272296025
   5.1848145676   -0.1094269211   -0.5762482460    5.6907039762    0.5107816294    3.5043058048
  -6.5106635248    4.7662828287    0.8004861455   -2.1846422190    2.8385679776    5.0805937701
   6.6914980241    0.9177932871   -1.2860373030    5.1204573731    1.6710511003   -1.3787068907
   0.5763647091    2.7757816126    3.6954953253    1.2417857474    0.4402860719   -0.7237286765
   4.8602382072   -8.2773287790    4.9046960028   -0.0982739802   -3.9715057169    0.4663856641
  -6.0532734946   -3.4215108314   -4.7242412974   -0.8038241990   -1.8296091882    0.5783098994
   7.3368360665    3.3910747915   -5.5168076567   -5.2569402412    2.7702415844   -0.6992351327
  -6.1640857061    1.3692109691   -6.3421368101   -1.3060411933    1.5424684093   -0.3412633423
   5.7045884635    1.7613913177   -8.4808946155    0.7575883844    1.0327888983    0.4315561499
  -4.0916645376    4.2665190908   -7.6074537361    3.0153793345   -1.1285388039   -2.4482852669
   1.4466907546    4.5159131169   -4.0072227802    0.8704528649    0.7387682817    1.5920643830
   8.2405708310   -2.0121744735    3.1316270042    0.8888218752    0.1899121147    0.9426779210
   2.3809132299   -4.3913546653   -0.7555996096    5.3380566881   -0.3316383597    0.4166516566
  -4.7129815787   -1.5212581971   -4.5144320453    1.6479271675   -1.9840900838    1.8347018527
   2.3364731553   -8.2278778657   -3.7318901492    0.4520980206   -0.7482560745   -0.3078168137
  -4.0604114290   -4.1978794766   -1.0611645286    0.9489279574   -1.4543075557   -0.2167092909
   6.4947065103   -0.9454210741   -1.4083894354    0.3769741583    1.1333408292    2.2486147780
   7.7323892306   -1.5386375916   -7.7043710680    0.3682589468    4.9303604136   -0.6874114280
   3.9463443324    4.3158094027    5.8937650174    0.4269977026   -0.4127066986    2.9156923429
   0.8486138233   -5.2575152764    7.9053351233    2.1903363724    0.3822482705   -0.8228330599
  -3.2813984718   -4.9917233225    1.1431322073   -4.1377782288    0.6430741076   -1.8440637477
   4.8360446361    5.5591498749    5.2903895740   -0.4147815333   -0.0113833209   -3.0377517765
   8.1976797858   -6.3167004940    5.4576257556   -1.7609486858    3.4535684380   -1.6399792159
  -7.6172724691    0.0757661835    5.4233420714    0.0169891558   -2.0412142391   -0.2058964305
   4.5310395994    4.3122743530    1.5939834866    0.4374035067   -0.7000880719   -2.9426312187
   8.1203847031    5.7044662531    2.1119707110   -0.9446265547    3.5298833342   -2.8358514002
   1.0785936089   -7.5195498102    4.4908105028    2.6317189400   -1.8315827428   -1.2280957691
   4.6171326426    1.7296887404    7.7060607821   -2.6388364369   -0.8736889739   -1.6080731150
   1.0374463681    2.0533625662   -0.4616096236   -0.7603957595   -1.6667419809   -0.1257421720
   8.4481960450    2.9571950741    1.0019272041    3.0913300917    0.9146819588   -0.3947863782
  -8.2069756607   -4.9242418929    5.7695591216    0.3781448742    0.7962761169    2.6677633181
   1.9384721626   -2.2632652851    5.8448233984   -1.3402083945    1.5189171957    1.7305017685
   1.9668481933    2.5904941261   -2.1738198201   -3.6470888755    0.0271378235   -6.2190866446
  -2.2035406402    0.4048729559    5.9791094210    1.2199021122    0.4209971982    0.6521634439
  -2.6682191624   -5.4658813420   -7.9435806975    1.7721272524   -0.8202532211   -0.5061328358
   0.7554557999   -6.6000924323    7.1805355334    0.4354592554    2.5362922138   -0.8339471388
  -8.3718811766   -5.3894185849   -0.3139723916   -0.1111418586    2.4424493586   -3.7947778880
  -1.3351484452   -6.6449497373   -1.9234535410   -2.9496417279    1.6499374133    0.7023131881
   7.5111236128    2.8257390451   -8.4746244315    0.7909046364   -4.9553370052    2.3600726862
  -7.8628502831    5.7179209078    4.5580114067   -1.8461668102    1.5101868358   -0.2472859127
   8.4748168361   -3.8484851126    6.9562415489    1.7156424329    0.0671141956   -0.9774962173
   8.1641195288    4.9457491478    4.1838060626    2.3363132749   -1.7536057443   -0.5319193522
  -6.7693649438   -5.8295960858   -2.0526431007    0.2891928189    2.1986316144    2.5340778044
   6.7032202099    2.0585723940   -6.6858748153   -3.6883214129    2.5793226433    3.8293937099
  -1.8944506284    1.3278917103   -2.2984431264    0.3921385499    0.5915954746    0.4328690933
  -0.7601049816    1.5924887594   -4.1815852365    2.4161216665    4.9235388501    3.1236739564
  -8.3950807890   -8.1739214152   -4.9037484893   -2.4266517309   -0.4292547230    1.1748829500
  -8.3294168018    2.9669083680   -8.2859180445    2.2127400195   -0.7063497660    0.9946002872
  -0.8392137352   -3.2965683665   -5.5174411637   -1.3691271634   -5.1156771401   -0.4799342244
  -2.4156151665   -7.3732085252   -0.7218411633    1.1460813753   -0.9941868431   -0.2503518129
  -2.9007880373    7.4357629726    2.0326030736   -2.8425267606   -0.3986498187    1.4958632209
  -3.5270567340    6.5960660096    0.9922818833    0.9123791571   -1.6675937816    1.4090367100
  -3.9826011396   -0.4647022401    6.2034562256    1.2654600944    2.0534005790    0.7259415107
  -5.7268312181    7.5216314908    4.7206068382   -1.4914688819    4.3198721626    1.4256904447
   2.9770541278   -4.5004817282   -4.4338349977   -0.1233197294    8.4483011530    5.4871136949
   7.8540901207   -2.5573278130   -0.3394489817    3.1323872825   -0.1910049648   -0.6513403501
   7.8211782387    3.0009973612    1.8689982188    0.9782078760    0.5295542477    1.7826455551
   5.0091951649   -8.3048185975   -6.4458010235    1.2890390207    1.8746363725    0.1257445656
  -3.7804966138    3.3971498529   -5.7790934014   -0.1195474664    2.0614340429    0.0873402406
   7.3325857221    6.0955607720   -4.9397397529    2.6614277658   -2.8885885333   -0.1286339150
   7.4141572168   -1.4778371582    6.4591014402    2.8559151603    0.9284255441    0.1775838863
   5.5302827071    3.7230467882    4.8609618917    1.8953775743   -4.1598225081   -0.0271361782
  -7.7544342734   -4.0845716427    1.2465666834   -0.5759440153   -1.4921752119   -2.0474472307
  -8.4594176630    0.7777370920    2.2387034145   -1.3805067238   -1.2056759204   -1.6029567088
   1.7654704050    5.0881449106    0.1592289610    1.8413275263    3.0795868225   -0.4678852379
  -7.9909509917    6.4930527091   -1.1430398808    2.1413210046   -1.4181025476    0.7044390364
   0.1284851730    4.8148937280    1.3737931240    0.1030977846    1.1510060750   -0.7116296196
  -0.2090668493    6.6579250061   -7.1975296877    1.5516391092   -1.8637977555   -1.2141914944
   1.4533609076   -5.0859356529   -0.0391462396    1.2365043225    1.1138781504    1.9052896634
   3.1161157431    4.0205815870    7.2394752257    0.9432791990    4.6618290803    3.4190721942
  -1.4375619241    7.9928400197   -5.4488677991   -0.2207230356   -1.8437483442    3.0271586792
   2.2499688867   -2.0336926323    3.0865205917    1.0289566282   -1.4440766043   -1.4228723332
   1.8753061114    2.4953382790    1.7072442913    1.1856381308   -3.5678549212   -0.2077323839
  -8.5202691789    0.6285222638    0.5788181330   -2.2164172890    0.9515746317    4.8372389993
  -2.5818019540   -1.8508848997    5.2337339296    1.4674430849   -2.7927062541   -3.1831614488
   0.8279806942   -2.7452443324   -2.6657465696   -2.0494227803   -0.9569329153   -2.5096773483
  -4.2356666487   -4.2147978352    2.0052840334   -4.3367642689   -5.3340333667    0.7503862642
   8.0673073198    8.3536233473    0.3302281259   -1.4156865296    0.3129630920   -0.7845077373
   0.2933478147    2.8568125758    6.3447610391    3.1434757008    1.0344638876   -0.4575448309
  -7.0810511479   -8.0154777534   -0.6306774812   -5.6677602931   -1.7396697884    0.3639975106
  -3.9650356656   -7.5715290370    2.5817315022    4.4950659591   -0.1834698830   -0.6832001611
   2.5161555474    7.6060219580   -3.8214409736    0.4471832087    2.1132846875   -1.3643395136
   4.0206756167   -7.1117753740    3.7933713004   -1.8573649094    2.0465634531    1.1889712860
   5.5892606876   -8.1334590919    2.1337762094   -0.8033991553   -0.1946965102    0.3158595159
   3.4598472291    4.5948364928   -1.3492252236    0.3338412175   -1.0010495808   -1.8559863462
  -6.6082305479    4.3368309266   -8.0070402629   -1.2916248100   -1.1051354119    2.1929123082
   7.5941559003   -2.7138457940    1.1607855896    1.2580762546    2.8219273478    2.8659174458
   2.1913627511   -2.7024797617    8.1647971170    0.2470490155   -1.4017688129    0.2508845005
   8.1205985659    1.4855726490   -6.3993346837    2.0071684267   -2.5416217867   -1.8697206917
   5.0166733049   -6.7682636916    5.3537770023    4.0910845550    2.0163987221   -0.5492428487
  -6.9563983379   -4.1234403226   -2.9784419203    3.1318717326    1.1491282017    3.5230825282
  -4.8324146213   -5.6307343312    4.7182077853    0.1429717380    1.4653337976   -5.2811733881
   7.2986678916    5.3727683205   -6.3161156747   -2.9231999436   -2.3562133745    0.4175624230
   8.0038815981    4.3755897608    5.6524870866   -0.7065995512   -1.3341071383   -1.6981947993
   1.4509124468   -8.0403565776    7.0868808103   -1.1878921173    1.7107125024   -2.3486437798
   1.3303774320    3.0930628188    2.6815576880   -4.9590899330    0.9753815618    3.4143015225
  -3.4087419250    3.1461678256   -1.9103505166    0.4329080591   -0.4498767343    1.7298748861
  -2.0229487710   -1.4144916696   -4.6503220120    0.5160618625   -1.2077791664    0.1161503864
   4.1498571833    2.8859626349   -0.0908449242   -1.5908108644   -0.5201285815    3.8861505674
   0.6425009565   -1.1658179522   -3.2127959084   -4.6352278069    1.6876956674    2.9320195018
   4.9928428621    4.8256473459    7.7926129169   -1.5000469518   -0.5655305994    2.1309975866
   5.4673088715    6.4696761235    6.8323419095   -1.3824145112   -2.7710686858   -2.9612374287
  -2.4253954066   -5.0035207245    8.0388272813   -0.0926282903   -0.2497518797    0.8775746429
   5.0998134516    2.7368706841    5.2946855004    1.7597506049    0.7199233033   -2.9498662568
  -1.3170366481    4.8490855225   -5.0696170337   -1.3753048212   -0.3760659747   -2.4607274635
  -0.3202363593   -4.7608790571   -7.1801752372   -0.8311335662    1.2120573626   -0.7414812269
   4.1361445767   -7.5676282042   -0.6686630603    3.6551123874   -2.2954029133   -2.0688590649
  -5.4121582470   -4.0920375854    1.0958568153   -0.3697747852   -0.4340829016   -0.2459005835
   5.4939058144   -6.4127032933    1.3190631756   -0.6782620891   -2.2736770529    0.2302774821
  -3.6254945905   -6.4871296138   -5.3922350296   -0.0559596828   -1.3722938600   -3.9454523908
   7.0502117127   -7.4837975721   -0.2007206749    2.8107063125   -3.8377150952   -4.9767067724
  -5.8481784398   -5.7349815395   -2.5196896726   -1.8865422272   -1.0547517350   -2.1603229643
  -2.7049391067    0.2382923307   -7.3028608350    1.3756903685   -1.7778121101    0.9791825965
  -4.4632725403    1.2817264986    0.0571906330    1.5072152208    3.3406601036    2.5390307239
  -3.4515458479   -0.3299912300    7.3549846472    2.3517757795    2.6453392852   -0.9822242122
  -3.1831462729    3.3063536486    3.5464464363    0.8639696856   -2.3036063639   -1.1808699707
  -6.0120014686    2.0982228623    7.9855724849   -2.7626799004   -0.4392570825   -2.3347639853
  -6.2594874457    7.1644747173   -2.8769415972   -0.3514261203   -0.0015902680   -0.5473951298
  -4.8020383615   -6.6281189859   -0.1956273385    1.1505137236    1.3491918299   -1.0325565939
   1.8724367923   -2.3147153414   -3.0998831574    1.5326606526    2.1431391792   -1.4271863588
   8.0254847384   -0.2471802236   -1.8195740731   -3.4959072175   -1.4222334540   -0.2733248864
  -3.1931679928    2.2620958390    6.2141332855    0.5709958469   -3.0400905939    0.3445895150
  -2.7957239070   -0.6998930800   -1.6654680322   -1.2380379763    2.7023368187    2.1818614008
  -3.4249893340   -8.2696827547   -0.0368769323    1.0594414071    1.8863793344   -1.4360570075
   4.9272488560   -2.8235364369   -8.3799538826    0.7382732919   -2.4508280178    1.7727560809
  -1.8132778706   -5.8657456666    5.6396418065   -1.3360542490    0.8001586780   -3.3539142193
   1.1322169989    0.0569943954   -2.2543192060   -0.0779001754   -3.7976497940    1.6375112410
  -5.1023233763   -3.9372863210   -6.1801722464    3.9146064013   -3.2124719008   -1.2861675746
  -4.3158211414   -0.8116109257    7.5944929461    1.7385264858   -0.9563037534    0.7148393422
   6.4774111019    5.1840403697    5.4035021266   -4.9183063313    1.5155039135    0.5848260477
   3.0641450115   -7.2985684576   -4.1214241682   -0.0221340333   -0.7033667909   -1.5205132217
  -5.9231524089    2.0228601538    1.4864780272   -5.0605628307    2.8637461154    1.8074760315
   2.2067809237    4.2509640914    5.6260181415    2.3799825108   -1.0266637717   -1.0967903793
   6.7958326717   -6.7270168014    1.1093777374   -0.1790960839   -1.4547264066    1.8158162282
  -3.7562589089   -1.5026297912    7.1387266729    1.3252060212    0.1407705014   -0.3831800230
  -2.5229032317   -2.8442230362    4.0037399700   -1.3064932123    0.3733465201    0.2386124143
  -6.3560197056    6.8440614566    3.9105742915    1.5741234165   -1.6387769058   -3.7710111985
   5.5800373365   -1.3434157012   -7.9153523202    2.9047994368    2.5138799352   -2.8203100101
   3.3776102835    7.9968339768   -3.8849441827   -1.7854982393   -0.3012612672    4.4102779763
   0.1247957411   -5.7535964104    4.9986356112    3.2173105426    3.0563275823    0.0958889795
  -0.0969507736   -4.5095228735   -2.2513603192   -1.6331280252   -0.0854732660    0.4235458148
   4.2723411266   -2.8322684980    4.8172133775   -2.5140695115    0.6014717117    3.5078374750
  -7.8454941612   -3.6454334334   -2.0450073161   -0.7365970778    1.7730563531    0.1636087613
   5.2534648404   -2.1339052964    6.3448575812   -2.2032164434   -3.8477181588    2.3861276130
   7.0915368289    5.1111742523    6.9138298825   -1.1793752051   -2.8045700889   -1.8684909731
  -4.7979887593    1.0317618641   -2.6252151324   -1.1608876051    1.4399046748   -0.2236486790
  -1.5558745380   -2.0014762194   -3.6811725850    2.1276726008   -0.1727047879   -0.4437301055
  -4.2336680489   -4.6653996565   -1.9909698454    1.7487333512   -0.2279653025   -2.2751159990
  -3.7424087989   -0.7560182000   -1.9854012555    0.7568885740    0.7149426857   -0.6301554187
   1.3166644295   -5.2850140282   -8.1400451134   -1.2418094289    2.4736248339    0.0476766052
  -2.6983563231    1.4702654017   -1.4095029046    2.3299281547    3.8860695886    0.0417775276
  -4.7089459986    6.7452626806   -5.3450349313    2.0052957550    5.8492956011   -0.9127730495
  -4.3671164042    0.5540248982    5.7918274688    1.5873104159    2.6907556426   -5.2346132798
   1.9447524544    2.4965505980   -5.0090655724    1.4138788023    1.0241521000    2.3967322913
  -3.3323820924   -8.2846728297    6.9706303059    2.0521936698    2.3676035929    1.8696719478
   2.9522097412   -1.7220227960   -7.1373304773    2.7595123401    1.9098731814   -2.7078338752
   7.9402585286    3.2465002466    2.8735475544   -1.7627655690    1.0706886094   -5.4584335819
  -4.5394590447   -2.7001171658    0.0936738535   -2.8829560143   -0.0382098609   -3.5699833606
  -0.0333434557   -3.1549704901   -4.1536411606   -0.3861997186    0.0229801101   -1.1669956940
  -2.4918948009    1.0818612065    1.3744003357   -0.9664688328    4.6151399167   -3.0923650209
  -6.8983207452   -1.5002467520   -3.1867654457   -1.4643769480    2.3398617642   -0.3587458225
   3.7905383247   -5.9583620599   -3.2901954265    4.5765579401   -1.9042098351   -0.7305248804
  -5.8389085215    1.9834817587   -4.6733964771    0.4154953121    2.3421777462    3.8331823175
  -1.9988828759   -7.2633811159   -8.5148022220   -2.4055723832   -1.4309061392   -1.5366126689
   1.2815978666   -3.6076614281    1.5458553136   -0.8342226483   -4.9921867103    2.8076600777
  -2.3055705385    0.1535841479   -3.2773171453    0.1296014311   -0.9069484717    2.3474786504
  -3.6418667312    4.1320853065   -0.1589801345    0.1729851149   -1.6966481830   -1.3958178998
   4.9736049293   -7.4332610342   -5.4159796268   -3.0703555315   -0.5295611017   -3.6984506018
   7.1633696818   -3.3134956968    0.2742554361   -1.2014357311   -0.8778682941    0.8932651765
   7.0338139701   -1.6210036211   -0.1078443144   -3.0369316138    6.4862027743    1.2635519779
  -7.6217563263    5.9196040274   -4.4627802175    0.9713238328   -1.7174758036    2.2505607842
  -0.8090231900   -1.8848758994   -7.2188047930    2.0720734333   -0.2480144769    0.4941261801
   8.5248383537   -8.1376223880    8.0420439704    6.0958795934    1.3181622909   -5.2075323690
   3.9558925633    7.9325642244    3.4212781443   -2.6088083767    2.1606432425   -3.4470980299
  -1.8952239259   -8.4177336760   -0.2112442775   -2.4680961096    1.1136446790    3.0987312612
   4.1140108378   -0.1781606741   -2.2979074592    2.1801761913   -2.6045031275    2.5977941320
  -8.2011354817   -7.5173421930    4.3135212717   -0.6763871044   -3.4481638199    5.3925145288
   7.4017196059   -6.4725787718    7.9809072673    0.2217124386   -1.3227011970    0.6722064614
   0.7765539085    5.6512522801    7.0304784064    0.3953834128   -2.1717719121   -4.6530805204
  -7.0041012774    3.0172323663   -7.1975206531   -0.3360823963    0.4950114936   -0.0880165569
   3.8001702802   -0.9784425806   -7.3233509147   -1.3101539321   -0.2123366526   -0.4610100665
  -2.8399279375   -1.6183586104   -0.9805114304   -2.1353864492    0.7202376631    3.4179780775
   0.7798966642    8.4069989871   -2.0635999630    0.4949172721   -2.7474426775    3.1247897657
  -6.4483418318    2.4880825709    2.1729460712    0.0709712666   -0.6067067809    0.6067001099
  -6.2558836314   -6.1782671041    1.4104073051   -1.6539926739   -0.0010743065    1.7662790208
  -7.0660141870   -7.8222830427   -4.5515820400   -1.3509748537   -2.0471481404    3.4566826408
   6.6188574947    3.6702169739    6.4187443746   -3.0959401582    1.4066084675    1.1550580393
   8.0749021396    4.7708861699    2.6355076041    2.0446381205    1.2409636534    1.8503268095
  -4.9176426498   -0.3341727491   -5.7920027739   -1.6028277641    3.2194695877    1.8525461039
   3.2203446665   -3.3990308487    1.8887675123   -1.5309557010   -2.7185721023    2.6637432647
   2.0025554844    1.8899907119    7.6549890383   -3.2661810758   -0.3598510410    1.1960143910
   1.4867808410   -5.7784066629    6.2393547570    0.8460948763    0.3875120720   -2.4604746474
   0.0214506216   -7.3421242512    3.8073091099    2.9996969797    2.2657658999    2.6719342552
  -2.1047855531    3.1302579012    0.2287132022    1.7595082800    0.2509506702    1.0050333974
  -4.1359223679    8.4640501545    1.6752759409    0.8502085457   -2.8490654662    3.1502803723
   6.0394055235   -3.5218403322    2.8486847985   -1.3242334512    2.0272535431   -0.7874592513
  -6.6303759456    0.3410151264   -7.8703922480    4.3305796294   -1.1861160771   -1.7609356635
   0.3088933140    8.4775527577   -0.2225210570    0.1986808001    0.2228162077    1.2021511467
  -0.1818090247    0.3845661997   -6.2929397226   -0.7498177360    0.3750689416   -1.5683736204
  -0.6880615342    0.5675862183    0.4505285613   -0.5409142470   -2.9550525283    0.0047791338
  -7.7915861169   -4.7892161805    4.4960098579    0.3370550582   -1.7216000472   -1.2972292083
   8.3020129561   -6.2604974119   -6.0684891156   -5.4170683638   -2.0709502741    4.0807067057
  -0.6970025199   -2.0801120312    6.3091876501    1.6340942210   -0.0349830166    0.8670760404
   7.1737539418    0.8212147702    1.6406414972   -2.6152838616   -0.8819831409    1.4221144381
  -5.8554306338   -0.7897615211    3.2680171019    0.6616633690    3.0344484081    0.0094582485
   0.9871983328   -1.7335268665    0.8373083848    0.4036684992   -1.0680555109    4.4181947832
  -6.6642492770    5.5513865424   -1.6655997051   -1.0646816876   -0.9120151910    1.9783870584
   1.3872642077    7.4973142965   -8.1033045449   -3.0277852271    2.0788367227   -1.1652860603
   7.0910346275   -6.8964099380   -2.9670173152    0.4718165447   -2.7036091690   -3.4770403494
   2.0880489536   -6.3615760074   -2.1704125365    0.7333852798   -1.9394176503   -1.7352610230
  -3.2093930431    4.6762534696    7.2454270293    2.8961298675    1.0045738571    2.9361669605
   0.6571002699    7.5831535126   -4.5947670060    2.0320329375   -2.3127262234    5.2403380584
  -4.5462698955   -1.6000478200    4.5132597104   -1.0888645318   -3.0725220343   -2.0217178862
   3.0835220889   -2.8442039321   -3.3542203186   -1.8822557103    0.0509206262    1.2994207520
   8.4268486293   -2.2851325945    4.6642958121    1.0995731679   -0.4942666609    1.1456800521
  -5.8780556983    5.8194870864   -3.0010365094   -1.2565698810    1.2135610129   -0.2668189798
  -4.1397770922   -7.0776640573    3.6113145216   -1.0124047616   -1.4096854572   -0.7717945938
   7.6458750481    8.4207238623    7.4763818459   -0.2304167303   -0.2488737578   -0.8033821161
  -0.7557301622   -1.4798628142   -6.3025395785   -1.4916067711   -1.6766774733   -1.8287789063
   5.9940400152   -8.0164801371    5.4662502112   -0.8842903397   -4.9117700370   -1.2216099163
  -1.2050470467    6.1906542975   -7.8396323426    1.9086646911   -0.0706969804    2.5621899043
  -6.5497967032   -0.3311762367    0.4402704009   -7.7346314347   -1.1873698944   -4.2998084843
   6.4896177327    8.2814714282    3.4014164190   -3.7606573172    1.8713079488   -2.5174460815
   8.0571447081   -1.4185630823    8.4133167117   -4.0412956966   -2.9281286059    1.6753687588
   1.0727690077    0.8157687612   -6.9747317124   -4.6075159251    3.9198755930    1.8737966292
  -6.7333417440   -6.8365701347    5.3781621360   -0.3134632262    0.9581370017   -2.9858733048
  -1.3761874991   -6.3616719189   -3.0878882255    1.3134565566   -1.0504562148   -3.5947681585
   1.7121239433    0.1809166368    8.0519830085    0.6912714315    0.0324891340    3.7959529850
  -2.8027322760    5.6079758228    6.8399776690    1.1490949005    0.9911498802    2.4703325999
  -0.0491124009   -6.0233029189   -4.3847091338   -2.6661823084   -1.2924374108    0.8896300466
  -4.5617394681   -6.6141891042    2.5984730787    0.6734020413   -1.5344372471   -2.1534420818
  -2.2089210866    4.0806602699   -3.9290511291    1.7272556345   -0.9873844141   -1.2600753400
  -1.5987551237   -2.6856319084    8.1814737223   -0.3029877457    0.1715831967    2.5396051114
   7.7748998224   -6.6887263441   -5.2509718327    2.2179201133    1.7914336238   -1.2247048341
   6.5815745265   -1.3482295451    5.0995356430   -2.1341510987   -0.3338044650    2.6779909516
  -4.6279154242    1.5467913570    4.2613971545   -0.3479266302    2.6404806840   -1.8965194983
   5.6826012811   -0.9181844722    1.2997098507    0.9407275908    2.1196084559   -2.3413445344
  -2.7860716880    6.3769854723   -3.6505960985    0.3881642869    1.7254192145    4.3458967131
   5.2146722247   -2.4154413886    3.0397228954   -1.8805569060   -0.3862606765   -0.5602952416
  -4.4201833084    5.8121269413    0.4760471078   -5.0267680460    1.8512652906   -0.9117875052
  -6.6453462420   -7.8506479268    5.6847374006    1.7926199481   -0.6663730842   -1.2337171108
   4.1068625402    0.9881571628   -3.8368723660   -5.4682563640    0.8317295147    2.0381794840
   6.3230038855    5.1633918496   -1.5951857590    0.1535996089   -2.9080007892   -1.1970600076
  -0.5937864915    3.5684707662   -3.7941246015    1.5825110715   -1.9318864895    1.8374259425
   4.7947275533   -1.6109876414   -2.5984992095    6.1294656892   -2.3607721527   -0.2940182440
   4.3973648283    2.2658157416   -1.4483255736   -0.3907652775    0.1884539843    1.5759474109
  -5.1442654024    2.8419174010   -4.2913309267    3.9603403827   -0.0160055919   -0.5744963576
   2.4242247906   -6.6503861057    2.4962379571    2.8353295977   -1.8254481973    2.6080411775
  -1.8456544460   -4.6742973168   -7.2316787258    2.1702967836    1.2191202352    4.5490726569
  -0.7301437190   -3.3345741807   -2.8802201554    3.7971537665    0.5526149856    1.4407983670
  -0.1928708904   -4.9720515727   -0.0615907116    3.3884685240   -0.3157833678    3.6385605153
  -7.9188823724    2.2280836084   -0.0393227872    1.5242498965   -1.0092056358    2.0581468447
   4.1717972460   -5.9333661080   -1.7275819897    2.1403717899    2.6334359722    2.8511229239
   7.3460543341    0.0400753776    4.9821175361   -3.8669173728   -0.6684531465   -0.8512600307
   4.4466639382   -6.8389219525    8.3597781434   -0.9165604567   -2.4933160976    2.0127806624
   6.7983013352   -3.1429546265   -8.2197666557   -7.8937546132    0.2868681595   -2.7654349448
   1.3480962933   -0.1118888152    1.6884192308   -1.9480258388    3.3867834056    0.2316958311
  -6.8274241660    7.1484463152    3.0000852946   -0.2239741095    1.5441305041   -1.3187817102
   1.1353117225    0.1667339184    6.7576046314   -1.3695249258    1.5253251090   -1.3742053656
  -4.7089811544    1.3637149630   -4.1586557277   -2.5980701401   -2.2246170258   -1.6618676811
   4.9333851213    6.6583221484    3.7245734711   -0.9035878277    1.9133866866    1.2806949464
   3.2703646567   -0.0556902820   -6.2548384450   -0.2608178825   -1.0074748545   -3.2038378080
   3.9179279743   -3.9295122030   -2.4053184401   -2.9090950811   -1.0265170681    2.0996951280
   3.3329412278    0.1850919830   -8.0934314964   -2.3667004733   -2.4653142284   -2.3743868168
   8.5158519276   -8.0613497299    0.9454228678   -1.6288310598   -4.8149918864   -3.9169998847
  -0.9373232548    7.6869781708    3.1682392459   -4.2261006520   -2.2810749195    1.6837059175
  -3.8326605060   -1.6164086289   -0.9914225446   -0.3776567373   -0.0925014696    0.6314534965
  -6.5831863815    8.3226857614   -7.3592379552    0.3061377163    1.3028740341    0.3725376882
  -5.5548963602   -6.9619564093    5.6201150866    3.5295511288    0.9269257103    1.3860461657
  -5.1479692883    3.6040261073    6.0402054037    3.1644435202   -0.4817951538    2.3640109021
   2.7641138070   -3.2283886956    5.9155919585   -0.7951612042   -2.9013392887   -3.2884065698
  -7.0483375649    1.4548355483    2.6781307334   -0.1265328601   -1.6467051028   -0.0311452332
   8.4100373483    7.4103408661    0.0811756303   -2.0338071579   -1.0024574758   -1.2019924905
   6.6706464817    0.1874100670   -4.2140956728    1.4058679104    1.3553525174    2.6970497972
  -6.7474167314   -3.6452554421    0.9850614212    0.7441597499   -3.9991998194    3.7248145989
   7.3394835923   -5.2109000210    7.0671427795   -3.9212709553    0.3313272714   -1.6699661334
   1.5062800875   -3.0302451208   -1.2017107540    2.7431690502    0.1421914125   -3.2123705688
  -8.3008444701    3.3581242334   -4.4117124377    2.4563543129    0.8047763394   -2.3679035306
   2.1154252647    2.1668361260   -0.5530326104   -1.3451335071    2.1684609202   -1.5883013907
   8.3679241969    1.6143238838   -1.4792438946    3.4410574928    1.3370501140   -1.0472286274
   2.7433807062   -5.5392085910   -1.6545775257    0.2850638605    1.7510336148    1.3522181167
   6.8866075385    4.2646466525    7.5254790002    2.7060217594   -3.8102877434    3.3124882100
  -6.9498280909    7.7820540995    0.7508413251   -3.5722537947   -0.7139079745    1.0670008238
   3.2157362234    3.8408750278   -1.9602471701   -1.2227007471   -0.1385151134   -2.1194640451
   1.6797525169    3.7778374329    6.8152376564   -0.7194637128    0.2992422294   -0.4381883259
   2.9019511193   -0.6457685724    5.7786209429    0.1061880713    0.2550217226   -2.2636121338
  -4.9777164420    1.6971449626   -5.0150397832    0.9460158493    1.3266730892    1.5484568412
   4.5616072044   -3.5205201261    5.4675136219   -1.3881632544    1.6200244973    2.7184192860
  -6.0396597239    5.5285662316   -6.5595535360    2.8608091354   -0.5557723924    0.9748358700
   7.8991977538    3.5926486462    8.1001327493   -5.9230319557    1.5535150576   -4.9627134338
   7.4952337534   -5.0772265084   -2.4852275266    3.4889977909    0.6150581103    1.7220077029
  -3.6374304484    1.2882723046    1.3998738088    1.5229059293   -0.2266578736   -0.1256957853
  -3.9184894999    8.0210234912   -1.4878654679    3.7050260264   -0.8540692949   -1.9454057368
   8.2619905083   -1.7243804123   -1.2542861048    0.1336806003   -1.5752922009    1.7168537736
  -4.3458035043    3.6266854577   -6.7716115077    0.3943491709   -0.4519385904    1.1120686846
  -7.4086356286   -7.2805671748   -2.4618906168    3.2227900991   -5.9157683958   -1.3324924462
  -4.4518680169   -5.0069049978   -6.9220156715   -1.4886182908    0.6949430412   -0.6316258488
  -6.4427952256   -4.0843499738    8.3512476521    0.1986019707    2.0803771805   -0.7648736124
   5.9206210570   -0.2889783321    3.2302375695    0.8006791471   -2.3198061238   -1.9665648331
  -4.0839770416    5.6292645727   -1.7171481368   -1.7609298963    1.3868245712    0.8154294457
   5.7384621694    8.1937513569    4.7601449517    0.5544718857   -2.1700564424    1.3747402871
  -2.6906131729    2.9508573110   -4.6153308318   -0.3856333339    0.7799565348    0.4800250724
   5.9038491290    1.2801526091    3.4326074048    0.0888547068   -2.7939533606    1.1725571052
  -7.7176953503   -0.9345317850   -1.3021277462    2.4191086019    1.1118988997    6.9118297244
  -7.5647307820   -2.6624187751   -2.7364665759   -0.5024381673   -2.4792640210    1.1467833543
   0.6819397880    4.8864735047   -1.5166609097    1.4729236506   -3.8016245449   -3.9925707481
   4.1729722862    2.8494171401   -3.2482945448    1.2249576771   -3.0260030588   -3.7677807165
  -7.1922502869   -4.3417264497    2.6533421367   -0.1605129502    0.3354379081    1.4567387184
  -2.3419453473    4.0927441153   -1.5386229172    4.5858183400   -2.1746013965   -1.4763305284
  -2.7327273982    7.1979297195    0.7020615507   -1.0790726397   -0.4698020075    0.3950149650
   2.9800151152   -6.1479260261   -5.2830818160   -2.2941453106   -0.8926438988    0.0371275317
   1.0590706366   -4.6848412896   -1.5238911723   -1.2017447179    1.9008991989   -4.6245176806
   6.3773448354    4.3330000225    2.3035148917   -0.2453235728   -0.2969375832    2.1323107517
  -8.2084262400    3.0282467933   -1.1287199612   -3.3256400266    0.2530267481    1.3244206438
   1.0713078958   -8.0208049213   -6.5953903813   -0.5220172216   -0.6516057840   -3.0035154288
  -7.0833159910    5.7590493899    0.7237301320   -3.3159937501    1.2070440585    1.4404546121
  -6.5488333429   -1.8356066186   -7.6505661290    1.9664102480   -0.8001026403    3.2243077444
  -8.3696853771   -8.2786542826   -2.9694733889   -1.1092857626    2.2115752279    0.2728801189
   5.3897649318   -6.8887517725    4.3312609864   -1.0642828133   -1.6608166837   -1.7631861174
  -5.2459296139   -0.4322659585    0.3775168066   -1.2666714832    1.3716689451    0.9479333066
   0.6854963767    6.0630380391    0.9724058496   -1.8101763298    2.2871281031   -0.4393045276
  -8.1830420239   -6.3782924748   -3.3320508650    2.0847946999   -2.9544747423   -2.7521190441
   1.0182378720    2.8181218712   -3.8068922826    2.2488119938    0.5394173229   -0.7699137878
   6.8797924653   -0.1952883145    2.7501360591    1.0528921540    0.2983015250   -0.1981884245
   7.2289459366   -4.6979956774    0.6644679733    0.2136532323   -0.5520842257   -4.3152469433
   1.9100949667    4.9499639785    6.4773305435   -1.0638680907   -0.1887396633   -0.8713215099
  -4.4362073294    7.8513502510   -6.1559279544    1.6631138470   -0.4555979367    2.5976407527
   6.4881926882    1.4720743914    2.4505284943   -0.7230385507    3.0549809289    0.1237228656
  -6.6731918129   -1.0411413985    7.0136793250    2.0747906022    2.3543149182    3.1300482170
  -0.5165529135   -0.4813674292    3.4104251255    1.1644584909    0.1175434881   -1.5779200490
   0.8001073219   -4.9926561829    2.6286825218   -2.5497799323   -1.9196343866    0.9030063184
   0.4767692946   -6.7197543971    1.5867478416   -0.4588007339    2.8725859586    2.8083799618
   0.8769623735   -7.2038041623   -7.5067577061   -1.4758297027   -0.8330915333   -2.1154499200
  -6.1506879997   -4.6776769603   -0.0917437479    0.0292386337   -3.0860598566    4.4085112846
  -1.8019973460    6.8057587185   -6.3430762006   -2.9177759801   -0.3953678275   -3.5958029344
   0.2003269271   -1.2210705916    7.8162299155   -1.1974198757   -1.3764449905    3.2893680041
   5.6304906924   -4.9430142759    0.6967727964   -0.3293510262   -0.1272103788   -3.3038916336
  -5.7646841410    0.9634538837    1.2980811167   -3.8954724466    1.4826765198   -0.2309295388
  -5.9481713245   -5.7352309351   -6.1868139435   -0.3744247428   -0.2603989903   -0.6839351501
   4.1989009473   -5.9759295309    6.8768635473   -0.5744585171   -2.6856148135   -1.6835063244
   4.1275399237   -3.8322460862   -7.5329971928   -1.1710160532   -4.9489633642    5.7900683582
   3.8218548287   -3.2482045261    1.1033408195   -0.9405969947    1.6641834413   -5.0774195538
  -4.5088912968   -7.2730744277   -8.3744436042    1.2303324372   -0.2785407449   -1.6264917090
  -4.0550934604    0.9474178480   -4.7942883349    0.6624338349    0.1030894271   -2.3315940909
  -2.3190568439    5.3038316656   -3.7868397469   -1.9590328365    1.5346645882   -4.2722050321
  -1.9212124022    6.5508482098    2.4170101692   -1.1997434873   -2.1839246231   -3.7130772056
   5.0188324848    5.0709802976   -5.7741283840   -3.0925478038   -0.4862213145    3.0558857773
   6.6577526907   -1.2795995574    7.6338822285   -2.9241742963    2.7517487328    0.2656995363
  -1.6196016898    4.0591308576   -2.1709811388    0.1490621665    1.8800816175    5.5533857699
  -2.4732238973    7.8787123880   -4.3190359418    1.7694774885   -3.4433727523    3.3527047510
  -5.8260845363    1.3708855237   -1.1374929599   -1.0706368017    0.6688147182    1.3058513251
   0.6549024802    7.9366477764   -1.1396669021    1.1030712018    1.8899398594    0.4150452726
  -8.0332176043   -5.5241450778    1.4126588717    1.6065533690   -0.3222445712   -0.4790613181
  -2.0609320523    1.8174824780   -7.5718318185    2.6732307240    0.2556267145   -0.2841463076
   2.4152015385   -6.1861098037   -4.1646403050    1.5808465413    0.0510092392   -6.7178115796
  -4.7629606068    1.7815131302   -6.7755978220    3.6547228350   -0.7330861049   -0.7939225606
   4.7297621143    4.0836990247   -5.0577186864    1.4512766168    2.4940195442    1.6107629896
  -3.1000043200   -3.8030050268   -1.7405294310   -0.9773668083   -0.0028965803   -0.3036367067
   2.3285291588    2.1138938271   -6.7167112873    0.5629300893   -1.6281931712   -0.6628587623
   0.8653025303    6.5675350877   -7.4225431890   -0.8536554348   -2.5250576220   -0.6543671827
  -0.9004958953    1.9495940053    2.4041941397    0.9165411310    0.9556921924    0.7988207672
   0.0217144524   -2.7757362990    3.3794407770    0.2240441881    2.1753495663   -1.5754702861
   5.7569854724   -7.7274459673    4.3122710046    3.8435439614    1.3883308611    1.4829759323
  -6.2521871967    5.9005477092   -7.4255254073   -0.6851360859    5.2999843911    2.0203372255
   0.6440616263    4.6987990055    5.8540903687    2.4249929615    0.2629049218   -0.4658024845
   4.0757017359   -0.5793543593   -0.0537125373    3.0585252517    3.2787571820    0.2656304257
  -1.9009827125   -7.8841116643   -7.1507349515   -1.8457397568   -1.4971788935   -1.4412958969
   3.0774962371   -2.3229075553   -1.3065543552   -1.0927958145   -1.9087151028    1.2967763202
  -3.7897265229    4.4967117075    3.5019247018    2.8795516264    2.0649796380   -0.6028918474
   4.3816634968    6.9951857784    6.2164619207   -2.8290368392    2.0027795466   -1.4130588130
  -0.6360351057   -1.0105684469   -2.9049399255    1.6514001216    1.6372456741    0.0275388136
  -3.9548041058   -8.3979008611    4.4217927858    1.7215565411    2.1378994317   -3.5805587624
  -5.0655299437   -2.1449402870   -7.2318096532    3.2210828891    0.6733027967   -0.7425377067
   7.1487823813   -7.5099137731    2.6219990736   -2.0353969287   -2.2449777413    1.7358160505
   7.5887586371    5.4785335751    4.8402405363   -2.8249735790    0.1353013648   -0.7310479055
   5.5656613070    3.0041912818   -2.4937298680   -1.1120178612    2.0785374474   -3.7227925934
  -4.0363020802    3.9240217352    2.5440566124   -1.1754004280   -1.3966707282   -0.8726426791
   3.3030107537    0.1522229656   -3.9631315805   -1.1244724327    2.4874060649   -0.3106037022
   1.3938857296   -1.5352810131   -5.4962069699   -0.0894645176    0.2426913646    1.1777771416
  -5.0300605575   -5.7873071500   -7.4629489379   -1.3182531313   -3.4597450829    2.8185220406
  -0.1709040760   -2.8169745199    4.5397354638    2.3948832684   -0.5470573314   -0.4160202231
  -4.0470546226   -6.9337829550    0.3091860007   -2.7528437207    0.1066711095   -4.1442750448
   0.6010546040   -1.2460169267    5.7228652573   -3.6800082747    2.2628695117    0.8931993880
   6.6062842824   -3.6365133099    7.3335110231   -0.6227268280   -4.0440021674   -4.5827036622
  -0.6744177769    6.6775628643    3.0089301557   -0.3764751932   -2.3273718679   -0.0491415027
   7.6150719320    2.5597644573    7.6183137259    1.5869440120    0.7463414645   -1.4857327064
  -0.3412753343    7.0957636529   -0.9439891641    0.3566161704    2.5375396593   -0.2511204104
  -0.0457716163    3.7079062569   -1.0944239645    1.9437686304    2.1159351221    3.8491127587
  -3.8107354688    5.7296510362   -7.7130150487    1.8295332517   -0.6110118001   -4.3589808723
  -6.8088979757   -7.2012285935    0.2981977219   -3.6320474179   -1.5940146383    3.6052531915
  -4.2917050935   -1.3993838959   -7.3126433727    4.9601222305   -3.2271165688   -3.7550867575
  -6.2099373219   -4.6252922216   -5.2704374043   -0.9255383957   -6.6018452459    3.4839385075
  -3.0203376224    1.0083439684    3.9902890093    0.3135299796    1.4571708444   -0.8976870250
   3.2672674830    5.6634763826    1.5017689715    0.4218504133    1.1004441774   -0.6139046574
  -8.3505399844    0.4285781853   -6.8378670072   -0.9636150139   -6.6173630750   -1.8545892994
  -3.9958755437    5.1799919553   -2.9434846007    1.1892391137    3.1210629423   -3.1455845804
  -7.2027146431   -0.3962072345   -7.8399763844    0.8684611428    0.1543297840    2.6828078894
  -0.1828065499    2.0042383493   -8.1525029757    0.7054800806    0.3920202221    1.9103786921
  -3.3572422451    7.3672964778   -3.5924014890   -3.7319389612    0.0000636465    2.6365947787
   2.1989028724   -8.0064649263   -1.8987007569    0.8329756515   -1.1367382188    0.8510224060
  -1.3195974345    2.4088231595   -7.9052842602   -0.7536193069   -0.2678765413   -3.2438603750
  -6.4326806500   -3.2438769456    2.3804430200   -0.0221091853    2.2667156705    2.2107405301
  -5.9747453404    5.5984787369   -0.1522963702   -1.1056553367    0.8731314162    2.0913906151
  -0.2162641621   -3.4052748000    8.5005068902   -1.3391129873   -0.4008558832    2.5914638966
   1.6587696398    5.1777656598    8.3542711217    3.8477461441   -0.2152905115    1.0489130171
  -4.5588377509    7.8879595622    3.4031681138   -0.7118257500    3.0786955290   -0.9296963818
   2.5953491969   -1.0381236478   -4.3079454831   -1.2027259727   -1.8361032107    1.0463251957
  -3.4938526862   -2.2254088760    5.8385990061    2.5094443854   -0.5230906155    4.2029971678
  -1.0319649718    3.7546277538    4.3188232058   -0.1104661309    2.4273588055    1.3937977328
  -6.7809559840    1.2032793641   -4.0004892828   -3.4609914283    3.3286785335    2.9155460260
  -4.6516438580    6.0638197164    1.6709587095    0.6299172425    3.4271128712    0.8662204118
   8.1615178371    7.6096565327    5.0237808760   -3.7410933904    2.8601231327   -2.7787713470
   0.4823445839    7.1461255521    5.7986554220   -4.0665842860    3.3937954933    4.7651842354
   2.1732269181    4.4934143836    0.8241025167    2.5512824096   -0.0000811495   -2.0095688930
  -5.3800001442    4.8375011288   -5.9086658784    3.0863892220    2.9169194891   -0.9832456301
  -3.7191286008   -0.3295645008    4.7986769737    2.5492513961    0.6781908239   -4.3165579482
  -6.9761095131   -5.3472730883    0.0225778553    0.7034607419   -0.8430643272    2.1691073098
  -1.6572966206   -7.9146206328    4.1045186889   -1.5969377613    1.0359904226    4.2288964860
   3.5571216875   -6.5686654052   -2.3765721987   -0.0608110407   -1.2055860984    1.3018825238
  -4.1551739121   -2.3132361658    8.1520010933   -0.9631118214   -2.0831818947    1.0303597105
  -2.8304010043   -8.1426291365   -8.2999194301    0.0744425578   -1.5133914952   -1.0319572604
   0.0426071025    8.5103429665    7.3951468703   -2.8529008304   -0.9901297984    1.7795486972
  -4.8829433259   -7.3685320321   -7.3766775523   -1.3522502790   -3.5348579149    1.0769126323
   2.6453111787    4.8054833768   -3.9674460778    2.4447190488    1.8889193632    0.2419168697
  -1.8714213254    2.3390175900    0.8751985832   -0.3872646993   -1.6421858495   -2.8599378469
  -8.1230065667   -6.8134281617    7.8386875621   -3.4034964221   -2.9683323798    1.4491193974
   2.4014273339   -6.3904026689    0.4798749617   -0.2980883736    1.2392508591   -1.3437212596
  -8.1091833939    2.8052631856   -2.8561332201   -2.3683385444   -2.9677118085    3.0839896898
  -1.5388965376   -5.0646173963    4.7561703641    0.0662394148   -1.1769362762    3.0803116060
   5.6611346303   -7.4068135780   -6.7513621260    0.4385201232    0.9063581886   -0.3191194848
   3.8588228215    4.0407896393   -4.9166759834    1.7151663313   -0.6826100948    1.7011898064
  -7.3309630081    1.2441122051   -6.2124341967   -2.1856148026    3.5292210826   -2.2325952652
  -8.2893037374    6.7018025249    2.2259086471   -0.1074635001    3.7764130818    0.7509060322
  -7.1210656067    4.6113304337   -5.1767322204    2.2437420058    5.1795507097    0.4765156484
   0.1396983767   -7.6136129025    0.4841292268   -0.9180999891    2.6256661046    3.3158905951
   2.5318551083   -0.1358832532   -1.0952566863    4.2361130888   -1.2958031759    0.3816634541
   6.6132021403   -8.1465365436   -1.2428191801    0.6251899125   -4.7106498605   -0.7635871023
  -4.3001150357   -1.4473836846   -2.4402760286   -2.4711236884    0.1179207254   -0.5323555855
   2.1497687552    3.7797127460   -2.2209263911    0.5910184956   -2.8107772197   -2.9226454753
  -5.0114909727    0.6869794024   -5.7782173214    3.2238613217   -2.1170118708   -2.4352663718
  -8.0220149646    3.7552056093    2.0313545327    2.7348423449   -1.8458501136   -0.4219200080
   6.2135465450    6.5553769806    8.4512157350    2.9757945983    0.8771163885   -1.6797199169
   3.5014053469   -2.2745649275    3.1028085604   -2.0437344148   -2.1911789296   -0.1046458459
  -6.2959839173   -5.4978843116   -7.3591472884   -0.4777317075    3.6331561738    1.9801158918
  -3.9453357590   -7.3046725148   -4.8534300214   -0.2155485780    3.4340611827   -1.1665254290
  -1.8345214469   -0.6267484168   -3.9580656963    2.3173323645    2.2183361285    0.7817856039
   6.1869275703   -5.6589621831    1.5500217800   -1.5500892908    4.2480066053   -4.3579161458
   5.0497958732   -6.7541684889   -3.2851649669   -2.7691022832   -0.2674074129    3.7960657385
   5.0077004140   -4.5190176653    5.5034611487    3.0164021322   -0.9932895676    0.2897584005
  -6.1788499010   -1.8173566264    3.6508889108   -2.5394906343   -0.9121780290    1.0351631936
   2.4221111220   -7.3661021549    5.3585284772    1.3750082276    0.6031430956   -3.1882516276
   5.8996978648    3.5788098539   -1.6145742244   -3.9167259208    3.5459028973    2.1376514359
  -6.1153499960   -0.3275694310    1.9064659904    0.4127998648    2.0842823933   -3.0319038520
   5.2822343246    1.7043647896    2.9157806730    1.0836406134   -1.9527155880   -2.4441852675
  -1.5948117976    1.9336974667    3.8602564653    0.8122456036   -1.4529331639   -3.7200250155
   0.5405046328   -5.1622664225    3.9527203797    3.3112547543   -0.8845980106    2.5264608246
  -3.5224111978   -2.8323624286   -2.9101506956   -0.7739810795   -0.6818354334   -0.3123740095
   6.0923680048   -7.0549139772   -2.2036040702   -3.6594799803    3.2665655414    1.5890245350
  -0.5830992287   -0.6297536851   -6.9605226815   -2.2277122837    0.8220167425   -2.0679514536
  -0.8880030775   -2.1964431766   -0.7932319811   -2.2115975108    3.5236245790    1.0215274154
  -5.3755473263    3.1378137119    0.9490402722   -1.3496793435   -1.5590095061   -0.4801691886
   6.7042745902   -4.3638897689   -6.0860774701   -0.5686911760   -0.4546398092    1.1202218366
   0.6376006366    1.3712134301   -1.6543825122    3.1366785191    4.3036244203   -1.3073111540
  -5.1331490101    8.3443148596   -5.7282344653   -2.5209547497   -1.1380144626    4.4918267380
   6.3425242302   -3.8157639465    5.0608588226    1.9057311078    5.1238321863    2.8950858334
  -3.9829695482    8.3377397200    5.6683429834   -0.0055780235   -2.9214653974   -2.1961748507
  -0.9601140181   -6.2069833055   -6.0778802711    1.6798842329    1.1438916686   -1.5914093144
  -3.4417394277    2.8411331156   -6.5049053167    0.4219004882    2.8923059564   -2.4762190945
   2.6280719961    6.5211677839    0.8398111689    2.6446810480   -1.8568121662    1.4633128606
  -7.9966633471    7.4162231958    8.3468581303   -2.0927108002    1.7489419202   -0.8513342092
  -2.2650058016   -6.3677020774   -1.8522141120    0.4825096242    0.9216210745   -0.2614045681
   8.3584384677   -8.2875764160   -7.3773653845    1.7885324697   -0.8835798361   -3.9294143768
  -5.1662283136   -7.5119672994   -3.8139168739   -1.5596060178    0.7013741167   -1.2384628284
   3.8486690719   -8.1984346066    1.0324249499   -2.8384441492    2.7877144748   -0.0821936690
  -7.0958525813    2.7763008627    6.0563900555    2.1436596061   -5.3721871837    1.2154431881
   4.6860924000   -6.4136980435    3.3164753204   -1.3622559496   -0.5290421596    2.5174957495
   4.3594525779    5.8158412504    3.6234292320    1.7333977223   -0.7726216388   -1.8296686949
   1.9758668058    7.5475985489   -4.7536147372    0.8141665674    0.9547935058   -3.3573099350
  -2.1038490000    6.6609499770    5.9219153673   -0.0226573908    1.7892146151    2.5629840073
   3.6653317372    1.7626431332   -3.0725600158    0.4561236761   -0.0125481319    2.4946816247
   7.3870758409    5.1332667357   -7.9142126868    2.9808700317    1.8605010906    2.7833234826
   5.2743603159   -3.9470955470    6.8075641229   -4.0833651015    2.0653544444   -3.6158589591
   2.0584844548   -6.1048734762   -6.8565003373    0.1821143976   -0.1275846192   -3.7246361350
   1.7162005708    5.5449068826    5.2782813527    3.4964946667    2.1021437088   -1.9940367622
   7.5611970027    1.0472014049    8.1937659042   -3.2029733427   -0.3957607762    3.0458408984
   3.0230487472   -5.6019644560    5.7336194826   -0.4258533682    4.9418169743   -0.8048087722
   1.3762032429   -6.9596150252   -1.5479550100    1.7388117054   -1.3018684464    2.4305495226
  -4.2815079890    0.9696950395   -1.5517619379   -0.4961476972   -0.8521345996   -0.5216398833
   5.5090758862   -5.0689984550   -5.9669941868    3.8020631678    2.0437718182   -1.1695747954
  -2.2929198601   -4.3944056355    1.2768500009   -1.5337805426    6.8147074230   -0.0340569312
  -3.6259124941   -3.3715729043    1.7495813600    1.0337408044    1.5469885820   -2.1782675452
   2.2192662710    8.4782401795   -0.5605504721    1.9714121437   -0.7363395255    0.4456792722
   3.5830464799   -6.4485942789    4.3533912280   -0.9433823594    3.7650440204    2.5116361365
   4.4449516858    4.0404278356    8.1355563328    0.6838853240   -2.9626474735    0.7676344191
  -4.1068727773   -6.2518903624    5.0205095431   -3.4755371209   -1.3450280502   -1.0048565595
  -3.3288253241   -6.3091373643    6.1139487021    1.0441023527    2.3169428326    5.4478124203
   4.1963436439   -7.2262760387   -7.2176025749   -3.0360277411    0.8378431262   -2.4710257877
  -5.7424042804    8.4768720646    2.8290573194    1.9093764439    2.4786796936    3.2159949416
  -1.1793124929   -4.3183730403    0.0727470051    0.4320239621   -3.8727029801    1.5372856842
  -2.6897337534    4.6913367484    1.5070991913   -4.5513935923    6.0681726558   -0.3033073167
   1.9719740393   -7.4176234826   -3.9833261855   -2.1061416285   -3.1313071941   -2.5229742609
  -1.3223591394    7.7346193632    4.9221562251   -4.3656506474    3.3317546450    2.8589353433
   2.9154209792   -7.9513805091    3.5548846821    0.6984206740   -1.7191351170    2.2475780000
   4.6469418127    4.3737710915   -2.7032582112   -6.1680096510    1.9765006054    1.2112641718
   2.1473321085    6.6450849191   -2.3888940217   -1.4152473216    3.1198264395    2.1382915494
   7.0238787418    3.2736500109    2.8533383079   -0.9700569078   -4.1627214987   -0.8899947774
   8.0382449728   -5.7003962504   -7.2870097264   -3.0969006040   -2.8767428347    2.3592645461
   8.1460389835   -4.1661713601    3.2350628844   -1.8685821370    2.4486225821    2.0380203699
   2.5061761029    6.0581999653   -0.1850708173   -2.4971873430   -1.1197675035   -0.2935014282
  -0.8955033456   -7.5480244514    0.5529905476   -0.1951097500   -1.7665528439    1.9645839114
   0.2993328178    7.3748227103   -3.6527683351    2.5044815203   -2.6313491488    1.2231549582
  -5.2771297687   -7.7439773977    3.7863797866    4.0109018406    0.9769214219   -0.2832924766
  -5.7741793297   -3.1324434973   -2.3651452015    0.3846450074    2.7249446166    1.5489663784
   6.2932292826    5.3094663092   -6.8075776182   -0.8251603994    2.0402391160   -0.2240107673
   4.8552066643    7.7363777983   -4.2214549821   -3.9100609500    1.9019934048   -1.4218879090
  -7.1043032929   -6.9482247877   -6.8190553597   -0.2173287392    1.4958231872    0.9642125061
   0.0675370881   -1.5479790808    3.3852747810    2.3080544080   -1.9138908602   -2.9215306562
  -4.9924581788   -0.6442832412    5.0039694745   -1.8422509228   -1.3020045838    0.4013771806
   3.3713079624    5.9385978801   -5.2696902832   -1.1018086988    2.0578849362   -0.3184134018
  -4.8739038772    2.4614804784   -0.7191719880   -3.6392588285   -2.3378674860    4.8050654241
  -5.1502807620    0.3680944364    4.9814081802   -2.3697171405    3.6141005171    1.2989940251
   0.0854767123   -4.5965989814    5.8860942519   -1.8445901048    1.0079805236    0.5309604638
  -2.9153769318    3.9267576700   -3.0689072777    1.9629133498    3.1359899503   -4.2043093887
  -1.5844542496    1.0937161958   -4.4776563409    0.7228946885    2.4656182865   -1.2938678338
  -1.1222621202   -8.4766075586   -3.1226685324   -0.8076412580    5.2261376345   -2.1552266689
  -5.9828820945    8.1284436800    3.7135663711    0.4322716734    0.1068328112    4.2814339552
  -7.1490257207   -3.6163528604   -7.1386998487   -1.8385759988    0.2323594681   -0.1918437596
  -7.4731434366   -3.7161661341   -8.5202059715   -1.8656312424   -1.2603186778   -1.8567561136
  -0.7809621431   -6.7325385782    2.7619950141    1.5681899977    3.5010271762   -2.5515918356
  -6.6270148505   -7.0171767278   -5.4134631101    0.4186777245    0.3570822167    3.5090597892
   2.0203292758    6.4165072648    8.3098299831   -1.2169410306   -0.4177805406    2.4904076824
   4.5769065426    2.2557287283   -6.4096294031   -2.0835627614   -1.6273999717    1.1803120205
   4.4224754540   -4.3354600812    3.0752109188    1.0899582511   -2.1057726075   -0.7680411863
   2.7894083774    8.1197126609    0.2079975964   -0.2667151828    2.4463119282    2.8708765879
   6.8391578873   -0.8529306239   -3.8129849781   -1.3914309034    2.7093296941    0.9448816125
  -2.3007300062    7.9829416237    5.1933424698    1.7539098323    2.3834569793   -1.0497349406
   6.5394376746   -7.1085351446    4.4424728585    1.4562260170    0.3172519262   -2.8258799782
   7.5994477344    1.1645357280   -0.7995060678   -0.7021986620   -2.1668825366   -3.5033232197
   3.4678572049   -4.9998098281    8.1544459408    1.8666515241   -0.1631843171   -0.5017121000
  -1.3586595770    7.4695074866    8.4475289419    5.3613939839   -1.9552749184   -2.4399068023
   5.7382883356    0.8809564171   -7.1777549434   -4.1304664693    1.6836059751   -0.0331264546
   8.1582054038    5.6627174113   -4.4196518739   -2.4142250179    0.2601961342   -3.1179578241
   3.2342124217   -1.1310692124   -5.6747319744    3.5100801188    1.5654853439    1.6309654104
  -0.2144534153    1.0030298773    7.7131640590   -3.2674671730    0.6223771355    0.3062072186
   8.5182632231   -3.8441856095   -0.6938068361    3.1946148510    0.1617579801    1.8682557216
  -5.7444939604   -1.2647958926   -3.0373619838   -1.7534317578   -1.0398114789    0.7936710888
   7.3591382960    6.7506257452   -7.3406502812   -0.6535156128   -0.2278803752    2.3161098158
  -0.0490350207    2.8922416924   -7.0822182639    0.7994927498   -0.8105628697    1.5574209931
   4.9147447677   -4.7888199803   -2.0680334013   -0.2928228615   -2.3866736970   -0.7703509383
  -1.0247052556   -7.1948533888   -7.6699519014   -3.7012647231    1.5826106953   -3.7805271688
  -4.7351604133    0.6441693855    6.9810116819    1.7286197830    2.2972654775    0.9727989445
  -1.4817983240    4.4963566009    0.6754174645   -0.5290706875   -0.2292360606    0.3381842224
   7.5988078445    3.9312193001   -4.5046055449   -1.3873767281    1.1187494165   -2.1163493050
  -5.4836692915   -1.1347021090   -7.7948273673   -0.8161562662   -0.5242710771    3.4082842433
  -4.9007352492    5.1756973060    5.1083120597   -2.4915255729    0.3251084648    0.3641175198
  -0.7397405135    3.8492840997    8.0604434584    2.3047231418    0.2762741288    0.5045862103
   2.9938499884    0.2898471353    1.7855473512   -1.3273286376   -2.9440388532    1.7303638351
   4.5070038535   -1.5814235560   -7.6718921348   -1.2403230795   -2.5538532727    4.7707276865
   6.9479206165   -0.6527010255   -6.9233690563   -0.5907728175    5.1520012631   -2.5685884990
   8.0971077523   -7.9443429468   -1.8121775708    1.3416247225   -0.3609252929   -3.5009996246
   3.7473704088    0.9845622195   -1.6903982810   -0.3411567028    0.3824407764    0.2020826795
  -1.6135667188    1.5561050384   -3.4140931149   -4.8507471784    0.3738558439    1.1923376742
   3.6977814534    6.4433654813   -1.4834269627    1.9663520301   -2.6563478060    0.3704567151
   2.3037095546   -4.5652815466    2.6978774656   -1.3513323094    1.3869883221    1.3071520090
   7.8668366578   -4.7485037701    4.9881932319   -0.8619155052   -3.8837415726   -0.7686335835
  -5.3316041103    6.9835662705   -3.1403168938   -0.8747912205    1.3385828879    0.1901952133
   3.5951422939   -7.0374346582    2.2039476117    1.6253452980   -2.0165595454   -1.3726873652
  -1.6714014542   -4.6803090841    2.5530516481    0.1517162865   -3.0653486160   -1.1964385224
   0.0689613030    5.3878240090    5.2166587564    0.7718367071   -0.5276504408   -2.3557826165
  -3.2745621162   -5.8440776309    3.9028734344    3.7451365239    4.7769871181    0.4571112026
   8.1206173253    3.1427052589    4.9395263194   -0.9096197001    2.1881207177   -3.2543238651
   7.9407641257    2.9787523531   -6.3494737340   -3.9662888324   -2.0765926040   -4.5524567339
   2.0873993644   -7.4342730511    7.8358080179    0.2790399968    1.5923053911   -3.1402734835
   0.3207149482   -6.0704405816    8.2893685299   -0.0159946474   -5.3014249549   -2.2354967647
   1.8159240153   -5.0040043328   -3.7854564482    3.8613141335    1.8184789493    0.6482985777
   0.3135700473   -7.7981282571    1.5670229457   -1.6742508573   -0.7534487790   -1.6525600702
  -6.8229406043   -4.0925496188   -4.1672117734   -0.4566631615    0.1519073633   -0.9828419806
  -8.0598233834    6.7638801278    3.3332099678    6.5512090483   -0.7440839733   -1.5303840652
   4.9199920311    2.1648590016    2.0812960415    0.4420973482    1.5542175295    3.8551302352
  -7.9628670797    5.6865458458    8.4511877893    2.9845451275    2.6169357323   -0.8193528619
   8.0428139512   -1.0885984382    3.3362292047   -0.9148470939   -1.4194290942   -3.3593661880
  -2.8403019772   -6.7093381391   -4.8313603247    1.7632999106    0.6232934022    1.7540643180
  -4.9990736983   -4.3467337993   -7.6508796188    5.0149930144    0.5297771534   -2.2757237601
   3.2831364543   -4.5527691965   -5.5096884368    1.2896434745    2.5740701744   -1.2438506885
   4.0987162281   -1.9461853376   -0.3279998097   -4.3968677254   -4.2227914838    0.5279385722
   6.2768670474    7.1916069633   -7.0653123261   -1.8923612534   -3.7556718717   -1.0137059859
  -1.7039586961   -1.8231451051   -7.4850964783    2.6993505869    0.4896110731   -2.0868782145
  -3.0200682486    7.5884856648    4.1980831753   -3.3345870937    0.6810534228   -2.4957435207
   5.0228463652    5.5396025856   -0.9410153360   -1.8630635874   -3.2154656426   -2.0645817941
   5.6787867372    3.0057412226    6.3489143696   -0.0380527070    2.0269265104    4.3823821499
   6.6466434198    6.1107630022    5.8143737384    0.5466325495   -1.4868590502   -2.5718443850
  -3.4058936415    4.2929713372   -5.7183941182   -1.1369424599   -0.4632035101    0.2048916241
   8.0036273624   -0.3308444200   -6.5601528989    2.5505367676   -1.2334275701    1.0304025990
  -4.4373360762    5.1982323845    2.0732914060    0.6306041429   -3.8322282893    2.0227429983
   6.5085042774    5.4575897283   -5.1130699251   -1.8207823814    1.6072187171    0.2170072887
  -0.0761943194   -7.9243275075   -7.4090530309    0.9329281462   -0.1262056293   -3.2168660003
   1.1886167294    5.7794449188   -0.2087972582   -0.1837733361    1.3653900897    4.6312088159
   1.9282439900   -4.9697114608   -7.2934703609    0.1086000449    0.0902203392   -3.3312939974
   2.6453704161   -5.2892078610   -5.1251738378   -1.3391181262   -2.1532858025   -1.7523154564
  -4.9390904975   -4.6940395928    6.7487574814   -2.6924715685   -2.7412099931    0.7183087196
   1.8185028799    7.7571902634   -6.6537986998   -6.5547802745    0.0450302491    3.6492451137
  -3.5280897205   -4.5793614856   -5.9391778985    0.3791014655    0.5464780818    0.8988179513
   8.4571278474    1.9254841803   -7.2411852930    0.9970720171   -1.8253705774   -1.9423954856
  -5.5780466119    5.1752471346    7.1216310804   -0.4956567375   -2.5182912139    2.1292478397
   1.9000713910    3.7130845834    1.7248489584   -1.3137910565   -2.9505835425   -1.7336212195
  -1.3649299465   -3.0086861533    1.6791401096   -4.2087834652   -0.8733998047   -0.8490127277
   1.6443120225   -0.9415532478   -3.9926243380   -0.7278777673    1.1617339007   -0.4646529405
  -4.5174334241    2.3141628258    1.8708185208    0.9077785808   -3.9741562654    2.0385876562
  -4.9410954175   -6.3195645469   -2.1599980941    0.8917354911   -0.0530562620    0.1872809730
  -3.4640976733    5.5732494043    1.6699355091   -2.3680379755   -0.6436897874   -2.4394598942
  -8.2847005967    4.4391897717   -8.2436992267   -0.7517329391    1.7457828601   -2.2327687611
  -6.1241164681   -6.8945140017   -6.3687713424    3.6436979532    2.6571199823   -0.2003007279
   1.1293977480   -5.9708238996    4.1732034557    6.8338831424    0.2169717170    3.2612768846
   6.7077272422    7.9529770198    6.8579464650    0.5909048081    2.9124163063    2.5084229914
  -7.3955674983   -8.1668098744    3.9578198538   -2.3312487948   -4.2552348612    1.7752199411
   6.1352373273    4.0845213248   -4.7854455098   -3.6093111243    0.3115556719    4.1211780601
  -7.7468676527    0.4459615935   -3.7416333739   -4.9419870781    0.0564471821   -0.9916188978
   6.7826186415    6.1150180306    7.7891938005    3.0090707409   -0.6076890127   -3.3449894548
  -8.0765313480    0.4525669867    8.1383408329   -2.7423848543   -1.3069311381   -3.9750689103
  -1.1097978541    5.1666323892   -0.0985852029   -1.6456706282    0.4140219745   -0.1337865021
  -2.8621903341    2.2217073156   -7.1080216653   -0.8371965124   -0.9065615503    0.7744442364
   2.2516288293   -3.0742013992    2.4133615827   -4.5470960458    0.0727417364   -1.5861918692
  -2.1452103853    6.2612759916    0.0475859453    0.6549970264    0.7287083859   -2.1490550399
   3.1674019980   -0.9810041558    6.7998421712    0.5004236961   -1.1439299357    0.0682772195
  -0.9386803407    5.7732469483   -2.8645937803   -1.9958045083   -2.3692817830    1.4011041925
   3.4348185193    5.0260528438    5.6255967215    0.6286815589   -0.7359183136    1.7605885984
   0.5833948565   -2.3046654686   -5.1935729067   -6.0453988662    3.2085523507    3.1220961046
  -6.2047742208    6.8671343951   -4.0172624423    0.0133939510   -0.4143334321   -4.7830049152
  -1.8039876060   -1.0809633047    3.7955439653    2.8427524801    2.3253401797   -2.5926015339
  -0.1697636637    6.1053540779    5.9650996236    0.8787204969   -1.2149977898   -1.5408566674
   2.8129966437   -1.3091087932    7.8900135807    1.4517060269    0.7380953417   -2.9602332248
  -4.2625618620   -8.2884626588   -5.8986878497    1.5914659270    3.8478157954   -2.1928768976
   7.7824499766   -3.6806666999    6.2027796351    1.0543303412   -1.3943349332   -0.5778935425
   4.6640889884   -5.3301644390   -3.5434591422    1.6131080052   -1.8854312914    2.2240844534
   6.3695768745   -2.1805795880    2.8897214802    0.1058818338   -1.8298825395    3.7415540385
  -7.9923863230   -0.3063912738    2.7115639949    3.3563067392   -0.7463230221   -3.0372678663
  -0.0460934165    7.8363773736    2.6712428086    2.2023822843    2.1550755247   -1.7183945325
  -7.2309185592   -5.8215206963   -3.3262331788    3.5911981259    1.7686425254   -4.6541587816
  -4.6761997845   -0.2510621560   -0.5832975149   -1.8228098152   -2.6095352594    4.3727179824
  -6.3204665647    0.3225160554   -5.0402430085    3.0023637948    0.5507268808    0.9876186736
   4.3178924615   -0.6512438798    7.7151623255    0.9115110841   -1.5948045134   -2.5014037659
  -0.0194237856    8.3953272942    4.1550252412    1.8593557487    3.6369599622    0.9895983389
  -0.2372890769    6.9827776739    8.0583337491   -0.8199077349    0.1330601309    0.3729821257
  -8.3901107820    1.2597888652    1.2552373826   -2.2245244542   -2.2720163982   -3.8102576161
  -3.0027800146   -7.3085417351    7.9021800675   -0.8185791686   -1.0637417024    2.9348154069
   1.6969560661   -3.8496650459   -4.4240090667    1.8965805636   -1.6597644186    1.8357331075
  -8.2315145076   -3.0200445346    6.4956744440    1.8272247639    1.3856500294    1.5739135819
   6.9284285694    6.2255547104   -0.3055220284   -0.0547070681   -0.8209365531    2.7635920033
  -1.7981443161    3.8710833253    5.1358806669   -0.4375335905    0.2099893879   -2.6169322698
  -7.5922807634   -5.6590114924   -0.8086622255   -1.3717817566   -1.5720004265   -2.7215798123
   7.3037941057   -0.8913937194    4.0412051202    4.6125389225   -4.8287246930   -0.1113170192
  -6.2774248825   -4.4552841071    5.9267134863   -1.9097170712    1.0752605442   -1.0313332676
   6.9373839932    0.5104989606    6.3977751270   -2.6803561667   -1.9256457748   -1.2206974691
   6.3034685983   -2.2425300217   -5.2503627246    0.7958670456   -1.1415489301    1.9869349551
   3.6725467045   -6.7002039593    0.3580541872   -1.5647369550    2.5246020753    0.6361980433
   5.6522786986   -7.6556921395   -3.6181981673   -0.5417237390    1.3217964714   -0.9215727428
  -5.2848944437   -7.4332747964    0.2061990607   -1.1453875252    2.4279234874   -0.9251152222
   6.4004757768    1.3330922166   -3.3991206664    1.3899430108    2.4386153939    0.2407331199
  -7.5396733830    0.2331730814   -5.5324981908   -2.7294611196   -0.2021568789    1.7224620268
   4.4683815769   -2.9892002781    6.9170956829   -0.0858274372   -2.1238505284    3.3993283721
   4.8412520520   -5.2934328848    2.1172929014   -3.7612122153    2.2210234204   -1.0514858737
  -6.9547723235   -5.4075410074    4.7917512935   -3.7295412356   -3.2054013196    1.3813384772
  -6.4211954698    5.9587987524    4.9763852756   -3.7075874677   -3.6027033708    0.9743693669
   7.9752599007   -0.3830629681    1.8168626891    1.0833174811   -0.3624681297    0.2640788351
   5.6831759850    1.2482290706   -0.4731948421    0.9211697845   -3.4003732756    2.2098688321
  -4.2379730713    1.8531835561   -3.1596275794    4.1944732035   -2.1666964750    2.8589985819
   3.1071971201    7.8209097045   -2.9214983462   -0.1466318526    0.4980820449   -1.4066515009
  -3.3152710212   -5.4405822950    4.9417055859   -2.2995244133   -0.4320584670    2.5920874438
   7.4436370593    4.4360336945    0.3744014348    1.4515361434    3.3318600653    1.8857386550
  -6.1642128052   -7.9184823673   -5.4450824426   -1.9532014763   -0.1936587156    0.4877130103
   1.1603547764   -8.4272639781   -4.1310277776    0.4274077960    1.1439172582   -3.1209690922
   1.1339952502    2.5636488327   -6.5321470763   -1.1406986229    0.5594588714   -0.3780970168
   0.2048905681   -6.5668886625   -7.7730143814    2.5716542309   -0.7936818523    3.1271480839
   2.1731549227    3.6506756474    0.0193468393   -0.1643165323   -1.3329828010   -0.8416140650
   6.6174532782    7.4685895108    0.5146369517    1.6431850673    0.5577257179   -0.0780880876
  -4.6653875324   -4.0611194515   -4.8965150777    2.2823520751    0.5816592965   -1.2193863947
  -5.2309595473   -8.2127690179   -6.6497019245    0.0680692071    0.3537318491   -2.1225844510
   3.9091291209   -0.5284274621    0.9350155259   -1.7945013746    0.7410185735   -0.5982737402
   7.1230813434   -2.7150329177   -7.0919995805   -1.3180594845    2.4444091689    0.2473459480
  -8.2863251035    4.9004185236   -4.0759840033    2.1021829699   -0.0608243191    1.1391280743
   4.8445803230    4.2849627109    3.4198247655   -3.4992050697   -0.8810821814   -0.1701578605
  -6.2510785974   -4.7530479483    1.7518781171    2.1890330445    0.1861205927   -2.4466057776
  -5.9212438144   -6.9062249080   -1.6541289555    0.4444801023    3.4469090648   -0.1576208276
  -2.1832800756    6.1339782837    1.3521486124    0.5623820786   -2.3295906254    0.4874433755
   0.4186080833    6.5333961482    7.5583354025   -2.4142261489    1.5000964447    1.4490952410
  -3.9654174399    6.9805680117    2.3556309432   -1.7028367897    1.3982348463   -2.2296148665
  -5.5214536224    4.4960431003    2.9066626962   -2.0358265281   -0.6578711972   -1.7089571936
  -3.4799775113   -7.9604350272   -4.0878519954    0.4700996988    1.2646307493    2.0489385577
  -0.6337754744    7.8868795000   -6.1517590489   -0.3391090817   -3.0186452516    3.1968585125
   7.4077899153    5.6480877989    0.8476068893    2.3697113711   -3.3321004460    1.3239010914
   6.2905004212   -2.2118900439   -0.8794433744    3.1006933564    1.9772539686   -0.3224133540
  -6.3753019641    6.0249056163   -5.0197954205   -0.2609652601    1.7919679595   -1.5553100732
   0.7551845552   -1.6851651093    6.5375139987   -2.7462990147   -0.6606343659   -0.0737095678
   1.4613167876    5.8451550005   -7.7128180969    1.4337666714    2.7159874483   -1.4151730820
   1.1376118965    3.0285692356    5.6567841222   -1.4827941551    1.1347550602    0.5137702692
   3.9211678567    6.0233575387    2.5864409798   -2.1819021519    4.3900479330   -0.7343606423
   4.6053133904    2.2738483022   -4.6216903895   -1.4009751621    1.2726123685    0.0771317042
   0.2756435340   -5.1481100760    7.0716360116    2.0611074211   -2.8115042234   -0.9548049672
   3.6191961754    7.8742730462    1.6051180245    0.0919039442    0.8257550846    2.0523626559
   3.9802579906   -2.8030692156    5.9639076420   -0.1029333153   -1.3017997909   -2.7950052408
   1.9157078418   -6.2063909455   -0.6650421046    0.2802877376    1.6528081729    1.5182169700
   1.5853735521   -5.8963707356    2.1888382120    4.1329310728   -3.4210553870    1.6185283952
   5.2250201759    6.8008131620    1.7932775820   -2.3542186863    3.4373337357    2.9163473462
   4.2653937770   -4.8521883619   -4.8893353543   -2.6948044063   -5.4145959307    3.8741965822
  -7.7148522125    1.7938194493    4.9627451576    3.3775639290    2.3984846537   -0.8191294609
   5.5685765567   -0.5180190073   -7.3227273182    0.0501892425    0.7912841525   -1.8308995879
   0.9967761900    6.3843513456    6.2839608931   -1.8624987195    1.7596925622   -0.5402778593
  -5.8558037466   -6.7160805738    0.0622332233    5.1794178373    2.2149453812   -2.5248792587
   1.2078328945   -7.1313185069   -2.7704110894    0.1234653130   -0.4453977587   -1.1926396036
   2.2064946791    8.3419022658    5.0897135553   -0.2973034366    0.2776111920    0.4410421646
  -8.3497526893   -8.0083046210   -1.0237234564    3.7023625285   -0.1723062049    1.0242585174
   7.4740850779   -4.7196981696   -5.3098706831   -2.7375306834    3.4828362572   -2.3300414933
  -4.0094173473    8.1400180783   -2.8706073761   -0.6124830455   -1.5036688210   -0.5511656013
   2.9960713119    3.8293696653   -4.0939826506   -3.1568584441   -3.1896621724    1.8245299197
   8.1425628919    3.9368649978   -1.0744940172   -2.9223723605   -1.2644848288   -4.8385508219
   7.6281942104    7.8665962243   -4.2331582946    1.3114000238   -3.7323683480    2.2194201025
  -3.5917863090    7.3515883192   -2.5872265601    1.5635121623    4.1718763401    0.6315937804
  -0.0781781516    4.0776631249    5.8539042303    0.1809865151    0.1656212016    0.4247765848
  -7.5386816691    1.5519687201   -7.3438267407    0.7614155323    0.1652953205   -1.5306299857
   1.2576292319   -2.9786203728    3.4401866495   -0.8353511912    1.0420881715    0.0545844428
  -5.3934724739   -5.4252502563    1.9462884529    2.7239933006    4.7116565932   -0.7756983511
   2.8871357052    2.3402000508   -1.7081282896    0.5916989777   -0.2355405900    1.4284934946
   4.4976310720   -6.0547163583   -5.9168115324   -0.7065077074   -0.7964759950   -2.2730766882
   0.6047001120    0.7782610406    8.1358858657   -0.8435004640   -1.1642069554    1.3709027405
  -7.5941259948    4.2271239887    4.2386264117   -2.0673154294   -1.2855274149   -0.4570786022
  -5.5342056574   -5.0593094098   -3.4917646317   -2.9145016990   -2.4755858039    0.9710403035
   4.7011632282    0.9626795012    5.9748197469   -2.0903501052    2.8669080172   -1.0986192388
  -1.5497039847    1.9989148940   -6.0200575398   -2.0467626320   -0.5447103483   -0.9479378228
   5.8759631893    3.3779345992    3.9325977215   -0.8418713734   -3.4445837136    2.9678921388
  -6.0318416427    3.8652436175   -3.7955786933   -1.6955152747    1.4008032349    2.1835154116
  -1.8033568976    7.3519300686    7.3914886259   -0.3975951200    3.8850698816    1.5820693462
   7.2552680680   -7.8804109464    1.6022554123   -1.0816144373    0.4945516087    0.3222605276
   1.7508756463   -3.0742154022   -7.4001115848    1.9870815966   -1.0152448078    1.5258240135
  -3.2534144553    0.4600391475   -1.3899318621    0.0173849818    1.6113872217   -2.0411487993
  -6.0059098967   -2.8284784258    5.4281314654   -0.0386772090   -1.9300861686   -1.8766518079
  -0.5062117521   -4.3339622143   -5.9053048026    5.0401025556    5.1611868390    1.8570743167
   7.3271360430    7.7678476035   -8.3350488278   -0.5561752772   -2.3541279386    0.3095516657
  -0.1259865916   -5.9543878657    1.0943931744    4.8497461138    1.5369638255    1.9078191855
   0.7458111273    2.7117422061   -2.3834357058    1.1297168188   -1.0834282322   -0.2503960669
  -3.2669333773    3.9405014552    5.4755510027   -0.8366607585    2.4136291823    0.2036443227
  -6.3285694331   -2.0657833436    6.2270706342   -0.8793160773    1.3878182224   -0.7036611871
  -1.9349226072   -8.0462940638   -2.2674310893    0.6664758937   -0.9245155061   -4.1254499575
   7.4527079321    7.1852833808    7.5737743203    5.7397600276   -1.4058282606    2.5242040309
   3.6646645390    0.6584930572    5.5132006477    0.7933666267    2.6717112328    5.2181919556
  -4.9402094500    7.2283153401    1.4391902970    0.0889980913   -1.5999892102   -1.2261410620
  -7.7152243366    4.4906767337   -6.4735574952    2.1677343061    0.0499774380    1.0229137587
   8.3864089123   -3.7751073856    0.7654577461    1.2269350526    0.5071392554    4.5142762415
  -1.0165529045   -6.1591261379   -4.7658050692    0.4106832636   -1.7397964503    0.7848981532
   0.3400527288    3.6686760919    3.1511494313    7.3256307648   -4.2852706994    4.0002225749
   5.2601831117    6.0025616142   -5.4284624639    5.1151966737    1.1850222049    3.3963924246
  -0.7224489914   -7.5703503130   -2.7755240510   -2.6700253486   -2.3616966864    3.5684094757
   5.1079125676    4.8085138531    4.2288420740    1.5600080739    0.8682820538   -0.8505453997
  -1.7360159415   -5.3289573500   -2.6118329451   -3.5212230378    2.8293219146   -1.2572307631
  -8.2079673771   -0.6873778898    7.0947324481   -3.5501967228   -0.8510577517   -0.1634909252
  -5.8529706307    2.7937499920   -2.3509516138    0.1678030165   -4.7844105955    1.5381944476
  -3.5135008753    8.4754060784    7.8861345096   -1.4020409900    2.0449878074    1.0564874681
  -7.9226797761    8.0517479067    0.0267632947   -0.4536471093    1.1235833593   -0.5140537750
   2.0992561184   -7.2578976252    6.4291001753    1.6423291836    1.3585111951    2.5622213108
  -0.1889971557    1.1448304827    4.3925189783   -0.1488875457   -1.1312815262    4.8267277264
  -8.3555197765   -7.6762679321   -0.0178020564   -0.6558616877   -3.7496975525    1.2250180392
  -8.1258504686    8.1251341990    3.3060389824   -4.7396597066    0.3121559735   -3.0118582727
  -0.0884827546    1.6171321042    2.5642507327    1.0727572583    0.2054262333   -3.1713147531
  -1.4798263946   -0.9395977317   -2.5201161437    1.4891190012   -0.2459665744    3.2741895524
   8.0574081449    5.6200684377    7.5415755614    2.8452928027    0.7746468500    0.2695520740
  -0.2730838367    8.0862624919   -2.1022534662    0.2900399404    0.6770261013   -0.1221115890
   4.8670935772   -1.6688436134   -1.0133841824    2.8592928013    3.4048717226    1.3600170810
  -5.1268433016    0.0978908206    2.4944171516    0.9465150422   -0.0624281786   -0.1822180245
  -4.4698404631    1.1002071484    2.6477228882    3.3779421691   -0.6651325357   -0.9631934576
   5.1529831121   -5.2555700646   -7.4209174738   -0.6803551377   -0.4529183756   -1.8082189116
  -4.2818661045    0.2477987659   -7.0639300092   -0.0118433007    2.7745659043    1.6173155671
  -4.4351284352    0.1857887059    3.4475913995    1.0695021910    1.2472501344   -3.7527982480
   6.6634959849    2.2449709593    8.4297828806    2.3490284331    0.1247340609    3.3482230727
   4.9669635640   -1.2852748905   -5.4130000776   -0.4424637062   -0.4425682312   -1.0095703640
  -1.5842036326    3.4223937579   -5.0325724367   -1.0033625588   -2.6249560144   -0.0472038302
  -7.3980895490   -2.3157586862    4.1484901140   -0.6455226155    1.3493101437   -5.8160641212
   2.2600647898    6.8832577618   -5.8470879538    0.0790474038   -2.2509702504    1.5875617636
  -1.6496754270   -5.4715451133   -6.9471242545   -0.8988094158   -0.1480075505    0.9109215673
   2.1630310606    6.7533614795    7.2342601852    0.9431587523    0.5810818614    2.0183783300
   4.5988946034   -1.5121889602    3.9735672025   -4.4090760542    0.9314290941    1.1818970436
  -6.3367002643    3.6450086628    8.2683647136   -2.0661155825   -0.3183138878    0.3148068959
  -4.3315440479    3.7920642559    8.2360729602   -2.0042493385    0.2013829599    0.0104981298
  -7.9055232243   -5.5340802018    3.5943269322   -0.7652648167   -1.7336176161   -2.1416167016
  -2.8036393968    7.1144008170    5.4307411795   -0.3683271399   -2.4745876183    4.4905317295
  -3.4654638181   -1.7081375657    8.3990450775   -2.9523520627   -0.0241216068   -1.6628057386
   8.3757315608   -2.7912285387   -6.7687803080    2.4245225927    4.2896926453   -2.3133468644
  -8.3315611215    3.2897070286   -0.1278936940    3.4828996119    0.2700971238    0.4799740682
   4.4223032809   -7.8311270697    6.7148652517    1.9780945017    1.8642889476   -2.4123778611
   4.8337886550    6.7776861567    4.8930758610   -0.5643965208    0.6754547489   -1.9151984650
  -2.3663557942   -4.4555664132   -6.1473991179   -1.7272719000    2.2081991398   -3.0899222479
   0.8619548527   -2.6675626689    0.4039032784    1.3965044078    0.3945439170   -1.5886666517
   4.0696430678   -6.0925721894   -0.7933946504    0.4777790507   -3.2923756656   -2.8027248546
   3.7177329216   -5.1597586268    3.2442278766    0.0764943313    1.4464363561    2.1370334001
  -7.9039507042    3.6700138333    6.4370210880    2.5626923172    0.9667725640   -5.2733034323
  -4.3285729768   -5.8744937787   -6.4777526808   -1.1623541087   -1.0337588231   -4.1926016003
   0.8328636430    8.4634509901   -7.4840772952    0.2484421300    1.2199151292    3.1836406136
   2.6049762418   -0.3990007915   -7.6455656868   -0.6673770634   -1.0075770135    0.7187451166
   4.5964490103    1.5577422867   -8.1682194035   -2.2899000677   -2.5305101963    0.7161909283
  -7.9332604564    8.4769855193   -1.6479067481    1.2696705024   -2.7778255589    1.6566993886
   5.3129578060   -7.9699774383    8.2855175917   -3.0444912125   -2.9652375706   -1.1643089033
   4.0460776461    3.2553741687   -2.3241194904   -0.6158583451    2.1409320584   -2.3159993638
   5.6225441325   -0.7763082589   -0.2425997340    0.9770324487   -2.2493167056    2.5846894851
  -6.9866054611    8.0599999788   -8.3930990000    1.2308003575   -0.6029604892    2.0202583158
   4.4529879744   -0.5707094628   -5.4225686039    0.0730544651    0.8576979868    3.3602412610
  -1.2303099848   -5.2969598652   -1.2894505079    0.5751924806    2.8550169155    0.4990600019
  -2.3744779072    5.8043018116    5.4839457209   -2.6125475556   -3.2508783388    2.6776443183
   3.8965580122    7.1014515214   -7.0555760444    0.6428276913    3.1221937735    2.3716752102
  -4.4202933969    7.9961849109   -5.0959959165    3.3916944392   -1.4005606771    1.2188676443
  -1.4206592098   -0.0550807720   -4.5078764641    3.8998053006    1.6661257472   -1.0501226546
   5.2322861571    1.1081653048   -4.4691414077   -0.2518574460    1.8484445676    2.5801584608
  -2.6099791104   -5.3465312717   -6.9243996750   -2.0486985096   -4.1332198599   -3.2807126332
   7.4711928579   -3.8738595113    2.0714016718   -4.3109852017   -1.9791867435    0.0580791985
   2.3668094743   -2.4699679305   -2.2370430064   -0.9770421376   -2.3316250641    0.9298708095
  -7.4930661299    8.1966914242    5.2888107010   -0.3325978595    0.2247313884   -1.9322138621
  -3.7428706061   -1.1194671665    1.7602384285   -2.5908434200    3.1604834887   -1.6768029143
  -8.4115144382    1.8392191955   -3.0670935842   -3.1856776007    5.1176324959    2.6676054909
   6.6650148036    1.0607339170    3.9865267731   -0.5375148097    1.0290057906   -0.2012380694
  -0.2094404500    0.5972254310    6.0605313966   -1.7893129596    1.0995744243   -1.5445513767
  -7.4121866954   -0.9630741887   -4.9465362187    1.4698624777    0.0556711867   -1.1777998494
  -6.8171771771    4.0278819113   -2.0758083737    1.0338539879    3.8511097881    2.4374130637
  -8.2553594078   -5.8211973803   -8.5134772394   -1.3720082468   -1.0531204132   -0.3361068528
   6.7560677956   -0.2225572215    1.1068422967    0.3708309163   -1.6438938314   -0.6080202056
   2.0651284797   -4.7393713663    3.6311873162    0.0356357707   -0.0439483371    0.0405464824
   6.8690918161    2.6267057232    4.8509333393    2.2794571205    5.3066941185   -0.7991833328
  -6.5861000994    5.7047375612    3.0907535543   -0.6928840712   -4.4440158593   -1.6565339915
  -3.9292527222   -3.2800573177    3.1926350468    0.2413331674   -3.3417324980   -0.6685740237
  -4.2490646490   -2.8718899389   -7.5888758996    3.1179641245    1.3402499834   -1.6339342324
  -0.0594879100   -4.8609991519    1.8510775405   -0.9428867484    0.3089391806    5.0174479665
  -2.0223530440    1.1564353163    2.8839495162    0.1003110533    3.3633010677    1.7998279101
   2.6739526607   -7.8113443317   -7.9485582979    5.5909102418    1.1497874171    0.0269630129
  -0.4578068313    6.3976081002   -3.5579382467   -4.0075501498   -3.0235816433    3.2775799057
   6.4253618677    5.1743120619    0.0782222495    1.0963026031    0.0391452072    0.2224955974
   6.3200792591    7.3954897035   -1.6032366963    3.8974531864   -2.3461993537    0.8949344207
  -8.4866672588    4.1447869719    7.4820914618    1.4854999527    2.4889308344   -2.3319608455
   0.3551183323   -0.4073171419    0.1405401290   -2.9558914851   -0.8156778256    2.9025444104
  -2.2729368845   -6.0494602878    0.6661569412    2.8568684352    3.2685864561    1.3454974541
   7.7563006783    5.6116969057    5.9591343716    2.4369319447   -1.0612179879   -1.5122680138
  -1.3526430005    2.5769864575    4.5031197238    0.2924837644   -4.1055068174   -1.4491337008
  -5.8121709168   -4.2723864589    3.4791950376    0.2383267423    2.7908779083    1.2853140342
  -0.1493891269   -5.4693742688    5.8974653977    1.9632991295   -1.2421934083    0.2093073599
  -5.2274104943    6.0645555824   -4.7065671343   -0.9219274721    2.3177280312   -1.5410881328
   0.7738481442    4.3444074124   -4.7364802128   -1.0666230727    2.1644004419   -2.1642793814
   3.4144572888    1.7635667510   -8.2779652238   -3.7382290185   -0.0236318096   -3.9401971388
   4.1395376962    2.5784483902    5.5707369382    5.1851548650    0.3293234039    1.0996191745
   1.3341760786    5.3753989507   -2.2922927686   -1.9834617596    1.4859073717   -2.1128443739
  -5.3983392961   -3.9243500205    8.4264377177    2.1497729853   -2.0063097617    7.0001370405
