           1000
    17.09975947
  -4.0211499226   -3.2122279483    0.6166946609    2.2212651417   -1.1422342137    1.6978823032
   2.5098590108    4.7952236359   -4.2165501638    0.3527475629    3.3526892320   -1.3112032595
   7.2068754495    6.5785109460    1.2737132743    0.1389341492    0.0489942223   -1.4926914320
  -0.9585942995    1.3527240081   -5.6674885402    2.3150143678    1.1657564108    0.1904802490
   3.2814319712   -2.3828380334   -0.9424688699    4.8623232966    0.4035184584   -1.1090740581
  -4.3222327840   -3.1080394217   -5.1178804906    2.2698641941   -0.4112641394   -0.3468459597
  -8.1435836122    7.3979291940   -0.1386075793    2.0035648998    3.0112165999    0.6489380165
  -6.0003381257   -0.5420999050   -1.7490679531   -3.5243538651    3.9934512765   -1.0425100391
   6.8089369227    2.1155016560    5.4170986908    0.2772593954   -2.0655358732   -5.5038671670
  -1.2036051293    6.7168870577   -7.3623719396   -2.2333533859    5.1907688897   -3.2162617530
  -3.2470278866    6.4573552888    4.0043783206    1.8378475485   -0.9195976185   -0.1913902850
  -6.4845273629   -7.8238918858    2.1546864587    0.0526292663    0.8822736115    0.0042830023
  -1.8832148402    7.4035371485    5.7006792136   -0.6330536559    1.4494132195    0.3441261448
   2.6732723477    0.5291447568    0.6936599665    0.1019583584    2.2001771597   -2.8451073120
   3.5056431928   -5.7400786942    4.4979286365   -0.3177952150   -0.4699739274   -2.6352409422
  -5.7016886814    2.2492273174    3.4914461128   -1.5963125658   -0.5520030536   -0.8828804334
   7.1078871622   -3.6871697937   -5.9607892452    1.1699747287   -0.6899129060    1.3353760744
   6.6057983954   -8.4051693332   -1.3449589420   -1.7456371239    2.1917252181   -2.2486965471
   0.9855624332    1.5393808799    2.2285586237   -1.8795108633    0.9447024889   -0.6329930237
  -2.3005085722   -1.8205051219    0.4704717405    1.2107025521    4.2907110632    1.7381002037
  -5.4850543848   -3.8945317261   -5.3159089457    3.6415849960   -0.1923955689   -0.3267349536
   6.1108251664   -7.6579752354   -7.7833939880   -1.3908039555   -0.7532115558   -0.2938829029
  -4.9496672881   -3.8530765545    2.5834332336   -2.3147146358   -3.1631498138   -2.4910961389
  -6.9088682860   -1.0745098497    2.0943232710    4.2717163372   -2.1498203817   -1.0917349931
  -6.9644718867   -3.6038181751    7.5301118367    0.6947185104    2.1708193190    4.1195080261
   7.3908495458   -1.6536517442    4.0882884860   -0.8504571457   -1.5885539426    0.5772896660
   2.7091278872    6.7284729384   -3.2815775003   -0.9133148937   -1.5410209689   -2.5636266349
  -1.7283186630    0.3544530516   -3.9943797858    1.9784337467    2.2287984167    3.7944212857
  -7.4612215472    3.9753350838   -8.4059205830   -4.2974452660   -3.0259424740    3.7925468603
   7.9751863485   -0.6923945087    5.2960035158    0.0814192374   -1.1954678451   -0.5518856429
  -7.7893154919   -5.2919640298   -6.0385329328   -2.6385191027    1.5972486771    0.0945741846
   6.6834750101   -2.7300626423    6.1006291547   -2.8925794343   -1.0539655312   -0.3810256085
  -0.3217374567   -7.1987235939   -1.5511496801   -0.9488889423    0.3306285222    1.9861361703
   6.2187332335    4.6573513808   -8.1993842168    1.2162817294   -3.1127972374   -0.6239172556
  -1.6300934737    6.3296659516    8.0165634122    0.8257259820    3.2668623837   -2.5368249424
  -0.9939909725    7.8780824642    6.2906846378   -2.2221916503   -6.3335622166    3.1242896189
   7.0537808587    2.5683857510    4.6326549391    1.2449003554   -3.3832893323   -2.2966067321
  -0.3308853222   -8.0238636285    1.9015604745   -0.1885211762    0.1782028434   -2.1525335196
  -2.9225055255   -0.5705168833    2.7167867579   -0.8530720942   -2.3317185573    1.5055603811
  -7.7102102769    1.5057828624   -0.8041402116    2.5102532214    1.2699212336   -3.5020853561
   0.0794402839    5.1420299660    1.1614897069    1.1661359436   -2.5593361544    0.1454709223
   3.6104136679    3.1760448829   -5.1222853274    0.2247135432   -0.3723955639    1.0870801599
  -2.3976925181    8.2584255730    7.6615842037   -5.8923115812    2.0404454725    0.4898833213
   7.5800887272   -7.0423807862    7.3269832552   -1.7530650561   -3.5969210423    0.5467455578
   0.0750118491   -6.2548638470    1.7564696993   -0.6858135807   -4.7326302692    2.8701540544
   1.6673239432   -5.0527653040   -7.8691885256    1.0980159126   -0.8092808092    1.9840249908
  -2.2364519546   -2.1395991056    3.9878272979   -1.2286559255   -1.1430039096   -1.6482566891
  -3.7140063453    1.7681708453    6.5351583545   -0.4395805663   -1.2381583993   -4.5942587697
   7.1032539990    7.9013769344    5.2318888205    0.5850469927    6.2543155743    3.2684004996
   4.9994260186   -5.1394285590    2.9365868022    0.5600964577    4.5144731057    2.3099813012
  -4.5764000561    3.0985134867   -4.4756065990    1.3321072012    1.1209160082   -3.7682091999
   6.1635993725    2.9992216928    0.7787716746    2.2680869492    1.4020312388   -3.6752331438
   1.0717786998   -5.8508936178    1.3317679286   -1.7935232150   -0.5039907789    0.7379255341
  -3.3772559059   -5.7508774599    8.4900792349   -1.7107445610   -2.5342770893   -1.1608226697
   6.3667849792   -2.5750841868   -5.2990620184   -1.8810796830   -2.2659879650    0.3994558710
   7.0371022146   -3.6239083765    2.2354677420   -2.4655450477    4.0246671598   -2.5690251006
   5.2703346314   -6.7909643443    0.2780824535    2.5954409735   -1.8813880086   -0.7264924739
  -1.7154326125    7.2273277862   -4.7546420442    1.9999886171   -0.1367498819    1.0739686028
   7.8728437295   -8.1646227145    6.8275389577   -2.1175343004   -1.5627493611    1.1830840963
   3.8250609699   -5.4803791742   -8.2247295416    0.1664067042    4.4435056679    2.6091857942
  -5.4032154707    4.7970351776   -8.1592576368    0.2862924271   -1.7766599999   -0.3868501500
   6.4442787722    8.4940531730    6.4578250114   -2.2127540316   -3.5486704264    3.2767624929
   8.4952303122    8.3916573136   -5.1727155658    1.6829450204   -1.8126715757    0.5600129878
   7.0818831510    2.2421260359    3.6390214594    0.1646643714    3.0022325570   -0.6925393989
   0.3288190166    0.3248189547   -7.4902915701    2.9260049392    2.5967085419   -1.3911107645
   5.6593292618   -3.4296096522   -7.9906953829    0.5617857364   -1.4829853017    2.6034513013
  -5.6764585182   -7.1584209552   -4.1862647559    0.3484301444    0.5856563868    1.4575778121
   5.8874036082   -4.8881422473   -3.5009108605    0.5048023794    4.3309562701    2.7684926863
   4.1676989574    0.8471791223    4.9866001574   -2.0425107782   -1.2786151294   -3.5005695441
  -7.9223495623    7.3706601976    7.3350270034   -2.0618559731   -1.6024390900   -0.5506778504
  -8.2655910522    0.0422041655    2.3754327000   -0.2775046384   -0.5913164199    2.3474956641
   5.9392983870    5.4174304071   -7.4553495828   -3.5102631293   -1.0789277886   -4.0767884237
   6.5135826858    2.3006348191    8.0968226742   -1.2062669261   -0.4580835666   -3.9998196706
  -5.9037632569   -3.3122256960   -7.7515886395    0.7311120336   -2.6772705770   -4.3509588770
   1.9880514579    6.0173576132    6.4482517598    1.6245373178    1.7080335210    0.1303701576
  -1.5904937622    7.5535681508    4.6335504797    1.9475782102    3.5858899133   -3.0415743476
   1.0317503365    4.8120707268   -4.2626813538    3.6260800084    1.4674316328    0.3009603173
   6.6451330188   -1.1388515121    0.5555955659   -3.9350626990   -0.8785618860    1.7730800769
  -7.3623559663   -5.4598087976   -3.1772787983    1.6982292947    6.2766714544    2.9727357930
  -0.6215761569    1.5000540310    4.7452095875    2.9430380676    2.2837459714   -0.1623423443
   5.6281031283   -1.3245822155   -5.7711493291   -4.3467831782   -1.6958721976   -0.9443166506
   6.3142697276    0.0836433427   -7.7623010785    2.1803478792   -0.8318114522   -2.5464709375
   6.9114840155   -1.5511052920   -5.7685664584    0.4486472189   -5.1155046469   -0.3946789572
  -4.1037341051    2.2898198112   -1.0803333524    0.7564168231   -2.8117931494    1.9424478093
   8.0838126099    4.1298326166   -4.2082487121    3.4284719329   -1.2053616831    0.0985645205
  -7.3695794797    0.0474251508    6.3360693807   -0.5946756967   -0.7082521667   -1.8540609548
  -1.0949895039    8.4915094176   -3.2939793602   -2.5646322979   -0.0346710553   -2.0702718324
   6.8760035086    2.5455219544    1.8883609662    0.8097827894    4.7165371038   -3.3690901969
  -0.3416254443   -2.1521332700    2.3195873719    0.5643647026    0.5421260141    1.0283851352
  -3.0807400206   -5.6374249398   -2.8457523847   -4.9066060456    2.5822290788    2.7278660753
   2.6709071086   -4.4434092876   -3.9693809124    4.8953325977    2.6774923691    3.9992952737
  -0.7506348744    3.6817671868   -1.2201447686    3.6534477062   -3.7485932953    1.6206355285
  -6.0760569524    0.1775835802   -7.8247802695    0.2083674434   -0.2345578541   -0.5450616419
   5.5315931130   -6.0775424623   -2.8632081272    3.2960406120   -0.1364269386   -0.2588049617
  -3.5137837567    5.7641687204    5.6231552921   -2.8838107639    5.7853955648   -2.0776864811
  -0.6781486586   -6.5803487062    4.9944964991   -2.7082579925   -3.9432742583    5.0092022586
  -3.8991094859    6.4511345157   -0.5912295668    2.1423386489    2.4985445989    0.9778088616
  -3.3507174786    4.0125468090    2.5576363107    0.5309275526   -2.0085266931   -1.9649790344
   6.3249088485    0.3223557075   -1.2521083556   -3.5382039373   -6.3489056248    1.8230956174
  -3.9570246929    6.6548145523   -7.8569219826    1.8027326466    5.0512541956   -0.4397824008
   2.8547075024   -1.4509376321   -1.9659915796   -1.1523118800   -3.8329882133   -0.8397726459
   4.2678481276    3.5514028160    0.7593074419   -1.0716010403   -5.4835205155    0.2039332213
  -4.1929378861   -6.1746758709   -2.0419506338   -2.3697515787    1.0779050905   -0.7197326415
  -4.8490382565   -2.0700755560    4.6872831565    4.2199307723   -0.4941913168   -4.4141799561
   7.9325488406    5.6004251695    1.3413601799   -2.7462011719    1.6144030821    1.4258729023
  -4.9990262442   -6.4165607646   -0.9778745901   -5.5643709874   -1.9745502530    0.5560203190
  -5.6446645794    5.4759518120   -4.0988074141   -2.6395497881    1.5572333315    0.4680835583
  -1.0426515148    1.2239077943   -1.4510524605    0.6334881171   -2.4335101021    0.0063152377
  -1.9765774700    6.7335629212   -8.0232076748    0.4809251083    1.7690865489    3.3478935931
   0.8294648434    1.8802798216   -6.2603851228   -1.8666156671    0.0256811555    2.6380528545
  -8.3062335277    3.4082939250   -0.9900788469   -1.2666081271    0.7569540574    0.1011170073
   3.8267529462   -7.3416181456   -8.3927986796   -0.6604471645   -0.0315310941   -3.4223941857
   5.3976322834   -1.7038838955    6.2796648100    3.1603157176    1.8251008965    1.5221239953
   2.9691326630    4.7081378194   -1.8006787491    2.9210721910   -2.2319123986   -3.4061355197
  -1.7706235273   -0.1287597133    6.0152680763    2.7508505067   -2.6071758712   -0.6716398622
   8.1199746253    4.3615944490   -7.9133859269   -1.3177761093   -0.4682546344   -6.5981321952
   7.0000351015   -7.4514383288    5.9288068743    0.7705406702    0.8448462910   -1.0644613946
  -0.3905271328    5.3628660314   -7.5705274569   -2.9892752316    1.1901268844    0.4525552711
   8.0395741807    1.9005457047   -0.9266403764    2.3458880648    4.5748581627    2.5392844783
   2.8596343848   -3.1589129402   -2.5432618911    2.8466369612   -1.5611022081   -2.2629378915
  -5.0218101710   -7.6673035269    8.3967064227   -0.7943940985   -1.2115819924    0.3005434230
  -5.7961492194   -3.4398059052   -0.7020940801   -2.8386459002    1.4529940401   -1.4038802116
  -0.2583531881    6.4953726568    4.0614019535    0.8211488872    0.1677594766    1.5355341768
  -0.2156723326    7.9747057274    3.6387672129    1.0676524340   -0.3354707118   -1.4041360254
   6.0766831271    7.0681237424    5.7402483174   -4.5775941241   -4.3127461277   -2.3152414360
   6.3432291240    0.2818003924   -6.4730265185    2.4934720274    1.3991227902   -1.7640032754
  -8.3619810709   -5.7496794355   -0.5667996248    1.5862002496   -1.9289291430   -0.8552546801
   8.3185845733   -7.5047593542   -5.7253878006   -2.9150083893   -0.7086737808   -1.6637670353
  -5.2767043570   -7.2004040392   -6.3874313556   -0.7531362001    0.1252215890    1.3043466508
   5.6406277519   -5.9367787633    4.8471875158   -2.2772686289    2.5886641721    0.8529196880
  -3.7473324432   -1.0634209742    8.1099942382    3.9409396879   -2.9036709300    1.4731407005
   6.0100634260   -8.0987099101   -0.1242331975    2.8361010735    4.5333586828    1.2017801380
  -0.1710069387    7.5488110762    5.3758843681   -3.1148663506   -2.0291458178   -2.7299645776
   3.5108605826   -0.2565473155    0.9360631980    2.9601372496    2.7405174306   -1.9491639618
   5.0703932559    0.1482353896   -7.8024958906   -0.1530232235   -4.4738254463   -0.6286604857
   1.1433593422    4.7294157000   -6.2141185549   -3.7463949567   -0.1190189266   -4.3294263202
  -8.1232936663    8.0385741474    5.6666095960   -0.8962193379    2.6425309295    3.0242832148
  -1.0627811283   -2.7068696155   -0.2751442597    2.6199413373   -1.4397732701   -0.6811896384
  -6.5071488554    3.1699675120   -1.9687104610   -3.3998426979    1.9849404248    1.6761301836
   2.3239494462    2.6292804567    1.2570638159   -2.5528869986   -2.5142415580    1.1839113338
   4.4724541723   -1.2405958110    3.3864465119   -1.7821425949   -1.7117050206   -0.6336905366
   8.5327075648   -4.4497296393    5.5940037162   -1.3462765879    0.9944691261   -0.9532655042
  -0.5897340974   -0.4201910218    6.6480092348    0.1705736028    1.4664471231   -0.0588508941
   0.6936408371   -2.0966083096   -6.4523814299    2.0637663805   -2.9440708382   -3.6509254920
  -0.5836622003   -4.1896336267    4.1774324662   -0.7139640593    0.9447185667    3.3520591543
   4.0032781334    6.9645233458   -2.2303596243   -2.4927157108    3.1889597387   -2.5014420466
   2.0658782627    3.5443438151   -3.7688176489    7.9173050148   -0.2306218664   -1.1398821172
   1.8402945252    6.8329446179    7.4322141547    3.3475504884   -0.7766414027    2.9671774511
   1.5120106194   -3.6986172684   -0.2827091496   -0.6781565180   -3.9847237432    0.3540665557
   4.3643328261    7.4148210972   -6.6034622142    2.6308476231    0.4973249133   -3.6511340218
   5.8873473243    8.2740065761    7.6832017530    2.9403529596   -3.7508475247    3.0350524172
   6.3296055014   -6.9117432994    0.6216548293   -0.9703692260   -2.0680793135   -4.1584966537
  -6.5743554743   -0.5549248751    7.1486556334    2.9885111858   -3.3494162708   -1.0442630900
   1.1548426178    5.6725720555   -0.8146852328    2.2443188820   -0.0729174774    0.9672681819
  -2.5401511341   -1.4262765470   -6.0886688022    2.0994558324   -1.1627816634    1.2416181284
  -3.8687849837    4.0272877569   -4.5549468822    1.5217933077   -3.2819563720    2.0398654504
   8.4388287453   -7.9824525429    7.5998365883   -0.1631435932   -3.5769338227   -0.8295409555
  -2.0225559977    3.1152228258    1.3253578686    4.1288278655    0.8068322427    1.2713454147
   6.6291342758    6.8713759363    2.7882219568    1.1127714634    2.4693042794    0.6741196022
  -7.6537499005   -0.4067986520   -0.0511739760   -1.2374926252   -0.2040690115   -0.5810349863
   8.0750717930   -5.3672950624   -5.2472398921    0.3631671482    0.5249232204    1.7095288759
   1.0800455107    6.6966295028   -7.3670730458    1.3013964794   -0.3528558459    1.5024344676
  -1.5160338610   -7.2638300210   -2.8596009530    0.8534762287    1.8035759700   -0.8017502715
   5.7588219699    6.0920316939   -8.4800271791   -1.8433893743    1.4305847710    1.9291339605
   1.7684618773   -3.2370012287   -1.4897684587   -0.3181057665    3.2978752017   -1.3290627696
  -5.8888286159    2.7506172523   -0.2811983753   -0.5667504505   -3.5999456900    0.1440531137
  -2.6214601958   -1.6883493877    6.9754046194    1.2417624156   -0.5307013146    3.7442225267
   6.4574730334    6.3551027720   -0.9666612477    2.5806809324   -0.3068328131   -0.8621336178
   0.3555273161    7.4613801225    1.8439862365   -5.9967858227   -0.3773374502   -2.1971414910
   0.8439110209    5.2892525562    1.9050950261    0.3826099599    0.9919638141    2.3476380165
  -0.8019645975    6.2621127505    0.3481975822   -0.7599615127   -4.1794554961    0.9956512225
   6.0768847225   -8.4286648679    8.4704320426    1.4914417086   -2.4779200040   -3.0493888688
   5.0037523213    4.9491831900   -7.3482098417   -1.5568422673   -1.3986673988   -1.2221246553
   0.2277096736    6.2599412790   -7.8319599828   -2.9923178353    3.9480127447   -2.3415747702
  -2.0502982793    1.0461235979   -5.4572776119    1.0490465013    4.0079323543    2.6665533247
   2.7657268489    3.8086359096   -7.5101884534    3.0059966991    0.0410848344    0.0858022690
   8.5338453873   -5.4496793694   -7.8065161255   -0.0254857166   -4.3125506797    3.5784779036
  -2.2186931655   -2.7437791233   -6.0520646591    1.1534627862    5.9083497034    2.1395123778
  -7.9684003133    3.8215928882    1.1259090873   -1.4269463313   -1.3921336966   -1.8948517869
   5.6237063048   -4.5317587382   -5.1215001319    3.7322120586    1.2174528761   -0.3002759877
   8.2050641524   -2.1333552002   -7.4602031076   -1.2648907502    0.3322759027    1.4789297045
  -5.2699702408   -8.5236756626   -4.0880251846   -3.6578260804    2.4772481681    0.3223442263
  -4.9170752394   -5.6969150612   -6.7343341485    0.5431527400    1.5499811710   -2.5622865226
   0.4609293323    1.1653129014   -3.9307665719   -3.0513651177    2.4315242585   -2.4199971139
   2.8803197358    5.6617377430    5.5929162398    2.1303504970   -1.4814674065   -0.6392983175
  -0.8769929772   -3.6052825276   -1.9070990386    0.0228356286   -1.0628188025    1.9124461546
   0.3534121710   -3.8580648039    6.2272807315    0.3232294278   -1.3565445149    1.3574534051
   0.1502467165    5.4927944720    4.2984466358   -1.9754003791    0.1423693035    0.6840773521
  -0.9042419498   -8.3104143032   -6.4932921486   -4.2794509296   -0.5619248146    0.5779928977
   1.5124159514   -1.1381253671   -7.1944192631   -1.4431696464   -0.3402747807   -0.5667008214
  -3.1791148947    7.6813526420   -7.0986669808    0.4311716609    1.4415056794   -4.8676510692
   3.4567955192   -7.0733352245    0.7303394842    0.8434490829    1.1686172550   -0.5040822349
  -6.4553584759    7.4970272656   -0.8085746809    0.6441656985    2.1609553282    0.3720965420
  -4.7509313527   -2.0459236829   -1.1848079377   -1.5511903953   -4.7305883228    0.2192760638
  -3.8463008541   -5.3696872451    7.1955147797   -2.0342014461    2.4716123407   -1.7392372238
   4.8951704148   -5.9164637026    3.8840177718   -0.5221750201   -2.2735692780    0.4497893292
   7.4684107001    2.7198506163    6.6445809857   -0.5060614048    0.5659822094    0.7490034647
  -1.0757548816   -5.3405429369   -1.0259614594   -0.8792193258    2.5317042345   -1.4916549914
  -6.5894401585   -3.7810817585   -4.0708667523   -0.0112588029    1.7213368915    2.8096993921
  -6.3900847647    3.9430924558   -6.8797867053   -1.1458030581    1.5263235149   -2.5533380432
  -7.1578018290    0.3661267206    3.2508830137    1.7183264288   -1.3692448586    2.4155381985
   7.4989042284   -7.0247520495   -7.7507959032    2.8991411132   -3.6091055137    1.1909954383
   4.4983519251   -4.5556911790    5.8113153453   -1.6993691429   -2.1642776744   -1.0696346165
  -6.9979040779    2.2018577412    6.7032476984   -1.7114355233   -1.6783046280    0.4717132894
  -1.3522215840    7.5245054002    0.9360405123   -1.0798214198    3.1560397441    0.1127175158
   0.9428804506    2.9004685988   -8.4193301067    6.3113894865    0.5944151008   -1.6463510793
   0.9426794796   -5.7583614768   -3.0713762039    2.7330748918    1.6813066053    2.0214661421
  -3.6615338896    5.4852277124   -5.2739437588   -3.1663098480   -0.5584367137    2.0428686840
  -0.3518334217    2.2004315818    6.7510855325   -1.6686344017    5.0084729788   -1.6015133388
  -5.0047792178   -2.0961204673   -4.8044210919    3.2712586529    0.4700904758   -0.8963021474
   8.2515254370    7.0506093157    7.3572063867   -2.0601098693    2.4766803512    1.3863203413
   0.0579880465    4.4879039683   -3.7811376343   -1.4630445563    0.3401474983    1.1564441792
  -4.9551433449   -3.6432756079    0.1520959396   -2.7574158645    3.2938345266    0.8712920343
   3.2102893046    0.7627816609   -7.3826388821    2.1192145459   -3.2824293052    1.6859042200
  -6.9422681847   -7.4838002932    5.2623675934    1.6767048814    1.0384870524    1.0280559447
  -1.1170046148    4.4434286684   -8.2383414617    2.6034369857    1.1983448041    1.5705811484
   8.2939985529   -0.4601457834   -1.1761163411   -1.3734941571    1.7232000135    0.3496355570
  -7.3952901117    2.5155332247   -3.8938550801    3.3428346685    1.7927904414   -2.5140284903
   7.0400335084    1.4406391075   -1.0713874263   -2.3781853402   -1.4860910293    4.4102762128
  -3.9214487219    8.2681507477    4.0765462227   -0.2650293800    5.5733113323    2.2735698669
  -1.1134020836    3.6260264631   -4.5006788835    0.6142064210   -3.1198477126   -3.8808514476
  -4.5599239271    7.6154459934    7.2417384138   -0.3545614933    1.9695457259   -1.4959522462
  -1.1587937488   -2.8328776575   -4.5295194718   -3.2498075735    0.3264568475    0.8208876545
   4.6558822614   -0.0564439440   -3.8561241978   -1.9464721273   -0.5015876869    0.1302179930
   5.4769156930   -6.9274251794    6.4886791117   -0.5165306510    2.2926085561   -0.5687467360
  -4.1711673391   -1.6665065491    0.6249840716   -1.0439038853   -2.2671183920   -2.1279564744
   4.7489792349    4.1319551155    4.9683200939   -2.5775484679    2.1289796118   -1.1252943066
   6.8589900939    2.9842029395   -5.8456606020   -0.8774182241   -1.2918896587   -1.9688962521
  -7.0338741637   -0.3681109897   -2.3516314295    0.5212963539    1.7705501658    0.4757435854
  -0.2293392147    2.2283444649    5.6606314011   -2.7809677231   -0.6208183162   -0.6408178262
   6.8024201615   -1.2028449961   -7.7193219331    1.4233318008   -0.3525930481    0.0034128292
   4.8250090853    1.3302761836    7.1398045112   -1.3970878210    0.8500305260   -4.0205103866
   7.6501088863   -8.2327403515    3.2259119482   -0.4971691384   -0.7841817147   -0.7818597998
   1.4797980461    1.0682362311   -1.1766175650   -3.4538343321    1.3142268574    0.5017788410
   3.8274781789   -2.7186673271    5.5431822347    1.3615631171    1.5864025024    0.2610228609
   5.9373382013    2.5649561748   -5.9706931819   -5.3372691580   -1.6814173675   -0.4349439381
   2.8149353900   -0.4439084970   -7.7551188964   -1.5827238329    1.8151594976    2.2625477057
   3.1413991779   -7.0321522144    2.0368188444    0.3396626935   -1.8703490521    1.0634225479
  -3.5246386461   -7.8049836617   -3.4399632507   -0.4950382954   -4.4498675722   -4.7647839042
   7.7817080690    0.3614958929   -2.8555280540    1.7345944395   -1.6238216134   -0.2703984434
   7.7810648385   -1.9029202809   -5.2397471854   -3.9657382129   -3.0885991319    2.5243432607
   6.2246607885    1.3985080437    4.1771134194   -2.3360962039   -2.7940702174   -5.2607938886
   4.7724912496   -1.8694360977    7.2332701112    2.4756585448    4.6224632209    1.8604309985
  -5.4283634093   -5.4243669374   -7.9594034164   -3.7974371587   -0.5095045285   -0.1381218260
   3.2193036983    5.5597479653    3.1122974533    1.4958049989   -3.5647938722   -2.0283425395
  -2.2535931157   -2.0316631042   -2.3977076748   -1.4272350086   -0.8671237326    3.9853854258
   6.0715992885   -0.5091027284   -2.2469712349    1.3863903254    0.6859554847   -3.2961127741
  -2.9403482379    7.4531322748   -2.7454931737    1.3322904101   -1.2316789373   -2.8166953442
   4.6823260055   -2.2787031762    0.7795025950   -2.5797217424    0.7194541119    1.1716492082
   7.0786529058   -2.2100881303   -8.3873249005    0.5071558745   -0.2476019457    2.9278357277
   0.5874897413   -3.5985543963   -6.4633701574   -1.3533118538    5.3291360135   -0.6979302654
  -6.1655926516   -1.2226283748   -6.9650897011    1.5265953243    2.0411442129    2.4320289970
  -0.7902718102    4.3308733960    6.3484458354    1.7281190627    0.1244984229   -0.9109786887
   8.1712714421   -4.0757844386    4.0815933118   -2.3853708567    3.8390342011    0.0244554219
  -4.4183419070    1.1110089377    7.6134563083    0.1507264031   -0.8357060490    0.7063241251
  -1.3790535265    2.6509034616   -2.4324679570   -1.0023985008    1.4468966685   -3.9293312943
  -5.4956990298    4.7977172435   -4.9449250056   -0.2432673810   -1.4564916392   -1.9850516303
   6.8450564013    4.3582351296   -0.0438494963   -0.1528754132    1.2281412396   -3.9401003415
  -1.6496309950    0.1536663155   -0.1406464205   -0.1933828738   -0.1227158096   -3.8354701823
   3.7893650228    5.7025768956   -1.3638688359   -1.6253791792   -3.1826724095    0.6558640802
   6.4295185245    5.2625848230    7.3532893475   -1.8498784490    2.5537067840    1.2428473512
  -6.7115136620    5.4533220841    3.3208892243   -2.4712599073   -3.4471702011   -4.6205702136
  -7.3417351594    4.7145833200   -1.7047648123   -0.2270429820   -1.5243138303    3.7628088014
  -0.7971711776   -2.4036234317   -2.5069499910    2.6294675298    1.0799314156   -0.7627068060
   6.9426167933   -5.7797291733    5.6409408672   -5.7705543556    2.0701920932    0.7842574555
  -3.5857401544    5.6629280755    0.0747295897   -0.7131405311   -2.7736763948   -2.7775507807
   7.6503557226    4.3416311250   -5.4921933139   -3.2236496116   -0.2296068330    0.0182288277
  -7.4915301438    3.2097104469   -2.8704565898   -1.5668990103   -3.4779205526    0.2223855066
  -1.4519482334   -3.6344432134    2.1825631413   -0.2516187816    0.5686650943    4.1690986713
  -3.3801794026   -4.8599257409    3.4215641218   -0.9260071268   -0.0736819240    0.0165290518
   1.6593684890   -1.6673319546    5.2522683510    0.0108765311   -0.7334491304    1.3386851393
   2.7405360771   -2.2604134365    2.6311540448   -1.3061193557   -1.4584279220   -2.5650836857
  -4.1661069446    2.1748238972    2.5965383774    5.1254738420   -0.9221368193   -2.0331278813
  -4.5721809614   -8.5097194688    6.8669893560    0.4331983503    1.5159921526   -3.1328008079
   6.9680242318   -2.2969805031   -7.0772522762    2.7070375741   -0.1920309560   -1.4247342397
  -5.6221019329    6.4314684798   -3.8596105936   -2.0791454250    0.1066251785    1.3676386125
   4.6107550029   -4.5486436030   -3.7403400973   -3.7981558465   -1.3915356324   -1.8514971957
   4.4327497928   -1.1925276148   -4.3229128559    1.1678716395    1.1210328643    0.7327510073
   2.5989664869    3.5636973255    5.4260343614    4.8451308060    2.1215304822   -5.3924158106
  -2.8549851911    2.6677940063    8.1395742871   -2.6909479709   -2.7575283057    2.8065092914
   3.0028771648    3.3357469857    3.7247993667   -0.6392022892   -0.2333573755    0.4496104211
  -4.0635948925   -5.5694560582    3.1786260675    0.2440315374    3.4944649703    3.2652910727
  -3.0707836759   -0.0452938147    1.0028043517    2.1100390673    0.1468008548    2.6985116822
  -4.9937991059    2.7744250822    2.9414259890   -1.9845483115    3.0346260254    3.7236234336
   4.3305907557   -7.2787140779    4.4120903769   -1.8941501605   -0.3356520603   -0.3520023530
   8.0866741985   -5.6725627514   -2.7930910746    0.1126993610    1.3071157331    0.4218046616
   3.2532076217   -1.0944055964    4.9800836389   -1.0278830080   -0.6180002195   -0.2870072069
   0.9557229540   -4.7931531930    5.2441478135   -0.4770642609    0.9614932137    0.5633761437
   7.1979398135    1.8492195394   -5.0716966852    2.2309221874   -0.1192490237   -0.6999836578
  -7.7740244628   -5.2675042235    2.8627984607   -3.6393041545   -4.1773182377   -0.1386018416
  -2.6583995371   -3.0599603122    7.6155041671   -3.3134920419   -2.5729539996    0.0895091158
  -5.3636114175   -4.4979211597   -2.8772292371    2.0905696565    2.1460726899   -1.7346039381
   7.5746325790   -0.4167182931    3.4274242124   -1.7717717588   -0.5532177114   -2.9355611597
  -8.4659893777    2.3261998581    8.4873170386    3.4265667486    1.7047272165   -3.0393665715
  -1.9374648581   -8.0695475664   -0.7384767932   -0.6852660713    0.5212056310   -4.9784153372
  -2.7539305202    3.1940100406    2.9155606547   -1.8059928442    1.5156919444    2.6927861895
   7.4266265445    0.7704466237   -8.1372557214    0.4379521445   -0.4564951996    1.5723062550
   0.4133313711   -0.5398025218   -5.4169936132   -1.6309552147    0.9775668158    4.1587767170
   0.6984679862   -0.6978152904    6.0724602118    2.1788729872   -1.8895806959   -2.3649113023
  -7.9123297541   -7.4866403529   -6.0057892705   -0.7500643204   -2.2281973266   -0.6111546129
  -4.0761013296    3.8220369503   -8.2854917358    0.0405025964   -2.6102550326    0.2292766034
   7.5496154733   -4.6614600809   -0.6247431385   -1.0952849668   -1.5414685995    1.0548368587
  -5.8865137615   -1.4556769019    3.6104301431    2.9578554225    1.2858909135   -0.0524054613
   2.7216055428   -1.3738364844   -0.0152065825   -2.2933620353    1.5570171538   -0.2637862433
   6.5729920965    0.1097494593    6.6495580619   -1.3204354117    1.4997003979   -2.8116492373
  -4.0476579149   -2.4514068222   -2.1763652636   -2.0689437069    0.3004313024    4.2991905219
   8.1719766677   -5.9648479708    7.8348639008   -1.0033225463   -1.0053999428    0.7414256807
   5.5725994217    5.9144325415   -0.5244364264   -2.2439478941   -1.9996064257   -1.2638806749
  -2.6404384572   -8.4101332348    2.0451646256    0.2102035519    0.3407784607    1.0349239315
   4.1937837545   -4.8570533447   -0.4114191219    2.6681254213    1.0512443118    1.1444885680
   0.0452081103   -5.0820202078   -5.8476401346   -0.5267328211    3.1507701285   -1.6509746320
  -2.7585045654    7.6546447116   -4.5597769447   -3.4939273221   -2.2302577145    1.0446694753
   5.0754326720    4.7839196413    4.2769799064   -1.3078405820    3.4463362331   -0.7786022892
   3.6453547216   -2.8863233575    6.5290740801   -3.6747781792   -5.0683225302   -4.3228273757
  -5.5554809898   -3.2640915870   -2.1186720364    0.4592432615   -0.3426612681    3.6201355196
   4.6123369548    7.0847419664    6.2574829376    1.7525778552   -3.4463073279   -2.2511962355
  -5.4840732970   -8.3853571718    7.7895719862   -2.6898872146    1.8528986246   -0.7374614272
  -7.6764340082   -5.4859138900    5.9085984653    2.4336318742   -0.9116351994   -1.3825063792
   6.6779506445    5.2769275044    5.4270529435    1.0756657723   -0.3824861477    3.6168096299
  -4.7831216935   -3.7173874990    5.1454950979   -0.2470156135   -1.1805897931   -0.2922334041
  -1.2001740762    0.2497536409    1.1939053431    1.3295254262    1.3936245497    1.1052607711
  -7.0663796033    6.8938155024    0.1069198965   -2.1948104665    2.7727608797    0.5223320966
   7.9023305006   -0.9863906774   -4.7804208495    0.3663917401    1.7730012857   -1.9770611172
   0.4307400079   -0.7666642978   -3.9913400236   -1.0670179685   -0.7318506654    3.0794369040
  -2.6930201946    4.4170577478    3.9869635179   -2.1549931484    1.6099720728   -0.8275220403
  -0.2582821276    4.1452355113    0.6203095232    4.9391709270    0.3246909624    3.7856067628
   5.8098823033    0.2143425340    4.6475822470   -3.4633203215    1.6324307681   -0.4751962990
  -5.6393958062    6.6533688863    2.3489061249   -0.6714879664    1.4035520719    5.8313250711
   5.1531030450   -3.9994272100    0.3650556267    3.5735763357    1.5718811751    2.6062464499
   4.8308556832   -6.2142179607    7.1858867818   -1.6029529460   -0.9798211848    2.6355114117
   0.5329265134   -2.9867543532    4.4351770292   -0.5265353784   -1.0618854208    1.2469183295
   4.1096371948   -4.3800711836   -8.4082977348    1.3221074414   -3.7362486716    1.4943384780
  -3.2435903180   -8.2923314621    7.0886510667   -1.6325805551    1.1358314644   -0.9749193975
  -4.0681869815   -2.2468710420   -7.3389394223    5.2263335525    0.1304419635   -2.0061508281
   3.5799077167   -2.0931689988    3.1946448810   -2.5078645220    0.8300672194    3.7066535879
  -2.6419401970   -0.1699773820   -5.0382956306    0.9560683941    0.3942992624    0.2191593880
   2.1912763344    8.3525699503    5.5391327838    0.1420925208   -5.4930618324    3.5172027188
   7.7380696805    8.4502329423    8.0633549866   -0.2418492990    3.6519396069    2.1601695969
   5.3715914935   -4.3882402361    7.9549151108    2.0845087506    1.6620906634   -0.9249888469
  -0.1692366479    1.1267926989    5.5678291711    2.8418823131   -0.3096117871   -3.9260350414
   7.5767544368   -4.5711529520    7.2474236086   -0.7492289150    0.0504539103    0.3012324865
  -2.1854492757    1.7076014125   -0.6572981864    0.6951294851    6.9388047039    3.2521505434
  -6.0798524542   -2.7751063535    3.4938529404    0.4757209696   -3.2127089330    0.2366039221
  -3.4091008584    8.4530638588   -4.2426644622   -1.9821916648    0.9964005476    0.3637708654
   2.8799062616   -8.2510795990    2.2733570353   -4.5511865656    0.3710939824    1.0394712233
   7.1453848997    1.5607854500   -7.2135166850   -1.2249215038   -1.9553350434   -2.3737726240
   7.4505304387   -1.7778966205    1.5161477364   -0.7603758348    1.7240227947   -3.9878149701
  -5.0761700400   -6.8316499456    0.0682777624    2.3009794155   -3.5765029117    4.5825073143
  -4.2115032763   -0.6473253492   -7.2094476062    0.2388625513    2.0600644708    1.2287864252
   3.9458823533    6.6356729820   -3.4705480097   -0.5065625210    1.9529598918   -0.0726539553
  -1.3894487112   -6.7993613379    8.4487172742    2.4882100601   -0.0624477718    2.7309971070
  -2.4534570637   -2.2134972375   -8.1672044601    3.9424700221   -1.0532157716    1.7475597987
  -3.0677347197   -8.0663825585    8.1163837381   -0.3047530156    4.2046621486    1.4412353769
  -2.6622072781    6.0428146266   -2.3869404294   -0.2362595879    0.2797928236    0.9764417146
  -6.3692984350    6.8817035128    4.0071532090   -1.0887627519    1.1641751873    1.7500741682
  -3.2591743811   -4.4990555295   -2.5634155487   -0.3096084796    2.2999552764   -0.8242434206
  -8.2600793771   -2.3697210804    2.5934735407   -3.4528193925    1.1089576339   -3.2025844322
  -5.5095191347    8.1813707152    2.4448925950   -3.3923937694    3.0892684434    0.9045325855
  -5.1020743140   -6.7114892899    5.0261100657    0.0607567450   -4.2812764665    2.0559469282
  -3.8470162369   -7.0536146710   -8.3996253276    1.4652491163    0.9708576433   -0.3411360223
   7.7041341953    3.1334140997    0.5811985480   -1.6627433302   -0.2622905734    0.6130576166
  -0.2239989039    5.0852000673   -0.8592271759   -1.4910216927    0.5569329358   -0.6120344312
  -7.4628733261   -2.1418538744   -8.3270155994   -2.3594421693   -0.0368889849   -0.8072904831
  -4.7757758242   -4.5452404959    5.6354900616    3.1865086432    2.8042550274    1.9373408205
   3.6834069314    3.9194469430    7.1040907135    0.7453344142   -2.8560453259    2.5403623359
   3.1519929611    1.8302079117   -6.8696312943    0.7235638990   -0.4649178585    1.0808522434
   3.9457473033    2.4698682383    4.7674193761   -2.0009908866   -2.6599624948    0.5326319985
  -0.9901252748    0.3859159871    3.7565164920   -3.0631506600    2.6379045535   -0.2881629033
  -3.7185493613   -4.2138108666    7.1815023437    1.3605916193    1.0726646270    0.8664986397
   5.6970894883   -7.1604241026    7.5451471075    1.7088371980    5.4075079575    1.2200186392
   8.4121861721    0.5291671250   -4.7127320088    0.6414266394    0.6824585305    0.9882409022
   0.2787628219    2.4621263098    2.5710772979   -2.9819963665   -0.8606515806   -0.5152338749
   0.7014612095   -5.7468919485    0.0966980189   -2.5649946328   -0.5989746279   -3.7532065028
   5.5108240216   -1.6021451832    3.9093521428   -2.2190480602   -1.3351513436   -0.7017805421
  -4.3790941111   -1.8779188262   -2.8263995775   -5.5437684052    0.9286168035   -0.9523277846
   3.5473056100    2.5296116196    6.1456506142    0.9828063327   -0.3087853861   -1.2974683414
   2.4181041032   -0.5245390602    0.5300947467    2.6380620260    2.5602202396   -0.5169008141
  -5.3618151649    1.1127571071    5.7080722585    0.8479806049    3.3312314121    0.5891162480
   6.6035872404   -1.7972228898    4.8751472236    0.0393041777    0.4489819343    2.4275005254
   6.4355917373    6.8035597385   -4.9290911909    5.0379483520    1.2686345706    3.4375057062
   3.6120074803    6.6349582905   -7.9980226348   -2.2017849522    0.8409113172   -4.1252333113
   6.6016951406   -6.5896109384    6.1197094065   -0.3490651176    0.1635570720   -5.2664856917
  -4.8197598301    3.9840728717    2.4763006375    0.6744200856    1.9265649639   -0.6606744821
  -8.5108554530   -3.3583012780   -0.4378366661   -2.6484222434    1.7859736821    4.0659154360
   7.6987569613    7.9489066796   -5.3649564338   -1.0725037722    1.3249056955    3.1271667810
  -7.6298900052   -0.5387727482   -5.0535322875   -2.1232856037    0.2983122139    1.4662735230
  -2.9784003107   -7.6451526619   -0.8641731456    0.5663828616    3.8091135459    2.2516811695
  -2.7614786111    1.8549396080    1.4855919187    1.7135485336   -1.6532511504    2.8599728600
   6.8802610236   -7.0845923700    3.1344885637    3.9808862306    1.3393073796   -2.4593252503
   0.7243227425   -5.0529184692   -1.2093099691    1.9002742601   -1.3431789131   -2.1895479354
   4.7638043733    4.7772622662    6.1556649126   -0.2264610652   -0.2355967500   -0.6025247251
  -8.1415431641    1.7265172221   -2.4751264499   -0.3144973046   -1.7963114296   -0.0854119493
  -2.6286977758   -1.7782769974    1.4102368016    0.7340033967    0.9609171645   -1.8099387586
   5.6148364964    2.1103879460   -4.2750448846   -2.5497681459    0.0089820270    4.4987795088
   3.8830191830   -1.1788993879    0.4911250908    0.2377240955   -4.2555879488    1.5342566992
  -1.2562923403   -1.2102873370   -5.4071763130    0.1027506305    2.5852052638   -0.7518820773
   7.6401847983   -2.0495344910    7.4242552979   -5.6972304702   -1.1463111028    0.0321140372
   4.2398251714    7.8010792035    7.3731593414   -5.3682446951    3.0744670536   -2.4144675391
  -2.4730866955    0.4951941563    7.6139229096    1.7287223661    3.3308704520    1.7663180148
  -4.0530078032    5.6776781894    1.7559713431   -0.2362843677    1.1376772350   -3.7145052101
   2.6850296929    6.3771471041   -0.4581714695    0.5992013021   -2.0526254841   -0.4111064823
   2.9707900211   -3.3716567066   -4.0480783063    4.0411271216    3.5883931079    4.9468004800
   1.6897753813   -5.8284990203    0.0809515526    0.0801185678    0.7691862228   -0.6900094183
   1.7518939195   -1.9232104153    0.5680400286   -1.9245001891   -1.1917966348   -3.6185690886
   4.1112130447   -8.0917379583   -2.0764395735    1.8677857676   -1.3181962805    5.6119193793
   0.3266940982   -2.2366991552   -2.0686641973   -1.0239885518    6.4726123221    3.4071868026
  -3.6443252206    3.6634098562    4.6700722301   -0.6157115306   -1.6712753362    1.4315580658
   5.6508645095   -3.2904683034    6.2144012442    2.2039127976    1.8569742035   -0.6634852187
  -0.2510871746   -4.9721581347    0.3180419094    1.6953191868    0.2759021094   -1.1152070374
  -6.6170205662   -1.9126183591   -4.3305902557    3.1645217995    0.0930324374   -0.8846182853
  -3.8927872858   -0.9980345472    2.6277522213   -3.8584371684   -2.5878821139   -2.2288922393
   0.1709119711    3.0647565368   -2.8034502803    2.9199476096    2.1186181570   -2.8383197035
   0.2767280919   -8.0456525076   -7.2122124566    2.1483415133   -0.9806500786    2.3510393575
  -0.1626362444   -4.5225004160    5.5768632953    2.4301254164   -0.2828856231   -1.2664418999
  -7.2184583177   -3.3025945392    2.2845332917    0.6170814276    3.4859254064    2.5943902775
  -5.9294999640   -6.8725412979   -1.2620191098   -0.0587669614   -0.0536780984   -0.6283509533
  -1.4400118704   -1.0945702504   -4.3917070147   -1.8452819385    0.6779906622   -1.0750110691
   5.3863788868    6.8112977644   -5.1985933517    0.3637378343   -1.0308359644   -0.5929715060
   0.1414077588   -6.5034359060    4.3370318705    3.4110193520   -2.1599966846   -0.4230312972
   2.1814450911   -1.2146210729   -6.3135341304    0.5103692392    1.4613162805   -0.5770563701
   6.2485467958   -2.1062580497    1.7198179648    1.5645587973   -2.7311724011    1.0249411345
   0.7294677521    3.6495303548    2.7154685205   -3.0312855732   -0.5280598513   -2.3627659762
  -1.9589698458    7.8613336503   -6.3094688545    0.5463129809   -0.3672819404    0.4338511244
  -6.4001879009   -4.7038520503    8.1009458021    0.2092176904    3.7034258515    2.7222801584
   2.6750544574    4.7976565244    8.1377531193   -1.5100842365    1.5326054654   -3.4199112299
  -2.8281711984   -6.0066111089   -0.3388142778   -4.5668274339   -0.1637067298   -2.7069854319
   1.7947696993    5.5635909004   -3.8164858962   -1.9204263136    2.6019753241   -0.1746777722
  -3.4777911616    3.0207207018    3.8951699704    0.1170161565    0.6270562160   -2.9883140514
  -4.3941633872   -0.5189479207    5.3580419236    1.1042255521    2.2254480966    2.4187698305
   8.1011088882    0.1303355005    4.6068444570   -3.2253753773   -3.2825939917    4.4041013577
   4.5437800474    8.4961828705    3.1434954511    1.7656141482    1.6257186399   -2.8714058467
   1.9856560918   -7.6228277038    3.2053150396   -1.4158958743    2.9902291215    0.7409507164
  -4.8007495745    5.6685230212   -0.4137291239    1.7274947768    0.5171230060    2.5296241172
   4.7028525274    6.2967815237   -7.8040223680   -0.3880601140    1.0427030230   -1.6437243357
  -0.0355446423   -1.9227293833   -5.2376129040    0.7570680954   -1.5643785150    1.2479395198
  -1.2330273419   -1.0179319081    0.4449058650   -3.0854822188   -0.1539524804   -2.9596196384
   7.3641097672   -8.3613946585    1.5396878092   -2.3648387608   -3.8162584789    1.6694232624
  -0.2534185668    8.1296123230    0.0786512049    0.2054383034    0.7490731927   -0.3185843067
   5.5507686936    3.8504156926   -0.7206901771    1.1215748249    0.1388272291   -3.6555613586
  -2.9363769335   -1.7859043429   -5.1232987754    2.2128655707   -1.0400661766    0.8700311286
  -0.6365661678   -3.2948128753    1.0617745943   -1.5435553141    1.9102976598   -1.6016596533
   0.6671499269   -7.6019999481    1.0839809981    1.8883829921    0.3043449937   -0.2627382033
   0.2354213558   -6.2218663365    3.1081318906   -0.2901848306    1.8210176846    1.6995478152
  -4.9206614853   -8.5283776500    1.3334678885    3.9654357669   -1.0008467668    1.6045133367
  -3.3712557500    7.4603116017    6.9967040445    4.2428435943   -0.9357810086   -2.0223513956
  -3.5391069468   -7.1442431251    7.4869489116    0.1745504162    0.8393515904   -3.3741071582
  -2.0273742184   -4.4761256630   -2.9001405693   -3.6167856910    6.5974621271    0.5770647036
   8.1099659082    4.6456013681   -2.3329054010   -1.3525374705    0.5484887910    1.6182582614
  -7.4396737279   -6.8868509502    7.1280920718   -0.5415399722    1.8880978324   -4.3032407798
  -8.0067179791   -7.6051321692   -8.4484808772    1.9113038345   -0.2773595027    3.6239980433
   4.0439605543    5.5889389265    3.7623593734    1.9302495218    3.2510753466    0.6894966866
   3.6313462937   -2.2829887639    0.2348724022    0.5940807070    0.7551685958    4.8169916510
   1.6362098064    0.3160282280   -7.9147916135    1.0626074689    1.0425316435    2.2885572258
  -7.3432083870   -1.9590109382   -3.2705974039   -3.1943397530   -1.7333060806   -0.8974166485
   8.2739131029    7.5409456321    3.3959707224    3.1798831831   -0.4248252498   -0.5363343184
  -1.8054491992   -6.7043690041    3.9496612262   -0.4841625539   -0.9219436637   -1.9529961138
  -0.3498036424    3.6464948375    8.3045098189   -6.2048205862    2.3203891455    1.2038122325
   6.6022236374   -1.1282612488   -6.6532516003    3.4198489213   -2.7281021449   -0.6439794662
   4.5450283692    7.0488881859    0.4101002922   -0.0272203097    0.2232866334   -0.4304915350
  -7.5272171749    5.2291000168   -0.7170428224   -2.5574363281    1.9935234985    0.8293925900
  -7.2502308493   -6.9412991427    8.3597910393    0.3584278960   -0.8869988198    0.6966779871
  -2.0700775992   -5.4308097448    2.9888113759   -0.6599012198    1.0449402393    0.4074740322
   7.9099431362   -7.5104624472    4.7216622459   -1.6493158445    1.2850276827   -5.4166904345
  -6.4554969673   -8.3974642154   -7.8377169922    4.5327797981    3.2237574931   -0.9793929591
  -7.3823743989   -0.2645807784    7.4996767997   -1.1118354545    0.2124339819   -0.1423396522
  -3.7330562830   -0.4894670253   -8.1064283772   -1.4211045732   -1.3326674965    1.0184521766
   4.1036650205   -4.1769335031   -2.0254224604    0.0262384604   -2.0641923316   -3.8740347415
   2.3495043739   -6.0924206879   -7.4291781840    0.9639902508   -0.9098162990    2.0651102509
   8.4598259457    7.3842161245   -1.7677507969   -2.3970739147    1.3569750144   -0.6180422470
  -5.6777083336   -5.9122163256    8.0378454107   -2.5544750664   -1.6615499793   -3.7771037949
   6.0572383099   -0.0828035823    8.2769782008   -3.9151730797   -4.9809434832   -0.5822162490
  -4.7464692538    2.8587630134    8.2551252431    0.7078816486    2.0336996424   -2.8419826181
  -6.7101329737   -7.6802557535   -6.6511439914   -3.5914777620   -1.6683570605    1.9468830080
  -3.7551816995   -3.8513431340    3.4228476976    4.1987622794   -0.7703025239    0.6571531130
  -8.4534471293   -3.9445669932   -1.7185958716   -2.7319325133   -0.6887490220    1.6670746689
  -0.7100821339    4.2747910529    2.6382156301   -1.5234693681   -1.6405340871   -1.2311913567
   6.9310002147   -3.8108345528   -1.7899135554    1.2771726210    1.0238692400   -4.2686541485
  -4.3247149354    1.6777611223   -6.1500718740    2.3905605667   -2.0304697629    2.2133994368
   4.2234347873    3.8064601840   -1.3601156139    3.1678553661   -0.4409382724    2.8623428915
  -7.4403154252   -6.4179443429    2.5367467708   -0.2875518784   -2.5774857088   -0.2823118760
  -1.6065572482   -2.6714192915    8.1476429399   -4.3414671045    1.7386189185   -1.6951850420
  -2.6419566832   -6.3977009233   -4.4523747128   -3.0985285731    0.7754892777   -2.3918648920
  -5.2231144372    0.9429437253   -8.1279102696    3.1816358959   -0.7433587180   -2.4697644483
   0.3485445605    0.7750053875    7.4118446840    1.9505789293    1.4382923512   -0.7229626245
  -0.4652254968    8.0689991385   -1.7160337609   -2.9453312933    1.7252033138    1.9315118238
   0.9989134510    7.1387540380   -0.5189874447   -1.0997262346    3.6845226886   -2.0965066207
   6.0179625126   -2.0513708708   -3.0963024193   -1.1612710821   -1.0714216593   -0.7414640442
  -6.0872642828    3.6631953654    2.6798842361    1.5769474669    0.5687177927    2.2722454467
  -5.4513889138    7.5343655963   -5.5631698466   -0.9064714986   -2.2522401934    3.0097060782
  -3.0455262174   -8.2473735386    5.6834492062    3.9618889336    1.6757360254    0.0205063712
  -3.2612627580   -0.9005351254   -1.1109216371    1.4616440781    2.0741006798    0.9723426538
  -7.4626921252    7.1368950165   -0.8790204411   -5.7814374283   -1.6387555093   -0.4207806067
   2.6455234622   -7.3227075488   -2.6584007124   -2.0302901356    2.8344382425    2.6570012711
   6.3803283846   -0.5323905658    5.6654301871   -1.6545983221    1.3037843378   -1.1704119615
  -7.7723418157    2.6697692557   -1.6539522692   -0.0058426613    3.9084628650   -1.2884237255
   7.8551930758   -3.6356249210   -3.9095907283   -3.6310950701   -2.1794071236    0.2073434818
  -4.6568683240   -2.8929551006    8.3929485167   -2.3656905492    2.8327577986    1.1576753179
  -4.0773342648   -7.4795190223    6.5887152642   -2.3720063440   -0.7401722486   -4.3375063719
  -7.0130053447    5.9386748751   -4.3267927430   -1.6293104667   -2.3107849992   -1.2055420716
   2.3310226778    6.1873937764    2.8458814577    2.3890138223   -1.8422202792    1.5617442075
   7.7676524571   -0.2953696241    6.3735328774    0.8859073927   -2.6814100247   -2.5082717370
   7.2389901924    0.9893229960    5.7389547172    0.6063041037    5.2503136005   -3.7662608948
   5.7077435761   -5.3289798035   -0.7702023900   -0.2200104416   -1.3897770821   -1.6291103105
  -0.8414005098   -2.5139793394    7.4447253037   -0.3628620611    1.5333802072   -2.6616011575
   2.4970937638    0.3441646696    1.8235042693    1.6536329694   -1.0111274292   -2.1715180557
   5.5828541419    2.5085504090    6.7371747419   -2.6391016356   -0.8678740550    2.9848017760
  -5.1547822366   -5.7786565210    1.6389054026   -0.0765132896   -2.7822412641    0.1686931871
   2.5700591406    5.7295929464   -8.4301965880   -0.5978000427   -3.4180045985   -1.5776735803
   7.1647043722    3.4457827480   -0.3543119181   -0.1850020001    0.3130813999    2.9267299154
   3.5547105378    4.2493815821   -4.7761455340   -1.3078280088    2.8486903586   -0.7106620462
  -1.8094563631   -4.3955220478   -5.7278503363    0.0774038594   -0.1451575334    0.4442875207
   4.0606104068    2.1168257141   -4.0811443309   -1.4825977801    0.4554346478    2.5427456769
  -3.1567151851    2.9855839681   -4.1678185729   -3.0073535460   -1.8261232675    4.8887173877
  -4.7209344544   -0.1124666062   -0.1754596148    0.5745336499    2.0758718768    2.3918043627
  -0.1591668967    1.4995651844    3.6058683497    3.1499725964    0.8804154009    1.9225102586
   7.7945340728   -8.1134816902   -7.0420624879   -1.8534724229    1.1736175419    1.3675968820
  -3.1164805355   -7.8169196943    3.3866294011    8.2741264284   -1.9665949154   -2.8279698552
   6.1190749519   -2.6072033100   -4.1164419335    1.5370689414    3.3229709832    0.9332903376
  -6.7148275423    2.8522693065    4.4703189380   -0.8698395015    1.3862498404   -2.2461844974
  -0.7175244367    7.4773182085   -6.7636967394    1.8463927152   -0.8002997303   -2.4455203858
   7.2666488672    0.1327772414   -6.4253630265    2.6588500642    3.6343596484   -0.8723418589
   0.7221917627    2.3939311752    6.6469300581    1.4367369449    2.0529987234    1.6996037628
  -0.5426949511    0.2159132453    0.0959563404   -1.1330641811   -0.9530391796   -0.1249824906
  -7.6451855810    0.4893346172   -0.8162568807   -1.4910835086    1.8390013243   -1.6089109374
  -1.2633775416   -3.0901016869   -6.1961195689    0.5142138175   -0.6420684549    0.1094372729
   5.1876454087    8.5109630628    4.9523744920   -1.4741969791   -0.9915193747    2.2795500947
  -7.7199801983   -4.7828695840    4.6088421727   -3.0422514750   -4.2628211427    0.3319894163
   5.6961780472    4.4677542405   -5.9188457957    2.7056058283    0.2352336312    1.1725776838
  -1.0584602716   -6.0458214748   -8.0045386250    2.6732253900   -0.1164675486    2.4059648102
   1.8723888226    6.9600688833   -2.4336213610    0.9717902026    0.8141827958   -1.3931240628
  -3.2772996218   -1.8121516197   -8.3772890928   -1.6075995625    0.4374022303    4.4817430842
  -6.9442381866    6.5026401639    2.3118342956   -0.3687115273    3.3566411904    0.8429972888
   5.9629387377   -4.4186599379    1.1746339821   -3.4734783727    2.7163921458    5.7977209972
   0.8470822932    0.8896418561   -6.3061691424   -1.0361353998    1.7633797558   -0.2202459055
  -1.5116570120    6.0338276143    5.3475017794   -3.4991019384   -3.5827354174    3.0038677314
  -0.0565086024    6.3545497365   -3.1490820041   -1.1868290677   -0.2844087227    1.7860902468
  -4.8124116921    2.3739246401    7.1821855340    1.3665982859   -0.8383386393   -0.4247544583
  -5.1760630459   -2.6104813072   -0.0975607396   -2.9914641357   -0.1551332965   -3.0618759582
   1.8017138816    8.2021243556   -7.7402825348    0.7803164476   -4.4279232804    0.4304101540
   2.7891138403   -3.3761956225    0.9811124025   -0.5423175406   -0.9169279758    1.0403935126
   3.9493519962    2.3914031551   -2.9781095804    0.5925570954   -3.1027648032    0.8986965678
   5.5279919913   -4.4486337258   -0.2915697761   -2.8244859864   -0.7957268154   -5.1981095467
  -3.6538806118    4.1197887794    0.9169688617   -3.4048602550    5.3851849637    2.9365032262
  -4.7942126706    2.5295697879   -6.8216618355   -3.6726777895    5.0441528472    3.1680794776
   4.0751099803    3.9453221381   -2.3796298977   -0.8415867551    0.4044001092    1.3269659204
   4.9887372071    3.7235553984   -8.1378426477   -4.3982839511    1.2869472050    0.8836610010
  -3.8813302304   -8.0746920739    2.5266390522   -0.0310805405   -1.4748757735   -1.0128111801
  -2.6039587536   -7.8851863824    4.6340837324   -3.0640995352   -1.0502432740   -1.1346970229
   7.5642503511    6.9176377482   -6.5763366969   -2.9538581446   -2.5109526894    0.5626897208
   3.1294398829    6.0401475404   -4.5841420409   -1.8869253712   -0.4240539134    2.5452662159
   2.3202593761    4.0338710413   -2.2232217390    2.5656854739   -0.7649616278   -0.6523765579
  -4.2690881458   -2.4625461493   -4.2289297607    3.2074138424    2.6769902986    4.1066390549
   4.4982784986   -6.1134252234   -5.4442057093    2.7003006520    1.3889442630   -1.0215860076
   5.8015470900    0.8911372835   -7.9984238297    2.8862133082    1.7006258362    0.5106270875
  -8.1945194854   -7.8117370719   -1.6836056150    1.7835281480   -1.0908157874    0.3075160855
  -7.0199484299    2.3605137161   -0.3122093385   -0.4104354099    0.0970287156   -1.1405675953
   1.5146710232   -4.7258948610   -5.8736021356   -0.2637048443   -2.2366426326   -2.8242208892
  -4.9119275915    4.1559183638   -5.9121068336    1.6644633695    0.6216751986   -0.6857509677
   4.6774952590   -1.3537186839   -5.4359176136   -0.1792187290   -0.3145137869   -0.3690989224
  -8.0018321625    3.9474934558    7.7860768083    1.7263179162    0.1860691697    1.2311888850
   0.1068254112   -6.0639729003   -6.2169142869    1.4215196362    0.3774579037    0.3989930387
   4.1359088680    4.8184974907    8.4822255253    1.8923577582   -2.0911877032   -1.6187073631
  -2.4256918683   -7.8736390930   -5.8274398790   -0.5212099407   -4.5645251146   -0.8290595671
   1.9368605020    2.3337692851    8.4910156791    0.7661525495   -3.6470739871    2.7426561261
  -7.8993102637    5.8024945952    3.4694502720    1.7579355826   -2.5613964601    1.4400945506
   0.2759670145    6.4300378345   -5.2264037535    1.7282570326    3.9716266812    3.3635975965
  -8.2599953976   -7.1729779139    6.1268691315    0.3491571420   -0.2590731370   -4.7963288916
  -6.6036290951    2.2797319319   -7.7953598213   -0.6801435875   -1.8602095953    3.7899502250
   8.5265864126   -1.3207148342   -4.2400095163    1.5247936941    1.1150718050    2.2596305908
  -5.3132611885   -4.1480486464   -4.3378807803   -1.3637702168   -4.0648429818    0.1471230943
  -5.6103934793    7.5003420251    3.6718169483    2.2618490715   -3.5423334056    0.2714478923
  -0.0022444274   -5.3429369255   -8.0540638573    2.2857958248    1.7179998331    1.1637012152
   2.4901714643    0.4553894879   -1.1243939250    1.9330035966   -0.5724010082   -2.3786948013
  -2.7716094229   -5.9548351277    1.4042260537    3.6270477711    1.9101428823   -2.2135973852
   3.0746465161   -0.7686248044    3.9467476530   -1.3282388763    1.7819077445   -1.0415826412
  -4.8241837952   -0.0096794935   -7.7399356483   -0.1217245241   -4.4315141879    4.4273465510
  -7.1151340973   -2.2163479843    3.7414608162   -1.0777984035   -1.3586824809    1.2005715554
  -8.4135764736   -6.5637981972   -7.6699440216   -0.1663810094    0.9050219324   -4.7135728449
   0.8805549123    7.9586178894    2.6112082473    1.5694550032    0.3692901695   -0.0795505576
   1.4488956176   -2.5220413805    2.4537960580    4.0964773822   -4.0959136913   -2.1901199749
  -8.1803871694   -2.0620049614   -5.2385805547    2.8316024386   -1.7493869003   -4.9832268260
   5.0188637295    5.3835860097   -6.3490945155   -1.4392434076    1.0461485628    1.5920214190
   4.1548888286   -3.8808758512   -0.5717510226   -0.2005535401    1.1666961284    0.2766573599
   2.0660666047    6.1964448179   -7.4725876837    1.9526156066   -3.8658155525   -1.4930039179
   4.1983932786    6.4305170284    4.7443686102    5.0474421216   -5.5291078972   -4.9426926232
   4.3264278999   -3.5140840498    1.8039148714   -1.2442781177   -1.9878755462   -0.5221748509
   5.1541798604   -3.8557176032   -5.5605649410    1.0329006037   -1.9358808367   -1.1665729955
  -6.3191317373   -2.1952200540    0.6624887574    0.0653568691   -2.0610763967    0.3984954617
   1.9893024796   -5.3018617308    1.5046364524   -0.8223608223    3.5080074965   -0.9753124333
  -1.0556160482    2.5169656428   -6.4894151059    1.1460101632    4.6471277917    1.9202624982
   7.8023534414   -1.4083514302    2.3258662920    5.5204265869    2.0004639499   -1.4956250111
  -5.3141581794    6.0387571997    1.3393320361   -1.3378023841    3.1704805825   -1.0954721939
  -4.8285090331    8.2718905013   -7.2434904111   -1.8103527800   -5.3941560836   -0.0623293748
   5.7916493047   -7.7011264296   -2.9960252601   -0.2867423007   -1.0830158007    1.9642921493
   7.2745144824   -5.9365768428   -8.3066939245    1.4859675221    0.3060337594   -2.5699522911
  -4.6333096561    3.0825178418   -5.5845884532   -0.5126338464   -1.3972601494   -1.1511311476
   1.7177466119    4.8420033147    7.8632181451    4.3153196920   -2.5960118116    0.1966882192
  -7.1679049862    5.1361967632    2.4367616979    1.6552886305   -0.3799765556    0.2214327842
  -3.3276705013    6.5882495970   -6.0535457925    0.2534510236    2.2556804716   -2.3310072867
   1.5774103830   -3.9318381189    6.2625774005   -1.9786833520   -0.2215611017    0.6153768344
   4.8095701783   -7.2543419024    5.7236248487   -0.2250057252   -0.1066147592    0.6546346963
   2.8065203912   -7.8251153339   -7.4277054506   -1.4112148095   -3.9372780069    1.4242849417
  -6.2086033700   -7.0072374493    2.5458644213   -0.9625171923   -3.1601089905   -1.4582722378
  -6.7718380649   -3.6320811471   -7.1508461094    0.0644016198   -2.6679914219    1.4360048506
   6.2418191750   -2.8179332594   -0.5878544701    2.5575264919    1.2973552912    2.5859003802
   3.4092956921   -0.0859914838   -6.9739054201   -0.0629647010    0.3125832488    1.0500264754
  -3.3181876412   -2.8232336028    4.3691602748    1.6456806872   -1.8222963074   -0.1163831159
   2.5371679188   -8.2569683771   -2.1241176602    3.4146707467   -0.8384331110    1.0423569013
  -8.3862253706    3.3722547013   -5.5803507713   -1.0350659668   -0.0087173225    0.2273162554
  -7.5636829736   -6.1119865693   -4.9368719562    2.4205223042   -5.5005816390    1.3171261986
   2.6391288855    3.4046375720    7.4275542079   -0.8347420540   -1.3291741611    2.3089736491
   4.8456050948    2.4606889590    7.8610100692   -1.8436004388   -1.7572681228   -1.3491562792
  -1.9436932062    3.9809614623    6.2318495089   -0.0589149984    2.0960211316    1.3173805041
  -4.3455080568    6.1058751577   -2.5726495706   -0.2199760624   -0.3548408808    2.4704727662
   2.9626949827    6.6314010965    5.9188027540   -0.1527870969    2.2533178669    2.1240769790
  -7.1945663094    5.0152256963   -5.8774510616   -0.3014338974    2.5316115996    0.4902935668
  -1.6076349617   -3.6420831027    5.3408598237    1.7168111100    0.5677065018    1.8743132914
   5.4989797781   -6.4798188175    2.5441894151   -0.1153200583   -1.2270844357   -0.0770795501
   7.8755269518   -0.9273931538   -6.4086393810    1.6429743327    0.0559104198   -3.6339437085
  -4.3124843781    2.6788468786    5.6395516576   -4.4303237220    3.7164146180   -0.9897541204
   4.9567966128   -2.3243928560   -6.1194752552   -1.6799906699   -2.1590767486    3.3057235801
  -7.8622444728   -2.9565781261    3.3353604467   -1.2959866551    0.2107640950    2.0823698474
   2.2708120283   -1.0331851886    6.9279135284   -1.6472652271    1.5908553504   -0.4183599656
   2.7096165520   -2.2646285989    3.7564767390    3.4526690183   -1.2681040647    3.1492891249
   0.2300965833   -7.4413453165   -8.0956085822    2.0993821721   -3.6461619410   -3.5856199533
   8.0300163957    5.3455802256   -3.0183963052   -2.1544381149   -2.8204955939   -0.7090544932
   1.7799884210   -2.5921525323   -0.3998947867   -1.6913410227   -4.5112052488   -2.3005388543
   4.3491644733    4.0338603903   -3.4663398096   -2.5502750145   -2.7181526335    4.4795161668
   6.1979709974    4.5095873585   -1.0589830142   -5.2523796894   -3.7310597299    1.2233706840
  -6.5987511641   -8.1587649674    0.9398543980   -2.2630952231    0.9962441333   -1.4653254124
  -4.2011839136    4.9340973780    5.2230019415   -1.2506962143    3.4468976058    1.3709275752
  -2.3376703171   -0.1666814057   -2.9822556281    1.9395045704    1.1318979417    1.9015637844
  -0.2059557289    3.5614303221    5.4169920155   -0.1864144788   -0.9360720726   -1.4906469814
  -2.6024056803   -4.7970144836   -7.2239301086    2.8442819465   -3.2531644502    0.1923082660
   3.9928182396    3.3009760704   -0.4206392313    1.1834136503   -4.1548906968    2.3377377718
  -2.6246038481   -3.5050033178    1.2921139049    2.2458999328    0.7022970552    6.3540869967
  -7.9816463568    0.5784243932    7.1757938512   -3.6587570350    1.1854590982    0.9984895870
  -8.3285882931    7.7647792757   -3.8318826399   -0.0018683459    0.0696360573   -3.4112892571
  -0.5070567757   -6.6767738756   -2.7548787419    2.4644236155    0.3120317198   -3.0630254372
   2.1198045060    3.3855670939   -4.8218269981    3.7599239319    0.8339678389    0.6352241080
   7.6688674063    2.9861545214    3.8070503702   -0.2162469456   -2.8674195734    1.7665236470
   6.8514569802    8.0729707390   -4.7115808360    1.6090370153   -2.9334140235    1.0587248950
  -6.1001115562    1.8718481055   -1.4621825223    2.1796365746    3.6843963675    2.4202699124
   2.1814178233    1.2018257450   -6.3026779238    0.4912253010    4.5108902623   -2.2458761731
   5.2685013266    7.0174662996    2.2372215730    0.0240672597   -0.1066441125    2.2888218159
  -6.3893339895   -2.9754442832   -6.2715801739   -3.5221085670   -0.2257376868    0.6893510224
   7.0979881945    1.4101755376   -2.4289805034   -0.3285633266   -1.2586133885   -0.3093170025
  -0.4665797170   -5.6242383380   -5.0175761845   -1.0768522537    0.4852875935    2.2747630165
   3.7257142843    1.8430147619    0.8910549507   -1.2422355862   -4.4993559316   -2.5681299440
   0.1096250944   -3.1693560362    3.4695993684   -1.3650663342    0.9618171119   -1.2443012318
  -2.6383481385    4.0691340117   -4.1276929268    2.1484961278   -3.2433782034    5.9969845341
   8.2409926650   -6.5472118271    6.6602079586    1.9776416388   -2.7979432478    2.4982330731
  -3.1433471953    0.3383782614    3.2886115777    2.9068208779   -0.2675667110   -1.4385195015
   7.6001682798   -0.5680472340   -2.4667608252   -1.3637637910    3.8129148385   -0.6353381633
  -3.3164148883    2.7186061306    2.3272809499   -1.1679892366   -1.8668995400    0.3122448617
  -8.2909706239    1.7999594315    7.1116106145    1.3104542383    1.9175123287    0.2909993667
   1.7632316958    3.9392178376    2.9447328610    3.4295299883   -3.2838531009   -3.0585392469
   5.2153760279    7.5361039701    4.5303043260   -4.3542379391    2.7304723140    1.3465497830
  -5.7298630177   -7.2693359476    5.6727576499    3.1986046283    1.3827216748    1.9525596599
   2.3933267416    1.5114642441   -5.1415570256    1.7842292035   -0.5041605141    1.7321866720
   2.6880102740    5.2966412916    2.0355600783    1.9856638292    2.6145926609   -2.0552653464
  -7.2839782834    6.2965763299   -7.8930277797    2.3974310293    4.2014297931    0.6678620914
   3.3101995750    0.1624886203   -5.8106356611   -0.9465635938   -2.7334468032    0.5737535420
  -3.3533562911   -6.5226801352   -7.4408026814    0.1505235015    0.8662143584   -1.9447021172
   2.3224524995   -4.8153010668    0.0197062093    1.2282603837   -0.4820314228    8.0579832044
   1.6078095470   -4.7673790037   -3.8048928925   -2.8755280704    2.1771985006   -2.5634997497
  -7.9843533283   -1.5383543948   -1.1826093482   -0.0663356026   -3.4155950530    0.4994361200
  -3.5639122513    1.0842948796    3.0194806273    2.8924942474    0.9432042885   -2.2135258754
  -0.8594405466    3.1548801517    6.3446396620    0.2433512610   -2.8123148370    0.2756114900
  -7.3027196496   -4.7980231877   -5.2315190447   -0.2676932142    2.5666626137    0.8977953977
   7.9001543103    1.0835121366    4.4213534093   -0.6930871773    0.8786336939    1.7497834989
   7.6520112028   -6.7757867387   -1.9426088317   -0.6880248026    0.5521711185   -3.0360873205
   3.1334006744   -1.8690849300   -2.9319106462   -1.4006424528   -4.8392471628    3.7991602736
  -5.6360454617    1.2923384031    2.4801002942    1.4926118827    0.7992115824    2.2079165337
  -6.6359460020    7.9666656467   -3.1775838617    2.1144284563    0.6373971443   -0.4197965843
   4.4374725474   -1.6524178713    2.1773244619   -1.2739274187   -2.3010434209    2.3902297319
   6.4496045814    6.0711252584   -4.2185046457    0.7241872767    3.7556848216    0.9773097672
   6.2454305869    7.5821517953   -2.8981040758    0.6062267204   -0.7415684083    2.5921923543
  -5.9617687304    4.7921855675    3.1561494558   -0.7300713107    0.5056542833   -1.7697310644
  -1.9284602449   -5.8294476785   -7.0886878290   -1.0451305527    2.9190510039   -4.3365718336
   6.2900531753    4.3653823139    1.8040003685    3.4045951439    2.8983547752   -0.9918350070
  -4.0231786226    0.6430409583   -3.1799917168   -2.0851356646    0.3465875595   -0.2725987921
  -8.4510877944   -4.8743868915   -6.7880674337   -2.2722806557   -1.0325599407    1.4416876956
   2.0895473983   -7.8186056318    6.1726211495    1.6768896442    0.0653988477   -2.1249948798
  -6.8554849875    6.9227521551   -6.6900596876   -2.4024033947   -0.4662864541   -0.2527029179
  -2.4351083300   -0.3960817542    4.3882606687   -3.3314678183   -0.2610123250    0.5710625738
  -1.4945589800   -2.2883705754    0.8006501704    0.1243206106    3.0527988354    1.3328836133
   6.4635240415   -8.3671698261    2.1285541636   -1.2032615173    0.0558946472    2.4676280983
  -2.9671967058   -8.2495638425    0.1658281597    1.4397001595    3.4689578242    1.2485604845
  -2.3274694555    4.3397497925    1.6214801519    3.0926039796    0.9840100166    0.6904139164
  -7.8555691208   -2.3453251828   -2.4245810223   -2.5112209564   -2.3149416264   -1.8399287398
   4.9939833195   -3.0216546528   -0.3005371398    3.1445020004   -0.9882330061    0.1629784898
   4.9712494664   -0.1412527471    4.8596832080   -1.3656930531    0.7419978549    2.0329560983
   5.1919891486   -4.3868072951    6.8633537706   -0.1048102197   -2.9621538069    1.9719635719
  -8.2014786681   -4.2080099296   -8.4375502867   -3.7061069141    0.3316570359    1.2097311010
  -2.5756131559    3.4087137980   -7.7946253344   -1.8670091571   -0.8047907573   -1.4638889877
   6.9681701352    0.2632815478   -3.4762651265   -0.8740131345   -1.3878984701    1.6727519205
  -0.4905599604    0.2342421497    4.7050347647   -2.0470275840   -2.1430935530    3.3816394389
   7.4523094573    4.5018756742    2.4110816277    1.5724052814   -1.1088077235   -1.6523613510
  -6.1783252219   -3.8939160438    6.1290298100    0.4103856213    5.2655074937   -1.2417986988
   6.4326596290   -4.0076326893    8.4877992270   -1.0742254974   -0.6808343048   -5.6822492763
   6.4298351722   -5.2953931009    2.7563869758    0.6728583177    1.8606330921   -4.4039257965
  -7.0062802098    6.2835619319    0.9542364156    2.0789523077    1.2213778425    3.7741756966
  -1.1045948053   -3.7563054357   -7.3480941159   -3.1801741741    0.1755670212   -0.1006609834
   6.1908488124   -4.6425782887   -2.5739706676   -2.1600098653   -0.5228316932    2.4133806818
   3.6566054172   -0.0916871433    2.3387473683   -2.1258349203   -2.1072466548   -0.6771746913
   2.9220487790    0.1897336445    2.9225657014    3.5751923249   -0.4978361568    2.1343938465
  -0.2952167558    6.5552527373   -6.5383513379    0.2049211513    1.5652320433   -1.1882503309
   2.8153698674   -1.8326718862   -8.2155287708    0.3666188878   -0.3650454330    2.4670420458
  -0.4817954191   -5.6353091698    1.0547849402    2.2727251378   -0.1614429173   -1.4754157463
  -6.2889585863    8.2794034287    3.7647368860   -1.6743708748    0.6607293543   -2.1120335030
  -5.1744294882   -3.2893690456   -3.4762578092    4.9134603223    1.1645873881    0.6001023935
   1.0311643209   -4.4097902208   -7.0188990979    0.3346461357    1.9541521930   -1.2039229373
  -5.8262799264    7.2225134715    7.6599931350    0.9959483355   -1.4047798475   -3.1011358373
  -0.3891846631   -2.2250737688   -4.1738930279    0.8460131464   -0.7943842539    3.6075475249
   4.6860260369    0.0617088489   -5.7309391682   -0.4946720266    1.2487625590   -2.4708155306
   1.5593849964    2.5037026549   -4.6999530739   -0.8505918342   -0.4873854040   -0.3651878000
   3.2347766225   -5.9163423732   -6.9470286502    1.7357313619   -4.7475599845   -1.1438669681
  -5.7914073368    3.0725866915   -1.1605141246    0.2314193924   -1.2526874245   -0.1283854698
   3.1462263429    7.3816274271   -2.1395567687    1.6797405711   -3.8815929423   -0.5872439130
  -0.8048964332    2.7989156831   -4.4132667970    0.7555272195   -0.4859566176    3.9235305763
  -8.1006910377    1.5379085550   -4.6256779007   -1.0257800605    2.0509690414   -3.0605443081
  -0.0777310417    8.4919564514    6.2815320803   -0.8984476802   -0.3855143398   -1.7989152119
   0.1283025787   -3.7279935407   -5.2710548755   -2.0025794176    0.6967013545   -0.6134528822
   5.0440796704   -4.2635677207    1.9899178922    1.0924619731    1.0213227718   -0.1759870162
  -1.0305564137    1.3205369400    7.5959060272    4.8811040471    0.6202430829   -2.4346287071
  -4.5140204905   -7.6779108677   -2.5881443194    2.3959917833    3.6800932861    2.0413487319
   7.0883154100    8.0990737636   -2.7988709049    0.5584202410    1.6941138337    0.4237573179
   8.2250995028   -2.3621703276    0.7300095899    2.1927758067    2.1540226833    3.6558149358
  -3.0302110966    5.9736543596   -4.3799396636    2.2240395598    5.4285907977   -0.3271301164
   7.7290723216   -6.3622804031   -5.1200512016   -0.0033495142    1.9549857279    3.9016077938
   0.3243125222   -4.5924817727   -2.6737540688   -4.6508030016   -0.1930333708    2.3659403392
   1.4576837456    1.9560772270   -5.4271705608   -1.1300090260    5.7728900199   -0.2988281098
  -2.8737742031   -0.6087058175    5.9799102424   -0.6514040222    1.4985569145   -0.4658926249
  -2.1979472732    2.0970503385   -3.0396924651   -2.6642708990   -2.5061837867    0.7732568725
  -5.2683879540    6.6710327645    0.3402897695    3.0856050506    2.0273547342   -1.6554823858
   1.9704480277    4.5236737329   -8.1978518268    0.0276815823   -2.6894874403    1.2968966001
  -3.7301991719    7.2247869668   -3.2697202470    2.0392715969   -1.1557699433    1.0611662411
  -6.4653628961    4.3222353569   -8.1217563078    3.0265460429   -3.1916519593    0.7538217216
   6.2170960920   -5.2936593779    7.9495926229   -3.5738809398    0.1378682568    0.2244733991
   4.3998141328   -0.5200926498   -2.1803909888   -1.9700320333   -1.0442068149   -3.5689585871
   0.3448991424   -6.5955188994   -0.8898677882    2.0962248132   -1.6731864149    0.9855843371
  -4.6367560580   -8.1205897111    0.0796148871   -2.2337367026    0.3483227528    0.1403415798
  -2.3621478131    5.3529509720    7.7576308301   -1.7107969066   -0.3957929806   -2.9581352226
  -5.4983783118   -3.1183175596    7.1040352698   -3.3905648991   -0.3301740708    1.9737408644
   7.9701986509   -6.1023665264    4.5045941625    2.7354366036    0.1938808321   -1.5547295696
  -7.6745863887   -8.4056968592   -6.3586765311    3.6025315283    1.5243719615    1.1479010150
  -3.6678196800   -6.8576867716   -0.6338614148   -2.1158061921    1.2442616824   -3.2197894642
   4.1266826918    5.2510513131   -2.7097062138   -2.0975683100   -2.0913824179   -1.2299748830
  -8.1683346556   -3.1969056950    7.4280910672   -1.7716000372   -0.3676141022   -0.3252376139
   7.5379141519    3.2792012534   -6.8693953032   -1.2449370764   -4.2020706992   -5.8749240934
   0.1646337863    8.4945436814   -2.4387180630    3.4800283704    2.4442191557   -1.4025715733
  -2.0146134345    3.0538546208   -4.2780941087   -6.5063538316   -0.3846989975   -1.2873166476
  -5.0931548080   -0.0054726796    4.4780650049   -5.0684714151   -1.1806670064    2.1168970593
   3.5431153792   -5.0630089165   -4.1282937516    0.5135975346   -0.9614116856    2.0690272507
   6.8030705530   -1.3348038257   -1.8851070256    0.0325603159    0.3230632275    3.1811311786
  -4.8104907112    6.6532400365    8.0789646079    0.3183663344   -1.8810519591    0.1211367776
  -4.4513418076    3.8679680946   -3.6237789934    0.9738940491   -4.0594081687    0.8607139968
  -5.3059943369    0.4117903861   -6.5661781545   -0.3050733452   -1.2992620772    0.9585671313
  -4.1075704044    8.4468098198    8.1480888750   -2.0284320330   -0.0567663086   -0.1674463240
   6.8199132452    7.5129773205   -5.7024010922   -1.1917744495    3.0511342264    0.8694386184
  -8.1585928707    5.9533570604   -6.4144947479    0.1652398369    0.8725821722   -1.9494048473
  -0.3389481640    1.7952856346    2.6553392947   -2.3424215456    4.0138910930   -3.2595995431
  -0.0213382055    3.1126226238   -1.9045123763   -4.7873241090   -1.0076129022    0.6532974084
  -5.9837990500   -2.9965814382   -4.6605763515    0.8531107945   -0.0820111380   -1.5127597919
   1.7992797610    4.7814825797    5.3855312873    0.2488933283    2.8551028340   -0.1784068313
  -5.4623142221    7.1375894247   -2.3030566826    3.1309828411   -1.1752121182   -0.3610251525
   7.1921968349    4.2003344741   -1.5990818094   -1.5909633292    1.0359297345   -0.1628061872
   6.6538263678   -0.3335558610    1.6362470630    1.7325335956   -0.9805763099    0.2791717627
  -3.6721586280   -2.2859540557    7.1774184296   -2.3680278098    4.1654183783    0.4294961005
  -5.6938260055    4.2451277020    1.8501468861    2.4452143400    3.0743702852    0.9258757646
   7.8288295754    6.1450599979   -4.5341826231    4.5601195598   -1.9200072600    0.3795961843
   4.8766542762   -0.1833275155    3.7060859399   -1.0389766022    0.4734938266   -2.2528180699
  -7.4894878916   -8.2872584802    2.5486612760    1.1816518006   -2.2540113395   -1.3150775917
  -2.5152246771   -7.2292528643    5.3150624812    1.5235240895    0.1018725044    0.8549575464
  -2.1597338676    6.8522697335    3.9524396031   -0.0950474479    0.1308962063    0.8193975512
   1.1597431231   -2.6339908177    5.5424066361    2.2343910188   -0.5150414394   -1.0337191350
  -7.3091391027    1.3585806266   -2.0483374584    0.7054988911   -0.8285777526    0.4153251401
   3.0447693109    2.8049109526   -6.4498380181    6.2479248947   -0.5401364897   -3.0426648905
   5.6250450153    6.2368346836    0.8568891232    5.3630368408    3.1757465018   -0.9223471231
   3.9127501522    3.8213168176    4.4980615580   -0.8397416830    0.2756331599   -0.2159583568
   1.1873818155   -2.1322603387   -7.5568211816    4.5998538113    0.9779854635    3.8570767988
   7.9584394607    3.1238874049    2.2151296394    2.4501019171    0.9302283007    0.1689125057
  -3.0561948936   -6.3129627849    4.0110341143   -4.2671560751   -0.4976041565    2.9989097110
   4.5281607914    7.5312543694   -7.9130953255   -5.1536735224    0.5651776633   -1.4815544358
  -0.0079421961   -1.2710494580    5.7196836231    2.5620682145    4.4122254363    1.3969636349
  -3.7298976428   -0.7861121399    6.9805216703    2.0200350818    3.7047577233    1.8967602986
   2.4668616102   -2.0868669348    6.7980644565    0.3223956547   -1.7027758813    3.2206297954
   5.1459464588   -7.6340772059    3.4904137398   -1.2103691778    0.2663488191   -1.7019220576
   2.4528421090   -5.7359671570    4.0962928367   -2.9163657144   -0.1469698539    1.8659475719
  -3.6017363034   -3.6032939523   -7.8571724106    3.0652568479    1.3899376574    1.1905221048
   7.0956251041    7.9967884914   -7.8591192328    3.2468617590   -3.0419093601   -1.3017970689
   4.7462541258    0.8285991209    1.5256052350   -1.1269253322    1.6934138428   -0.9262776272
   4.9701199432    6.6315272412   -4.0749810320    3.7608902837   -0.9513564876    1.3541836177
  -1.4245300827   -6.6132042982   -6.9433042124   -0.6467057064    1.1022625250   -0.8917070969
   5.0323413397   -2.7388515732   -7.5390247510   -1.5000614241    0.2660116005    0.4513324415
   5.9645780243   -7.4408374574   -5.0864071204   -1.0445942840    3.8235711710   -1.0217352635
   8.1797893027   -1.6439299166    3.2060763597    0.6659142860   -0.4709852228    2.6270966230
  -1.8838172580   -5.4131866730    7.4796059129   -2.9297431609   -5.6361864848    1.0289929038
   1.9762736029   -1.4156979673   -4.4847325523    7.2400614124   -0.2933957155   -2.1881696215
  -7.5918996687   -8.2641304573    0.3616456233    0.3086138802    0.3345427472    0.9918736219
  -0.0652844872    5.2215895237    7.6846539282   -2.6934682730   -3.3175759746    0.1978889750
   0.9040289528   -0.2750213107    0.7311647609    5.6208064727   -0.9543775381    3.0229038710
  -5.1068440943   -0.2414842703   -5.0266616211    0.3716504018    0.5329157752    0.6500855268
   7.8832873066   -1.9639292852   -3.0303718232    0.5234183486   -2.3121668416    1.5067979652
   4.6648220841    2.5276697562   -1.9968415559    2.6987514033    0.4713430791   -4.8662816008
  -3.0014093051   -0.3177473849   -6.5079909193    0.2958609815   -0.8338875569    1.8945916527
  -6.0886520908    4.4039185415   -3.0466761447   -2.7276983789    2.7898563189    0.1570409877
  -7.5925394468    2.9328265804    0.2052811164   -2.5594427832   -5.0496648023   -0.1907998742
  -5.0119087443    1.7548374545   -0.7736155164   -0.2297196596    0.5326857377    1.7814695883
   5.3207675415    5.5963703393    8.0165695043    3.3148132846   -0.5978549041    3.8635129692
   7.0812545610    5.8578346481   -0.2874408587    3.8011744869    0.6418838569   -1.3566571053
   2.6630479066    4.4482437313    3.1563570395    1.4452738218   -0.1980536964    0.8287093714
  -5.3097269361   -2.8648485758   -6.6258769476   -1.0996328032    3.1031965649    1.2071692687
   3.3994203352   -6.4334677031    3.0887580638    1.4411341105    1.1319218464   -0.5535715144
   7.9426580886    1.1992551407    8.2713671459   -0.6237087117    1.7769180652    0.4694949745
  -0.4558255351    0.2560114634   -3.6756448909    0.8372382831    0.7808671898   -3.5662661899
  -8.5334646548    2.4213814903   -6.3373813410   -1.1743998879    4.5463643606   -2.1904647968
   5.0682690465    1.4474378654    5.3299019676   -0.7281636786   -0.3319547195    3.5441729558
   7.1403420678   -0.9263480754    7.7078625757   -4.6061635908   -2.0864442142    2.2474200864
   0.4924638387   -2.0173238236   -3.0714895595    0.5741871622   -1.6203177371   -0.2224019009
  -4.6585222481    5.2088087687   -7.1997159117    4.2237857933   -1.8975713958    6.7569979049
  -5.2057805230   -4.1737875209   -8.0231480055   -3.4320714365    0.1378643857   -0.1218124032
   4.6661692540   -4.6101605827   -7.4844145536    2.2254351299   -1.7164459042    0.2890974836
   0.9129891129   -1.5824304278   -4.0328700532    1.1863806173   -2.0420225505    2.5926137350
  -2.0397620409    5.9233802528    3.5048165046    5.6848184094    5.3583164362    1.9660403820
   7.2443515827   -0.0898794761   -0.9594132104   -3.0696451190   -2.7462876210   -2.1094724750
  -6.8840659511   -7.8426271669   -5.3622108961    1.6229696672   -4.9002581276   -2.0080097697
   0.8451211490    1.1011197423    6.4498896699    4.4742110717   -1.9155282560    4.9811440215
   3.7139257820   -1.8498940092    6.9942252009    2.1088733931   -0.1524131944    0.1709183055
   0.7010231120    2.9491393580   -0.6272944801    0.2035152383    1.6297362374   -0.2462244835
   7.9636604303   -7.2864032343   -2.8421201685   -1.5047573538   -0.7418036897   -1.2532193428
  -5.9805872138   -8.3468764544   -6.8695106580    2.6272056596   -2.1001808622   -1.7178852183
  -1.7693013273    5.5587110286   -8.1507299669    0.8275182885   -3.6308932064    4.5064950951
   3.7037335711    3.1412561894    8.0008870910   -5.7432250585   -2.1237199028   -3.0269091233
   0.3979410735   -7.2770747922   -5.0160207471   -4.1914368132   -2.0411021899   -5.0033194868
  -6.4954200670    7.0039218911    2.8863641065   -0.2834119004    1.3836399093   -2.8510298282
   5.6585204735   -2.5560200185    4.7356511608    0.8594721423   -0.4623169046   -0.0477882890
   7.9054419362    6.8375430239    4.5524407070    0.8447804667   -5.0387227428    1.0725348511
   4.3801017801    0.4480077979   -2.4732271316    1.4391420361   -0.1575782397    1.5344925608
  -2.8605593961   -5.0052594611    6.5330377884    1.1959148562   -0.5491704820    1.9000734163
   2.6670203822    6.9722673027    0.4636415345   -2.2157698263    0.4145931783   -1.4669310097
  -0.0757205604    3.2057683424   -3.8822816694   -1.3055936678    1.7021220410   -0.3942261457
   6.1653638954   -2.9257256405   -2.2630773121   -5.2900348831   -0.8845811751   -1.5911296692
  -4.2471646540    1.4923262744   -0.1184056036    1.7694891285    0.4754096270   -1.3825349122
   7.2518466383   -5.1522803450    3.1473200201   -0.1376561760    1.9389942111    5.2376070325
   0.3169283299    4.4139559477    6.8547903207   -0.6753996193    1.5393504774   -1.0197151791
   1.7547766169    3.6398904417   -1.1071810871    1.4937631914   -0.9495702291   -1.8289380208
  -1.9768831275   -0.7106682665   -5.7041524688   -0.1357946055    2.4532381863    2.3036968504
   0.5250985889    0.8386032111   -5.0520000070    1.8257180079    0.3920546031   -0.1202314221
   4.5229146051    2.9554918284   -6.8012753794   -0.0614478529   -2.0029246006    0.3314622278
  -2.8150868901    3.4641474788   -0.4301983016   -3.6974093843   -0.5697229467   -1.4887898841
   3.4895519020   -3.8719768094    4.4002743789    0.8454782787    1.0252233503    1.5397437195
   6.6705600294    7.1711847322    8.1228518313   -1.7351321207    0.9650563834    2.1809408512
   7.0255439844   -8.2082795792   -0.3058490133   -1.0449361152   -1.2786174132   -2.7111151768
   3.3303497213   -5.6051380329    6.2600564187   -0.3036899758    4.3078440556   -1.8308450861
   7.8266161414    7.4159471335   -4.1063322783    1.1246329894    0.8503327259    1.0074207428
  -6.7977266351    6.9559476441   -4.1674199233   -1.0282478120   -2.1084604859    5.7983825161
   5.3130681060    4.2682456542   -4.7964841567   -1.4806412680   -3.8880209157   -0.8561212661
   7.5071099827   -0.6988689966   -0.3571522473   -0.4328262447    0.5517871616   -2.1850118504
   6.8965596659   -7.2052564232    8.2443687610    0.2356591146   -7.1260823778   -2.4146354690
  -1.1472135708    4.8850045630    7.6923556056   -3.0589452134    0.4646208638   -1.9118273618
  -3.4742373445   -1.8200077713    3.5823107390   -0.2826680322    1.7928951763   -2.4736996316
  -5.9487234587   -6.0016599346   -7.1113694849   -0.2685547977   -4.6381539747   -1.6881978308
  -2.6564913382   -8.3542381362   -2.3567231826   -0.9254446199   -0.9326281778    0.4072652658
   4.5565346491    1.1685465897   -4.2860041480   -3.9579540529    2.3449514109   -2.1931868828
   5.0632046097   -3.5576292472   -2.0539606890    0.2275047051    2.4100651483    0.4796903081
  -5.6569962434    5.1920542997   -6.8878558058    1.3505047289    2.9063328052    2.2976568111
   3.1960963936   -1.9280695711    4.4072022358   -2.3511756744    2.3552224028   -2.2527226268
   1.4065620393    8.5182820184   -2.3348512995   -0.6676574875   -1.4245410747   -3.2633647136
   3.8887283604    7.0348726170    3.6796278007   -0.0902159886    1.8538172987   -1.7626815460
  -2.4496384426   -1.8336264925    5.6265262084   -5.1779916017    5.6655427895    1.8169155656
   3.8828020946    5.0557370817   -6.6104872354    1.6012684627    0.8391698514    1.8510062126
   1.4915217522   -0.7462565025   -5.4861185748    4.3707271307    1.6139270032    0.1032201036
  -6.5510567682   -1.7024116804    6.9839072852    0.0061520431   -0.2613986853    1.4913258351
   5.7543009236    5.1300356121    1.2265934257   -2.5893053789   -4.3720340579   -0.0753557327
  -6.5085150536    3.0935126397    5.7597506260    5.1360765098   -2.2053832752   -2.3305284290
   0.1370378870   -0.7207956990    1.4215155872    1.3068856960   -1.3074339169    1.2350123024
  -7.8148547782   -6.0305892927   -2.1485782142    0.3977923638   -1.1483610313    0.1788916479
   4.0173754884   -3.1202986715   -3.4810384489   -2.1795958398   -0.4675142464   -1.3036716492
   1.8441318765   -4.1940970187    1.0587667733   -1.0785648509    0.1431455114    2.2776901206
  -5.6340916185   -2.4188858909   -5.8275693773    0.3755429244    2.2333342385    1.9046916193
  -6.4514056238   -4.5903874225   -2.3540379068   -2.1209174545   -3.7963148469    0.2265892231
  -0.7138349736    3.8638564667   -2.1543985454   -1.0374969372   -0.1934957092   -0.1841620904
   5.2395403614   -8.3022104050    1.8867768679   -4.3072264439   -4.1644083164    1.5886719122
  -5.3458451995    3.8680940822    0.3455256650    3.3208585168   -0.5034042008   -0.9694944885
   8.1928996042    2.3515628592    0.9186551046   -2.1827758461   -3.1884065179   -0.8248293850
  -1.4247147027   -7.0993328953   -0.8661561881   -0.2677248393   -0.6816607512    2.1604480204
  -1.7004112803   -6.0569961779   -5.1642259353   -0.2573901622    0.1825799982    4.7929305396
  -4.3601847046   -1.1012877481   -1.3562611243   -2.1856739938    2.1928996710    3.8191115070
  -4.6814162583   -6.7360403107    3.3255989050   -0.2861039754   -1.3999054830   -2.7340783700
  -0.0204185458   -4.1678923136    8.0258142863   -4.8639715096   -1.2834627402   -1.2639295188
  -3.8657703478   -1.3469289064   -4.6004254770    3.0896871857   -0.0468570409    0.6436887475
   0.3672428292   -4.9830882069    8.2225838510   -4.1216152815   -3.7944979116   -0.8051530952
  -2.4201856338    7.9076500325    4.3278108372   -5.1236478089   -1.3490842790   -0.0127890732
   7.8848753249   -6.1716489857    1.2596700869    1.3020566798   -0.0360670717    1.8245800175
   2.7621500339   -4.3801699897    7.7273977495    0.6169326952    2.1832966260   -1.0318010531
   2.4244704085    4.7976181853    4.1055885666    4.8538936222   -0.2611034922    0.1697357624
   1.3861134321   -7.9651603087    5.4257638396    0.9025728551   -0.3423364272    2.5961600399
  -8.2915142892    4.4496129432    3.6846281422   -0.8436025801   -1.6395906706    4.4820905531
  -7.3308066991    6.4756992719    4.0793348865   -0.8188995061    1.0289280033    2.7482602719
   5.6975045996    3.9914074328    5.5423369516   -3.1492542636   -1.8337754507   -1.2273901822
   7.0711328818   -0.3930771110   -8.1113219258    2.8387997843   -1.6841287538   -0.1900711379
  -2.5388483630    2.3474242683   -4.5942441946    3.2926652444    1.7006803025   -1.2919308732
  -1.7554037501    5.9260298992   -1.1665805390    1.4768867580    3.9499954852    1.9087554953
  -5.5866307313    3.8284069414   -7.6456814133   -1.3033231420    0.5350772623    0.3534872454
   8.5092617147    4.2410323933   -0.3954827311    1.4297037581    0.4893197146    1.2635600259
   4.1407935390    7.0210819602   -0.4879345773   -5.3217536923    1.5230997771    1.7171265673
   8.4979669549   -7.3705731284   -4.5852643099   -0.2932126187   -3.2598652998   -0.2837436660
  -5.7350285982    2.8132489834    1.8217196245   -0.1168900423    0.1640234127   -0.8763066869
  -1.7136428317   -7.3008835837    0.4582700806    0.2054194118    2.7778534716    1.1289399423
   6.9748951469    4.4195709217   -7.2597911558    1.1184543964    2.4137240695    5.5488687722
   5.5469665877    6.8427254998    3.5084045250   -0.6428737979   -0.4204454493   -0.9608085608
  -6.4568696560    3.2853573286   -7.8666973207    0.4730842741    1.6009607430    1.5757998676
  -3.1067479199    0.6513659083   -6.2439257222    0.3407207635   -2.4435116674   -1.4142079365
  -4.2967650892   -8.0508292601   -6.1794721763   -1.2822192356    1.9154679101    3.0332351886
  -3.1867456379   -3.9789105933    0.4271479735   -1.1951069514    0.5838258249   -1.7800966515
  -3.4555473282   -4.6494572100    5.7545576184   -3.4125637378   -0.1355502330    2.2555680986
  -7.1651040655   -1.1882559703   -0.5180449144   -0.7933877057   -3.0120786123   -0.8306199022
  -8.5449681252   -6.6753343370   -3.3635341638    0.6528580624   -0.9378721643    5.1130425671
  -2.3323824408    0.8059736830   -6.8529681635   -1.1655129820   -2.7839139020   -2.9361137165
   4.8982688742   -6.4726168368   -0.5402498765   -4.0780697044   -0.5362039978   -1.5277289555
   5.1697889471   -8.2566945687   -1.0765643204   -1.5976472099    1.2773551122    1.7363105863
   6.6846932766   -1.2861400333    6.5794304828    2.0417185853    0.0487798906    0.6756767017
   0.1894630993   -3.4391927810    1.6965867543    3.0927501272   -1.2895146945   -0.2004622660
   6.7013796691   -8.1243640767   -5.1444492046   -2.6276317399    0.5467185655    0.7416721088
   1.4011716545   -6.0604647651   -4.4021745777    0.8937004673    3.1220805012   -3.3337118809
   1.5737259696   -2.9450488089    3.9543867811    1.8030700481   -0.6595620471    1.9350758823
  -5.2840425745   -2.0675421579    2.6997175618   -1.3682797916   -2.3897470752   -2.2738390105
  -1.5507584521    7.2604076950    8.1768388400    0.6680464175    0.0225389981   -0.4683641732
  -4.2072536990    1.3798957711    0.9783667634   -1.1665403267    0.5061392663   -2.2069277555
   6.5220411295   -4.6484033815   -0.7217778756   -0.3297485873    0.4869619147    1.0806086966
  -8.0626037142   -1.5728280954    3.5283323779   -1.0054078948   -1.0895061911   -0.2189378922
  -3.2556063428    8.4803410501   -6.3564282106    2.2514626957    4.0208737627    3.8204708717
  -0.2220160963   -7.4360562523   -3.4923932826   -0.9286990207   -1.7593806183    3.7806509272
   0.7071093144    5.8336029036    2.7684335322    1.1634368382   -2.9772158263    0.0196923654
   1.1253514635    8.0706076183   -6.5241038332   -1.7439470427    1.8495859371    2.1966554985
   1.4682906901    3.5958746394   -7.7834411682   -0.1382494017    0.6937606655   -2.3583342673
  -1.3595602146   -7.6802928731    5.6075632744    0.0857663692   -2.0997006856   -2.5000604878
  -2.9787432832   -4.1901200921    2.5541950167   -1.1112946343   -0.8580526799    6.1167843818
  -7.6119665155    0.7535665978   -3.1134066025    2.9448542985    0.4125878603   -0.6792274085
  -1.4854292790    1.2454013470   -7.1965049399    1.4563043092    2.1301506572    1.9570875032
  -0.9086857113    6.9119536172    3.0765098775   -1.0844816236   -0.4683407881    1.6534161310
   5.8273556178   -6.2235469793   -3.8497188271    2.6894428814   -2.0347344421   -0.3690413348
   7.6792841138    4.4241070882    3.3265654713   -0.4304410253   -1.9745089743    3.4761852303
  -1.3478775024   -1.9190281848    4.8912942249    0.7674004158    1.5117148947   -1.9206079429
   4.5720835021   -2.3425352950    2.7400627889   -1.6894609022   -2.9118810729    2.5020356099
  -8.0774077486    6.1597193805   -2.8642664830   -0.4191253086    0.7147658180   -3.0172532073
   8.2091921170    4.3194074187    4.7165118624   -2.2922047997    1.0282625203    2.3614039447
   6.4984889659   -0.1155019385    3.6000304347   -2.9644625481    0.4046993482   -0.7378864589
   0.3644296296    2.7856534046    3.9957441322    2.5292054117    1.3211647534   -1.1670142376
  -8.3612757744   -4.9203605908    3.5176542861    0.9404377161    0.5598713843    0.3812264240
  -1.0028650403    2.7426580592    7.5151669711    0.6260958394    1.6023963393   -0.9906277405
  -1.9307772205   -0.3705353649   -7.5999381982    2.5213840684   -2.4841679398   -0.1706112804
  -2.6779519935    5.4333483195   -5.4117572059    0.6688697888   -0.0832961931   -0.7888773133
  -6.1476723818    0.7629967935   -0.8611165877   -4.1374492397   -1.0437638499    1.5853508242
   8.0761116716    4.8930118714   -6.5681421754   -2.8922948026    1.3536351876   -3.4197994780
  -6.3969358218   -1.5095888651    5.2460488866    0.6936389220   -1.2534515391   -2.7189512259
   3.5263703261    4.6653442897    0.6920612869    1.1817985499   -1.1724244505    2.1138196265
  -2.5748495066    7.8374802545   -8.0127559909   -2.3118989894   -2.2108602158    0.6011519950
  -4.4877479342    2.7108281116    4.1724666560   -4.4862176535   -0.2852117038    3.7101307494
   1.4830280448    1.2375055970   -4.2470497631   -2.8892456646   -1.8623232045    1.0217413312
  -4.6844380272    0.7048668587    5.0621341442    0.2613857402   -6.0495745325   -3.3911722416
   4.7152505332    5.1342478352    7.2309936830    2.2563750323    3.4674771762   -0.9991394849
   7.8195586066   -1.1912661976   -8.1221356103    1.4593188426   -4.3082550610   -2.0299040036
  -6.4516121459   -0.1449826627   -3.5152320225   -0.1752918897   -1.0228291409   -0.7987447706
   3.6673852085    2.0170129273   -8.3011813156   -3.3868529954    1.1045543076   -0.8642536754
  -3.1230163549   -6.1885873932    5.5348102492   -0.3249674885    1.0119692092   -1.1189634301
   8.1826207058   -4.9786120231    6.4050935889    3.8726732358   -0.9351129562   -4.5523292373
   3.1540648232    1.3489789049   -1.8421016317    3.1858557075    0.3128056919    2.3469230870
   0.3039275177    7.4224722478    8.1755544306   -0.2802291330   -0.8711502601   -1.1376590747
   0.6588477436    3.0721192066    0.9146921106    1.1527244262    1.1607532170    0.0508446789
   3.7883473149    4.3019582141   -0.2049132337   -2.1565480126   -0.1931936122    0.6970417771
  -7.2688291857   -7.0781899356   -1.6683974602   -0.2542193041    3.9576644540    1.4847582259
  -4.6287587897   -2.2608794635   -6.2493562175   -0.6080554685    2.4988881753   -4.0349141097
   1.3803891748   -0.3909252799    7.7035859186   -1.2242228574   -0.7684369604   -4.3440338151
   5.3992640871    8.2909474893   -5.9593392839    3.1916103409   -1.7020775135   -2.1618785326
   0.5317357846   -4.3226860535    1.8561829063   -0.9932504058   -4.4818354388    2.2456195169
  -3.0400346695   -3.6409129855    8.3289567601    0.7776059413   -0.6351104993   -0.0909836769
   5.6575456197   -0.7276747873    3.1674952918    3.3555939755   -2.5045022756   -2.2034935248
  -4.3275277072    8.2040745115    2.1450415580    0.8631730410    1.2051668447   -1.6457133170
   3.0519495224   -6.9485922742   -5.8855016165    0.6998548220   -1.8546086068   -1.3422395477
   3.8942292761   -2.3888604519   -8.5344823693   -1.8813733223    3.1005720753   -0.4503275297
  -3.4128771880    3.7489335847   -2.4360534393   -1.8421111653    1.7548646747   -1.6852020100
   6.2296601584    5.0621260951    3.6569990863   -1.8776929612   -0.3552782898    0.9014675510
  -2.6857390731    4.8523816481   -2.2572249394   -2.5749537148   -6.4936755180   -0.3906495816
  -1.5439894477    5.5917515521    6.7875624839   -5.5883448675   -2.5808688665    1.7492147468
   4.0123321767    4.9985733204    2.9818128106   -1.3092019019   -1.4840929589    2.5924658201
   6.8732980952    2.0323372865    0.2530991913    2.3244122584   -2.4416407464    1.1786039514
  -6.1513562826   -8.3903372027   -0.5128678149   -0.2166562215   -1.1917667683   -0.6807638562
   8.3147948376   -3.3869950491    2.9043592226   -1.6371594444   -0.1187526551    0.8037996736
  -5.3240306078    7.5180677656   -0.6103156932   -0.6822429315    1.6011276996    3.7870141661
   0.3262417325   -0.5727553005    4.1292905296   -3.1105932486   -2.4578103714   -3.3410549434
  -6.7309540020    1.3270186796    0.8557030290    1.2834442501   -4.2946421844   -3.2017130370
  -5.8650762532    0.1612475885   -0.0281466201    0.5910492674    1.0465399732   -0.8293029452
  -5.1979871360   -2.3322539089    1.6318053768    0.4991542013   -2.3463238991   -3.0674075195
  -7.2896008744    1.2705711566   -6.0400644943    1.8374308370    0.8688416067   -0.0110574588
  -7.1246813652    7.4447352061    5.9812977824    2.5914790986   -0.2431271691    1.1752374645
  -5.9452904040    2.0919652203    7.7962885045    2.6106327345   -0.7703143238    0.1934332322
  -6.7384117814    3.7744667560    1.5821518042   -0.3543280896    0.3123855552   -0.7389230380
