           1000
    17.09975947
  -5.0509037014   -7.4221672870    1.0684073743    0.5249433180    0.4457567257   -5.3686292961
  -7.7614963676    7.4139815430   -7.4486836131   -5.9311613140   -2.5933004813    1.9829069004
   2.1073503117   -3.6538489909    5.4968561420    4.8786123617    1.4150979609   -1.2368801439
   1.5120527682    3.6443794985    3.0302978020    2.2663744067   -3.4244526369    1.4006857993
   1.3825640628    4.5283433313    7.7763835230    4.4028851431    0.5278691048    3.3090719131
   1.3082996253    6.8046378137    1.7483466847   -3.1860671054   -3.6779720188    1.3056561632
   6.8718079190    4.3107148380   -1.7074300696    2.0768220964    3.0182583271   -2.6532899532
   3.9652276652    8.3248546510    3.9177209485    3.2210713081   -1.9010085006    2.5128733959
   6.0260132543    0.6510439926   -3.3285442130    2.1563725596   -0.7329258520    0.4655750056
  -5.4009164070    0.0303123935    4.8569839197    0.8150855762    1.7209348908    0.9103583526
  -0.5045841002   -1.1428346931    7.3598666648    0.4287221977    0.0824411630    0.7369350863
   8.4798579375    3.3680693835   -7.2667812026    2.9534853084   -2.0609918219    1.8236321570
   0.0033179409   -2.8619834876    4.5576454400    0.0471252989    1.1272498609    0.7533778807
   3.8518800878   -3.1046660835   -4.6073260344   -0.6930795289   -0.4368405756    4.9783066019
  -4.6015725763   -7.4982052665   -8.1119446458    3.4504988731   -0.8283961892    0.8842003602
  -5.7724428535    7.6961726203   -0.0250362622    2.2523015052    1.3459364069    1.0867721371
  -7.4378596235    3.8962607343    0.3992757051   -1.1816379759    0.4381976955   -1.0970205906
  -0.5263886897    5.9000710117   -6.0659485600    0.7851324014   -0.4552196645   -4.2192303589
  -2.7881219869   -1.1001062198    0.2392409044   -0.0795628448    0.8180473395    0.0843029522
   6.9604230201    6.9082802052    1.4431780957    3.8660917420   -1.3179018109   -1.4088906957
   0.4038758437    1.9346776961   -1.3489445293    2.0064111294    0.1438103816   -2.7415654389
  -7.3864743773   -7.7166241694    6.5980666492    0.1619268855    2.5953842233   -0.8217800168
  -2.1454927667    4.9374316575    6.3940756142    0.6770894396    0.5986700780   -3.0474897627
  -6.7511044138   -2.0531724418   -7.9581194602    1.2798688270    2.3329093009    2.3585647402
  -4.9805758286    0.2844686878   -3.9055164900   -0.0169735525    1.7932465414   -0.5181718970
   3.9536599971    5.9948166783   -4.3245677921    0.5613111965    1.4906573675    3.1786611749
  -0.7105162051    0.3220245195    5.7675285689    2.5867094874    3.4364074335    1.0417084124
   1.1707686939   -1.9910106491    7.4164291492    1.9665998182    2.0376508948   -1.9006155049
   3.4061880458    1.8794208147   -4.9376672268    0.5675979580   -1.6489521538    0.0534565112
  -5.0887754157    2.5694643640   -2.8834263783    0.3965322886    0.9971176684   -0.9169061102
   4.5289783175   -4.7800951616   -3.6163853081    3.2971785192   -0.4331940805   -1.0263901851
  -1.4721354676   -1.1334865323    3.0795149749   -1.5419928575   -0.2304986255    0.1340766016
   5.3021769741    5.2953389393    3.5690840081    2.4021762334   -1.4071272702    0.4200115198
  -2.5019525774    1.0897287908   -6.5246274964   -0.7533342980   -2.2838565258    1.3454819212
   3.4745014423   -6.2068709152    2.0659861600    0.3644173369    2.5649895040   -0.7885739089
  -4.3633552250   -4.9630535389    4.4594993207   -2.4349562034   -3.3104785481    0.5653760245
   6.9328663594    3.1099966357    2.1395572229   -3.9226037286   -1.3076297074   -4.3635897532
  -4.3209926126   -0.8630704609    1.9563138025   -3.9553198988   -0.7220159789    1.2921107685
   4.7451148536   -4.6406209996   -1.0485241681    0.8907703101    0.3762850097   -0.6820304173
  -1.7038890001   -1.8942400421   -2.0900185091    2.9572573357   -3.9385279491    2.3696012356
  -4.3658991104   -0.7153989160    8.1939587894    0.8315406842   -5.9059820293   -0.2474489424
  -7.3178669524    1.6356227842    6.4037957885   -1.6676392776   -1.4546101184   -1.7317330899
  -5.0945768042   -4.5224271135    5.5922705122    5.8868473025    3.8943079065   -3.6701838004
   6.9603752589   -4.7200349417   -5.4343717568    0.9437246927   -1.5988940856   -4.1747391524
   4.1588706025    3.4095314769   -3.0973652842   -0.9090662256    0.7815647964   -3.7147348213
   2.3666801463   -4.4484221950   -0.2152387925   -2.6023559811   -0.2709370484   -1.6684361844
  -2.2930654698    4.8899184930    5.0553368759   -0.3582660866   -0.2788991413   -1.4006994285
   8.2527017761   -1.1828310963   -2.4788413083    1.4162196568   -0.3212596593   -2.0954482504
  -1.1714638227   -5.7183072181   -4.7708516649    2.4248864047   -2.9110539175   -2.2533965738
  -2.6074348350   -0.9792848574   -2.2433552116    0.2087795511   -1.6370886498   -0.1089378060
   6.6620131330   -1.0475237771   -4.2730984730   -1.4659701878   -3.7866174015   -0.3921596769
  -1.9324776098   -1.9483862189   -5.0017627672   -1.7910497785    1.2951878237   -2.1589653498
   4.9988742168    1.3321381715    1.8958838812   -2.8601952781   -3.8627861995   -0.2801286008
   4.6489708028   -7.6915043546   -8.3693232384    0.1676536726    0.8358274030    1.7232556032
   6.6531488912   -0.8269071683   -2.8594545090   -2.6316198078    0.0862773892   -1.1955306206
  -1.9173680261   -3.9878264711    4.7317425162   -0.7079648129    3.3042413616   -0.4291994358
  -2.4009974376   -6.8137300988   -6.4176639864   -3.4022390621    4.0404672885    3.8247457993
  -2.7778318756    6.7816775371    2.7576974442    6.1012830824    0.1818902371   -1.1593837924
   1.2762534250   -7.9178365208    2.8426320744   -3.1509989478    0.4443261278    2.6878979514
  -6.9745176756   -1.7218820141   -3.6807607852   -1.8173027757    1.6843453141   -2.4646713589
   7.6886817768   -8.2913039339   -7.9631048796    4.1788549931   -0.6523660129   -0.3506280088
   5.2608726919    2.0378197174   -4.5466387171    1.1204832175   -0.7980493104    3.6699376453
  -3.4125204075   -1.8921234368   -4.2703889560    1.0444545138   -2.6389409186   -2.0333661501
  -0.5790497305    3.9115216243   -1.5993375794    1.0624466193   -1.6123473493   -0.0601145712
  -6.5722176342   -0.1514950858   -3.7561043553    1.2765260565   -0.4698132389   -0.5625122072
  -7.3549410641   -1.1431451002   -0.4805726778    0.6547868689    0.7100434004   -1.7933176399
  -0.6488442197   -5.2583571342    2.6102533824   -0.2401706198   -1.9913707020    2.3804740277
   7.6303303948    4.0330085718    5.5589947492    0.6845738828   -0.0780351748   -4.1744780290
   3.9718161540    2.3448016376   -5.7880014435   -0.7292781878   -0.4560462270    1.5070975169
   6.4915359870   -1.6352465083    0.8986101421    0.7488973251    2.0202313540    2.2608757786
   6.5131211866    0.5346412270   -0.3245757545   -0.3404547505   -1.2659991145    0.2391933536
   2.3073922556    6.1411914876    6.0158539735    0.8427205199   -0.1064546923   -1.0807567734
  -6.7806030650   -3.6081210144   -5.5730559124    0.5932336069   -0.1330099578    2.0617708508
   5.9928802206    7.6495050227    1.3118076590   -1.7475065337    4.5522245455    3.0272969091
  -5.3408714656    8.2185903083    7.9201178678    0.7791472155    1.1253310115    0.4991786333
  -2.6923175585    1.9025310906    0.1965105267   -2.9629055020   -0.7811151126    0.3283901233
   5.4229873301    3.6403853953   -2.3047856250   -1.4878129129   -2.5588928691   -1.3075726982
  -2.2844965143    2.8962688572    3.4461777972    0.5978743639   -3.1052544375   -0.5416486901
  -5.6505364926   -1.7615294696   -5.2311150749    0.2591223249   -1.0117684416   -1.2284058309
  -0.5989685299   -4.9627046013   -2.7888733731   -5.0216818174    1.1197524030   -0.2818445136
   1.8659485603    3.8788366313    8.3190898116    2.5301660485   -2.8272223754    2.2301650388
  -4.7989655446    5.1124459332    3.8590832037   -3.6177755568   -0.4458883138    3.6312398741
   4.5762025877   -0.9076658717    3.9676781422   -2.7303590876   -0.5424745917   -0.1984794421
  -1.8431281968    7.4011456818   -2.4406029507    3.4785798798   -0.7740584863    0.4540022146
  -8.4994804896    5.4442503274   -2.3493062567    5.3607601621   -2.2902158213    0.3243431315
   1.1092082063    2.1922294001   -8.4489513704   -1.0135010694    3.1118878408    2.8706133184
  -1.1889868505    0.2809214295    7.6939415212   -1.6797073725    0.0011785068   -0.3437503435
   6.7403264272   -0.3774583634   -5.9679858467   -2.3790144734   -2.2882983616   -1.2181259851
   5.3676238779    4.9410894899    2.4142282387   -0.4571428676    0.4045978939    1.0259139254
  -5.8248444663   -4.1334912577   -2.3249016156    1.9113667882   -0.2830398734    4.3264150439
   2.8150652276    1.4882145923    8.3991143167   -1.6542631564   -0.0119260445   -1.6068938086
   6.8351678146   -8.4681508583   -4.1795129360    0.9984520708    0.0092716570    0.5478242634
  -1.2382588337    5.9361247329    5.3996645977   -2.3928137337    1.6886241967    0.4424252066
  -4.8923015382   -3.2330838664   -7.9207916301   -0.2438751300   -7.2635403581    0.6721926616
  -0.1799502169    1.9058941328    2.1458665819    3.3302453978   -1.8035590342    0.6516017107
   0.6541421463    1.2328533820   -2.7654519397   -0.8215464830    2.2134681980    1.9722109286
  -6.0073961096    4.0806942781   -3.4861960612   -0.0342629127   -0.2266359572   -2.3310420727
   4.6346350326    4.8951027894    5.7128489327   -2.1261970165    0.9664372331    2.6872874424
  -4.9017166019   -6.4206764360   -7.6077319611   -0.3671475621    1.8807454769    0.2924993505
   1.3835945840   -1.6881968365    6.1053879936   -3.1637565856    0.4434677782    1.5179166902
   5.0327391187    6.0759500600    7.8803528823   -0.1011566128   -0.2416249212    4.1476200980
   3.8035417311   -5.1268324443    4.1045968649   -0.1343229765   -1.3422675092    1.6334744997
   6.6485014250   -1.9969013683    2.4779006747    2.1947860163   -0.1903950855   -0.2374469765
  -7.1934302147   -4.5296296576    3.0906770126    2.8679561217   -1.3183456665   -0.3789913055
  -7.2863975009   -0.8033036128    0.7014418880   -2.1694501811   -2.7740304012    0.8930286082
  -0.0500507456   -2.0776565043   -0.3265710739   -0.8922960408   -1.3874837651    4.0180768649
   8.3458104233    6.1626708530    5.3693097682    0.7424754202    3.1747989888    1.2395717834
  -1.2195479789   -7.7867712321   -1.3148791766    1.8009381125    0.1033977410    1.2946687625
  -3.0516479108    7.7235556052   -8.3012252726   -1.3396750324    0.2551905953   -1.0866469506
  -7.9238931565   -0.4251050069    1.4040606184    0.9642868593   -4.0261964789    2.6578409258
   4.7671107570   -1.6596091880    4.7393220008    0.9457649003   -1.4402185718    0.8589292019
   2.5977110177   -3.5300605705    2.2861485779   -0.7272094895   -2.0053063471    2.0684042433
  -5.4955243182   -4.8656130726   -8.2034928510    2.3537676665   -0.2435259732   -1.3511558061
  -3.4675925631    6.4853221786    3.6489565325   -0.2523694980   -2.0299034588   -0.0414451269
  -7.2211555162    6.2695487237   -5.5320722440    2.3433377059    1.6912827711    0.5089298997
   0.4834020308    3.1029781881    8.5040158284   -1.2957652461   -1.8313709182   -1.3499253862
   5.7822106743    3.3863138961   -4.0818524895   -1.3594318184    3.2981664124    2.2467829108
  -7.5295690741   -0.9840755287    4.0790861280   -0.0844048197   -3.3132259567    0.6854922597
   0.7098675477    4.3590696540    4.2716095549   -3.8385150110   -2.5559291574    3.3836084421
  -5.0287623113    6.7629712879   -8.4417801591    5.0420736271   -1.5047726622   -4.5304991602
   7.3805186634   -3.6712935420   -4.9382935788   -0.9866308902   -1.3881781564    0.4670699146
   5.2304701643   -2.7453130652    6.6017695682    0.4189349515   -1.3068846986    1.8584023123
   5.3730645330   -6.7114767543    0.3286368257   -4.9970149460    2.2381124094    1.3547631818
   3.7204086374    3.6822694466   -8.2668375744    2.4124130153    0.7142860959    2.2630623919
  -3.1871230149    1.1937477625   -7.3272000148   -2.8105746929    1.5244090882   -2.5511654016
   7.6732153467   -5.4783586872   -0.1719890412    3.1829861317    0.0972658860    1.2419952540
   1.8644437885    2.7857987503    5.7506556301    1.2122663086   -0.9332806611   -1.0476034608
  -8.3416438543    6.5956042347    0.1813710696   -1.3271998481    1.5635149630   -1.5310779895
   1.7347669198    1.9393505258   -1.0934777279    1.6506137953   -0.3227982511   -1.4245182746
   5.6586058543    0.6261464647    2.9220369141   -0.8678055791   -1.2300967321    1.2311413000
  -1.1859624829    8.2554172167    6.0102282569    1.5753999466    2.2333978972    1.4263411023
  -2.7643374379   -8.3645452405   -2.5036723842   -2.1800274530    3.4987266990    0.0196426688
   5.5934443906   -2.3684946763    4.7942216072   -2.5211437939    2.3930539341   -1.7715417071
   5.2248830306    6.7444656664    6.9139984315    0.6029648674   -0.2696810549    0.9897532541
   2.3967005959   -7.9637307218    0.5662335469   -3.3823500726    2.7642370760    3.0979621708
   3.4896649823    4.2629978412    7.2778759805    1.9867858595    0.0967541007    0.5631479913
  -1.7814842699    3.1200226128    1.3384917602   -2.5363453549   -2.6088622038   -2.1356719690
   4.9490567752    0.3143474122    6.5719004468    1.8179706075    0.9308303408    1.5429023970
   0.6254606222   -5.0969307814   -2.2833913265    2.8188007008   -4.9932065267    5.1748949388
   4.8338348505   -3.7910602260    8.0017932178   -1.1131139736    1.1762393416   -0.1301486249
  -6.3213875935    1.3837474369    7.7087770571   -2.5846989898    2.3109931642    3.2791813906
  -4.2725554857   -2.7545060250    3.4483608120    4.6325502398    3.4752698583    2.0228545295
   2.1651948697    3.3233316639   -2.6508581524   -4.7415120810    3.5788809314    3.1977444872
  -4.1600488452   -2.8103786920    4.5367787276   -4.7166993784   -0.5850956226   -0.1580713915
  -2.8113743232    4.2688336453    3.3279256503    0.0395087591    0.4694864372   -1.6159414837
  -6.7049813859   -8.3946570046   -6.1885072947   -0.5293084760    0.9963058610   -0.3308440352
   6.1418319955   -3.2877388692   -1.3310132298   -4.1778802980    2.7572816792   -1.5351597423
  -8.3881312988    7.5183283626    8.2105354130   -0.1896295045    1.2728737942   -0.3422032186
  -4.3596199098   -8.1991571625    2.2557557613    0.4470053615   -1.2589918854    0.8077264313
   6.9222995718    3.0636313355    0.1059563580    2.6607502245    0.5885853031   -0.2337061371
  -3.9433718734   -2.9211066771   -5.2132888943   -0.1333305240   -3.3726318449    0.6522289301
   1.6282920252    5.3482930381   -7.0083753035    1.8721167682   -1.1474178828   -1.0831667013
  -3.4292257872    8.3316903523   -3.7627914665    4.8811909854   -3.8273415700   -2.0220809609
  -0.9374771565   -7.2540045108    3.7253003747    4.6543650658    0.0943632752    1.2264559648
  -0.5220563106   -0.9179692545   -6.0280573778   -3.7665818845    0.3734531970   -1.9081624846
   1.0884472508   -3.4423372118    4.8908513462    1.1883777962   -0.4728106335   -1.1277631202
   1.1250882108   -0.6272260900   -2.1749927457   -0.4229165738    0.3234440658   -0.9938963725
  -1.0780436905    7.9350926526   -4.1081219962   -0.2871464122    2.8476036041    2.4186686036
  -2.9471210084   -0.1807677451    3.3558792538   -1.0594906868   -1.4429435663   -0.2945352858
  -7.3415591410    7.0346664634   -3.2900780978    2.0825965821   -0.2085560199    3.2431356987
  -3.4305746790    7.4272935585    3.3286770090    0.2318308812   -4.1624299399   -0.1575468519
   4.2560687246    3.4294442496   -7.3096502255    2.2232473403    0.8015121317   -5.7280880111
  -8.1707887019   -2.7036127746    0.0520060724   -2.5813906526   -2.3486279335    4.4688822758
   5.1594727343   -4.4551112221    4.4283695223    1.5366640823   -0.0375827481    2.6017382725
   2.9618563673   -4.4847610725   -1.3754117981   -0.7902841939    2.0042106348   -2.4365619157
  -7.4568255327    0.2260168516   -4.8375965897    2.1267849809    3.7304804264   -5.9704179818
  -7.4792343397   -0.7796452293    3.2148780825   -2.7762513370   -1.6319550331    1.3232930824
  -8.2762318136    3.9355985355    4.9122780820   -1.9151916482   -0.0243040952    0.0811154425
   2.3248086630   -1.0756457042   -5.7408943057    1.4808634367   -2.9358727921   -0.7604591797
   1.3886893050    4.2572166682   -2.4741732968   -3.2718531031   -0.2205194526   -2.0394931769
  -6.9453110732    0.3535222108    2.3977474029    1.7104355511   -0.7946114563    2.5075049699
   6.3479080112   -4.1641883122    7.7652812033   -0.5738557623   -0.6089005327   -0.9438625027
  -3.4914581910    3.3357391541    8.4192501004    0.6103470450    1.5465438006   -0.4608994426
  -5.9162279135    0.8269593392    3.3945849727   -0.1197837194   -0.1969789539    3.4042983559
  -6.4263316863    5.2040180388    6.9834648992    1.1499012601   -0.6842434488    4.2870628917
   6.9743553857   -3.3269054370   -2.7700685167   -1.4417292418   -0.2960363337    1.7073307729
   7.6381899582    7.7632764966   -0.6395084688   -0.2978867420    0.6812584943    0.6130957382
  -1.3212841134    4.9976215589   -3.9802061592   -1.3903145920   -3.1143112372   -3.5179248297
   2.2600966972    2.9481675355   -0.5660400961   -2.2523833817    0.6408950794    5.2201966195
  -4.4409294579    4.4110360048    6.2051302076    1.8127943336    0.8954730498   -0.3379272851
  -2.8729180653    0.7856886293    5.1645823884   -0.1707756518    1.7534937662    1.5196263604
   6.0036151847   -4.9720586444   -0.2099886517   -0.1945180158    2.6075248793    2.4293900975
  -1.6370577151   -2.9821115363   -6.2731968222   -2.6344209733   -3.1887327627   -1.4574774425
   0.7846786657    5.0266581872    1.1018082174    0.8688230454   -0.0527500581    5.3030740054
  -0.0855793875   -1.3496166795    6.2778038916   -0.3212280475   -0.4573511713    0.5109737424
   5.2373857529   -1.5449071967   -3.2184738671   -6.0432798077   -5.9275795816    3.0965734817
   3.4534533995   -0.4857382238   -3.1140507098    2.3565809987   -0.8196331094   -0.4804577521
   4.9309369554    8.1801475149    1.3563694266    0.7011404424    0.3175122060   -0.2022452556
  -2.9017014396    3.6294177207   -2.9005590853   -1.7628146212   -3.5598749369   -0.1024294077
   0.4057026512    5.0564231069    7.5232212781    0.5101043470   -0.7724088726    0.4884240917
   0.5868373389   -1.1641891064   -3.1535289840   -0.7062085089   -0.6364926311    4.3945413631
   5.4673287803   -5.0984853850    3.6064794573    1.7480085760   -0.4362881169   -3.4243371629
   0.2475651772   -0.6912190014    2.4015305374    3.1752389201   -3.1610011669    0.8189135179
  -2.8536246989   -6.4631664950    0.9313565077    2.3480432356   -0.4160113018    3.2545498552
   1.9174491993    7.6327161323   -8.3059265466    0.3822671398   -0.5084159544   -0.2140126261
   3.5746502935   -3.4896373881    2.3135759442   -0.6046369247   -0.0962475453   -6.3974126946
   0.8997321641   -6.0545455435    0.0854713661   -0.3370408890    0.3376289156   -0.8561372893
   1.6868690092    6.1495850097    0.8326378584    4.1404510916    0.8668356121   -3.0407961926
   3.7910814107   -5.8781269509   -1.0455395835   -3.7407076228    0.2452318637   -2.3202973180
  -2.3379916379    2.5126079323    5.1084339960   -1.3720604261    1.1676405729    1.0690078817
   2.3753659895   -5.0569637212    6.8988367842    1.1676800932    1.8756982242   -1.1257275468
  -0.7117811163   -4.0353942453    4.8113775439   -2.9906290222    1.3612940753    2.6121818438
  -1.3136854129   -2.9816618529   -5.2649392916    2.0575248568    1.1511867458   -1.5710745237
  -2.2568102275    4.4821779068   -2.8818782621   -0.5437982111    4.1963963046   -2.0734414056
  -3.1830517155    0.3932648097   -5.7491491124    0.9883361641   -1.1428672740   -0.6809144630
  -0.7238415407    3.1607038414   -0.7946896303   -0.6276338281   -3.4919623374   -1.8146747449
  -0.3596668914   -4.4994513854    0.9838867719   -2.5317437168   -1.1277218289   -0.7224678683
  -7.4101448200   -2.4002005295    3.6968079214    2.5369287093    3.7092743424   -1.8386249791
   6.0123753876   -8.1681091342   -6.3572020771    0.2364584932    1.9647702190   -1.4173628646
   8.0272613951    2.4308751988    4.2321831714   -0.6955336513    2.1368129929   -3.3254685333
   2.1426700375    6.3918880548   -6.5424220131    1.4825816927   -3.2153682639   -2.5780124573
   5.7100824591    4.9939664719    5.0990921578   -0.2167048404   -1.5653774122    3.0182602970
  -4.4132281972   -8.4167236105   -4.3875065087    1.4509559404   -1.4075002578   -3.5355286005
  -6.0491900427    1.1650902738    2.1153431436    0.6374371758   -2.8107261304   -3.0834408516
  -8.1559390349    3.1233731543    0.1325183044   -1.4879394264   -1.1064631690    0.8862290593
   5.4715781197   -1.1518602923   -5.8446497294   -0.8770953010    2.1439243388   -1.3269103094
  -0.8595276097   -1.7492074475    4.0151715541    0.7145166791    2.2608692259   -3.9409325073
   3.5316620008    6.6935514707   -0.3303248587    4.4000462475   -4.1254931640    5.1526870062
  -2.9744044139    0.3593805239    2.5178666963   -0.0351336463   -1.9528753923    2.4263908591
   7.4763498583    2.5097412281    3.3402226474   -0.1489466617   -0.8417846973   -1.3966908044
  -3.7902708236   -6.3290919910    6.8174951738    3.9143124769    0.4207503255   -1.0557687828
  -2.7093011266    3.7770180849   -8.3121548931    2.8522419520   -0.5707092198    0.1001789234
   4.9953193388    7.1439057646    3.4979793805    4.8678612860   -3.0225871421    1.2653686239
   1.6355755217    7.8121124625   -0.5943849230   -0.2433214652    0.2993290008    5.3651192215
  -1.7705164465    0.7460324662   -1.6064975461   -3.3959512654   -2.6906135869    0.9636580251
   2.0428187871    1.9854941350   -3.7930432825   -0.8011620043    4.5979975701   -1.1369348727
  -2.8464074334   -6.6755099372    6.9177998416   -1.4807297906    1.4710021587    0.0712816288
  -3.0777593545   -1.2555254318    3.5518878986    1.8351370920    2.2805835432    1.3975273541
  -4.5212236952   -7.3273787844   -2.3891815569    2.8831794195    1.1632208676   -0.5634349508
   6.6317228115   -1.6821858165   -5.4130608423    1.9943181296   -1.9359069837    4.1997512834
   3.5726638821    3.3516292048    6.9702945752   -0.8653557971    3.0791483428   -0.6078305001
   1.9172585027   -4.2887726932    1.7275517689    0.2091160920   -3.2316992173   -1.1913896232
   1.3012988454   -4.5974321778   -5.3237489274    0.6185307832    0.3229945346   -1.7239491538
   1.7544844767   -3.6924836012    3.3892004874    1.8147852327    1.2544057007    1.8825815752
  -6.2062127210   -5.3502650749   -0.8333975603   -0.2618247671    0.6556286746   -2.8553104331
  -7.7950510936    7.2410637327   -4.2356830104    2.5931334875   -4.9400050486   -0.3111065092
  -6.8136379812   -2.7462478124   -3.9960575871   -2.1614264800   -2.0689005872   -1.8365757437
  -1.7796514461   -7.8744455613    1.2257016817   -5.3384035538    4.2902059513    2.2496068761
   7.5211634529    8.3389760961    8.3517885837   -1.7936341548   -1.9421257532    2.8160459291
  -4.8966959221   -3.5164556464    7.9913449635   -0.6154661941    1.9945861198    0.0328938964
   3.3990911058   -4.0237467859    4.9613569387   -0.2319593686    0.7364725957   -3.3627103896
  -7.5995063199   -3.4675650713    1.9323288455   -1.9565261811   -0.1356173204    3.9217312451
  -5.4878401398   -6.6900840753   -1.3383011036   -3.0296282970    1.9908791597   -1.1998371278
  -7.5557937720    4.1527266538   -6.8646681862    3.2839167821    2.6017740571   -0.0538835210
   7.2685778326   -3.5521416342   -1.1778452511   -2.1495909094   -0.2182129567   -4.2397093472
  -2.0837965169   -5.7395942332   -8.3262320246    2.9514019884   -1.3866528946    2.0763636828
   0.7214062445    0.4709880519   -7.1461559377   -3.4345847165    2.9769464668   -0.2998834936
   7.3153781715   -3.2807042394    7.6309312950    1.8151619574    1.0293729543   -0.9587287498
   3.0917808663    5.1952901495   -2.2423617641   -2.3987009136   -1.2783079868    1.4846066834
  -5.6702384465    6.1040370350    8.3060849197   -0.3759567151   -1.8105694848    0.2946181888
   3.7695226691   -0.5810011802   -8.4378523109    1.1094334731   -1.9709081428   -1.5365447949
  -1.1353282858   -7.2059371644    1.9089262119   -2.7859914194    0.1462106650    1.0798538925
   0.9860454483    7.5384222247    2.4217427153   -3.4976918790    3.0502954663    0.9726584752
  -7.5607039561    1.3897030611   -7.9692238179    6.6812377623   -1.8336872485   -0.1415028547
   7.3596786299   -5.9364928800    2.6974406497    5.9576920926   -1.2193496002    2.0981777341
  -4.1781925013   -4.7451999117    3.3867519047   -0.2514538702    3.2154315788    0.2852456220
   1.8300127476   -1.9378171359   -2.8693554916    1.6358985617    3.2623128501   -0.6615224095
  -6.3126492480    3.1141168269    7.9567749935   -2.0117145186   -1.3800831481   -0.1416663774
  -2.6037846509    3.6551866571   -3.8127924744    1.6144080556   -4.1111389892   -1.3606032733
   6.4246827305    5.6984790435   -3.1870921207    0.3033229910    2.8454990652   -0.0696828397
   7.5828117650    1.3820116306   -1.0641482167   -3.6040151352    1.8615496261   -1.1667214713
  -3.1492761663    0.9681980692   -3.2904102860    2.0349823074    0.8359879202   -2.5034814099
  -3.4534443609    8.3391848953   -6.2693864234   -0.1316981274    0.1500887860    0.2763676878
   2.6072690841    5.2209138589   -6.3343132799    0.3459177093   -3.0115256476    1.6180660470
   4.7354435438   -1.8336922243    1.4156906226   -0.2207411021   -2.4001184613   -1.4932957100
  -6.2524776561   -6.3959687197    3.1299861105    1.8727955520   -4.6920992579   -0.0770115464
   7.7357110071   -4.3905644711   -3.8834555070   -1.2214584699    0.3520721605   -1.2681971856
   4.8372757196    7.7481375481   -4.4941204268   -2.9155814560    2.7211286695   -1.6647428779
  -3.4122938532    0.1942911372   -1.6906794058    0.5873862494    3.7015184778    2.3062524780
  -7.2803512134   -8.0588928900   -7.9206610639    0.7876603545    2.1786837697   -0.0651146149
  -2.5366210076   -3.0376708053    4.4269360919    0.5720750886   -3.2553484594    1.2790794265
   1.9476363029   -1.9588775309   -8.3949075487    0.0544224203   -0.6970171340    4.6248803978
   7.2292465974   -6.4236042684   -7.8922802809   -0.5766962653    1.4697216630    0.2512046276
   3.6131193395   -3.0442149616   -6.3268182640   -2.8977968435    0.0718964962    0.8967704739
   1.2513020557    2.2934386957   -4.3373821835    0.8408427442   -2.2452781685   -0.0099970723
   4.0745802618   -0.1343585437    7.3474724013    4.8027555115    0.4287509420   -0.7525539520
   7.4078943979    5.7097807927   -6.7155490992    0.5035243979   -1.3287121777    2.4108659113
   0.5151416813   -5.3047959632   -6.3004470509    4.6596464592    0.8790522191   -4.3455174660
   8.1109890043   -8.1285884644    0.2665069426    4.3677777007   -2.8552208052    0.2860561767
  -1.2898158987    2.6015049075    0.1120940492    6.6755625748    1.1574151341   -4.1365218425
   4.4267010409   -4.2950715475    1.2406201432   -1.0183439675    0.8425321789    1.8839228802
   0.9307595494    4.9192818023    2.5552128766   -0.7714081299   -0.3950633817    1.2480107597
   7.1064782372   -6.6353585814    3.4496867716    1.3082308158    2.2712187675    0.3194922199
  -6.5010340820   -1.8302180492    6.7295986148   -3.4470832911   -0.9675739578   -1.2732269347
   3.8488237666   -6.7985787156    8.0779132940   -0.7319137732    0.3572714328   -3.0613527364
  -6.5536743485    2.2689507671   -4.2211432879    1.6284668994    0.8392512108    2.0291894896
   6.9453360344   -6.1937693586    1.7621920505    1.3412224926   -2.0758509411   -1.7613486968
  -8.3070951146    5.4943143660   -4.7778080135    0.1769348205   -5.7893704544    1.1132455940
   3.2905176175    1.1251100894    5.1480998346    2.0479336442   -1.9719032555   -1.9940533686
  -8.2194950493   -2.8242460498    2.3990607734   -1.2311921378    4.8205031674   -5.2325228720
  -8.2346866373    0.2974318131   -0.6724491896   -1.3291441944   -0.0461482063   -2.0823568068
   3.4626941218    5.5393208326   -7.6373848862   -0.9896454419   -1.4823902729    1.2880945935
  -8.3373133194   -6.5521229992    6.7697582755    1.8258087287    2.6962865415   -2.3227852617
   4.1857759961    5.3526779217   -2.6802502825    3.1510870873   -1.0426586528   -1.0034218333
   1.6037901723   -0.2128921609   -6.1900546327   -2.0867741382    0.0581023900   -2.4070851175
   2.2417318878    1.6246008294    6.4750875881    0.4861940637   -1.5840504055    2.3036064853
   5.2175470403   -4.5425040021   -6.7793928649    1.6976500704    0.9757431843    2.6485447483
   6.2073895760   -5.8599683022   -6.5620070419    0.8125756923    0.8705099986   -3.0607139052
  -7.9681457197    0.5169950111    2.2062594365   -3.2160285855   -1.2718659435   -1.4130445271
  -4.0472705673    2.8030546551    0.4106770759    1.5438654644    3.7693336685   -1.5953441294
  -0.9003692639    6.6859009697    0.1306601735   -2.3938399150   -3.0682907877    0.7931357539
   4.2256813989    3.5131819096   -5.3301130920    4.6802898604    0.4326929091    1.1129014999
   0.1814719034   -1.8737732309   -4.8857207068   -2.6101251119    2.1054738501    2.2004460892
  -7.5226646025   -4.4102749170    1.1593012909   -4.0467383128    1.4848403982   -1.9445639204
  -6.1142524173   -4.4521538300    0.4821445203    3.8460764089    0.7599739099   -0.5481208823
   4.8352548287    4.1415833522    5.2413015726   -0.1304552270   -1.5997288512    0.1828510425
   5.7294255467   -5.5001192301    1.8415545149   -2.0814568671   -0.9679890456    2.1465755336
   3.4046558225   -3.6226937647    7.9589347365   -0.2690106950    0.1834838765    1.8367783014
   8.0613802742   -5.7924833030    0.9671433710    4.7563760137   -1.1162555518   -1.4291655225
  -4.0877398313    7.2510280695   -3.1983069980   -2.8481487901   -0.8828140944    0.2001460801
   5.9416401569    4.5118283848   -7.0599737076    1.9532412459    1.3635859234   -1.0683451859
  -8.4638280460    1.1377648718   -3.9419982952   -0.3153623079    0.8257525380    0.0178465340
  -2.6951046272   -3.3686779352   -8.5248333904    0.0259464860   -2.9702065584    1.9267272818
   7.2285616853   -0.9398238344   -7.9282146749    3.2351335625   -1.7059091826   -1.0406885575
   4.3395148490   -2.0230578891   -7.4795002282    0.7617090884   -3.8865977291    6.8967302489
  -7.4404018057    2.9476274049   -4.3800737783    2.4677730056    1.5544784313   -5.5801260953
  -6.4710605919   -7.7913796098   -4.8756026873   -4.0063164911    1.6154734245   -1.3502700228
  -7.7702952901   -2.5112662688   -7.5620887429   -1.6926567761    2.7356497734   -0.3895196486
   3.6667397035   -6.1703037150    0.5855511310    0.1377960522    0.8826658693   -0.0645687192
  -7.2744873613   -4.8694009196   -6.9808886579    0.5142321390   -0.3227095453   -3.9193544032
   1.5839515443    4.4586435986   -3.7422455075   -1.9445212057   -0.4289720397    1.2318447122
  -3.0167970542    7.7957554127   -5.3919607805    0.3717980447    1.5094204477    0.3591996048
   1.2046727659   -5.3416028413    7.2489259341   -0.4032080543   -1.5875053408   -2.2986709244
   4.0370637708    4.7308797758   -1.8699796482   -2.2342378959   -0.7840960596    2.3168652166
  -0.7263455429   -2.8880305371    2.2050171215    4.3493795854   -2.2004839190   -0.3098632303
  -5.8909914625    4.5971722500    5.4101599688   -2.0832513052   -2.8086696654   -0.1014560594
   3.5023019074   -0.9234755287   -5.7956300497    2.6960866909    3.8240176829   -3.3575020775
  -2.3014469030    1.8870396916   -5.5661162461    1.3733291748   -1.1059467928    0.3275222602
   4.9194069098   -6.7221949887   -0.6934342211   -0.5433558373   -0.9835602490    0.0809007674
  -2.2508216902    1.8638744167    7.6280261624   -1.6150364289    0.4702517468   -2.1494213843
  -7.3146863315    3.0480281652   -6.5946076672   -0.5254520324    3.7240216480    2.1297196375
  -3.7145408764   -6.0810808920   -2.6758256014   -4.0411200490    2.3560511917    2.8143269747
   4.1570451457    3.6153264210   -1.3744867526    1.2788778612   -0.2419859730    1.7433456007
   1.7147526216   -5.8294929066    2.7950581727    2.8851860140    2.0455058483   -0.3120815069
  -1.3211387428   -8.2404419737    3.5749094734   -2.7644189201   -0.3565673897    1.8965395646
   4.3767360827    4.3447037448    0.7388599989   -3.8324458505   -2.5423162080   -3.3665013531
  -5.6455322261   -7.7055188449   -2.2383777070   -0.5903657326    1.0838711070    0.7038536053
   3.2164942054   -2.6271963321    2.9364016554    1.9273562638   -3.7676109746    2.3361812897
  -3.7787349910   -2.5321084671    2.6570916186    1.7618846366   -1.3182544972   -1.4452270730
   5.4866263702   -8.1199575531   -4.6650935743   -0.5248950445   -2.6426980025    2.2002696576
   0.1023244150   -0.8438046587   -1.8130426391   -1.0222761809    0.2480499998   -0.6017378105
   5.6726800021   -0.5173832358    1.3463465116   -3.1547836533    1.9793422492   -1.0927532397
  -2.3397971670    7.6850014257   -6.9152656975    1.6366946951    5.1976682585    0.4276648527
  -4.1099156616   -7.8969213537    0.0549195615    3.0065393665   -2.1032716321   -1.2382949557
   4.0939086830    4.4195746892   -6.2864220097   -3.0573315052   -0.2599985754    0.9178974973
   1.4824904692    7.9453923627    0.7867354295    3.5008704201    3.6899940141    1.3502228040
   6.9082094646   -2.1939383039    8.4564334293    0.5724501911   -4.5841409696   -1.0021655835
   1.3287662218   -8.0963364554    0.0074612425   -1.0701235875   -1.6454532450    1.2826914289
   4.3027824036    1.4778877902    3.6818775430   -2.8126060640    1.1934609019   -2.8639744786
   3.3169156403   -1.4858813621   -3.4606340364    0.0882543362   -1.5743229720    1.6134996060
  -2.5202891841    6.6048984848   -2.9324776236    0.1739329957    0.7463183640    2.2129798317
  -4.8610760043    4.7878887027   -1.3084885676    2.5157788726   -0.6750385992   -1.4151649606
  -7.1918538828   -0.1229213224    6.5095570407    0.1158934660   -0.3194100743   -2.0885089764
   2.1133921565    2.3735383170    0.6207403168    1.7045165224   -0.6469792846   -0.7584525085
   4.2368410230   -4.4694690072    0.1886845369    1.5069341926   -2.5438651645    1.9332320944
   6.6109377509   -5.7386025434   -2.8618800416    3.1395655668    0.8261706300   -3.0025603169
   8.2314501428   -0.5296089651   -8.1710041542    1.5552675835   -4.8044520870   -3.7055823121
   3.0456710623   -2.2568000712   -7.3606697758   -0.9127843687    1.3509115891    0.3916245112
   2.8035111019    2.3059613450    1.8579524658   -0.1787537275    3.0601104090    0.6736351075
   0.1092166579    6.7044032269   -6.5463559017   -0.3572936686    5.8310326493    2.8563437904
   6.8131664413   -8.5256525139    5.4261438556   -0.7989840900   -0.3744243987   -1.6579816093
  -1.7898331255   -7.8043612687   -2.5670049911    2.4414018814    3.0332248066    1.2587669262
   4.2611643974    8.4051290309    4.9275909627   -0.3134950645    0.5451913205   -2.4506425547
  -2.6903773116   -5.2763048362    3.2456574411    0.3522857670   -2.6327355902   -1.4997300924
   0.5672309663    6.8357442075    4.4999826853   -0.4016237629   -0.1916361200    0.7930809182
  -2.0457290144   -3.8733803734    1.9260857849    1.1815277275    1.7989218514    3.1646593566
   3.9373366679   -8.0237222901   -7.3638283549   -0.7237320839   -2.2730180109    1.5148544688
   5.5553189696   -0.3071911813    3.7731444433    4.7745968634    0.6929130000   -0.1034936256
  -4.7106056694   -1.9181310064    7.8948488262    7.4706522745    0.3229794764    0.3590704368
   1.3172279048    3.0780802059    7.0745222805   -2.0570429417   -6.1900094617   -2.5263247916
   1.8140920038   -1.1805427740   -3.8121079070    3.7853859719    1.8525612188   -0.4630144195
   8.2118992020    0.0127732491    5.4059173548    0.2081661551   -1.6855420100    0.9745972035
  -7.8447784120    2.6976301732   -1.0349630003   -3.4982061833   -0.3776741787    5.3271051661
  -4.6211391929   -0.0455356136   -5.4301858774   -0.6259532974    3.7995786787    0.5384082169
   6.3805575750    0.3888650281    3.5870351987   -1.5780327243    1.0243418799   -0.1687398001
   8.2544299373   -3.5357452750    7.7132802283    3.0896887022   -2.8010156127   -1.0887730458
  -0.2826697002    2.0599976251    6.2189763925    1.1817321971    0.4292980584   -1.9559141726
   4.2345477570    7.4470649415    0.7414092632    0.5660526495    6.8203143616   -2.7336902318
  -0.0000638827   -7.1374297471   -5.7593106737    3.1233729225    0.8442961388   -3.1735406575
   0.9650075533   -0.2469207632    3.1619912711   -0.0763490871    2.5379418817   -0.5270461088
   6.1078836422    8.3877412381   -5.5954739354    0.8748303908   -3.5145844063    0.4440721287
   2.4010518706   -6.7518591432    1.6576753165   -1.1677566746    4.3832707415   -0.0009172317
  -6.0706075684   -3.5435495113   -7.2417721689   -0.8079578536   -1.0033621185   -0.1498618462
  -7.8310253737   -7.6783856752    7.5564101015    0.1893666634    3.7218152438   -4.4843433048
   3.1886529749    8.4495605664   -1.8496781617    1.3720024078    1.7401874930   -2.9375486792
  -1.2835735281   -5.4780728991    7.6537427723   -2.0859241881    0.0043711815    1.9845052106
  -2.2882291689    6.5942170040    4.9128451244    0.6462933637   -3.5079006910   -0.4427128249
  -6.2549152297    2.4545473454    4.2978480733    0.5520395964    1.4023105100    0.5795320597
   6.0648459325    4.0153723450   -8.2028809508   -1.6090157086   -0.4268470461   -1.3959535171
  -4.7659206131    3.9827177888   -6.3247893859    0.9867201821    2.0867129685    3.4988061861
   4.8231068705   -4.1936464966   -2.8640700090    2.1300467179    0.0864957905    0.4065461372
   5.6689248403   -6.5809428385   -2.9996858746    1.3771367242   -0.9818789534   -3.8748322306
  -0.8968680601    7.9021494545   -5.4587157766    4.9952880397   -0.6420777775   -0.2828694261
  -4.2527697005    3.6948842859   -2.9780753353   -3.0553843015    4.9328542112   -2.5479494859
   8.3015767281   -6.4035787104   -6.5497838133    2.5937943027   -3.8668650136    3.3654006522
   3.7359545316    2.4492423975    3.1284731691    1.2369675932    2.2265351492    1.6850001488
  -2.4367741884    3.0296995486    7.3518520400   -1.0738839205    1.9657776707   -1.1732146813
   8.0977324463    1.2893933092   -1.9023505142    0.1163297942    1.4180485283   -2.2403802932
   7.3190599463    7.1059521192   -7.9292322542   -3.4488539073    1.9721210229   -0.6369902782
   6.5284255107   -5.4850600989   -8.4736379222   -3.4693497001   -4.0882231569   -0.1198466039
   4.2065401379   -7.3107649727   -3.4140437696    2.0240832538    1.8137354615    4.1476711971
   8.5492014000   -4.7377035170    6.5979413425    0.2178369545   -1.1732792288   -0.0398366115
   3.7570824086   -7.7409981497    3.0423358458   -3.3613232472    0.2136815710   -2.6024449119
   4.9108979716   -3.2474512061   -1.1701644028   -0.3310493974   -3.3889604818    0.0776050881
  -3.9973935073    4.9145326352    3.2970815455   -1.9231547708    2.3885459644   -1.3801886360
  -0.7764410400    3.3292070084    2.7722207711    0.5048412058    2.1127135514    0.6511249118
   7.7528913431    6.0943995070    3.7537215262   -0.4512501714   -0.8119813068    0.9793753234
  -0.3015406479   -6.8663170097    7.3256263051   -0.2331041985    3.4730503411   -1.5209765598
   1.0199323229    0.7046057940   -5.0299203299   -2.4039642364   -0.1283420502    0.7359809253
   3.8430814536   -3.7736937282   -1.3873736685   -0.2060877606   -1.4461792172    4.1320117981
   4.5196328957   -5.0472336316    3.5300942287    0.4037379880    1.8023324187   -0.6698854558
  -3.7556484638   -6.0155300803    4.1276773120    0.9514642339    3.5659737741   -2.9480975507
   6.5416689553   -3.5738209605    5.6535237339   -0.9969076503    1.6504981075   -0.6853746207
   5.1223189922    8.2010975486   -5.2464128648   -0.2789670146   -1.3195383155    0.3442314678
   7.6805563670    7.8366007128   -5.0084391628   -5.0196085858    0.6761548562    0.7952660083
   2.0731855215    7.8542311050    2.3322986430   -0.0291078924   -1.9495848307    0.3704928428
   7.4394772009    1.2544427813   -6.0740149323   -0.0913109744    2.6292417048    3.1775993148
  -8.5485237952   -4.8208699358   -3.0032732589   -0.2441764169    0.8667024575   -0.0428573984
  -3.7551215352   -3.4700492015    8.1140661147    1.6630276215    1.0734530027   -0.2998695587
  -1.0938354757   -8.2850200619   -2.1986813083    1.7832808213    2.3989050125   -1.6279539166
  -7.1451387021    2.8533489632    0.9951194223    1.9370252897    1.7294089384   -0.2904128505
  -0.5184633091   -3.5059196684    0.3812088686    0.6506875059    0.2700978855    0.6410472799
   5.6084132612    2.0525932746   -5.6636279633   -2.4488265648   -0.8745852038   -3.4265990717
   4.4312460696   -3.5497010441   -3.7030291839    1.1407459340    0.1342525717    3.3943482182
   3.4907110883   -6.6519075423    6.4409944462   -2.6151602678    3.6508692238    1.5290107576
  -4.7283682092    1.1708868229   -1.0025493037    2.5224344973   -2.5231511764   -2.3186093018
   3.0459345302    3.1620006064   -7.9262507601   -6.4567721138   -0.9978427566    3.7919131062
   3.0808082776   -2.2354116583    5.0759266855   -1.1642780312   -2.2441469588   -2.3829865818
   2.0632766058    8.4602601952   -5.0647638901    0.3755551300   -3.7505981235   -3.1566636127
   2.4622807427    4.5008318851   -1.4228923447   -2.0847913966    3.5929409863   -0.4003039337
  -7.0752970822    5.0460078254   -7.2090695579    1.0101066416    0.8252827158   -0.6678320213
  -0.0366042318    7.3709741854    2.8359235394   -3.0869991424    2.2452678753   -6.5130560301
   3.6707544160    5.6092937947    4.0883567529    1.7014819776   -0.7422560373    0.4231044254
  -4.6217658529    3.4625720553   -1.3210929294   -2.2754387047   -1.5767820196   -2.4327244282
   0.8268969860   -7.2391685196    0.1850417273    2.0210310918   -1.5820675122   -1.4811293674
  -6.2145889695   -6.5344487025    1.9641606028    0.5297455929   -0.4179155624    2.3474650164
  -4.6732339802   -6.0913383383    2.7118174501   -2.0623358583    1.8701813466    1.8043889207
   2.7536874025   -0.6820282651    5.8563811727    2.2397103504   -2.8876105332    1.1151257330
   1.3123189104   -8.2654795863   -3.5458818306   -1.0552873324    0.9949078999    1.6230352046
   5.8078578691   -7.8636579461    1.9818245038   -2.6177702798   -1.8090695200   -2.3701822725
   6.3480557967   -2.0356398408    3.6349803600    2.3159063106    1.2076775055   -4.2625611990
  -5.3322946913    2.1434521639   -4.3950132262    3.2770443938   -0.3497340547   -2.3351239434
  -6.7685789651   -0.0135191722   -2.2277903955    1.4512053435    2.4789765803   -0.3032467027
  -6.1725321553    3.3691155255   -4.5752399191   -3.2794515863    0.6818017092   -0.9996444626
   1.9285598516    5.5626604274   -5.4089886776    3.1184443572   -1.1687980656   -0.4667382483
   1.8759568874    8.2368584329   -2.9537345038   -0.8419703065   -2.3069164108    5.6611778621
  -2.4404279985    3.9783385108    1.3213088568   -4.0324043096   -1.1938848515    3.4658691973
  -2.2231934203   -5.1569706269    5.6634560985   -2.3935792271   -1.1443378476   -0.9985313803
   5.9682667206   -5.7650281980    0.8281789176    0.9332365678    2.9691938759   -0.3131511863
  -0.5014701971    5.3926679744   -6.9971990908    1.7927527152   -1.8061221578    2.6712868801
  -2.5727767622    1.4564637082   -4.4412741634    2.0937028783   -1.0811989814    1.1972471416
  -2.2765256785   -3.8490258176   -4.4388218926   -4.1852694802    1.8915621170    3.6105028199
   3.5157776519    1.3667747063   -2.4255613833    0.1134624257   -1.3625558623    3.4235658351
   6.7338782875    5.4601371516   -5.4450323508    1.2127979433    0.3214153301   -1.9141639741
   4.2323800724   -6.7956378838    2.4497439731   -2.9138394040    1.7921193981    2.3847574554
  -7.4379886484    3.2424820901    4.7618316642    1.6268842198    1.3677684797    0.6837459756
  -6.9944526032   -1.1098785482   -4.4931521637    1.0938639392   -1.1941119262   -0.6488403875
  -5.7390270943    0.4383765639   -0.8895018023   -0.0818875709   -0.9866293520   -0.8384985013
   7.3792449257   -5.7572695805    6.8825274200   -1.9521692645    1.8867171706   -0.4869568108
  -5.5904205695    6.3300240002   -1.7251506471   -2.3569506890   -0.8419255291   -2.7720926736
   6.0870876779    2.5204444844    4.0819900866   -1.9775248089   -1.4166573695    0.0047274803
  -7.6678522187   -7.0156322284   -6.5274921520   -1.1395193236    0.9243735581   -0.7669647654
  -4.9209437836   -7.0524153531    6.3168016689   -2.4459286646   -2.2394255487    1.5415061773
   5.0340918642    0.2621566486    2.2253426649   -4.7277720753   -7.5287348226    0.8533201195
   2.1493990261   -4.8484474611   -6.5040794961    4.7550516968    0.1746878228    3.7547237408
   5.4066465463   -1.6222671136   -4.2851712477   -2.7386331086    5.5358836857    2.1483498935
   0.4222332469   -2.8991546563   -0.0759560586    0.3360487366    0.9863090138   -0.7364067555
  -0.5053360388   -2.6828594097    1.0483594093   -1.5339947849   -2.1114577257   -1.6065508554
   6.3982801406    7.6988218841    3.9577192138   -2.3194982449   -4.2725357564   -0.0238326729
  -5.7725614996   -0.7089215247   -6.1664848638    3.0408415158   -0.5964273212    1.9264582623
  -6.2766014342    6.1469200603    1.9163111215   -1.4004572961    1.1870415545    4.5650466743
   1.1675202986    7.6552846965    4.3991626987    0.4935536922   -1.9939103474   -2.2223252464
  -1.7577771183   -0.9928870388    5.4217473296   -0.3246020905    0.4428771213   -1.0001128973
  -6.2164816947    4.9209215109    3.2343137658    2.0538544003    0.3248274081    1.4292593977
  -7.7215516713    1.8724323371   -6.8675974713   -2.6646653303    1.4878389016    0.0169134878
  -5.1450347938    0.9795795092   -6.8336867115   -0.4224922970   -0.0366579896   -2.5030736424
  -1.3387299236   -3.1050803892    4.9028996387   -1.1684461790    1.0382556500   -0.0055461795
  -3.5752514361    5.7405552532   -6.6817075004    5.0598569776   -0.0681307603   -1.1375333374
   5.9706247021   -6.9550854440   -4.3599546912   -0.2772728035   -2.8592641670   -0.9964645423
   4.6708167054   -0.6256841298    1.1682363351   -0.5261551868   -2.1782806815   -1.0365413059
   8.4476809871   -8.5135195978    2.7844388938    0.1532548042    4.3849345646   -0.7399564372
  -6.6068054744   -2.1098491727   -5.9314051398   -5.3439335921   -2.9102377791   -1.7786251305
  -8.4876712989    7.4692305250    5.7467961080    1.5075203036    0.1307690157    2.5109579855
  -2.8547729038    7.5454798076    7.3305623531    3.3013448953   -0.4482942122    6.3777119491
  -4.1083396479   -3.5534140959    0.5524634731    0.4985961342    4.1360349283    0.1563925049
  -2.1077261588    1.6068376071   -0.6399704443   -3.5600595626   -3.2432160676    1.0182999073
   3.4267905551   -8.0473891971    4.3643779278    0.1433724063   -0.5975074505   -1.9324212639
   8.4398057749   -4.2975994091    1.9357086062   -1.6029585368    2.1847215176    2.2378189228
   0.8672672741    5.0970556041   -4.6271138424   -4.4544867720   -1.3018549010    2.0209925109
  -1.0501312778   -1.9034457463   -3.8470776355    1.6738298104    0.6625822965   -3.7132482925
  -3.8666298412    2.6641850105    2.3116174179   -2.0064508418   -0.5798519923   -1.2763000451
  -0.0724127539   -0.2043702736   -6.4745438292   -1.9389405610    1.0448368051   -1.3058567663
  -7.2819375172   -4.3528664567    7.9265415947   -2.2536260328   -1.5546544970   -5.3395144741
  -5.2194170755    2.8857240496    2.9265332278    0.9353936582   -1.2110178985    3.6852836396
   0.6649447963    3.1775210090   -3.0127574660    1.9525323455    1.8883577372   -2.2728309089
  -3.9483454404    8.2878414724    3.4617080710    2.7388584486   -1.2969094975    2.1028090544
   3.1020692065    4.7822585477    6.0190941102   -2.5585892941   -1.0401333972   -1.0342894953
   2.1159335091   -4.6376389931    5.1842653429   -1.3403920345    0.4784039139   -1.6704979140
   5.3406651506   -5.7798416154    4.8861329785   -1.5110778541    0.2662667265    2.6827400628
   4.7531182084   -0.1543172404   -6.3483302192    1.8072334096   -1.5283634165    0.0014302639
   7.5223828471    1.4363150076   -0.0437895516    0.8133184103   -2.5588978698    1.1676248412
   7.6675625917   -2.7616350663   -2.0081771604    1.7323027008    1.2568619979   -0.6425771185
  -4.3449698718   -2.6555510248   -0.2213048259   -1.7983450698    2.4516660278    1.2714545348
  -5.5149976049    4.0526092203   -0.9462433619    0.6746409522   -0.5284520507    1.8631408735
  -1.8522179608   -4.1355776829   -2.8803041055   -0.5434404775    2.0631797641    1.9201616490
  -8.0600541872    1.8255143346   -4.5636905166   -2.6978761857    5.7160868554    1.2983438642
  -2.8382460625   -1.6702078484    4.5258362735    2.4915494936   -0.9210460382   -4.2732791627
  -6.8723049442    8.0473529480   -5.2246653480    0.7483969521   -0.0017639186    3.8186480724
  -4.9378753515   -0.3613689804    6.1448056500    2.2760333719    1.5974658541    1.5374045142
   5.6092849834    5.3861921323   -0.7880175051   -2.9260258871   -3.8982525316    4.5872122017
   4.7910586126   -6.7795998674    5.0365216341    2.1764138505    0.9251438545   -1.0283752055
   3.4389784178    8.1286833418   -7.6214306657   -2.1380900221    2.5388426374    2.0613835691
   5.5989296531   -8.3192819415    6.8404524438   -2.3161046511   -1.0105558656   -0.4528758462
  -2.0096130669   -4.9086112748    7.7343511829    0.7094624156   -1.0753454824   -1.9652360279
   3.9516584428   -8.3834243961    7.0455740262   -0.8869529215    0.6689881049   -0.6690565603
  -4.8133420500    8.3904458261   -1.6815269250   -1.1118554271   -1.2425434883    1.9209787992
   6.1303063111   -2.5530957356   -4.7047182417    1.4367610288   -0.2524605543   -1.2572021505
  -7.1193472259   -2.0706761014   -2.6743210324   -2.3175650861    1.1165907701   -2.8959830686
   3.9874091448    8.1752062858   -3.4781567478    2.4139745620    0.2450806795   -2.0882642165
   8.2255915745   -4.7457300487   -0.6116642023   -2.6117220597    4.9888576599    0.8858590353
  -6.7345733638   -5.2885111626    4.8085255397   -1.4183377696   -1.0335056426    5.4587543466
   4.7227737227    2.4358431748   -2.7843725913   -0.6928727393    0.8304078967   -2.1497724177
  -7.1069092546    4.8056521316   -0.5325205377   -1.7617137523   -0.4615488607    3.9548809990
  -3.7162224757   -1.7408189176    0.4278446529    1.6307545159    3.9581481323    2.7839768472
  -7.8294420126    8.1093449669   -6.5261020446    5.4930939621    1.1172896137   -1.1035210721
  -1.4608436532   -0.9651559590    6.7436282330   -4.5203559491   -2.3936845119   -2.4138849073
  -4.8037453224    3.3309776240    1.6116728071   -1.2488520648    2.7928704720   -0.6813937000
  -0.6674891916    0.5661487426    6.8987623394   -2.6718732271   -2.5999850514   -0.4330009356
   2.5692433178   -5.8965970229    4.5039781481    0.6165061798    3.7793983790    3.6809206320
   6.2913145300    6.0203211876   -1.3445974614    2.6036786715   -2.1829613261    0.8658480305
   2.3557273073    1.3389814498    2.1853031940   -1.5809527143   -2.9029462540   -2.4521959476
   5.6446631473   -0.6296457872   -4.9040198294   -1.2822067313   -0.7055096206    2.3085874414
  -1.2537428653    4.5748137058    6.3127520917   -6.1690085501    0.7347563821    3.5713110333
   3.0486183337    6.4875026311   -3.7399211273   -0.7801117170    1.6320101043   -1.3385106347
   4.7004963150    3.4674621129    2.4182568965   -2.8636844004    0.3701496378   -1.5635643000
   1.3521819715    3.6335846777    1.2206144729   -0.6862462087    3.4083032908    0.1823471464
   8.4482601096   -3.8820801755    0.1214769384   -4.3941408521   -2.8688455204    1.4201140573
   6.1278332452    5.9329600130    5.5155829280    4.0719024430    1.5690336326   -2.2250799064
   8.2173503301    6.6654388524   -5.7761293021    0.7911518904    1.0652452789    2.3534172781
   7.1246598782    7.7982806856    0.9386654787    4.5223213390   -0.7044018328   -1.3868397137
   0.2544283629   -3.3050312399   -7.1194518221    0.8287837262   -2.1525434199   -4.2112904805
  -6.6460835479   -0.0809960294    4.6327307853    1.7896149383   -0.0174156589    0.7731293935
   1.6795649078   -1.3531617694   -7.7443243682    3.5805333455   -1.1216592533   -0.2221401170
   8.2892650088    1.9206542521   -7.9407680320   -0.3201268748   -2.8748000269   -1.8610216326
   3.1074047308    3.3743029250   -4.8294379749    1.0980275669    2.3223905633   -0.2649519026
  -0.5068976849   -4.9136000784   -6.9478669628   -0.0708868739   -0.7714814709   -1.3557137091
  -7.6502484882   -2.0636699789   -4.9817795683   -2.3351061550    1.3523914150    0.3910786838
  -5.6559604473    0.5329178797   -8.0862402226    2.9520057034   -0.8010394742   -3.1424226610
  -4.4352142120    8.1357429051    1.1716432075   -2.0981125005   -1.6492577302   -2.2195202062
   3.3485520191   -5.9148506934   -5.7325050733   -0.6961088304   -0.2743048065    1.9419288294
  -3.0799456825    1.7166696025    8.3934889457    0.8487300994    5.1206555663    1.3847933642
   0.4765460404   -7.5240378487    5.5840771457   -0.9572077497   -2.8914006917   -2.8093429912
  -2.5911123818   -7.6447940155   -5.1248067007    0.2525668121    2.1470611451   -1.9250154284
  -4.8994923991   -2.0115071409    2.9452551346    3.0870172652   -2.5212129076    1.4986904910
   2.4014681231   -2.2459685500    7.4790089913    3.3983063507    2.3279746439   -1.4316924299
  -6.8281689434    4.6601522582   -5.1311214475    4.0406717278   -2.5852004090    3.6575326688
  -0.0837027952   -5.4539468322    1.4722227705   -0.0357703913   -0.4573762718   -0.8152355676
  -7.5182373592   -5.2539782688   -5.0328771593   -1.4056919215   -2.9332868236    1.8296380649
  -4.7775768021    6.6660130247    0.2995236676   -4.3130023676    0.5713070832   -3.7307981612
  -1.9414399563    0.4520097163    5.8309452893   -2.4616849341    1.6672189931    1.2957640289
  -0.7189092247   -7.7412795359    0.2593395179    6.7911824350    0.0828757727    0.7909747870
  -5.5990410111   -6.1701442632    7.8732066558    3.5646810519   -3.7442683532   -0.1678696340
  -1.6347237204   -2.4962238321   -0.0110521964   -1.9553616464    2.4378941279    0.8686866012
  -7.3135185183   -6.2861811971   -3.6546203759    1.3482418835    1.2388748058    1.8194730747
   8.5403431620    0.7727400505    7.3648518440   -1.0462255453    0.6354835640   -1.6046636124
   3.7518737769   -5.0872944716   -3.0436518228    5.9472713309    0.5302286144   -0.9227172708
  -6.3124909298   -2.5893432681    2.3438637327    0.1626855977    3.5866261499    1.6788957236
   0.3401867403    2.3591154855    4.7172719797    1.5503369172    1.5042830538    1.1914363023
   2.2216427226    5.7674197975    2.6063432107    1.4800119144   -0.8798446514    0.9743470826
   8.4148942081    7.9029233938   -7.3130240516   -0.2257485044    3.0569412261    6.4413311493
  -6.6556618916    5.8808677322   -2.8470311937    0.8722655527    1.0720924483    2.4245707281
   4.1285441834    4.0279557477    4.2199164433    0.7295484508    1.3338117863   -1.1678421330
   7.5452984926    6.3220530902    0.4954432687    2.6552496204   -2.1700814309    1.9026585354
  -1.2005023031   -6.2767375069    4.3137130875    1.0455181642   -0.6940741227    1.5403323600
  -1.4299525017   -0.0869307488    3.7662511682    0.1957569548   -1.8887473785    0.2758566344
  -0.7610334114    0.5975015354   -1.4319991670    2.9610236629   -0.4138188043   -0.3254763890
  -3.1521385111    7.6553936551   -0.1522280431   -0.5025695823    2.6531243485    3.9801873959
  -1.9348288922    5.0968930727    0.8870295800   -2.2654825133   -2.4659429012   -3.1626174208
  -7.5483870630    7.7310888514    1.9352730216   -1.4645547646   -2.3482017947   -4.0087350721
  -0.8376008890    0.4662902513   -4.8430773086    0.1703245191    0.3114688807    1.1235564208
  -3.9873366963   -6.8122590193   -8.3886053000    1.7312242120    0.9201488266    1.8557878090
   7.4246710913    0.3131358410    1.7970843851    0.5503662991   -2.8130554623   -2.7378289770
   3.3019684755    4.4726630497   -0.4827711031    0.8980201844    1.1777898433    3.7536651788
   8.3857770127   -1.5273832816   -8.2725367594    4.9474275958   -2.1632482464   -0.0391597738
   7.8718857818    8.4493402037    5.2801244332   -0.8253120840    4.1522609220   -1.6283692224
  -5.1886313368   -1.7143384207    1.9701613467   -1.7805226147    0.9556414490    1.8841637120
   8.2149850090   -7.4226303016   -2.0060482861    3.4257405378    3.1715950508   -0.8809576902
  -6.7492003915    1.2730495660   -5.5685151619    1.1553231394   -2.5051699869    1.1437641565
  -5.8849619486   -3.4300548634   -3.3060290155   -3.9460895278    2.6132775223   -0.9961816529
   6.2654479895    5.6076975645    4.0264099886    0.6902345003   -0.5938431837   -2.6182105019
  -2.5755504332   -3.4982652659    6.0831825863    1.6027702077   -3.5090643997   -3.3389151936
  -7.9467206374   -7.1255168059    1.3133388004    3.0668548890   -3.5883017756   -3.3146432061
   6.4222159280    4.7711461435   -4.4272607975    3.6444543127    3.3669789853    3.4130508762
  -6.1878331017    3.7457227730   -7.6082968506    1.4340006875   -0.3719963166    3.2723975828
   0.0410547204    7.1660624757   -0.1901274029   -1.7395900019    0.3187870069   -0.9739314525
  -7.6241131683   -0.8771963449   -6.2112769436   -0.6608203727    1.3599924527    2.2249548084
  -0.5685960550   -6.4413360838    5.3700952816   -2.2883766735   -4.3009377800   -2.3209922368
  -6.6292553437    8.2326183708   -0.7746624497    0.4560792216    0.4016443108    3.8314942099
  -4.8930081957    4.6612336212    1.1228928638   -1.1658870208   -3.0296110800   -2.2687213754
  -6.5498025169   -1.3912625294    7.6881595817    1.9972892655    1.8886006059   -0.8175990743
   4.9879328549   -4.1919192017    3.3384535132   -0.6921464216   -1.6314871757   -1.4951492604
   5.8512929762    1.3328242975   -2.0513405398    2.3927069516    0.8139606896   -0.9224873283
   5.9989959999    8.0969697508    0.0663795488   -2.5623619401    2.1770855730    1.2984574923
   6.9011212941   -5.2255205119   -6.2374097330    0.1645004017   -0.0153029052    4.4665057964
  -0.0265525566   -1.6650392160    0.5097481306    2.0093409767   -2.1683127798   -0.5988959695
   2.8452537758    3.3522548306    2.9823831458   -0.0191426122    0.0936490907   -1.1020064941
   1.8704156101   -8.4698187551    5.9474184798   -1.8238264654    0.1519966502    3.8615030734
   4.0194344371   -7.3598270210    0.6596054858   -2.5662887428    1.3162333827   -0.2460663036
  -5.9826716931    5.3608736398    1.3694211865   -0.8062914404    1.2074716062   -1.2406587763
  -1.9869680171   -2.8803173451   -4.4406163673    4.1226003637    0.0128072136   -3.7595644792
  -3.4228919182   -1.9202085495   -2.8052996967    3.4120867205    3.1211695441   -1.0100167361
  -3.5024807861    2.8049600482   -1.3836724268    1.0924000326    0.5158787312   -2.0281975260
   3.5444214134    0.3576293854   -8.3074371045   -0.1113625731    2.0609182816    2.0858770600
  -7.6570902310    3.7118957069   -3.0707133121   -0.7141029965   -1.2165625867    4.2843023553
  -5.8905601463    7.4839740840   -3.7630400560   -2.4541424855    1.0603103034    1.3490203480
  -1.7361963806   -7.5705519332   -6.9829130087    2.7493675949   -4.5812995985   -3.0261136454
   5.4028633795    4.3476190184    7.2642742405   -0.0212280594    0.8847919648    0.4988193126
  -0.0981674907    1.5740362811    3.2310770996    2.3992391697   -0.9916302285   -1.1275648283
  -6.5686056521    4.2367461655    6.3194459407    3.8553195052    0.8470873417   -4.3805028756
  -7.5973358575   -1.6625182942    5.9472763171   -2.0043912861    3.2472398016   -0.2051450264
   6.2015937206   -1.3006305888   -1.0241761871   -4.4077166746    0.5357472118   -1.5168824061
   2.7758939606   -1.3251821573   -0.0875089043   -5.9043913490    4.7344242931    0.3130231949
  -7.3652453065    5.7678017459   -6.5715384164   -3.7343604032   -0.5952765400   -0.1783283931
   7.6978049783   -3.5806159953    2.9114556804    2.9756381803   -2.6101628878   -1.8786964548
   8.1988609907    2.7763424218   -1.5923942868    0.8454941421    2.4866996391   -0.5167772506
  -7.9118578662    5.1832520275   -7.8373235677   -2.2199687557   -0.1571677946    1.1902473861
   2.4627439717   -7.7595307940   -7.0846050078    1.5197158329    2.5766996597   -0.6329535327
  -7.9567644802    8.0702790372    1.0427840886    0.8057761545    2.0903795183    0.8577418300
   8.1166925199   -5.6907745345    4.7062087003    1.5127256351   -0.4808461218   -1.5241281464
   7.4286776758   -4.5408213861    7.6478882652    1.6434185380    0.4716132509   -2.3823661478
  -1.9910501100   -8.3432502045    2.3908790114    2.0855059716    4.8324353942   -4.3106902514
   6.7539404791    8.3409951298   -3.2235005369    1.7109684887    2.5778273436    0.4543196553
  -1.4379020544    5.1345807421   -8.1861800003    3.5748299594    1.3587323059   -0.9079623290
   3.2019150264   -4.3580144038    2.6799837626    2.5881999192    0.8223920918   -0.6310572193
  -4.3686614336    3.3519028939   -5.2536610103    2.6826400894   -2.7410321234   -3.2907141324
  -3.5748503935    2.9748704735   -2.5110854093   -1.3246989517    3.1258441534    1.5134627065
   4.2678717026    3.3997362078    7.6686500667   -1.6465555646    0.4607110400   -1.1840340098
  -0.0239105364   -2.2892281537    2.6200171205    3.3435643376   -4.2396374635   -1.0799565259
  -7.2632744505    3.3839187592   -0.5149951076   -0.0368587286   -0.3558040746    0.6559752642
  -5.4890519969    1.0628790338   -4.4486020882   -0.2217553697   -0.1128104312   -1.9382086892
  -3.5381556106   -6.6847799184   -6.3111913473   -2.1242845736    0.8591559976   -2.5308933422
   7.0257935734   -7.7697659209   -7.0569093187   -0.4963458828   -1.0019032448    0.8524920264
   1.3096596908   -4.7117673185    5.9104118990    1.2908845516    2.9186022958   -1.2978762852
  -0.8825498541   -2.8132148697   -0.3384109557    2.3710513636   -0.5307622237   -2.9972075333
  -5.5046812453   -2.4201438769   -8.1150083823    4.2667146437    0.7805427809   -0.9750407753
  -0.6298493127    3.5088757391   -3.7808329628   -2.3572639618   -4.7873241577   -0.1323468706
  -2.5485402402    4.6757165748   -6.6881738366   -0.2562362202    1.9183953175    2.9756105859
   4.8630861090   -6.3471344601    7.2532715862    0.9141236273   -1.2369621755   -3.2352612487
   2.2016443477    2.5196076838    3.9232539472    1.3979718664    0.3923880390    0.2131526784
   6.4829299960   -6.7395983292    5.2289508606    2.9183853916   -0.7523885223   -1.0201992285
  -3.3124610540    6.5175257518    1.4169622928    1.0276083864   -0.4905673837    1.1706075240
  -5.2820190850   -5.6151599411   -5.7490400768    1.5572442947    1.8770856858    1.4305047468
   3.3500263326   -6.7480818911   -2.5538375906   -0.6069214149   -2.7505551828    1.3250755449
   5.7114471629   -1.2078495115   -7.8056563846    0.1036526773    1.5532158825    1.3583660566
  -5.1580440434   -7.8542838126    4.6066406443   -4.9070592739    0.6105583692    1.0210472949
  -1.0986000164    2.3366179312    4.8506232962   -0.4895766908    0.7248701643   -0.4246887616
  -7.5588548559   -2.4373794802    7.4379901355    0.5380254739    1.9813847355    0.5257267617
   3.3547169961    0.6402030625   -0.5941900104    4.8245205899    1.2918301240   -2.5329620020
   6.8797803585   -1.3585098402    1.7884013504    0.4229359074   -2.4798630110   -0.4232633262
  -1.3787839982    4.3373444588   -4.9261201676    0.5013593070    0.5496443799   -0.7126785689
  -4.1387703564    5.8827230380    0.3144403492   -1.5911269145    1.6488926786   -1.0083146846
  -7.8159140722   -0.8496999420   -7.9796267666   -1.6271243168   -3.2749595351    7.5334210667
   7.2210586363   -5.5520326323   -4.8772567255    3.2542209849   -2.2975096955   -2.1268917538
   2.8539542377    0.3796175292   -7.5202726558    0.8216817716    6.3840663543    3.4188859735
   4.0340739977    6.6808637824   -7.0333419239   -1.0836380289    2.6945931470   -0.3543855164
   1.8853521453   -1.3226829585    7.0265338638    3.5508711890   -0.9196150122    3.2109027516
  -1.7205783096    5.9915752590   -2.8142128140    3.4927440251    0.7870232205    0.3125113824
  -2.9536210213   -2.7891693855   -2.5663647670   -0.0952388182   -0.0243800763    0.4702904797
  -3.5819338292    4.9480072629    5.0176473033    4.2486527440    0.1603786965   -1.5780457014
  -7.5090703131    2.6364555098   -8.1582420551   -3.3336210048   -1.5443057722   -4.3810299831
  -8.4973331622   -0.1848601274   -5.4971608163    1.4384705278    0.1177318166    4.0942258244
   5.5273603685   -8.4262575462    0.6869104774    0.8800085506   -0.3386650808    1.4570787834
   0.8724764139    5.3881794289    6.3114658862    2.5805456001   -1.3052491783    1.1293183953
   5.6911690315   -3.2982474383   -2.9081649908   -0.2053026700    2.8734405745    0.4773575094
  -5.9142885412   -2.9120391636   -4.5969141933    1.4977320064   -2.1569508283   -1.6017379123
   7.5157803251    3.2100591301   -3.7794036812    0.6149460033    0.6847828820   -4.6109163162
   0.0391651929   -8.3210127935   -5.1111831204   -1.3563631270    3.5122343630   -1.5380610747
   7.0752708579   -2.1341739476    6.3154119101    6.6379448707    4.4549554067    2.8171270187
  -3.7825625405    6.1056159171    7.7960932183    3.1168715825    5.8762296657   -0.7488292546
  -7.2001298573    4.0386525129    5.2457236262    1.1156596031   -1.7467549318   -1.2292392132
  -5.2491073912    4.0128506869   -4.7512609731    0.9749596645   -2.9584933650   -1.0469411472
   3.2254940765   -1.0668193582   -4.4511229148    2.5034657323    0.0956706451   -2.3741109443
  -8.1824952432   -0.3491138127    7.4678402160    4.0029583280   -1.1280561487   -1.5707749672
   3.3668862965   -4.7204727874   -5.5948450708    3.8009103938   -1.7964429009   -1.6375119227
   2.8505076391   -2.4591705133   -3.3647711274   -1.2328798225   -1.8089731267    2.6487646814
   7.8764591922    4.5750077573    3.1008550720    2.0162727044   -4.4218225881   -2.0355687980
   3.3088374895    0.1788776810   -5.5708299098    1.7527355202    0.6956848106    0.4601771200
   7.7128260182   -7.8453712530   -4.0005043177   -0.3680020703    1.5012999373    3.2444342657
  -7.5376543186    5.9877356587    2.3766823850    0.0634093197   -4.2100660449   -1.1406212161
  -3.9131853680    2.1709027331   -0.8542124214    1.3749408880    3.5025915000    3.3480944537
   1.4347043953   -6.5226468959   -6.4898203268   -2.9166018053    2.0825746855   -0.9782522670
   0.2089857357   -6.6556878480   -0.2066877620   -0.0556982367    1.3360255571   -1.6790903153
   0.4654391065    2.8523063613    5.8959742083    0.8110129331    2.2557365277    2.3589095181
  -1.4232687052    3.7858141497    7.1527314516   -0.8097766112   -3.0180901371    1.5222285549
  -4.0079915562    2.5096570920    4.7688517054    0.1712440215    2.9586155536    0.2584592347
  -7.9469090681    7.0021395909   -6.1059413286   -0.9601417722   -1.0271390258   -0.3412520112
   3.6199998057    0.3660778544   -3.6235924044   -2.7851787132    3.7926583806    0.4876923218
   5.8890961741   -7.0758890721   -7.0785007403   -0.5325195824    1.4090240271    3.3292046492
   4.4349302340    7.2558470978   -1.9606002088    1.2250100685    1.2271989043   -0.5542120205
   5.6632201179    7.9067146119    7.8227348983   -1.1008400491    1.1955727478   -0.5199053338
  -5.8247759514    0.8514613535    0.9377759998   -2.4642850201   -0.7418538064   -0.4479946911
   1.0142508379    1.0031748507    2.9050778060    1.5610391411    4.5275324201    1.2689614839
  -0.7363739658   -7.1914807637   -2.7297969334   -1.6425472729    2.0860980444    1.7294430875
   3.1935359649    4.5726106245   -3.8950680886    1.4987368838    1.6979063640   -4.0711620469
  -1.3495188390    6.8378083163   -6.9208065039   -0.9057510993   -1.0797084863   -0.0109013345
  -2.5413295890   -6.0054682016    7.7391280949    0.8596954608   -1.6238307274   -1.1004894242
  -5.6904311762    0.2042057199   -2.1843713657   -0.8245339409    1.8715088501    3.1192732975
  -8.0249379783   -0.7153808135   -3.6105375637    3.3698018463   -2.5041193702    1.4622602327
   2.3807294214    0.3696890250   -5.4383797266    0.8006164158    4.6889380314   -1.8722807386
   1.0063394143    5.6841559732    7.6076104057   -1.0045166494    0.1809495988    0.7413416084
  -2.1930805618    8.4312671574   -5.9741817063   -0.7788862578    1.5213270919   -0.8528791707
  -4.5560580882   -1.2894774529    4.1640664862   -0.7311967088    3.1609328031    2.0534064772
  -6.8933526017    6.0160292618   -0.8631927479    1.8789781714   -1.1278001680    3.0969994819
   4.3352390860   -4.6509098910    7.1389171081   -0.0657161102   -2.6403354870   -0.5586657114
  -5.2537183896    8.0799997620    3.3207572476   -1.5654571533   -1.2993125032   -0.6957081525
  -2.5104051607   -6.2122037525   -3.6620591645    2.5291902357    0.3066577592   -0.2291747575
   1.9176390845    0.2922180776   -8.2245529404   -3.7417121424    0.7670445063    0.0517326073
  -6.7596498481    0.1340651776    5.5920009911    0.0271613546   -2.8681642542    1.6937525795
   1.1336339864   -1.0862620934    8.0548134077    2.2783374666   -0.5332779251    0.2644247269
   2.7534424367   -4.9546463282   -7.6775272236   -1.7455208964   -0.2165264125    1.8333029723
  -0.8500039543   -1.1098188427   -2.9041728008   -3.1870834766   -3.1350242083   -1.2980211746
  -4.3071795054   -6.4216170796    7.8067610179    1.8766144677    2.8447498417   -4.4412217534
   1.2622828204    4.7198364347   -0.2795527306    0.8262111811    4.8700115088   -2.9145974796
  -5.6671673488   -6.9504372050   -6.5826073919    2.4682128774   -1.9079363889    2.7060208621
   5.9539728610   -0.0545344969    7.7621435263   -1.3130876486   -0.8491249004   -1.3075199827
  -6.3882905576   -3.4909473441    6.4535780581   -1.1028529047    2.8231257232   -0.9447663847
  -8.3920393443   -7.1030080579   -4.6200680160   -2.9865861049    1.1164998380   -0.9424837336
  -4.8954945830   -4.3635201026   -4.2195796345   -1.6236580739   -0.5875772112    2.5006322712
   2.2270577713   -6.9676948028    2.7305372416    3.0805875560   -2.2647397275    3.9937110088
   6.2059769212    5.1114688349   -8.1855266931   -0.0817922476   -3.0093216045    5.1985485852
   4.4855888728    6.8932306225    2.6183585371   -1.9367269794    0.2999376517    2.9424226232
  -2.6138136431    5.9975787077   -6.3912276038    1.1346863417   -0.9636376302    1.3874253295
  -5.9402208063   -2.0723227882    5.2164904023   -1.7420857170   -2.9247694398    2.2701359080
  -3.3964013614    7.4299343275   -7.1364361060   -2.4508643831    2.9665393675    0.3807819706
  -7.9501307521    0.3385495618   -8.1789408660   -2.9260889885   -2.2732271994    0.0274035463
   1.4240685344   -2.4193331332   -6.1716046204   -3.4903489003    4.8723236556   -1.6075088539
  -3.7621204700   -7.8038472235   -5.1896225903    0.1231639998    1.6416781930    3.7195284650
   7.3490590920   -7.7882945410    4.1164422651   -2.9517753213   -4.3267492900   -3.8928182039
  -0.4523520299   -0.1230040512   -0.7351422630   -1.0211998329   -3.4437533528    2.6976738472
   5.0425463897    0.2252921740   -8.3168059475   -0.9623617701   -1.1286707685    3.4379761808
  -0.7817701388    8.0117538085   -1.6459614986    3.2574771970    0.7472269670   -1.5442034809
  -3.6292486514   -8.2551496862   -7.4725867832    1.6501045497   -0.4760485569   -0.5141215173
  -5.1551427219    8.3779832742   -7.6695735194   -0.5893615771   -1.0488938060   -0.2161042094
  -0.3541281427    6.2760883317   -0.8502127552   -1.7405854654    0.4856327409    0.0992990761
   3.7764313455   -1.2166887024    7.6043361803    0.2654570967   -1.2519867384   -5.1711745242
   6.7166135386    4.6941791510    5.9331639356    1.4374934650    3.7522208345    3.6280746732
  -1.8388754388   -5.8520318601    2.7928310729    0.7899771437    0.6837306103    2.1749001344
  -7.8387457544   -4.9616753603   -8.0672872434    1.0102627771   -1.6049321778   -2.8892993140
   1.2136625278    3.3555078116   -2.1125368766    0.5353128305    2.5677735224   -3.3016986085
   1.5300367099    0.3080625899    0.2509473005    1.0994945033    1.0657168992    4.1970750503
  -2.4101376342    4.3323058394   -0.6710824176    2.0251524757   -1.7772627340    0.0183007776
   6.0693715426    6.4714385059    3.5560809172    1.8497876107   -3.1449209646    1.1661735564
   2.2329296269    0.5067027908    4.0351854975   -1.3856300197   -2.1261009123    3.1182413749
   6.8299202630   -6.6901696192   -6.2742630935   -1.2345734802    1.6742152953    0.4961366582
  -3.4915457649   -5.8141025312   -5.6399635889    2.1360876076    2.4134508869   -0.4369393979
  -3.2748587076   -7.9412777373    5.0252347514   -0.1290148642   -4.0022543430   -0.9790253204
  -6.3470167806   -1.3790397232    2.1659836168    0.2052934790   -2.5184717629    2.3458972385
   0.4166347066   -6.7659713160   -6.5714135254   -1.3711455927   -0.1387828168   -3.9775080493
  -1.0053645209    4.0091522640    1.5609675544    1.0464342679    3.5824844029    2.2484307275
   6.2892311724   -7.5339200879   -3.2808891658   -1.8772118405   -1.1822243859   -5.1236066580
  -4.3027631333    0.9622246800   -2.9555830118    1.6301597724    0.2586444082   -0.4272299944
  -1.2626782906   -3.1201567877   -2.4458463582    1.0785785679    1.6119768857   -1.0267714407
  -0.0945083956    2.6146415652   -0.2609207551   -3.1314399157   -0.0616522411   -0.8698574382
   1.8875736795   -7.3229388227   -0.7195265527   -0.3244201333    0.8932148491   -0.9442419506
   2.4179333628    0.2211286917   -0.7147943036   -0.6901682198   -0.2757449746   -4.7016079785
  -7.4273087224    2.0079430055    2.3977125814   -0.5652490659   -3.3222133408    2.8531565633
  -4.0696983929    4.6322654274    8.4428700233    3.0843707800   -3.2408048237    4.3932949841
  -6.6076657286    6.8276661412   -6.2826665614    1.6295900951   -0.3539569349   -1.2859436395
   0.2621291446   -1.7473992898    1.4250838038   -3.2920922915   -0.0655936872   -1.6822991308
   2.8462167418    6.0526436630    8.0026310845    2.9474934121   -3.4203810388    1.9904211351
   0.4291674361    0.1816284829   -1.6863617091   -0.6186213320    1.3995265393   -1.1563521286
   0.5382441700   -2.9550397959    7.6215672468   -1.2948425131    2.9304141828   -0.2159563397
   2.1575337005   -3.4699329613    0.2243226071    1.4116360254    2.8595111708    3.3103576059
   0.2434442373   -8.3029920397    5.0806062536   -0.5488096710    1.7536313126    3.5410482971
   5.6777033780   -3.1422857259    2.8932170016    0.3031809613    2.1754368952   -2.2266063593
   3.5751049322    2.0495242220   -0.6143232489   -5.0739158978   -0.7041215314    0.3907145476
  -2.5022714034   -1.2821724063   -8.1314941637   -3.8290502843   -0.4506950059   -0.1294430704
   2.4669672563   -3.3789750446    8.1802317503   -0.1171044461   -1.7044998486   -2.8525235232
   3.1024442744    0.8037423659    7.4061421469    2.8780755246   -0.3592596067   -1.6231995328
   6.6747262349    3.5210145659    4.4065987749    0.7825871969    0.7825444402   -1.2506605876
  -6.6051664077   -5.3777523021   -1.9763098096   -3.2036494395    0.5917431502   -1.3789262415
  -6.4142020864   -4.8403058393   -6.4353294281   -0.0010063897    2.3456312089    3.9935294256
   3.3275139999   -5.9831559980    3.2277741048   -0.4644156561    1.0354729891    0.1592391340
   2.0378421200   -2.2705276731    1.6271479089    0.1576880519    1.1101863911   -4.4515867055
   1.4998442842   -0.3148008488    6.1913034051    4.2132480280   -2.7195104489   -3.1195967827
   8.2963709242   -6.9101082371    0.4462959431   -4.6205298386    1.1209708932    3.2858950954
   0.5428925284    1.8431444629    0.3744016433    2.6242981577   -2.0108504158   -3.9121424837
   2.2346030423    5.2839642223   -8.1344255852    0.5562976510   -1.1794015591   -1.4587600995
   6.9242308088   -7.1641888648    8.2363526298    2.0955414672   -1.1681104639    2.1109002165
  -8.3593440937   -6.9835986135    8.0977817202    1.5481021667   -0.0602092452    0.0983443058
   2.7943552666    2.3119136051    2.7994687745    0.1782183782   -0.6622126436   -0.4492232165
  -5.1024562692    5.6263531884   -6.4796149521   -0.0934772819   -3.5447470158    2.0473401081
   7.5825269171   -7.3406539384   -7.6760891068    0.4813787331    0.5825206589    2.3463511267
   0.1294147020   -5.8052957305   -4.0765890147    1.1544721802    1.2205986313   -2.7593379518
  -8.4755307608   -0.7366795081    0.4184381221   -0.4487728886   -0.9680759570   -0.2985883640
   0.0507928972   -3.5432938458   -1.5158653262   -0.8978962525   -2.9651024382    3.0693170678
   4.9160936905    6.2226112885   -3.0154078881    0.2191265340    1.1009793264    0.2569266935
   3.2782086661   -3.3592396766    6.2674093826   -2.0673818101   -1.4584868564    4.1928599586
  -7.9976300569    0.3004973076   -6.2596227231   -1.6003174650    1.4463913075    0.9315464461
   2.0478687691    3.8193084192   -7.8301968565   -0.7048155043    1.0060840363    2.6793684478
   2.3756334109    4.0500402231    5.1283874933    1.4492252470    3.2844330304    3.0436711570
   7.1839884298    7.3480130010    6.5941124232   -0.4243831252    1.1122312327    4.4075233942
  -6.9394978846    8.2026259054    8.2838089087   -5.3907424862   -0.9659450442   -1.1441596096
  -3.3692641536    8.3717627289    7.1913404083    0.1879565057   -3.7164049666    1.2122907028
   3.9877984025    2.4677508284   -7.2366605405   -2.9478452427    0.5777438182   -1.2890331201
   6.1445124226    0.9050985923    6.1790683005    2.4081091178    0.3777556465   -1.4942161643
   0.1276884904   -8.2194866166   -0.6242105052    0.1961174429   -0.9045672440    0.1295891321
   6.0359142079   -2.2641382190    1.6034393701   -0.1872012333    0.1930793700    0.6122392749
   3.4621913317    6.0193129055    0.8956709752   -0.3761618577    2.0041288066    1.2628222240
   4.0986438059    7.2193871062    7.3377056849    1.0050084155    0.0468087052   -5.0807775046
  -7.4494396686   -4.7782112317    6.1054623854    1.0827379269   -2.2388511717   -4.0851152418
  -3.1427886118    2.8669168928   -3.5168586623    2.4942655060   -0.4607929759    5.4884416294
  -3.1913211103   -7.7036268578   -1.2113702557   -3.4978898738   -0.4747904189   -0.3674432825
   7.8545714708   -8.0589303449   -6.4842036231   -1.8522781932    0.1010197754    2.2210831265
  -3.1877162577    3.9225438747   -5.9731747711   -2.0429115285    3.5017612321   -1.7811248270
  -6.7639644712   -6.6367345761   -7.2629213838    2.9878174048   -0.4328570534    2.9222351471
  -1.2673996670    1.3671439357    2.1094250820   -4.6330719622    0.3885650989   -4.9691703548
  -4.1429158573   -3.4418885543    7.0864871235   -1.0246463901   -2.3393479248    0.1667864062
  -4.8179096423    5.7020854069    2.0761640996   -0.2073115049   -0.3348678006    1.5024938096
  -0.1333278213   -0.1285043620    5.0574646013    0.4904207310   -1.2894646645    1.0459511891
  -0.3490238395    6.2423531963   -7.7664423623   -0.3276468196   -2.2439765917    0.1306788136
   5.1371623375    5.0581856618   -1.7668686125    1.1190507081    3.0813397128    2.0766417940
   0.0969765240   -3.3140433762    1.5404461342   -3.9228397329    0.0275530375   -0.9037483575
   5.0654979670    2.5717898670    4.0990505820   -1.9512584090   -4.7380249859   -0.2379465531
   7.3927458917   -4.9457209076    5.3843099834   -0.6421919815   -1.5861512596   -2.5744427264
  -5.0075052664   -4.0665685260   -6.7413520205   -0.0421116047   -0.4412717028   -4.0222399050
  -1.6464481184   -7.6026004933   -5.8930094392   -2.2414014748   -2.5633472523    4.8115755925
   6.2767524566   -1.3363968947    6.4930682121   -1.2889601619   -0.4725067887   -2.5645864555
  -1.8631866306    8.2772997209   -1.5844458592   -5.0168354409    3.8227553366    0.5990280918
   0.1288800465    4.7073356542   -3.6198335671    5.0350376536    2.0113119692    2.2065035664
   6.8853031811   -2.6268742833   -0.1766015295   -3.8283293204   -1.8140246601    0.3912217809
   3.3688175613   -7.6140255962   -8.1223842764   -3.1077797599    4.8855463372    1.4355762007
  -0.0571926751    5.9568466640    1.5112584271    0.8101026815   -0.7372099074    1.3398282813
   2.6452247605    8.3423906521   -8.2028017946    1.4682516167    2.7386575088   -0.3366485947
   7.7010527562   -0.3177133777   -0.6703255321    2.5142521662    0.3022539853   -1.7227434608
   2.1201406810    4.0885882910    7.0849048830   -2.9567945289   -2.1566513107    1.0283372361
  -5.8381355371   -0.5483284092   -4.6088367569    3.7847469403    0.7374761409   -0.0388599412
  -2.7838661516    5.3592104809   -2.3659786985    0.3707575855    1.9225305362   -0.2184538435
   2.1569219711    1.2936763972   -7.9681671052   -1.2192258410    0.0811042303   -0.9795267212
   5.1240979965   -5.2904954020   -0.5906194210   -1.4931083269    2.5375383612   -1.4636647435
  -4.6449879627   -2.0809250710   -7.5287706254    2.7257196110    4.0344565852    0.3537656632
   3.1641323702   -4.0903940628    0.2351591609    4.0399093737    4.7500059675   -4.3836782563
  -8.5083665620   -4.9060359160   -5.5508864184   -0.3556159241    2.1724625041   -0.2037576799
   3.8235579307   -2.0614728529   -5.9173358727    0.4621826115    1.7081146015    4.7084372612
   7.8396875962   -6.3726996941   -1.2598133423    3.2162776860    0.0645939309   -0.8260732022
   1.8659477862    0.3863786439    1.8953908359    2.2197206427   -2.4451307981   -2.7252646258
   5.8712552860    3.1793013999   -5.9042735735    0.1565720002    1.0139636081   -0.2409723886
   2.0968446371    8.0702637551   -1.7506337947    0.4161929072    3.9401464432    0.4957166728
  -2.9916153020   -2.6802864343    7.8370695299   -0.2120253270   -0.8397201959   -0.8138629918
   3.7704473836    6.3798130280    5.0402930988   -5.4151221964    1.5011933822   -3.7145408268
  -0.7374666290    0.8183953207    3.1374757825   -1.2213249534    1.4454758943   -0.0333464896
  -0.7354108451   -4.5581162021    6.9120825906   -3.8719356838   -3.6445763254    2.6320463921
   0.6071569849   -4.5685003086   -6.9823845745    2.2925985200   -0.1743450378   -0.7530628720
   6.5304188333    2.6822418815   -5.3766183047    2.2384345147   -2.1160433000   -1.0171056531
   2.5869767533   -5.8832800459    1.0711729049    1.4919902491   -0.7244054758    5.0350439366
  -4.5701997206   -2.0271798222    5.9948383939    2.6806170535    2.4155145007   -0.5710627326
   7.8293349951   -5.6471909390   -2.2555115491    0.9237240051    4.1435676719   -0.1119899057
   3.2982691396   -3.3527339500   -3.3875429589   -2.3178237106    1.6610175561    1.8920018216
  -0.3806917781    1.8663840475    0.7810373774    0.6371518122    0.1518292556    1.7699263249
   6.2956512224   -0.7237069410    4.8510080296   -5.6033307899    2.0221398446    0.5983208658
   2.3520833794   -3.9790457582   -3.6519804120   -0.9587419759   -2.4134397690   -0.4627224030
  -6.2287223606   -7.6068015770   -0.2727239655   -2.4007385454    0.4358463671    1.5279997198
  -7.1348290213   -3.6336957420   -3.2477238477   -1.9124435307   -2.7587450614    1.0855682256
   6.8575873714    1.4684064874    3.1403269302   -1.2688125532   -1.3219379429   -1.4879981157
  -4.9142296645   -0.7695042730   -1.0142694787    2.3731738280    2.5293209480   -1.4909499773
  -2.4725771514   -2.5219222505   -7.5063800954   -0.0198533396    1.8538687698    2.6252004711
   4.7888161511    7.1730259657    4.6096369535    4.0359509632    2.4601368068    0.7408785499
   6.6081478810    3.7088386704    0.8035626778   -4.6489440613   -3.6798729370    0.5545062488
  -5.2605491057   -1.8251989054    0.1395056828    1.1062951782   -1.5340274816   -5.9793756241
   4.9090241642    4.4191039813   -6.8847556356    2.9814172074   -0.7834516628    0.5172218095
  -4.0075445274   -4.0878163109   -1.6285255529   -0.5679649899   -2.5639953252   -0.3326317094
   8.2342427158   -1.8900273528    0.5061418741    0.4023559862    4.2888131921    5.1346944525
   4.7030342784    5.3054942050   -6.5604569956   -2.1716320103   -1.2301809842    2.6471287597
   5.3620167889   -4.6605479914   -4.0844945510   -2.1790981133    0.7851376653   -0.9429732500
  -4.8695498290   -6.0693490563   -4.7605632558   -3.6910364153    1.3363843869    1.7435954278
  -3.8963570745   -6.1730580701   -4.6935812194    0.3954221921   -3.3409651575    1.0838477810
  -6.1458595473   -0.5845594056   -0.2604589557   -0.3723874434   -3.0670140883    0.1753261573
   2.4818191724   -7.9453619853    3.9929980472    0.9184996927    1.0988196159    0.3105494435
   6.3324412335    1.9767615010   -6.6487012054    0.4496911095   -3.8380861312   -1.3077194686
  -6.7520968329    8.0620814434    3.2154568494   -2.3369178927    0.1403284535   -2.1870233357
  -4.5197781320    6.5117267560   -6.7394304804   -1.8372768048   -0.1840281412   -2.0997970662
  -0.2699344562   -4.1362207859    8.1667458517   -0.4272810475   -1.1450559765   -0.1102131039
   7.8486653406    3.2004304690   -0.4881811119    1.4813397773   -0.4911495855    2.4256235933
  -5.4168268913   -5.7578374463    1.9342374583    1.4415831438    1.5797958655    3.2612996252
  -2.4323041677   -0.2558965218   -4.2208808965    5.1188608421    0.4955727646    0.0077221585
   4.7638941995    4.2057406370   -0.4427250131    0.6153417975   -1.0542119328    0.7868004454
   1.6429628468   -2.4580711740    4.3793127867    0.4199791445   -0.8433450369   -0.3149042151
  -3.5278900798   -7.0957733134    6.2437199062   -3.8256375985    2.7828860788   -1.9312797500
  -5.0155157813    8.0561013529   -5.8625332586   -1.5453209249   -1.1241154190    0.1141238689
   1.8563337068   -0.2956301084   -3.3974355877    2.9616561260    3.4935997907   -0.3366334531
   6.9750301054   -4.9391111337    3.7261010731   -3.9911709969   -0.6137463289   -3.7267222247
   0.0977888742    1.5089062609   -7.2244911200   -0.7579390141    0.5937907378   -4.0853290439
  -4.3971722705    1.5920017947   -7.2321645116   -5.7511391870    1.5243518185    2.5445835746
  -6.9200268228   -7.9624887594   -2.2032882714    1.2400058537    0.4777856742   -1.4937860296
   0.4212296310   -3.2482751015   -3.2235757277    0.2266228411    0.4258902533    1.4546091228
  -7.4426797973   -5.0103671368    0.2025668725   -3.4908237382    0.7207506181    6.5968690299
  -1.1684546834    8.2155982272   -6.8967533336   -1.6846259892   -4.0405423708    2.8559888603
  -3.5221720136    0.9378846213   -0.8540819291   -2.3336933171    2.3379300165   -0.7774136849
   6.2656764820   -1.4404355776    5.5939445556    0.9068707923   -1.5499845983   -2.8050772584
  -6.0792437730    3.8306613438    2.7281605168    0.7366677468    1.9821115123    3.0777822436
   7.1830120325   -4.4888356809    0.1177829246   -1.4739371251    2.5742068665   -2.8857627163
   2.3267459912   -5.6632760335   -6.7859477495    0.3560442410   -0.5861302129   -2.8423856835
   1.7747828268    2.0742621588    2.5827251763   -3.2839072818    2.1749728787    1.3076048210
   3.8317775341   -6.9944966827   -7.3565248253   -1.7435906051   -3.8789069837   -2.2867542231
  -0.0988509329   -7.3723825667    0.8314894433   -3.7269833184   -4.5631659807   -3.4703054061
  -4.2098205126    5.1416678428   -7.3403033730    1.1980327095    0.2390600674    0.7855055119
  -2.2960295225   -7.5632814069    0.1071524333   -0.3146183863   -1.6995631627    0.5667811771
   4.4030597686   -0.7661973552   -7.6559704204   -1.8918010005    2.0743881880    0.4252237729
   3.3102771254    6.8311341527    2.8856646373    2.0096550952   -4.1621167997    1.7481821917
  -3.0132888971    4.6588644669   -8.2974061277   -2.3491114444   -3.7301484787   -1.1961619594
   7.6763382247   -0.9288975402   -4.7074217909    1.8832188878    0.6405340349    0.0236054894
  -2.5603906201   -1.4559325401   -5.9892493822   -4.7909383833   -1.5880498376    0.6950875343
   5.5633423079    6.8729595822   -6.8597431520    0.0993541481   -0.0309460034    1.2117812730
  -2.2416413931    7.9176145894    3.7510164340   -1.9905896228   -1.7519806002    2.0894498268
  -8.5395571370    0.5487402106   -4.7145267502   -0.7061996584    1.6989365274    1.6640294538
  -7.5604692365    1.3705437379   -5.9302115169   -0.2824257598    2.3472392359   -8.0457277852
   3.9149797941    5.4870621158    1.7475191335    0.5171211650    1.6636658616    3.6898761301
  -0.7149822328   -2.2360561435   -2.2796991705   -0.3306262798   -0.4920900798    2.0209958664
  -6.3992948601   -3.2172761676   -0.7709033386   -0.4778542970   -4.9985655894   -1.3762934168
  -1.4358224558   -4.5314157825    0.6952823474    0.5440988728   -3.3762103137   -2.8839410638
  -4.2885133386   -5.2216015976   -1.2660125873   -2.9490828601    2.5540780177    0.3471087435
   6.1578516278    1.0555292086    1.9563120407    2.2354605254    2.1433639393    0.7713187652
   3.3232479132    3.3636087321    7.9809175473    0.1804700386    2.2918076737    2.4361408170
   3.6604386989    2.6048417779    0.9622390943    3.2844084275   -2.4399037593    1.3937812587
  -0.2277806168   -0.4184797608    6.4804195078    3.9191358509   -0.8195143610    1.0918435408
   6.9168218865    1.8404193059    4.6260048171   -0.9093737245    0.2876991333    0.9126285901
   3.1492266137    7.9289325323   -6.0248598139    1.0108345808   -3.5619872194    2.6512512931
   8.4414356566   -6.3964504705    3.8996709394    0.2638416263   -0.5361776642   -0.6992834172
   5.4416155344   -4.4790148859    7.5524101287    1.4574379122    1.9775407278    0.0839172179
   4.3123014543   -0.1042493420   -4.3278765446   -0.1891397462   -0.2844913891    2.7882944905
  -7.5882936596    1.1238663924   -0.2477454940    1.0784662051   -1.9292451619   -2.8684848219
   6.6970162102    8.3741238153    2.1318795899   -3.5104841615    0.0737991185    0.9475024341
   6.4736142481    6.8422839954   -0.4117734691    0.0900654716   -0.1811324448   -0.3318126483
   8.1823230180   -7.0477144215   -5.4879071187    2.3555131507    2.5779389264   -0.7950165217
   7.1636511355   -0.7470459225   -1.5275038095   -3.5758991365   -0.4965458071    5.2943061647
  -0.3079886075    5.2170324556    4.1178162598   -3.9393882576    1.5738165372    0.7267361057
  -3.1692331522    5.5727375132    3.9394466067    4.4132163941    6.0236287124   -0.4927346804
  -0.1463146207   -6.5840840988    1.9105010167    0.9382152695   -2.2094864238    1.4377396966
  -1.9769130496    3.8185475286    5.2980073767   -3.8785884648    2.3615528875    2.7508326367
   8.2315972459   -6.3901211376   -8.5206728648    0.5448505319    0.4212633203    1.1995689018
   6.3430717073    7.0875704129    2.2206786733    1.8007330745    3.7175481992   -0.5009415588
   5.9898812456   -7.3670148862    6.2363212087   -0.0529090548    2.2253052088   -1.2520836915
  -2.4794840459   -8.1065109968   -7.2114832774    1.2676465048   -5.0048085544   -0.9820995117
   0.8119435554    0.8421275422   -7.9849777915   -0.9311392043    2.7878748254   -0.6774896176
   2.6417956645   -3.3502866873    1.1491096657    1.8622328567    2.0135870778   -2.1403683049
   5.8702930787   -1.1625962966    2.2844905097   -1.0650756525    1.2697750853   -1.0490976367
   5.7103591762    3.0127717353    8.1159515213    1.4495141613   -0.7447685008    3.0892123727
   3.4677277585    5.2858379301    6.8289162430    3.0858368921    1.5242405615   -1.8314648995
  -0.5214407860    5.1286565978    1.2122084027   -2.7761195419   -0.8316956784   -0.2959033566
   0.5103481938    5.6680034172   -0.6691815221    1.0564823674   -2.0292467589   -0.0542967670
  -5.2042101955   -5.2298619805    6.6338873709    2.1628253192    1.0500442791   -1.2441753611
  -0.2188012962    3.2902624789    1.1922412420    0.5005393788    1.8307268462    0.1271784202
   1.6392378068    1.0987490392   -2.2452740831    2.3672376359   -0.3346052818   -0.0603629709
  -6.6133283557    0.9819430692   -4.2004781518   -0.4712501334    2.7884574896   -0.8876074551
  -7.9709840703   -5.3917979100   -3.6518357346   -3.8256912664   -0.7574801141    1.5298085296
  -7.7113298964    0.8751927926    4.1353240299    0.3305163110    0.1914668947   -0.1343975246
   1.5197623355   -6.4084112865    1.6494856790   -3.9149115153   -2.6505657141   -0.7756052615
   0.5522108809    8.0069206944   -0.7249250788    0.2552401519    0.0029621878    0.5127073849
  -4.7264092733   -5.9359880517   -3.5959831541    1.3838684088    1.0785676696    0.8370324567
  -0.3708709330    6.2498240396    3.2521996198   -2.8069695012    0.8025091590   -1.0705643787
  -4.0717997041    4.8395601819   -5.7461143528   -1.1425486706    3.7209204055    3.9022555926
   0.2378501106    4.2921333724   -5.4774373095    1.3600692441    3.1199440676   -1.0402226504
  -1.3976511271    2.5738964596    3.8197531668    0.3823073250    0.5585692725    0.9487986153
  -5.5512517050    2.0543866010    2.5096500882   -4.2610191806    0.7236586075   -1.6345077630
   4.7229346252    4.8234557073   -8.1451443922    1.4586730680   -2.0589632190   -0.0073198944
  -3.3140556246    3.2640362876   -7.6983723900   -0.2790889235    0.0355108867    0.7715221584
  -2.5511943172    7.8836022859    1.1360328092    3.8785734440    0.0891317562   -1.0211745829
  -7.9794445243   -5.4846826358   -6.5732576871    1.9653335489   -0.6682431419   -1.6255770849
   4.6571594167    6.4812908949    1.1644311201   -1.8413714646    1.6397322697   -2.1214176738
  -4.4071322761   -4.6414180331   -3.1154341748    1.6324271279    0.1034758161   -0.6788673532
   4.0892945128   -5.3916309241   -4.4161609146   -3.1119341715   -0.5991448283   -0.1753436865
   0.8940741218    1.4713580232    7.9812946495   -1.6092248690    3.6564920437    0.4835443056
  -6.2324913516    6.2125030266    0.7717846592   -2.3320011057   -0.1862683859    2.1405797394
  -3.1996945954   -7.0987209134   -8.3578554295    0.3287255312   -3.1275611135   -2.0005943508
   5.4118968061   -4.7497232526    5.5680462792   -1.0645220840   -0.1994077276    1.8460297011
  -4.5340588298   -2.0953632057   -6.4218361472    1.2889404532   -1.6069090527   -0.0083480405
  -2.1447722694    6.0395541313   -4.0823323652   -2.1166718785    0.3049317393    2.1037852205
   7.5550039085    6.9432399998    3.0555939243    1.8785863127   -1.8183297709    0.7029389712
   7.9412476217    5.9055140576    1.4317284398   -0.0655010755   -5.5489516331    0.9487578473
  -3.1249933561   -0.7045026280   -1.0360109259   -1.4745654376   -0.5553143395   -1.7713618890
  -4.2382447809   -6.4759855341    5.1179940917   -3.3720957611   -1.5595005079    2.5951919476
  -6.1951589002   -7.1501211006    0.8348554769    2.8707566672   -3.3494671657   -0.4715688894
  -4.4564030004   -4.5594788830    0.7379436034   -2.2082996266    2.8365307179   -3.3749150620
  -6.5348459818    6.6087338377   -8.4304022682    1.2080073335   -0.1153840825   -1.0759768523
  -1.7386695054    0.0084513254    2.3218951168    2.1457298625    0.8499660412    2.0356814858
  -8.0268037898    8.5093368620    8.1117575569    0.1660809244    1.7000992476    1.2200978024
  -7.4073695858   -4.2360752711    4.4874969424   -0.2309574818   -1.9884378739   -1.2732793469
  -4.2817943261    7.2050272457   -2.3104718417    2.6669431385    1.8288970048    5.0736981473
  -4.2550079101   -3.0915201769   -3.1915118475   -0.7762401566    1.6399339318    0.5031419410
  -4.4823295421    7.2322835569   -7.5936720957    1.0153749980   -2.2419699042    2.2528073028
  -2.0591742008    6.4925367191    1.9325225096    0.4135725395   -2.4171347682    2.8722350616
   3.9158463587   -6.8182462474   -0.1739873291    1.0746525540    0.8145965917    1.1998420174
  -8.3048536611   -1.5213978191   -1.1362586655    1.3065084424   -0.6718756805   -0.3142005029
   5.0197853996   -7.5595388809    3.5706372513    4.5373156936   -5.6061649227    1.4338035412
   7.1018862892    4.9299796751    4.6735663692   -1.4281941391    0.2936022617    2.6352282831
   6.3683748133    8.1277566335   -0.9055700858   -0.1978213873   -2.0233435468    1.6184860033
  -6.3636897800    1.1142460296   -3.2134085418    0.1157180005   -1.5455564037    0.4323044150
   4.9992060657    5.9921050595   -4.6715244063    0.8278316672   -2.8952304318    3.9415486578
   0.7944305347    6.9775635591   -2.0719834849    0.6892135529    5.1665280555   -1.4331139800
  -5.6634729616    7.5830010632    2.4726732793   -0.6158043627    5.5250354759   -4.6859276388
