           1000
    17.09975947
  -0.2874304672    6.9351533740   -2.3244291818    1.8892152260    1.4070749594   -1.0822776967
  -1.9069894833   -6.9692292927   -1.2838167504   -2.1187772913   -1.4183989512   -2.9455348424
   7.1852610918    0.7357901137    2.2930633021   -0.9632954920    1.2367709604    1.0344797288
  -0.2069574569   -6.8094750899    3.1942563927    1.7145192310   -3.5575171773   -4.7990657002
   1.6033389759    4.7351478804    8.1962497758    3.5246641708    2.7069896894    5.0674415692
   0.7639178081    6.4499831770    6.8089695038    4.3113479008   -0.3347463842    1.5755989266
  -1.5901851337    5.6434026944   -5.1218484714   -0.2551249847   -0.4732027068    3.5301991965
   1.6551529232    6.3950112565    0.6170928937    1.8995677946    1.4852494755   -0.1604271024
   6.6816394285    2.7030179192   -4.6913742751   -1.9959097025    0.6263147681    3.5730682796
   1.1970699986    4.7757864067    4.5217892653    2.9551581806   -0.6527006514    0.6870854463
   3.7379910298    7.6661025915    4.2331898424    3.4381706441   -0.0031273147    1.2958713496
   1.2924954268   -3.0444668099    3.3231614516    3.7575444106    0.0555833387    0.3593820359
   3.6382794004    3.9402061992    3.5787342868   -1.2794180103   -3.1156024886    3.9580038165
  -0.6324917294   -3.0382528808    8.5430706866    1.0518607198   -2.6226971009    0.5657015985
  -7.5419625960   -7.4250270324   -6.3649616550   -0.8536974289    0.6434601574    1.4946317213
  -6.0208954664   -1.5036905544    3.6518423693   -1.9315234615   -0.1990147579   -0.6046409808
  -3.7736120136   -3.5838166131    3.7304734049   -2.5440720793   -0.1142749664   -0.4991763444
   1.8000106835   -3.8525713044    0.1153005254    0.8907515346   -2.5651973688   -2.0010035228
   8.2098388156    8.1326256234    2.9188043316    0.2202742231   -1.0658317039   -3.7820138883
   7.8333543434   -5.6859410644    3.3806370370   -0.9369828427    2.9846247997   -0.5146231976
  -1.0075295787    3.2215826864   -0.2252781432    0.5895756922   -1.0074579349   -0.8239795959
   8.0266200642   -8.3779681032    7.8854932504   -1.7479287244    3.0670633101    0.1859555135
   8.0158352436    3.4048175390   -0.0289814454   -1.7016223528   -2.2944737514   -1.9842037635
  -5.5893489549    3.6869324284    7.4868668143    0.6607813232   -3.5458804968    1.3348820001
  -1.2490463590   -1.6220537000   -2.1695860581    1.0432022326   -2.6561434709    1.8269649168
   5.8918893857    5.9925096126    6.2404715187   -0.8663043344    1.5219990942   -0.0095608722
  -1.9291660112   -2.8659844206   -7.0754586912    1.7446631568   -1.7648478703    1.8716035679
   3.6634920694    0.2401775775    6.2871503675    0.6396213097    1.1846414382    1.3318136391
  -8.1027879691   -3.0444574579   -4.6719065102    4.1379783000    4.5605001019   -1.0856680625
  -6.8444445917   -6.9233733905   -8.2205111804    1.5311982620   -0.2919592864    0.6329762446
  -5.5523633908    6.4494229811   -6.5657605101   -2.2646374519   -1.2627370781   -1.1980385210
  -1.9096076139   -1.8009937822   -3.4914016972    1.7091569961   -3.1868418130   -1.0156330397
   6.0826496933    0.1738247909   -5.2400167534    1.0412083034    3.1215182853    1.3116197220
   0.7285349029    3.1277951526    6.2060805300   -2.7856377825    4.2318051234    1.9134383644
   6.5304803966   -8.0244018153    0.1819574024    1.7102516079    2.0333596404   -0.1127974537
  -6.0835710999   -0.5833081558    0.3088634235   -0.0688320186    4.9854295080    1.6227965102
  -0.1581101172   -1.0409514040    2.2580892407   -1.2928786911    0.7531858437    0.3824858526
  -5.5585623430   -3.3210177041   -8.2231086245    2.4578205812    0.7642105824    0.0138876455
   5.4110273047   -6.2925725927    5.9512955523    1.0622752218   -3.6282894738   -0.5799788416
  -2.7214318748    5.9696961846    3.1693786971    0.0341059125   -3.0981156592    1.4845313844
  -0.6676675867    2.2994523293   -0.7359805418   -2.2473025163   -2.3921091181   -3.0969230227
   2.3107009266   -5.2977564725   -1.0210617838    1.7390659311    4.8942955864    0.5959180193
   1.4520227673    5.5653417280   -2.3990775564   -2.6272214537    0.7307897755   -1.8433456032
  -5.8493662853   -4.3572601576    6.8176515934   -0.0942771607    1.6190087195   -0.1995776220
  -5.0425207442    6.1961473335   -7.5869155500    0.6255240586   -3.6663239822   -0.6368005719
   0.3017537038    1.3736064870    2.4051808741    0.1682433291   -1.9067702781   -2.7469699304
   7.9267537298   -6.4965693604    4.8250841766   -0.4713162552    1.8183445877    1.5503280663
  -4.8276877218    3.6595335584   -0.6862385811   -1.0059005285    0.4129290958   -0.2143710738
   4.7137103108   -6.9036596756    7.3355111762   -1.8192595722    2.4489136751    1.6715272504
  -3.2984614061   -2.3247467642    5.6614289505   -1.3779884494   -1.6710822700    2.1337714785
  -0.0278566610   -3.3676041007    3.7259036555   -0.3335776072    0.1053846257    3.7574622124
  -3.9088906158   -0.8766243627    7.1023033935   -2.3410294049   -0.7465497203    0.5499650128
   3.8461090652    1.5697179108    7.5973637396    3.1234978659   -0.3431493390   -4.4398039708
  -6.4452730920   -0.8110871463   -3.2159679742    1.6961050691   -0.7153537833   -1.7241169810
  -3.5149937462   -3.9771250331   -0.2072277079    2.2133635728   -2.9059443474   -2.9730615018
  -4.8132325222    7.5320835654   -8.0485370195   -0.0159064312    2.3970052698    2.7685733531
  -1.7951086129   -7.1793062420    6.6587031138   -3.1917055469    0.6588823709   -0.9492704208
  -4.3779759868    8.4142049382    1.3688458837   -2.5860574839    0.1330224923    0.1074044605
  -6.3022918821   -0.3883290972    4.3735434877    1.1997001029   -1.8263128132    4.3399234061
   1.6272153354    5.4239182311    1.0531866584   -0.1003653813   -1.5872592042    1.6511122806
  -1.5835574430   -5.9554010913    7.2838724103   -3.1841452119   -0.8610825600   -2.3192276291
   6.6491830530    0.9250634180   -3.9084041409    0.4825414929    2.1562697606    5.5065364184
   8.0105860451   -5.8273594433   -5.9178570580    0.5198555522   -0.0251634179   -0.8449324669
  -4.9261475453    5.3842707787    3.3299434991    0.7458623051    0.5636525784    4.1639151247
   7.6428964438   -7.7007631399    1.6467718234   -2.4624335670   -4.6934525042   -3.0894883347
  -4.5897386266    1.3707992553   -0.2307300849    3.9557208744    2.6911201059   -3.0836399579
  -2.1144861270    1.6512768232   -7.0988112981   -4.3982348121    1.2365171062   -3.3086925435
   6.3820207617   -3.0382816688   -1.4842018868   -0.9996285920    3.7582624505    4.8600481027
  -6.9940191764   -3.0634810538   -0.0731305036   -2.5709023980   -1.0069284542    1.3030313536
   2.9981301071   -3.9490148100   -7.7216140045   -0.3526998963   -1.4656238502   -1.2683539092
  -0.9520292417   -2.8918939627    1.6419950902   -0.2055922093   -0.0534340101   -3.9798888387
  -8.4524997107    0.1603660543    3.6785772540   -2.1308311781    1.4416016214    2.3522657901
   1.9344375161   -3.1713263312    6.7601652421   -0.7437868847    3.2400889363    1.6560768413
   7.7091609521   -7.9902487298    4.5786011685    2.7955698306    2.4326229716    2.0502143708
  -1.3230874539    7.5011368390    1.1305569252    1.7292762005   -1.5432098981    1.3768942713
  -5.1838567400   -6.4784564012   -8.0473912681   -5.0958791223   -0.2540345628   -1.4576115316
  -0.6037385372    1.2487805068    2.4668678407    2.1544005842   -1.1122878087    2.1233884741
  -6.3866711995   -0.0796623789   -0.6414936095   -2.2112506723    0.8107386016   -2.3534946993
  -7.6298806907   -5.8503203241   -2.7160965312    0.6946776471   -0.2704005367    1.1452036753
   8.2679339654    0.2737087426   -0.4921551882   -1.1074462141    1.2705661448    0.3364398118
  -3.1690583801   -6.4743529569   -4.4760496096    1.4554708442    2.3584529721   -6.6798399565
   2.0312676275   -7.3410740811    2.3016680591   -1.6262771138    2.7465690213    0.2476304289
   1.0203531086   -5.5670310613    7.8052638131    1.8882589453    0.5703664777    2.7389088339
   2.6330117424    3.8424622541    2.4829115683   -1.3348786700    3.0698841305   -0.0025955668
   4.7483627032   -6.4052457725   -3.7412351370    0.9060513846   -1.9084831960    0.1014253621
   6.1516188069   -0.5854869087    7.6026897080   -2.3694531832   -0.1625016961   -0.2745996971
   3.4683305410    4.9369406053    1.1754000704    1.3262362506    0.8098899417    1.4384418529
  -5.2208780954   -1.6177187175    5.6978068351    0.2372580775   -0.9702034288   -1.5390782391
   5.8103956152    7.9708355420   -3.3626775483    0.6434694087   -1.8753659329   -0.4393067663
   4.5376210279   -4.9079369846   -5.6989591963   -3.5892242884    2.4381656072   -1.1333034359
  -2.8608795611    2.5929983155    5.7533521376   -0.4458631928   -3.8747120566   -0.9656719869
   8.3993462707    3.2535820488    6.4933962077   -3.5911437461   -1.7869318949    0.5939167113
  -3.2582920137   -3.5991274644   -7.3271618853    1.7417588980    0.2856473988    3.9090267184
  -7.4383968983    8.3097357171    1.1969871389    0.0569611067    0.5811105771   -3.1883312543
  -4.0211756217   -5.4426809239    4.9487635012   -3.0379765753   -0.9229454190    3.8628056839
  -3.2150134493   -7.2521821555   -0.6831942656   -2.4253817456    2.9135654447   -1.0646277539
  -0.1160476116    0.6608131653    8.1670032360    4.6866159483    0.7314204320   -0.9545334308
   0.9764248405   -6.6842602350    3.0258393812   -0.2564695233   -0.3198590225   -2.9951901645
   1.0230983733    0.0598407048    0.6736737023    0.0470710907   -0.8120318273   -0.4064363396
   4.1689075670    5.1355786921   -5.2534534448    0.6967857053   -0.9012870103    2.2061937850
   0.5815331724   -7.3343224673   -1.9973819471   -2.1889737863   -0.0200588594    4.5936847877
   6.8424621576   -6.8437488161   -0.9006045439    1.2424702394    0.2280460205   -1.5905769737
  -1.8447445757    5.4308989351    5.8738037378   -0.7582525764    0.1832957177   -5.1421153515
   0.7716523075   -4.2321321673   -3.2438651795    1.2546255142   -1.7740744681   -2.3757058168
  -6.6579077201    2.7014251435    3.7041835199   -0.3455915845   -1.5899497573    0.3251485574
   4.6841089323   -0.0460247417    6.4382778720    2.1769933490    2.0573901729   -1.3626257941
   8.3246292375    8.3276275738    5.6428130106   -2.4702098334   -1.5787788093   -0.7720829597
  -5.4919425900   -0.0381691898   -2.0217479333   -6.2442880720    4.1631608819    2.2938938180
  -8.5407000524    7.7370309801    7.8919729204   -0.3019408101   -4.5470944447    2.2519038316
   8.4024752620   -8.1998595098    3.6188301404   -3.1028085836    2.0576291966   -4.7988458725
   5.4908266034    0.3768753530   -0.9962320839   -0.4324856529    0.4211730468   -1.8906605050
  -0.1069609823    2.2585529013   -6.0092333877   -2.1954194942    3.1288702490   -5.2096105605
   4.9107645586    1.1375614985   -5.4970406102   -0.9734505222   -4.1238934596    1.2565529469
  -1.0863374142    8.0919302901   -5.2962271016   -1.7959564776    0.4220248690   -1.5126170462
   3.1091968024   -2.3259976664   -6.3928486905   -3.6664416110    0.7374461185    1.7906898912
   4.0959394545   -7.3256252955   -7.0727250376   -0.3337320084   -0.0710435448    3.1466363037
  -0.2361056613   -4.9989097521    0.8455994998   -3.1002933749   -2.9862123909    1.2505417722
  -2.3263879801    4.1547700331   -0.4434694132    1.0939196518   -4.1277943829   -3.6904957218
  -0.1747264062    7.5266515912    7.1135445847   -3.5469009524   -3.6957261630    0.6373573750
  -4.3453552258    2.4422971253   -8.0950236673    4.4305595632   -1.9973631367    2.2133844858
  -6.6761013926   -3.4853775032    4.3405776218    0.4957426221    1.1406361778   -1.5143578488
   7.0967289226   -2.3577600567    7.4522165537    0.0363222612   -1.0607944084   -0.3988978064
  -7.4413410259   -8.4371444924    7.3101158276   -0.7651024103   -6.2746429711   -1.7118543213
  -5.9539557584    2.8021062589    7.7422029152   -0.1218553436    2.8190189723    2.6975972873
   4.5332080946    2.7655412214    5.5352791201    1.9603850432   -4.9488990764   -2.0121557731
   2.7401701258    2.4447458647    3.8640184966   -0.1151756559    3.6326510232   -3.2547289025
   1.9930189339    6.8683690538    1.6293908324   -0.0647785710   -3.9505734492    2.5890899346
  -6.4655589302   -2.4355429465    2.6269726498   -1.6495489126    3.9749199268    0.7962865021
   8.0279626143   -4.0472980531    0.9078654205   -0.7309923907    1.6720932240    1.4183302567
  -6.6598504659   -4.0012209792   -0.3070222775   -1.8665716429   -0.9768236750    0.2334491540
   1.1842841551   -4.7805012214    1.6441488689   -1.9228202052    1.7593375312    7.3423928214
  -2.5716985941   -1.8297226499    7.1776690356   -3.5645277560   -0.5591858525    1.7498828643
  -3.2987806014   -7.3087501680    7.0807703063    0.5830257963   -3.5631774587    1.6246324395
  -2.0651737129   -7.6239733713   -6.1655316650   -2.3606610130    0.1201301758    0.5789834287
   7.7309649270   -6.1775329668    0.8224157372    3.0876958368   -0.9701106882    1.6085186555
   7.2545484184   -4.5116513770    5.5283176806   -1.8342468709   -0.9291922478   -0.2760279303
  -4.5080317207   -7.4353320122   -4.8040791096   -3.3836303309    0.2552656802    1.7342556906
  -2.7259288895   -4.3508987631   -1.0564843902    2.4004037192   -0.8981806789   -1.7971846439
   2.0018420752   -7.5340845576    3.4718049351   -4.3485258346   -3.8356756912   -1.5911814999
   5.0925271791   -8.2090507866    7.5380200011   -1.0343789231   -2.7630664133    1.2532751157
   4.6298148435    2.0881567824   -4.9174239190   -0.4955016573   -2.1696527059    1.0560374338
  -1.9393660076    2.9777100948    7.7529967753    1.0330603312   -1.1860805121   -2.3774097392
  -2.9136560667    8.1339678556   -5.1358990554   -0.2919359036   -0.2541658939    3.0868325298
   7.4996775909   -2.9123921216   -6.0691806179    2.5715641767   -5.3325091821   -1.5881541247
   7.4275241767    0.7356661282   -7.9779801169    2.1585041481    0.3499146382    0.7440556191
  -1.3205743625   -7.9796918710    7.7098444090   -1.7363636222   -0.4156828551   -1.1912560113
  -2.9163773837    5.4637462021    4.9160477247    1.0343816695    0.6637001313   -1.2615605010
  -6.9196185838    1.1170265324   -5.2098644209    1.6187052358   -0.7284677849   -0.6806844021
  -5.9845352454   -7.9848579146    1.1066334760    0.0063790621   -1.7816384303   -1.7138421809
  -7.8949890185   -2.4365457532    6.8828843823   -1.4865896679    0.5847628147    2.2827888736
  -1.0926537078    6.8823371134    5.0231558584   -1.5323692841    5.1314691820    2.0705246897
   7.9302562591   -5.1026360537   -3.6928888850    0.0763252996   -0.6925311992   -4.2584927499
   8.1586539666   -6.1734881796   -2.1280774113   -0.3427654828   -0.0718743701    2.2642172604
  -0.4026730249    0.5479381274    6.1873240612    0.4024721126   -0.5432338387    1.1253845190
   5.4947930189   -2.2701194374    6.8843560985   -2.3594856497   -0.6833061292    0.3887189893
   6.8860578261    4.8017650787    5.8163543817   -0.0768204151    0.9451615913    1.1978327502
   1.7594248438    5.1339567226   -6.1514343008   -1.1302143110    2.9282867750   -0.5792828365
   8.1944649018   -0.7373573307   -6.1002002487   -3.3273146550    2.5096768776    0.3577529800
  -3.6971756562   -3.6858099943    6.1392615051    0.7162914691    0.3045306675   -1.1358742306
   0.4528191382   -2.5851931273    8.2393057246   -3.3305369776    1.3143648243   -1.5395175432
   2.7493288621   -6.3593708418    1.6181476721   -0.5084524674    7.1051904273   -0.8388491466
  -5.3916454690   -0.5481303827   -3.6941723843   -2.1286504011   -1.3985241824    3.8602270379
   1.5916650738   -0.3610587500    6.6843356298    1.6981826366    0.7796465414   -0.8363705086
   3.8338149131    7.7850875519   -6.8525382691   -1.0007894480    1.9096287267    1.0587483638
  -3.1639835985   -2.3554535346   -4.6504852399    6.3566661930   -0.8907121698   -0.6828355309
   4.3117231349   -4.9479187028    5.0994449657   -2.9384451913   -5.6122742506   -1.0270862561
  -1.5689536340   -8.5109264220   -3.4041149082    1.9226103255    3.6633726864   -0.1440867938
  -6.1954840070    2.8072513433   -8.1896197053   -3.5175597064   -0.8360052459   -0.8892138026
   5.1649027780    1.3748722717    4.3994325295    2.3203641678   -1.3674849021   -0.5966596022
  -2.7450931999    0.2516183403    3.9400800611    0.1329247668   -1.9807715724    0.2897909320
  -3.2513983644    0.3209362133    8.3129045789    1.7692999090   -1.4744433620    0.1489678073
   4.9620295252   -0.3317396732    3.8231588729   -0.6714573401   -0.7574798135   -0.5705817197
   4.1015358118    7.8402886219   -3.1417630719    0.6444930025    0.2411378222   -1.9665250580
  -3.2654783918   -1.2609749304    0.7311770834    3.7002086407   -0.0424679507   -2.1306903003
   7.0254679842   -4.5204262448    8.2220479701   -3.4168370621   -0.9600211256   -0.9742759764
  -0.3142971171   -6.8314064344   -0.1519640674   -0.1385623504   -4.0240966578   -2.3477697815
  -2.3724729779   -5.2343235609    1.4522990023    1.5451660969   -1.3630604447   -2.9786716270
   1.0532947320   -4.0730455388   -0.6403179106    3.4815434863   -0.0723819108   -0.1183374329
  -0.7940467081   -5.0999623091    2.4232975897   -0.4185200901    1.1277722270   -1.8317243686
  -5.9660876227   -4.9905228300    4.5356892507    3.1429186571   -1.6912420431   -1.9300207140
   0.3970534582    0.2988942295   -4.4726057941    3.7087012009    2.4747678906    0.1247685108
   7.0820098689   -5.5971311435   -3.0692989950    0.6632556279   -5.0454653555   -1.2466004439
  -5.6008233852   -1.3192958275   -5.4306191658   -2.9247646162   -2.5051040410   -1.7868740788
  -4.7778665709   -2.9005393937   -1.4674983808   -0.2434984715   -3.0038789243    2.8836787326
  -1.0048590564    3.7060582622   -1.1538389274    0.9411649841    0.1909216118    1.1546095023
   4.5603105077   -1.5305467565   -7.5744282127   -2.2501015974    2.9092151389   -2.7877644587
  -3.0547398324    2.5172563654    6.8909833007   -1.4691197719   -0.5007819861   -0.0236145387
   1.9271238815    2.4778519148    4.5464868858    0.7008844220    3.5518973986    1.1944782705
   4.3671092731    0.8950263438   -3.5325733531    1.6974564419    0.8410069822    2.7009496758
  -5.4212783409   -4.6054877343   -5.4745567193   -1.0840703446    1.0786163749   -2.8547772685
   5.7811578812   -2.1442464048   -5.6336103682    0.5294520465   -0.6718828894    4.8374321846
   2.6187819913   -2.5728716866    4.7333018113    0.0214153261    4.9409169617    1.6580970477
   2.4316551127    0.9677259003   -3.9247532276    0.3437639525   -0.5747348353    2.5806728693
  -6.4121797246   -2.7503647525    1.5799553252   -1.2861757072   -0.2088195808   -3.0510140017
   6.3846367506   -2.4231513689    1.7433933925    1.0052010921   -2.3472991742   -1.1288636888
   4.4779553538    7.6477231989    0.6587178546   -0.0683746620   -4.3435964228   -2.3704097077
   2.0480981174   -4.0307400833   -6.7219921426    0.9201055520    2.2584616367   -0.8072527121
  -8.2858223799   -1.8066801202    1.9140910171   -1.2402117938   -0.1266225955    2.7368289617
   3.3196630779   -6.2946651975    5.9683899043   -5.2932770766    0.4387226487    0.0079033221
   5.8851202601    8.0010373838    1.3404953171    0.6567780525    3.4193768696   -4.6540314737
   1.2867034572    7.0586933469   -8.3159901667   -0.1316016511    1.2837611734   -0.3146144672
  -2.5363511411    7.7613313909    6.4001316894    0.9180606401    0.8174088280   -2.1923451133
   2.5542490203    2.8973338173    2.9799171407   -1.2764620511    0.2878443512   -0.2390847554
  -6.6373019289   -0.3867403105   -7.6878233841    0.0137403731   -1.4074341059   -0.6521170130
   2.3852184984   -0.5988337634    1.9725797640   -1.2389458643    0.6026318460   -0.0293794763
   2.9266913636    6.4756501904    4.0847743283   -1.8457145764   -0.9443769111    0.8096466339
   5.1376396161   -6.8226660346    4.4111438755    0.9624316357    0.5859338690    0.1009760037
   3.6748972502   -7.0637245273   -3.0581304397   -0.6705492556   -0.6689606325   -4.9022049699
   7.0167369813   -0.8624402828    3.6531998385   -2.4382705900   -0.9661431140   -0.7638887380
   0.8076149670    7.4322828908    1.4673096745   -3.7557768833    0.5448481180   -2.4475305543
   3.0318075663   -7.3000697467   -4.8574087803   -2.5898273684   -1.6135580103    1.4896198800
  -4.9021841451   -6.3595852890   -0.4129140810    1.5085931565    4.2399856560    0.8074058108
   2.4085036458    0.6736954246    3.2460312859   -2.7780744458    0.5843184315    0.9589515045
  -5.4289614976   -6.8547318425    2.3538102275    1.0550045527   -2.2017617323    1.5608385729
   2.9181834724   -8.0427870512   -8.2333373365    1.5597436202   -0.8616889685   -1.2714146147
  -1.7856868942    6.3309044952    0.7790939876   -1.8173055594   -2.1630318708    0.2020825467
  -5.5354480805   -7.7515445380    3.6815306182   -3.5869255072    2.6793418792   -1.9036154643
   0.3676398679   -5.8395695592   -2.6513275537   -0.8856612627    0.0631573022   -4.1466236871
   7.9993408176    1.6585469843    5.8936390308   -2.9759651965   -0.9622270526    0.8781629709
   3.1099284969    2.3108669221   -7.4410660845    1.6845366968   -2.4729784207    1.2309908686
  -8.3173847837    0.2537301378   -4.7575808358   -1.1326867936   -0.2920362842    1.9722267246
  -2.7916235313   -2.6258629857   -1.0476464655   -1.7801912758    2.8687875600    0.8786346215
   4.6814686894    2.0330235788   -2.1285909044   -1.3620489627    1.6837494894    0.5463785774
   2.4911581992    7.0764947060   -0.5907716191    4.3378623756    1.8499822897   -0.4443676368
  -7.6051578911   -1.5033638504   -8.1864415865   -6.2080779779   -6.9155791353    3.2554038827
  -4.4576620507   -0.0492712652    7.4681147494    0.5092075244    0.7309029501    1.3070271619
   3.8595922024   -5.6987427791    1.3867792698   -2.9842219498   -5.2952910059   -1.0022159032
  -3.6682840390   -7.9607437591   -2.3481753289   -1.0943130998   -1.2877072285   -0.8339799610
   3.1984617495   -7.1427429014    1.0439614471    1.5892127646    4.0203295863   -1.7088034918
   5.0562307196   -4.2711606946   -2.5555886786   -0.5828559383   -1.1159858692    0.5307231480
   3.4152478034   -6.5867937934   -3.8895325421    0.0911135625   -2.5403875466   -4.3476464725
  -6.3620258395    3.1189869678   -1.8602886033   -0.5605363505   -2.1038830620    1.7929285202
   1.6107616990   -0.6516194691    7.6610084741    1.2069636946    0.7192663325   -4.9138851864
  -8.3523482798    1.3745261112   -5.9107763488   -1.7097151604    1.0926074759   -0.4947296862
   4.7796307534   -3.9014522811    0.6801277423   -0.0439962973    1.1882023829   -2.5848906028
   3.2724785942   -2.3033330584    3.4506903564    4.1128027650   -0.0350298345   -1.7871957397
   8.5155817757   -3.9802764583    4.8978166107    2.7315698089   -0.2537221311    1.0551792884
   2.8925168861   -0.8335938925   -7.7371769930    0.7637582509   -1.8988309481    2.2208395128
   0.5095429936   -0.8422202284    5.6430350132   -0.1803131418   -3.2823663903    3.1314309354
  -3.7558949440   -5.5587868063    2.5498264956    2.9805133470   -1.2348690190    0.3794548548
   7.8889590406    6.5128278660   -8.4545616812   -1.8166548197    0.0592741168    2.6521500037
  -2.7865832897   -4.5263662864    6.7024659067   -0.0591350069    1.4898689275   -4.7812379610
   4.9103403734    0.9893953947    8.2636138829    2.1517530883   -1.9481761359    0.3452252049
   6.1541350056   -2.8220462832    4.0999665484    0.9225918978    0.2755050714    4.5888099060
   5.2155989626    0.7198838680   -4.5812790313    2.3342055247    0.2395705578   -2.7834595736
  -0.3790163207   -8.3310335353   -3.4753419289   -2.7697225175    0.0749630003   -0.5121709539
   1.7179282791   -8.0782068565    4.2308831820   -2.1253108254   -3.7316095921    1.8748314730
  -1.8979805527    4.9623905653    2.5697988366    1.4581661501   -1.2453335371    3.6882267969
   5.5198688579    8.0952671146   -4.8424522783    0.5887441458   -2.4063396656    0.3477466236
  -2.8189740766    7.9703801455   -1.6938920007   -1.5458125462    5.6512409286   -2.7018219411
   3.5955922081   -3.7074179246    0.8819766959   -0.4736533374   -1.0165937753    0.2495330301
   7.1363264808    2.9609700900   -7.7739265786   -1.2510727282   -2.9897473062   -1.3764086030
   5.3190579308    1.8885939387   -6.6707864460    0.6870878874   -0.8137545245    0.0929639352
  -3.0076066217    6.5443228557    6.5353402176   -2.7614676416   -0.5397369945   -3.2844277421
   0.0239199096   -6.9421279570    7.6135363253   -1.7728271739   -0.0881390882   -1.0904967490
   0.7451581444    2.8786946236   -0.8441088985    2.6434543371    0.0583928681   -0.3124611778
   8.4618231616    3.3894425230   -7.6836769997    0.0254986331   -1.2785551760    1.2916132359
  -3.3461251295    5.1654682859    0.2862332103    0.1583852435    0.3310933738   -0.2876856256
   6.7394695861   -2.3819557244   -7.5703226858   -0.9472638303    3.2611922173    3.2184947937
   2.0870300062   -7.1995287565   -0.7935303292   -0.3734302045   -1.7732665234   -1.4452558956
  -8.2507260463   -5.1628141515   -7.9152222752    2.0643758664    2.1135357571    0.0844873469
  -2.4596083988    8.0146737971   -3.3092399006   -2.6936511934    0.6377749530    4.3353383061
   3.4352425425    3.4230563822    4.8761796005   -0.0117231554   -3.4580257931   -1.5202357079
   3.2579535921    3.0867026747   -6.9145453677   -2.2148421373   -1.6043158000   -1.9005859362
   6.6789102566   -6.1566736102    0.5641277765    2.1595162105   -1.1605835690   -0.6557209611
   1.8656467005    0.9691930465    0.4626844402   -0.7299341110   -2.2795947241    1.2059225896
  -3.8007169624    1.8194022159   -5.3210967761   -3.1434563366   -1.2956384574    0.2668424513
  -3.2181646517   -3.9464703447   -2.5472151234    2.0711089174    1.0636148787    2.2841166812
  -8.2792639365    6.2223574246    4.0205534101   -0.9180739180    0.8828267952    0.0377707587
   4.8934652833    7.8432949645   -5.9671559626   -1.2759947838    5.7332761815    0.4434724471
   0.1232640947    2.7391083842   -7.1080445825    0.1038866452    1.8382465912    1.8857065365
   3.2107303638    3.6681378405   -1.2111440192    4.8114651812    1.3815207734   -1.6792235747
   1.6677171339   -2.4707526836   -2.8781408077    4.0624070036   -2.9513454386   -1.3252461273
  -4.7381822250    3.7500599976   -6.2149283538   -4.9154149504   -1.1137924061    3.7686420235
   5.9240169425    3.9792037172    5.9914542225   -2.6009071793    0.4952640411    0.5117478662
  -4.9713990588    7.2124590993   -3.1609224387    0.2216562896    2.3657119781    6.0697331431
  -5.1488803034   -2.8629112410    8.0044044437   -0.9879899020    3.7852169807   -0.8449789206
   8.3602038737   -1.4628242999   -3.2461930956   -4.8346353317    1.0522114826   -0.5031748352
   3.1913398079    0.3844711928    1.1698493212   -1.8535458720   -3.6031556954    0.2353119628
   7.7890889179   -2.0080951763    5.6909412484    1.9493347683    1.5540596606   -1.9878084175
  -1.5401727326    0.7304891235    8.2381720516   -3.1832627474    2.7528458469   -0.8304636241
   6.4587417204    4.9628406120   -2.2978681158    0.2043014933    0.9900014166    0.0464722420
  -7.8554549919   -7.3500249798   -3.5115931409   -0.1678575210   -2.1399900211    1.1550457586
  -2.7441042677   -5.1772530357   -3.1010648158   -1.8522884886    3.2674350526    1.0657754903
  -2.5550471499    4.4366856741    5.4234658626    1.8584742776   -4.7352896582    0.1702275730
  -8.3310264442    6.3781208116   -4.9104027467    2.2899126775    3.1416472781    1.1603625989
   8.5025462599    3.1088164644    1.5825459308   -0.5540042599    0.6620224058    1.1932439455
   4.3982607126   -0.8630410649   -3.2413744726    2.3258861538    1.8555305723    1.9373596813
  -6.2138587426   -5.1257832681   -0.9957938528   -1.5491058623   -0.4665027314   -1.0964673246
  -7.1713226309   -6.2644991181    1.7244202689    1.1564260103    4.2686716573    2.9704288859
   6.5579699922   -5.1549966955   -7.9375385218   -0.2335028698    1.0114296846   -1.8061754613
  -2.7926924022    0.2344505370   -6.6754773482    0.6419512265    5.9062201389   -2.5002715744
   5.3245703215   -4.9767742239    4.3737540052    0.4055047749   -0.5908263168   -0.6562943810
   7.0630833233    6.7919812581    5.9059817527   -4.1776938435   -1.2810028327   -3.7060884699
  -2.9916902583    7.0860416365    2.7195961478    2.9105322310    6.2645554275    0.8196299937
   7.9132486064   -1.6873251676    7.7614058742   -3.4917232785   -1.2668220505    1.3498597584
  -5.2326543946    6.1714804506   -3.3404094288   -5.8317627168    3.2002284538    0.8941276280
  -8.2106579290    3.5665068585    4.6827467546    0.1011695847   -2.2812641357   -3.8050708276
   6.6925967306    0.4453714564   -2.1516024691   -0.8182709809   -2.6028851105    0.3243807622
  -6.6271696707   -2.7650178828   -4.1444299019    2.1493263856   -1.6268104922   -0.7034489963
  -0.8255681278    7.5015959174    4.3315870422    2.2825784371   -3.6695615963    0.8123184701
  -3.7286184329    4.2513560932    0.4518696344    2.1306368355    0.8735408295   -0.1023987706
  -4.1626137963   -4.8734090954    8.3349194169    0.8155653310    0.9894881127   -1.2110257480
   5.1989238074   -2.9952886511    3.6556864639   -1.3422901476   -0.7874436922    2.6127692574
   8.3151045013    1.1159356069    0.2028343160   -1.4898834501   -0.5400040933   -0.9220674438
  -5.0314642610    4.2225176681   -8.5422696996    5.5455032042    1.4472941994   -0.1323716955
  -1.0316581816    1.2494908369    1.0333956367   -0.2521618162    3.1227361171    0.9636405693
   8.0306254026    2.4979004275   -7.5557297013    1.6710724147    2.4634157950   -3.6447119171
   4.4760936154   -2.3719019161    1.6114528309    0.2893342369   -5.3596796313   -0.3667045659
  -3.9534803526   -6.4038913624    7.0507203637   -0.6864272650   -0.2762267823    1.2343060380
  -4.8646530300   -6.9518220142   -2.9906857473    1.1657366020    0.0935716837    0.4786238770
  -8.4127071163    1.8607311507    7.7739484807    1.9029149355   -1.1551613886    1.4862948692
  -4.5895568810   -0.7265531857   -4.3270304026    0.3105497111   -1.1681298852    1.3882996163
  -8.2890203379    8.4970252960   -5.0413790380    5.5494956940   -0.8683746041    0.0980196926
   7.2696104334    2.6313135805    5.6583645663   -0.4686218226    1.8894485718    2.1469215743
   6.8790247701   -7.8236805099   -5.4234224372   -2.2363382575    0.4953584065    2.0510587226
   8.3108970396   -0.8123181976    7.4285239102    2.7566016518   -0.2671464757   -1.8628183994
  -6.3878737363   -0.6135193265   -4.5246513320    2.5827962275   -1.4221037440    2.0951031541
  -3.5916769514   -1.2075706977    5.8278271626    1.0141133830    0.3581047273    1.4827746082
   2.5221855394    6.9021058970   -5.8235545994    3.6724373080    0.0554635533    1.0728855591
   3.9662997734   -4.3506567504    2.9929440695   -1.5498796593   -1.7719532226   -2.1787831113
  -1.8541238093   -7.5231352482    5.5530463626   -0.6652575786   -0.8744089628   -3.0996718307
  -5.0762877064    3.0213741943   -5.2415476694    4.4818493410   -1.4093316808    0.8930218355
   8.4056216379    7.4661598820   -6.2039205314    1.6801592985   -0.8844554787    2.5919541980
   1.1639493105    6.1735900054    2.5954566266    1.1970851366   -3.3907197143   -0.8131211278
  -7.9231311818   -5.7095487538   -4.0483735227   -2.0571565534    2.6415455452   -1.5012390845
  -2.7161765021    7.9268665156    1.9667805525    0.3658460162   -1.9475835301    0.3838213611
  -2.5021684420   -1.1787543798    8.4505223473   -1.0348231028    4.8493058262    1.5015606025
  -4.7130705042    1.4377408338    7.2705334043   -0.1980782633   -5.1454833768   -0.3876502277
  -2.7565324885   -0.7898556056    5.9264929745   -3.1320116371    2.9486813116   -1.5492734406
  -6.7451982305   -5.7749727747   -6.7095095196    1.3915039467    1.2177080925    1.5398997936
  -2.1828572380   -3.6083171240   -6.2296726281    0.7963524742    4.7424271369   -3.3868325826
  -5.8645875292    4.8442551225    5.4510884529   -3.6774155453   -0.6267676920   -3.2581609058
   7.5387504028   -3.3612373939    7.9221187408    3.4240988629   -1.6241003015   -3.4844912544
  -7.4723203056   -1.9741065107   -3.5727591700    2.7067656983    2.7551578556   -2.8369030954
   6.3294262910   -6.0576508061   -4.6017660589   -2.0187437488    1.3243426991    2.5824193096
  -0.9453661567    2.2118784770   -2.2298644612    2.6078863618   -2.6793739948   -2.8276260770
  -2.6099784524    7.3940893288    8.2253849204    2.3018454582   -3.1782982851   -1.6557178195
  -0.5874912103   -3.8869432044    5.4386505544    3.3730231750    1.5165746235   -2.4451835912
   1.7740999084    7.5177489157   -5.3772765037   -1.0976100180    0.6520962505    0.6137682090
   0.2974634522    4.8224735842   -1.4628828213   -0.7990805228   -1.9476534586   -2.7275951590
   2.6319782744    6.3389478447   -3.4354537993   -2.7799671616    1.2422400863    2.5284289559
  -0.4489679919    5.2759147094   -2.6422210306   -0.2910780920    2.6370245642   -4.0557828727
  -3.0654694903    0.2063102063    0.5159219704    2.9061957646   -0.5270738811   -1.4108879335
   2.8463744984   -4.7935568128   -2.2400188400    1.4372711435   -2.1244140285   -0.4369478953
   3.5353614749   -8.2710762062   -3.1606919519    2.5863000636   -1.1661629811    2.1603422620
   2.9472945302   -3.2274026891    5.7250790436   -1.2029066126   -1.1269072264    0.7630338484
   3.2862843949   -2.2530727933   -1.8440338570    0.1348274412   -0.6896679188    1.6936716029
  -8.0855966053    1.5715970135    3.3768205369   -1.7982570639   -2.5771258492    3.0310252283
  -5.1183706878    0.0928176369    2.1607123914   -0.4502782568   -0.8005183014   -0.8355621010
   6.6677081148    6.5726844459   -2.0708851675   -0.8571396209    2.7240104122    1.2694161112
  -7.2513895585   -5.8333759664    0.0949948624    0.5784931821   -1.4174507654    1.6260123509
   1.1388358328    4.7432394624    3.3872288372   -0.6357819278    2.3484720166   -0.3894524450
  -7.9354610466    1.6260998313   -1.9171782631   -0.4326638589    0.0845425394   -1.8694604561
   0.2704268633   -1.5462848182    4.9428151488   -1.7944366201   -0.6126677574    0.6693399847
   7.7208585439   -6.6660913428    8.0486438779    1.2225868092    0.2281733022    0.0039168138
  -5.5747316546    2.5541654871    0.5284966215    0.3623757302    1.7520966947   -3.7577858794
  -8.3543229928    4.6666208390    6.3066988564    1.3066181427    0.1058383167   -5.4360886236
   8.3462390236    5.8671848640    5.6780149370   -3.2530502411    0.6414576164    2.0216419447
  -2.8559836704   -2.5200065704    0.6159990558    2.4443814162    2.3184178000   -0.6419496324
  -2.0304702027   -0.5216992252   -3.1150473339   -1.0930509943   -4.5906753845    1.4622636821
  -2.2633385565   -2.8616729022   -3.8647849926    0.3699827375    2.0209546673   -0.1441123616
  -5.4741246528    5.3047682672   -0.0700934565    0.9112150335    2.5470095464   -1.6562879792
   5.1818788683   -5.4190724346    2.0168597259    0.5301813668   -0.8283185421    1.8370921503
   0.7171004412   -7.0906886361    0.3329141198    0.6682249904   -0.3909303529    1.9405175770
  -5.6166095084   -8.2846653059   -3.1819812471    2.1627473708   -1.6068039357    2.7057517468
  -8.0403014374    6.1335105740   -0.9739213819   -0.5737691276    0.3327237652    3.5265905401
   1.2847327298    2.7433271633   -4.0087438642   -1.5128515518    1.9013434346   -2.2770076129
  -6.9376142205    3.6580749289   -1.1494032720   -4.2206001855    1.7149075267   -0.9590398950
   4.9533415460   -2.2116606734    5.4095533982    1.6443681471    1.7548957072    0.9658436208
   0.6153322623    4.3405460455   -5.7295659772    0.7921136119   -1.1563236010   -0.9037188653
  -0.5598523385    5.0905353492   -8.0327137446    3.1897657388   -1.8815052388    1.0092417794
  -5.5261184436    4.2577459143    1.0784187455   -2.2886908973   -7.7744731847   -3.3772389672
   4.2273348097   -1.6528322783   -5.6017236514    2.4124552542    2.9497528601    1.2862404437
  -7.1504877654   -1.0764173287   -5.3327748356   -1.1258466724   -2.6290244345   -0.3491700674
  -4.8334466165    1.6299277425   -1.3214406763    0.4432612575   -0.7914355654    1.4504353026
   1.6135326567    1.0708977286   -4.6114782202   -1.7897610399    1.0141397693   -2.3920175478
   0.5219736747    8.4702075872    2.6640068623   -1.8289906990   -0.4933422387   -0.4224907945
  -1.8745155212   -8.0140835171   -1.1844567735    2.6669108157    1.4532431134   -0.1041006811
   2.5891650133    0.9357171132   -8.2108382814   -0.5830549597   -0.2147174905   -1.2593574749
  -1.0953536916   -4.5153348296    4.4560168030    2.7346071112   -4.4283464858    0.9610047429
  -3.2351474735    4.5531174617    2.8160239844   -0.0064343497    0.2797530663    0.4256307793
  -2.4589934454   -7.5985370362    3.5703623357   -0.8057193775   -0.9137443105   -1.1931908135
   4.4390718790    2.2549890604    3.9366300841   -1.1516105957    2.7123862828   -0.3301294373
  -8.2831518300    7.1729015786    0.8845200771    2.8764248732    2.9417591538   -2.3257782109
   3.2187081535    6.6193380210    6.6087362566   -2.1463344207    2.3526699968    2.0894076042
  -3.9819910730    6.4361547784    6.4188742070   -0.4907205231   -2.8520348878   -1.4755370592
   0.3039033943    1.4691733739    0.4692375276    2.9933360876    0.1973783859   -0.8405459524
  -1.2647684330    0.1487622104   -4.9928972105   -0.4504891505    1.6041556878    2.6602053275
   8.2680353172    3.9630483063   -4.9595865825   -3.7984905102    2.1477541381    0.4347201616
   3.6783567381   -2.0332827052   -3.9615497165    2.1653399924   -1.3514908418    0.2460767372
   5.8125098731    7.8238742607    6.6414433449   -2.5729148953   -0.6175662900   -1.9744205875
   2.6456252887    3.9962899149    7.7622220329   -3.5785969638    3.1848820280    0.4375529115
  -1.1800018283   -7.2508522527    4.2825492764   -2.9155010618   -0.0353269297   -2.4364480728
   7.5689860248   -1.7061924075   -5.7872217405    2.1686305080    1.0330506367    1.3481293687
   4.1136133948   -7.0413048294    1.2784840128    2.7174052132    4.9215007073   -1.9138567279
   5.6415245376    2.6647653981   -8.1944626137    1.2120775530   -0.0809295862   -1.1843643995
   4.9337673259    3.7796736778   -0.6756752098   -4.2527760732   -1.9579477746    1.9127871527
   1.3181914435   -4.8195322440   -5.3724117962   -0.1990839059   -0.9913035244   -1.4097035160
   3.4245362516   -4.7684911101   -1.1660846205   -0.9398997565    0.0522075374   -1.0554951883
  -7.8756196825    7.3497971102    5.2736179725    0.1996012294    1.9136706515   -2.8854437627
   2.7501040695   -4.0229235898   -3.4181442072   -2.1039440808   -0.1462657700   -2.6067490086
  -1.1483299758   -5.0319862484    3.3835736839   -1.3846291960   -6.1692100198   -1.3483515742
   6.2812998107   -7.9701453715    7.3107759450    4.8742925804    0.1141665307   -1.4812345530
  -3.3979660336   -0.2458563132    5.0005295633   -0.3293425099   -0.6141883538    2.6364161975
  -3.4903596658    3.3072283723   -1.5964514050   -2.8787689346   -2.1015172944    3.0592011362
   2.9277750062    1.0135505394    6.3093749167   -1.0030656520    0.3433089912   -0.7370212758
   3.3004669432   -0.1074597530   -7.0850609145   -4.8013228429   -1.6087824917    4.6752916233
  -1.1314363899   -0.3962726401    2.1045480148   -0.3753761790   -1.5398633161   -1.0230777052
  -5.7142661143    7.7168456891   -0.7582650729    1.2639779937    0.5167234376    3.4167457846
   4.2841903440    5.1834433297    1.7012593304    5.4778266186   -2.1549513184   -0.6031623716
  -6.9451967237   -5.9670522194   -1.5854892922   -0.7873522603   -1.6020523109    1.0900225274
  -1.3538663643   -4.5235083002    5.6465772370    2.8334227670   -1.4179932522    0.5833996072
   0.4891591439   -5.8578842543    0.3037011639    0.5084115907   -4.2708822567    0.0765961331
   6.7149911462   -0.3999326118    5.1689144576   -3.8029849305   -3.6365305874   -0.2117846458
   0.0390115787   -1.8132960433   -1.4192087679   -1.0736480662   -0.4731746054   -1.2123468546
  -7.6217577978   -8.3007056617   -3.9962579786    0.9352973939    1.1241499557   -1.3759948413
  -2.9919991136    6.3083030091   -3.9416339275   -0.4003355950   -2.1202659371   -1.7943904134
   0.1528608001    7.0134848578    0.0617765744    0.9029395599    3.7759745748    1.5832021870
   5.3621224495    2.2130680227    0.9075572087   -0.4828365022   -5.0524194752   -1.8020971769
   4.0940068393   -3.5528964594   -3.6746660465   -2.0384885753   -0.0314934020   -0.4484807476
  -6.5254133000   -6.4867426544   -5.6696567026   -4.1329193588   -0.5239929221    3.6782393083
   1.9024651629    6.6597219593    5.4469476378    2.6500563532   -0.0392670851   -1.5159457618
  -5.9188688006    5.6878565377   -3.0071122563    1.4450839260   -0.9442427229   -1.3002578719
   3.0797897176    5.4189856579   -2.5724319479   -0.7535857669   -0.2205251305   -4.9051433630
   3.9428873723    6.0442901987   -4.9795708925   -0.4446286424   -0.8838563000   -1.1092471253
  -1.3346049488    6.1670776481   -6.2132856202   -2.4282878158   -1.3107518073    1.0546324914
   0.3038736262   -3.7881149088   -4.3298770317   -3.2410200002    4.2338086946   -2.0943967070
   1.8667177287    3.5043874447   -6.8426896697    1.8966093886    0.7012916949   -2.4310800568
  -2.4098177561    1.1293385980    0.3793161555    0.7953134791   -1.5456849766   -1.1040943335
   1.8581360821    5.7436613237    4.8725437316    1.9041305655   -1.9691350721   -0.6573645254
   4.4550481165   -6.2020816404    3.1137714947   -3.2040752800    4.0913427831    0.9538399440
   3.7215776499    3.9377878474   -2.5482073229    0.8146326949    1.2516279455    2.7349476309
   8.3468187893    8.1864133065    1.8707526605    0.9640174430    1.2959132927    1.8039309782
   6.2251818406    7.9736482913   -7.0635979934   -0.9775727492    1.9000886894   -3.3317736995
  -2.0622528483   -5.4894093551    5.5937615620    3.3024435443   -0.9060926087    1.1126037356
   8.3466150611   -2.7589884712   -5.4099559048    0.7962592452   -1.4888696946   -1.0215919236
  -6.5660399187    6.1812598670    1.0018587442   -0.0620168274   -3.4169929384    0.4851880142
  -4.3512780700   -1.6307162812   -4.4842306630    1.8769509636   -3.0069482675   -4.4411776899
   2.9815141581    5.7480368202    0.8315546402    0.0739107838   -1.2513313924    0.9259297535
  -1.8771727497   -2.1400339672   -0.2861642928   -0.8668732915   -1.0402934859    0.7913713066
  -1.6557243001    7.9844444852   -1.2916645815   -0.8786643951   -1.5508564081    0.5738211983
   5.0596195821    0.0249503965   -8.2406931959    2.0078731558    1.5615412197    1.9293903480
   3.9406890013   -4.8370818149   -4.4735346610   -0.6635820842   -2.3049423951    2.8902936139
   4.8768021601    2.4796621831    7.4598391514    0.0545302874   -1.5803192826   -2.3470428661
  -6.1919350028    7.1936125682    7.4857233139   -1.4765283950   -1.5799868169    2.1812273333
  -4.6584991818    5.3746160242    4.5146818553    2.0443272468    2.0223020456    1.4863213203
   5.9438250672   -7.2871044901   -1.3171049920   -3.0578808025    1.5587440940   -2.2210275776
   6.0643889313    8.3826332722   -1.2007848374   -2.4302350537   -1.1252382935    2.6902113103
   6.5563192492   -3.6329520729    1.8603889627    2.4206365454    1.8990381899    0.4434805078
   0.3087402028    1.6121782863   -7.3072309710   -0.7881075977   -1.3720135484   -2.3824517000
   2.5735016888    3.2439330923   -5.9262598801   -0.3953739126   -0.7597192352    5.3883349788
   7.7951804844   -2.1837449160   -4.0329341279    1.6573528968   -0.5194413344    0.4724742964
  -7.6195579900   -4.7523518189   -4.5565983826    2.1141329943    0.5313761499    2.8701920779
  -2.6639930006   -6.3691282550   -1.9258857764    3.2505952018   -3.7702303942    1.8293403241
  -5.2892934120   -5.6641320853   -1.5563432959   -1.9429314125   -1.2755014898   -0.6554627828
   6.6270801251    0.4534531724    3.3655032823   -1.3180161464   -1.6463919649   -5.3723092466
  -5.7062528424    6.6250502108    4.2351888860    0.9938538219   -2.4925856850    0.9192956004
  -6.2374329456   -6.9328522415    1.3288296240   -3.5435842988    0.6107426941    0.3405989773
   5.0646244783   -0.3335918740    0.9712540866   -0.3126124465    2.4869359303   -2.3045799888
   3.1207333761   -8.1529351347   -3.9663533414   -0.5891704484   -3.8916260693    0.0315799977
   6.5175058372    1.8757589111    3.5029154228    1.3583909643   -0.0039340040    1.1141598586
  -5.9444797458   -5.7497710838    5.2191903860   -0.9206284154    2.1128483592    1.5509194610
   7.2660062817    7.4018030465   -7.4678805921    1.7496433694   -0.5794443364    0.7320706857
  -6.6860450228   -2.4998304347    7.0732181188   -2.2135286250    1.4360394520    1.1878351387
  -0.2466981476   -6.6000356364   -1.3656102122   -0.1696107012    3.3494483814   -3.1828001166
  -3.5883435235    7.9272419930   -5.9540380681    0.4592782190   -0.4587916938   -1.0299927050
   8.0940298684   -4.6466875857   -6.8637553075   -1.1608569328    0.9869839584    0.2496855508
  -1.9260587295   -2.1082619850    2.9342180765    0.0501603877   -2.6729121911   -3.5910702878
   2.0857053430    2.5457112293   -3.5401247499   -0.2388707539   -1.4682178658   -0.8372080020
  -8.2179127932    4.1748728976   -3.7546025271    0.0052377228    0.8435212576    2.4766947878
   7.6531281660   -1.6593087674   -6.9272278596   -0.3089958208    0.1279399434    1.6006188546
  -8.1089785064    4.9006935541    7.7196071558   -0.7253228955    1.6455491747    1.5882871255
   5.2316083114   -6.6764413616   -7.0326397941   -2.0582670069    3.2646887244   -0.9044639364
   5.4571463069    1.2150786666    2.9523857646   -2.5061888659   -0.2582485348   -0.2413477880
   0.6820289116    3.1432869710    1.5252911621    1.5009281671    0.5036535641    0.2240285846
  -3.8076298350    6.8082194022   -2.4222840504   -2.8948397977   -1.1927758516    2.7156855774
  -5.2965192053   -3.3121812169   -6.7258679891   -2.8623962032   -0.7712062566   -0.5689927720
  -5.8952107125    3.4386424647   -7.4904046045   -1.9868256540   -4.8622529581    0.5253437699
   3.0279990026    1.4701897484   -0.5598570500    1.2597649267   -1.3120246074   -0.8966632317
   4.8935879457    6.4779766117    7.7120020265   -0.1892066188   -2.6710389723    0.4875509042
  -3.8513244944    6.0416659775    1.3638528632    2.1586325300   -2.4734990528    0.0143565772
   6.1438970436    0.8043441120   -2.9679259094    2.3893045306    0.7904821421    0.9358516656
  -4.0969228487    5.9421105869    7.3801810403    0.1827309096   -1.1443713119   -0.9073949072
   4.8723890738   -2.9976272518   -0.7168807156   -2.7595369394   -0.8498059354   -1.6636193502
  -7.7216358109   -4.0562956982    7.1124101686   -0.6113016618   -4.3661157833   -0.0114571936
  -4.3544324288   -1.7633602367    6.4205478543    0.2830363573   -3.0933068243    0.2094790030
   7.0451752432   -3.2935518275    2.6741981438   -3.7111927523   -0.8279930010   -3.2510738076
  -1.8440975004   -6.0535980612    2.7294059807   -1.2132122848    1.4553686003    2.8059864079
   2.7672168474   -8.1747048204   -1.3008866093    1.4128319663    1.1283554583   -1.3500427911
   7.7882306260    0.9905754701   -4.7606892935   -1.7605570707   -3.6008231557   -3.1127042247
   1.9354199230    1.9456945427    1.7831832600   -2.9454294164    1.1214490447   -3.1150151495
  -4.3370673270   -0.6733587966    8.4987556307    1.3385151718    0.0463389938    1.1299020966
  -6.0674592214   -0.3658656755   -6.6869901631    2.6997516149   -2.2639053497   -1.6502560399
   4.3445265823   -6.7272111023   -4.5646757015    0.5872570139   -1.8242738049    2.5083438554
   4.8780438739    8.5084636046   -8.4239928897    2.8113941952    4.4792390382    0.7730008323
   6.4668641242   -0.7544855415   -1.3401455370    2.6135391949   -3.2644129854   -5.9033428240
  -7.2905284289    8.0808596403    6.4728757197    0.6235626538   -3.6113968066   -0.9500584410
  -0.5469737814    6.1958603160    7.7520325913   -0.7407844121    1.5130915611   -1.5480224628
  -0.2013965039    0.8468614451   -7.0125275893    0.8924386475   -0.5868876858   -2.1028429519
  -6.7856351710   -5.8373145293   -8.3389070569   -3.7173392305   -0.3262736284    2.6517259649
  -7.3707274670   -6.5519474890    0.7453576510    0.2165457677   -2.3455451448   -5.9930869257
   2.6112896366    1.1001378353    5.2833528210    1.2204938110   -1.0790737747   -0.1705203659
   4.2241865262    2.8936898069   -7.5350323167   -1.5106565587    1.0062119958    0.2704444189
   2.2357537100    4.2903859980    4.4951031222    0.9161268896   -0.0367946819    0.7599058519
   0.2777929035   -5.3937402352    4.5480631892    0.0805687872   -1.9965947797    5.7009856023
  -6.1484854329   -0.9117171131    1.2901894255   -0.1372605161   -0.6204458828   -2.6547671301
   6.2551440368   -6.9906398299   -4.8847923361   -0.3682130735    1.3399281487   -4.2327402957
   2.5759332925    8.0269855817    3.8064060611   -2.2609475746    1.0622089025    3.0393267035
   6.4938260025    8.2333058748   -4.2182027208   -1.2034073603   -0.5470783660    1.7596673960
   1.3631622885   -0.3030524957   -8.1897756453    2.6343011720   -0.4436358530   -0.9612085143
  -5.4364989318    5.8503125557    2.3381480021   -0.6910021308    0.1414465870   -1.0241399708
  -3.2691996434    1.0248065735    3.2952859346    2.0483230999   -0.1311926738   -3.6354039731
  -7.9206687792    1.7151274373    6.3199091066    2.5547461289    0.4483212389   -0.5554296945
  -2.1798003586   -8.1159168130    2.1759415300    3.8711267348   -2.3989379415    1.1826977065
  -3.5554648773    1.3224016735    4.8603566138   -1.6508099445    1.2573872160   -1.5816694764
   3.4353262410    1.4545951688   -8.3581344040   -0.6636855493    0.0596316900   -3.1961696876
   7.4050720911   -2.2351106393   -8.3943506606   -0.9733960763   -1.0270765031    0.1300548901
   3.9634946771    3.4391795823   -6.1920329387    0.5015028643   -1.0071833216   -0.7825600793
   6.8469627117   -4.8072569256   -6.2060684982   -0.7006917173    0.1837941604   -0.3302743283
  -7.6537871126   -5.5485584070    4.2015393756   -2.0339834454   -0.7059009385   -2.0937327134
  -5.9597768318    4.2085215360   -1.8326155699   -1.5190227618   -0.3188532534   -2.7950246434
   8.4974475979    7.4063243964    4.3520643422    1.1145276069   -3.1270423391    1.0482874127
  -4.2366686341   -4.2963253594   -6.1452602886    2.3684054247   -3.0219833957   -0.5884615737
  -4.0692494850   -7.4625590906   -7.4395802578   -1.8650691712    0.4416336339   -2.2591045121
  -3.3153427969   -6.7091802254   -8.1230714157   -0.8938648426    3.2791198091   -0.1862435767
  -4.7916991587    8.3100143143   -1.8043501605    2.3612268558    0.9469995340   -1.5846288893
   8.1961165981    2.0608829806   -4.6949873139   -3.3109027600   -0.0505828771   -0.9549750134
   4.4553451874    3.8172259451    6.3491532270   -2.6845959318    1.4541132086    0.4534671130
  -0.2863840670   -3.1627264636   -0.1230816368    3.3300632876   -0.1312354227   -1.2100802881
   4.9072876357   -3.8470322752    6.5853504077   -3.7364017735    3.4298796347    1.0134574847
  -8.3287936913   -1.1491875986    0.2613730535    1.5528332468    2.3447920282    1.1941076652
   4.5651515410    1.7098864488    2.8717787744    1.9894184825   -1.3249007478    0.3114604765
   6.8993985701   -6.5650635940    7.1260791216   -1.0530945288   -1.7438174495   -0.4888577149
  -3.0847692562    4.9423296632    3.9243697053   -2.5442604704    1.8310781845   -0.0034714372
   6.1428472415   -0.7561343852   -6.9360743795   -4.0995541376   -2.4106549511   -1.7630343173
   5.7621109035    6.0218573197   -7.9998887624   -2.4468502352   -1.7800680048   -1.1170229580
   2.1066465475   -4.5201438871    6.7113820232   -1.0917423916    0.4553216768   -4.1272810807
   6.3005974174    1.2903144100   -0.6916062864    2.4699670935    1.5702464646   -3.7938901893
  -5.9010106569    0.7671300883    5.8866409256    2.2907346864   -0.1870000694   -4.6469062676
  -7.8764280925   -2.1171766909   -0.2177979199   -1.1316309577   -3.7731022999    0.4567199115
   4.9079266741   -3.0814366364   -5.5305985925   -0.8958419843    1.8419397935   -1.5808958962
  -7.5261078271    5.1610052069   -2.3101200053   -2.2001054115   -0.8391189427    0.2377574696
  -3.5788460435   -5.5408423851    3.9765972217    1.6124540536   -4.9258512299    0.8888760817
   1.8332121111   -5.6231708175    2.4835736739    0.2910089770    0.5716570266    3.5651507962
  -1.9730003702   -2.2919932120    6.4601749938    2.1251713485    0.0604200232   -1.9326355696
   7.4670655683    3.4079696797   -1.9624743537    0.1524396870    1.8755826798    4.8941190119
   4.7061384402   -3.7175069362    2.6029837486    2.0318251337   -0.0934935337   -4.2014064544
  -6.0130835574   -7.3797200860    7.6922468388    2.2815308528   -3.8936276234    0.4153243482
   3.7827700782    7.6306950072   -8.4127341644   -2.1655301368   -1.8981985324    0.5758233001
   0.7982270276   -1.9036841175   -5.8503230866    2.2174879761   -2.2651058679   -0.0942719061
   7.7756206291    4.0625890396   -2.7336245457    4.9494627687    0.1317429660    2.3011161210
   5.6627581524    7.2795702419   -7.9393369052    0.8637469028    1.8199596971   -2.1216737621
   5.8208084383   -7.1765240276    1.1025726902   -1.7904742615    1.9914097416   -1.9395433352
   5.8170372408   -7.5934532689   -7.8818586920   -2.3909918893    3.6805120126   -5.2123122272
   6.5245282209   -6.8573288634   -2.1709636354   -3.6501864614    2.5337021470   -2.8825835917
  -0.4561422038   -8.4875937267    3.7825276269   -1.1591500237   -0.6186972205    2.0925702683
  -0.0918204445    3.9279660662    5.3796663355    2.2801834044    0.9668413355    2.6182093838
  -5.3498605368   -1.5010511058    7.7330162086    0.4952015506   -1.5373418259    1.3192000834
  -3.3225578104    6.4474940659   -0.6872090817   -0.6708101460   -0.1165441552   -4.3834628338
  -0.9128523277   -8.4681536926    6.2758197031    0.5087331071    1.0449610042   -0.3570522998
  -0.0820321594    7.3000444170    5.4855801969    0.1803290437    0.7520082864    1.3640614760
  -7.8032177609    2.8918339400   -0.9409317229    1.4474758723    2.8345899320   -0.1570012548
  -2.4953452496    1.6050554305    5.8095962443   -6.5076432830   -3.7122936113    0.9126179975
  -3.4307116009    8.5030149295   -3.2113714604   -1.5095192331    4.4186761573    1.5255377269
  -1.3002144575    3.3187235239   -5.3612937992    0.8304018582   -0.8074355190    1.3188715069
  -4.8871456026    7.7202885621    7.5541561526   -0.1437333679   -1.6094935520   -3.4830577885
   7.3930204976   -7.7796460810   -1.1464295595   -0.8831438910    2.0653215257   -0.5337785155
  -5.8573029156   -3.1517437510   -1.3235354542    1.9881689397   -3.3451879349   -2.9630155520
  -7.0550537334    2.4725080047    8.3381053026   -2.8803123754   -0.0902666526   -1.1101178564
   1.5090301169    7.7692497847    6.8581082214    2.5917238670   -1.1391493192    3.2647322999
  -0.6951944823   -5.5785364711    0.1675736638   -3.4068287876   -0.1624739065   -0.3526270850
  -8.2988272677    5.0631016130    5.0035532737   -2.2293142875   -1.0682977025    2.6020643725
   2.3669078001   -7.5577988257    7.6117586108   -4.5487684737   -0.7566515675   -1.2930079627
  -5.1984668567   -4.4402121414    5.5093970020   -1.0249156383    0.5150322704   -1.1162201906
   2.4996686983    7.2434347409   -2.7757622608   -3.0068050074   -0.3824783117    2.8617059951
  -6.8493772727   -4.8827288026   -3.7281245689   -2.9859923513    1.8226780382    0.9274729813
  -4.0524734508    1.8005444475    0.3757628255    1.4580501843    1.2199633102   -1.5918656139
  -6.2929116623   -7.9689149978    5.7777088798    2.5946670255    0.8140634820   -3.7184556611
   8.1959130871    6.4176909795   -3.8944490557    2.6373913359   -0.7739856588   -2.3402245063
  -7.3403423693   -3.7718197306   -3.9336411930    4.8004864831    2.0137589420   -3.9934609304
  -8.2100513984   -0.0540901314    1.4587273010   -0.9035616677    4.0213384700   -1.4318928270
  -6.7281264580   -4.8551186791   -6.2510613710    0.7196392545   -0.8185732920   -0.6851963976
  -0.4566364911   -2.3240588661   -7.6987990274    1.9282849355    0.7029172235   -0.5190425668
   3.2448858859    0.7005420744    3.7125831315   -1.7361692895   -1.7542360091   -1.1227852245
   3.2860147711    2.2013100266    5.0586406137   -0.0800979281   -1.6134774975   -1.9944601479
   8.0088367091   -3.0613189649    1.5996621833    2.7124393615    3.6596918141    2.5157362221
   2.9181499139   -0.2697621089   -5.7894838110   -1.2214392322   -2.8280088613   -1.4028390208
   4.5305978861   -0.2051581914   -6.3153705459    4.5210386056    0.8713059262   -0.3557848380
   6.5585896189   -1.2768025136    8.1482681232    0.1589700825   -5.3798268306    2.7113540992
   6.5626975185   -6.8693505145   -3.3036564675    0.3688279591    0.8947353714   -2.5292413604
  -7.6576901457    3.9548977399    6.1889530471    4.7487179609   -4.1299581614   -3.9668344235
   3.9388001225   -1.9022782651    5.6567509925   -0.0777267982   -0.5039734996    3.1107404454
  -4.0123250654   -6.7674429444    5.8211598053    1.4598160034   -0.4519853050    3.0318372297
   1.8483991077   -6.4684767614    4.2009703750    0.7074339960   -2.3223410385   -2.8560528520
   3.0038522023   -7.4838242145    3.6348296900    0.2801915145    1.8298499339   -0.7559783667
   1.9756609970    1.6322754024   -0.8054809851   -3.5980388740   -1.1269282674   -0.3293235680
   5.8707788229   -5.6155847294    1.2680382666   -1.5567440222   -0.2682125950   -1.1173338746
  -6.8101695491   -1.9453627013   -1.3032304168    1.1049341783    0.3631541774    2.1230317201
  -6.0157540654   -6.8310637684    0.1190999224    1.1196394537    1.7408474533    0.7428330089
   4.4800775531    0.9877236322   -2.2844387246    1.2575238751   -0.1729890233    0.2607948580
  -1.8435802714    1.8366775917   -5.9543160832   -1.9669917442    1.7462324166    1.5449270286
  -0.2951132779   -6.3462051455   -8.3767375620   -2.5597185795    0.6307738974    4.5721318909
   5.1960449082    0.7375453937    0.9170242285    1.8488061947    1.3302793529    0.3259955684
  -0.0651948379   -5.1122997200   -1.9485930111    0.0958062808    1.3073484030    1.8817958960
   7.2672966141   -3.7697486396    4.4502001702   -1.3859323697    1.5619614911    0.2591503325
  -2.9467161866   -6.6189608401    5.8675222391    3.6531328413   -1.7916250808    1.2917733302
  -4.3939895994   -6.5430200849    2.2077466083    4.2155731496   -0.7943485974    1.5656937838
  -6.3130844477    8.1223050089    6.9007662743   -2.4793811060    0.2415706051    0.0679146787
  -4.1684060432    1.0387980032    3.7841501739   -0.1669946744    1.1161679657    0.3295262059
   5.3692246875   -4.0321005001    7.5330844721   -1.5966986772    0.4977655768    0.2993519680
   4.1794770202   -3.0880294970    7.6918893543   -1.3194813153    3.8509720579    4.1241069321
   5.5216604127   -7.3314731182   -2.9280873802    1.9691043681    0.8935803701    2.0875556108
   6.4853228339   -2.5306152468    6.0351526982   -1.3747419676   -1.4457352008    0.0408226443
  -1.8411868019   -2.8806790271   -2.0902490386    1.5280858148    0.5397827977   -1.5571204702
  -4.0051449102   -3.2230098643    5.2394592702   -0.9420138088   -2.0138410394    0.6679368172
  -2.0392267608    5.8970185629   -4.1416473735   -0.6265352812   -1.8914408749    2.1074265318
  -6.6220648730    3.6760589873    7.7997059599   -5.4496202613   -1.9522690159    2.9610020066
   7.5949553088   -5.8246829401    5.4371072540   -1.0765669120    1.4702898366   -3.5080532513
  -6.6849966019    3.3987950500   -0.0223709431   -0.8080363184    5.0996934350    2.4966445413
  -3.3690127146    7.1827156104    7.2932255251    0.3740498239   -0.9438579001   -0.7033808584
  -1.3782092185    0.0716854878    0.1897081786    1.2824154833    0.8074344601    3.9378039874
   0.5860850158    4.5367621203   -3.0646501170   -2.2767360549   -2.6323205897    0.5622724188
  -3.8364995388    4.0040327781    6.3566037295   -2.0552683747   -2.1764930780   -0.1265106195
   1.3461106235    0.3954587179    7.7075531130   -2.5262874576   -1.9403456743    1.1706144914
   3.4616463369   -1.4723432447    2.9952954468    0.7262510036   -3.3149869043    1.4534040865
  -6.1715322062    4.2501326903   -3.0065000429   -2.5731562997   -4.2409443058    3.5182165768
  -1.7628777165    3.2642702713    1.1268159541   -0.8979831622   -1.1791087089    1.4969440294
  -4.0715710508   -7.9021748048    2.9473756320   -0.6719578276    5.5352399028    1.6561311940
   3.3526725932    7.1758241067    0.7904210623    2.3029298026    3.0392523017    0.3196286684
  -3.6290904358    2.8858817331    0.4073866823    0.7543175483    0.4476443400    0.5277085600
  -3.2518718482    7.2700892240    5.0747036207    1.8335440551    2.2060497691    2.4421402711
  -2.5686036127    0.1689866027   -4.4527366095    1.1385380861   -0.4103316535   -2.2490210739
   0.8751069518    7.0277003569   -3.8713733649    0.4999021784   -1.5384160859    1.6950186095
   3.2537163228    2.0039875047    6.1102570129   -1.4325337541   -0.3539243719    0.3768866312
  -5.2804823770    0.3191057332   -0.8626803366    1.2615619916    3.9482147087    0.4884799879
   1.5171946146    1.6269009327    4.4069200918    3.1207224184    1.7126550201   -4.8778664904
   7.1633259870    5.0759925913   -1.5161239302    1.0207584876    0.7855825363    3.6247050611
   4.7272396534    0.9614143239   -0.3562659948   -2.1978931617    0.9011256746    4.4498662370
   0.0303673299   -7.9774448037   -6.9245454615   -0.4810363132   -3.2822719523   -0.8542944182
   1.0090734625    0.1433047209    5.5690204359    0.2194476487    2.0527506783   -3.4430297307
   7.1736814196    8.0403811731    4.5923135951    0.8670691966   -1.5727933358   -1.0262583491
   3.8476682949    4.6361444957    8.0717569988    2.8147256708    1.6993387670   -4.0841612739
   4.6851846903   -1.8242891359    4.6222973154    3.0523806860    3.5472129522   -1.0939799691
  -2.3855430387    7.3330246138   -4.9274812363    0.6344531220    2.4190119364    0.2380513448
   6.8648368616    6.9993406723    0.7511977053   -0.0946108124   -1.2230119414    0.2732452763
   4.4861193935   -2.9447653190   -1.9031496415    1.5481205456    0.6889334589    2.5093559617
   3.3197924448    1.8035334513   -3.1059183198    2.5152946360    1.0198192437    0.5355763901
   6.6159405920    4.3251409640    0.4460919270    1.7963215601    3.2472458177   -0.8957310533
   5.6512466892   -2.6901507290    4.9117668857    3.4144696973    2.3935063644   -4.1285962028
   3.5304693303    1.6813576108    3.6688955224    3.5612547123    0.6540499275    2.9683681181
  -5.0615760223    8.0468845580   -6.2013594732    2.0293257380   -6.0974295066   -2.9451665237
   3.7914419923    4.8116101338    5.2412334159   -1.1634487842    1.1654397535   -3.4772066709
   6.9337333068    2.8096055905    6.9691868594    0.1398978020   -1.6166042027   -0.8853806038
  -4.4444149231    0.0358332742   -1.8629089245   -0.5071052329   -2.3869378706   -2.6700098007
  -8.1841208976    2.4256514005   -2.8629567807   -0.5601066466    0.2711033940   -2.3047860507
   6.5537107082   -6.9309712387    8.0957477999   -0.0092068768   -2.8382756279    2.4875182869
  -0.8441299219   -2.6416627233   -3.2758949291    2.0322205106   -0.2612040270   -3.5864803020
  -7.3926462725   -4.6619847215    4.5225922251   -3.9228056603   -2.2492595947   -4.3902272864
  -3.5602516768   -5.5911975757   -7.0754290834    0.5871389625   -0.3799816749    0.4871704087
  -2.5369546441   -2.8725656933    7.7748083528   -2.9253849696    2.3212970886   -3.2357785840
  -4.7521031222    3.0248602157    5.4680951651    1.3316759494    0.8912370902    4.3161579320
  -4.8598503563    8.5298527231   -2.9412570765    3.1321338706    0.4458888433   -0.4717812771
   0.1805523057    3.4060020092    7.4478138721   -0.5221447528   -4.0028299875    2.8686918445
   3.8718222717   -2.6092916927   -5.1089420326   -3.1600894845   -1.1355278714    2.0859062444
   2.2520755928   -6.9589735973   -5.6733548522    2.8622703627   -0.1476186695   -0.4544337543
   3.4687689287   -4.2138121423   -6.3384243513    0.6039368816    1.5857966485   -0.4144263048
   6.0700209101   -3.2838291540   -4.9957080929    2.8872160604   -2.8655450214   -0.4443194780
   1.9596511741    5.7056487579    8.1325523431   -2.6067902074    2.0692147238    3.6315972986
   0.4205738556    4.7921101169    8.1179309256    1.0272950828    0.6377955283   -2.0466747166
   1.3858448592    1.0488419454   -2.2880575216   -1.3214158523    1.1683682381   -1.2208904574
   4.6786338565   -4.8688364056    6.9115321239   -0.7171117579    1.5030589065    1.4348524246
   3.0470945613   -5.9448392327   -2.4788436299   -2.9193742725    1.5273104571    0.1374173091
  -6.0604905653    0.8530604865    3.6535211298   -0.1234995057   -4.6725835090   -0.3566558903
  -5.0576609178   -4.3802093838   -3.2698594144   -2.9458985591    3.6197517578    1.8661356997
   7.1389311278   -8.4672230139    1.5193775387   -2.7692429832   -2.2150986384   -0.5767736800
  -5.4555238558    0.0823980808    3.7497900097    1.3601805639    1.1957441534    0.4538389259
  -5.5599917795   -6.8007253103   -4.7635448812   -1.1162106877   -0.7532606466    0.6432568851
  -6.8948671100    1.2185993189    5.6956381483    2.7419259585   -0.5505755817   -1.3073063533
  -5.6588537538   -6.1326343360    0.5884123627   -0.8746452519    2.8542764124    2.5850156374
   2.0368590825   -6.4217292430   -3.5863773900    1.8029077297    0.1984751255    1.6223737401
   5.8358882834   -7.4993817718    6.6697126725   -1.4746260818    0.2808873562   -0.4238315232
  -3.3252095918    6.2866558580   -5.3287154349   -0.9436800807   -4.2165310237    3.3922366060
   7.6082104625   -0.2074411272    4.2140966311   -1.4205081333   -1.7949687904    3.4013282690
   7.5243848158   -7.3267654489    7.1248540886    0.9114118557   -2.1353316331    1.1402244887
   3.7150594951   -3.7208217484   -2.8279070893    3.7140062838    0.3849221430   -1.8443086384
   1.1709422443   -7.7625248526   -4.7883699765   -2.3105895744   -3.7900842599    0.8921326456
  -1.4979924810    8.5480449632    1.2462590417    0.2920399916   -0.9749745238   -0.4999025101
   7.8172242185    5.3021252596   -3.7441564266   -0.6599197462   -1.0833113689   -1.0472400084
  -2.1985540136   -1.4959210446    0.7972255139    0.6480590085   -3.3943219195    1.5495347815
  -4.5099650072    0.9384547078   -6.0264802068    1.6859164102   -2.3281302873    0.2693770577
  -0.1426461875   -3.8031052504   -5.1899578274   -1.6349974613    0.1536405192    2.7937367234
   5.0109793159    7.1841966938   -4.9612426398    1.5595349435   -3.1458868971    3.6038241081
  -1.5907469451    0.7232324473    2.2107536779    3.2423806902   -3.3925124362    1.9701574424
   5.3825961002   -0.4836113466    2.1861690898    2.1907147383    2.4167339942    0.7389989570
   8.0446793474   -6.9528895999   -6.3992687139    5.9061268202    0.7132328405   -0.5310790086
  -2.3402151204    6.4268368824   -7.2918345992   -4.3474521386   -0.7758657774    2.6090628091
  -5.1978754636    2.7095907480   -6.7272176777   -3.9211955311    3.8091125004    1.0981542111
   7.6716181426   -8.1257972941   -2.6183936170   -1.9723468692    0.2332792564   -0.1724999732
  -4.8580776438    6.3568592746   -2.3077822641    4.1417744628   -0.2657355717   -0.3443142821
  -5.5522758710    1.4004935265    2.6773743881   -1.1821973574    0.8749636987    2.3907411210
  -2.1397613798    4.9145206820   -1.4389723674    2.2878710654   -0.7430324886   -3.7635549069
  -6.3705236950    3.4860999497    1.8230848424    1.1044870145   -2.7785757670    5.7872455147
   7.4820781851    7.4263294585    3.0787295827   -1.7264025264    3.4195817754    1.7208256451
   0.4500479737    6.0665341798    5.5719120640    2.2562634109    2.3164902878    0.4036348086
  -2.9775492699   -7.5054336706   -5.4108867726    0.7280482599    4.1148298505    1.8571343687
   5.2421879046    1.8589667245   -4.2166826978    1.7153029921   -0.2209603820   -2.7595150347
  -6.3802536071   -2.6394443752   -5.1124403207   -1.2669701689   -0.7423557674    3.7817941785
   0.8240295079    2.3090522833    3.2753596222   -2.7310617318   -4.7074306860    1.6675947239
  -0.4066856958   -8.0765402089    0.7849699722   -0.8892597007    3.0500937804    1.5848409421
   6.4397730763   -0.8768453058    2.6747452874    2.3689962531   -1.6929196831   -0.7144985194
   3.7488810817    0.3129722702    8.4148841000   -3.1835933455    1.1753252416   -3.0739084106
  -2.4225132706   -0.2027529955    2.7232175722   -3.0480772751   -0.9989963327    1.6495630625
  -1.0854114448    7.6468923635   -7.6837251131    2.5866293823   -2.4403098623    3.2558735817
   0.0906601955   -1.1478446998   -6.5712409948   -0.8429688765    0.8525379319   -1.7042996400
  -5.6183002996    6.5310255853   -0.8142054205    0.7064580646    0.9500955515    1.8384355704
   1.8011503692    2.5917370196   -2.4155232906   -0.5742594482    0.1725193894    1.7657923015
  -1.8663878492   -3.5792909835    2.4003444571   -1.7970062775    2.0890503194    0.9109962520
  -4.8499805007   -0.4080317095   -5.9410968619   -4.7757769645    0.8257310026   -1.0566303796
   1.8267287918    1.0776637828   -6.8703749051   -2.2888278820   -1.2550158265   -0.0990103257
   2.9172689790    6.2891290198   -5.2186409384    0.4487063933    0.4182124149   -0.2385229555
   0.3304380905   -3.5776600787    0.7013359184    1.1506536958   -4.4567811702   -1.0757202635
  -0.5950686419   -7.3797315105   -4.0328497969    1.2059616719    0.2218898541   -1.2037820361
  -8.0884736045   -3.5181856360   -1.7134946173    0.8528530000   -1.1413392978    2.1705418439
  -2.8751333697   -3.9051965710    8.3133882797   -4.6677574232    1.3558424230    0.6944676564
  -0.9355855062    3.3429411305    6.5160424085   -0.2232038945   -0.3411815714    0.4261637356
  -3.5770108960   -5.8626136285   -0.2990620624    0.6230883787   -2.5306197077   -1.9112438049
   4.4949932345   -0.6657143730    8.5356682676    3.2755959923    1.4771530580   -2.5416515214
  -8.3584287116   -2.4541074374    0.5327411408   -0.5712743364    0.2366351639   -1.3976923283
   7.2665978538    3.3160046744    1.5957853671    0.6642642665    0.7783035689   -4.6053275081
  -5.2944790385   -7.8105729680   -4.0953455355   -0.2846512679   -2.3642795237    0.0898398463
   1.2049145181    4.2714394349    2.1892124613   -1.3957009922   -2.2139593437   -3.3493997747
  -4.7421881255    7.9848753635    2.5373362159   -2.9983018563   -4.9770861850   -0.8809497013
   7.9032346844   -8.3289171762    6.5435611254   -2.7058863557   -1.8568761590   -0.7119553333
  -1.0697601187    3.9713049231    2.7877365203    0.9723368346    1.0287994086   -0.3703153588
  -4.9399513050   -1.3489174833   -2.0713184823    0.8538019681    2.6582076835    4.7991896323
   7.8095609977    6.6197699138   -6.7148506563    0.7561941581    1.0824644751   -2.9854389747
   3.7957082317    2.2654034714   -5.9628229249   -0.2776729490   -1.8656878773   -0.6311085112
  -2.9574995560    2.2572030998   -0.4933317595   -0.1927404209   -1.6296448691    0.6294202785
   5.2642323537    5.6987078201    1.0683203251    1.5316982852    0.0973131397   -0.6429475085
   5.6722736694    3.9120570861    4.9213642951    3.9262505185   -1.1172194610    1.9809826938
  -0.7250187270    1.0067451831   -6.1027013890   -1.2130108017    0.8177838227   -3.9741710242
  -2.2022823225    2.7112531266   -2.8677022577   -1.2912944362    3.7949563613   -3.5826685821
   5.8160739992   -1.3030567394    1.6510043375    1.0270902781   -4.0842020192   -2.5913469498
  -7.6789227687   -4.4236251912   -1.5523074286    1.2705348376   -0.8151457273   -2.4809345753
  -1.8703518196    4.0118416877    4.0667431335   -1.6021335599   -4.2432014479   -1.7820449790
  -1.5431976571    5.4568385719   -6.9501288389    1.9607029666    1.5704337842   -3.5816057180
   5.9940746875    5.1815042336    4.3768864159   -1.5765762662    1.5059815207   -0.4199286258
  -3.5107213390   -2.0480160523    3.1192550908    1.3148954651    0.1255966747    1.7271372834
  -6.4055121146    2.7796399119   -5.6812509281    0.0084096099   -0.7168316682   -0.2007776356
  -8.3635348168   -6.5025200485   -4.4004617767    4.1085810121    3.0730917056    1.3498807776
  -3.5911342256   -4.4677599955   -7.8503815254    0.2374219335    0.5665619509    1.3192436057
   0.4597046740   -4.6158713502   -7.6255361205    2.2486713106   -1.7263981470   -2.7735645717
  -3.1622770215   -4.2985671627    3.6870998241   -1.5028991592   -0.1005846169   -0.2494823222
   3.2789853108   -4.6290926042    5.9280997628   -1.7067939403    1.1423184372    4.4668343324
  -7.6694085207    6.7713579721   -2.4686928482   -1.2880954441    0.1821402257    3.1606243014
   0.6909285153   -6.4215018382   -5.8065392258    0.5870128339    0.2849207016    0.3698338165
  -3.3228706398   -8.2117812358   -7.7630528445    1.1721918900   -1.3482945780    2.1762815311
  -6.7526783887    6.2745609056   -3.2732826923    1.7475406077   -2.3626385126   -2.6454244164
   0.7139951013    8.0891356032    6.0303848749   -2.1435795111   -2.1898911597   -2.2474827958
   6.2653740028   -8.5262644965    4.2059831756    3.0276608225   -0.2742801956    0.1669326851
  -7.1844669922   -2.1417011460    6.0025165661    0.7260379748   -2.8931159356   -0.2679951496
  -5.8557571555    3.2122708195    5.5457055677   -0.8401321611   -1.5669287211   -1.0277147870
   0.7127663662    7.2640254026    2.7718921139    0.7578100374   -0.7862468359    1.4917988744
   3.0518081217    6.8907023679   -7.3566858497    0.5278723466   -2.2748737469    1.4985842639
  -2.5555644365   -7.3597985375   -3.2626871112   -1.3565422555    2.6297508224    0.9344901887
  -8.1372943594    6.6993789743   -3.2123884229    2.4613428896   -0.6206326861    3.2993720972
  -7.6086364735   -6.8739884674   -7.5551027818   -0.3920128015    1.3247146821    1.0813188569
  -5.3422670860    4.1697818181    4.2912096129   -3.6143844028   -0.7062441187   -0.8477050239
   1.2302544605   -1.3917585736    0.6567232442    0.8000440268    0.6435556813   -4.4376614929
  -2.7746117649    2.5448643960    4.4008837849    2.0206073171   -0.3202359251   -3.7963031990
  -0.7956267547    6.3881154041   -1.3047370847   -0.1920806735   -4.4290921344   -0.1866595639
   0.7013943782   -8.1055420296    5.4921436963   -3.7224845786   -0.1324260077   -2.8529827200
  -3.6838170662   -2.7594639659    6.8497213050    2.2888213926    1.3789773158   -0.6219367037
   5.3124295583    7.8012570406    2.0557039099   -2.4565679118    0.1769950552   -3.1298527853
  -1.2868303066    3.9690712374    5.2394395074    1.8575154945   -0.4133711754   -0.2518244243
   2.9230647747    7.5797684473   -5.1949558268   -0.2058062972   -3.2065604319    1.1678086083
   0.1832321954    4.7596451441    0.0217253731    1.0836257139    0.5808453332    2.2461818326
   2.4509342330    0.2662376761   -2.3367672868   -2.6439154730    0.6388878849   -2.3665271385
   4.2075672668   -6.0604570447    7.1021481028    3.8627073498    0.8894198294   -2.2418009138
  -7.7655251904   -8.4932711467    2.5370195954    0.2193449919    4.3665284740    2.0465708833
  -1.2765084717    1.4250529504   -0.5195750733   -4.0333494552   -0.2733086881   -0.6685665962
  -0.9615467372    4.5302797605    5.9801645616   -1.7165974851   -3.8569574362    3.8888111752
  -8.5188940091   -5.2037525856   -0.0983003496   -1.5967154205    1.1840957007    1.2125530871
  -6.6029943445   -7.4759982760   -0.9349844493    1.4791229531    0.3725413200   -6.1158375167
  -0.5744177654    0.6253399182   -4.1816187765    0.6872671745    0.1783714948    0.5891075319
   1.1584240966   -3.5684506415    5.6272543856   -2.0011457347    3.4917316120   -4.4917091740
   2.6059430209    7.1369694587    7.6046870830   -1.9924694819    4.6760595796    1.8089525655
   2.0205016614   -7.9078000820   -6.7504990462    0.5379428952    3.6871681575   -0.3357243215
   6.9266201502    6.1437983513   -0.4828537891    3.2147858787    0.4540169585   -0.8674222216
  -6.4568038845   -5.9725955150   -0.5036218290   -0.2757879821    3.2097116910    3.8179130628
  -1.0206209416   -1.8455253427    1.2119435364   -2.6521577945    1.6146404520    1.8776926293
  -6.8957775676    4.6428675829    8.2011200738    0.0552698856   -0.7423820923    0.7346523484
  -2.4922876231    8.4165225792    5.3322877102   -0.2067971185    2.5387766964    2.1585028988
  -3.9147824754   -1.1662031449   -2.4627288973    1.2192129404    2.9932304320    2.7072165705
   4.1203888693    8.1174714566   -5.3274281278   -2.6815837040    5.1229113872   -4.5429912800
  -1.3709591923   -5.7024543155   -1.0345380645   -0.5264453959   -0.3188175567    1.0973198653
   1.6684524383    2.0742319502   -7.2056918475   -3.6071852856    0.7121957182   -0.5192797608
  -6.4805332759    1.8333283839    2.5048651634   -2.6219770101    3.3346115332   -4.4374673340
   0.6954983117   -6.5081558068   -6.7863597047   -3.3032673388    0.2813742929    2.9079136822
   2.2094937054   -7.5631169866   -3.6583688256    1.1859219739   -0.2425028876    2.7050511662
   3.6991606979    1.1462505019    5.1914836216    1.6006662605   -1.7741152832    1.7571131590
   2.7697125135    4.3016757935   -0.5446463029    0.9114823355   -3.1206527060    1.6101656917
  -0.4438910153   -2.7606052240   -5.4079451082    4.2439499612    3.0776262515   -2.2889509764
  -2.9456799574    1.3930012116   -5.0208731509   -1.7651144759   -0.4364631418    3.3114174602
   2.5314859444   -1.5595768176    7.6892576002    1.4090524292   -2.5996468157   -1.5059322801
   3.9750875722    1.8435973782   -0.5245176331   -1.4761342881    0.4107928823   -1.1549488869
   3.3023959937    5.1636971349   -7.7627428051    0.7560043985   -0.1221617746   -1.2676421435
   1.4599611908    0.5768707674   -5.9204900506   -0.6675118378   -2.1025158574    1.3248079262
   1.6184517120   -6.3145569903    8.2867196054    0.2397605035    3.6224910455    3.6911060154
  -0.6392955511    2.1958732166    6.4177871105   -1.7771757458   -1.0383725037    0.4177569535
  -7.7344766222   -1.1668993221    6.5372832423   -1.7149036711   -0.7062649524   -2.2063112034
  -3.3089488455   -3.6102490838    1.5184787925   -2.0998704442   -0.7780600655    0.1754836576
   0.9110223749   -5.7466362855   -4.6377442163    2.2530170940   -1.2043534875   -3.0011747305
  -4.3262782755   -2.1463484723    1.3061531182    0.8314248677   -2.0792925150    5.0455516304
  -6.5971012271    4.4633906298    6.5813185471    0.1027324634   -0.4868920443    3.7157912322
   2.3698645453   -1.2841740816   -8.3701188051    2.2726383265   -4.4786092865   -2.5229479278
  -2.1089351403    2.0592436952   -4.4667644645    2.3118475397    2.1800248758   -0.7105031822
   0.8008251256    6.1520493971   -2.2222694443   -3.4370066175   -2.5760029358    0.7243986363
  -1.0268302476    5.5531023119    5.2967101297    3.9021133418    0.8032987313    2.7428904880
   4.8581592511   -6.9319712109    5.5014110632   -3.3510677467    0.2555421166   -1.4982740314
  -2.4242999378   -8.5196375132   -6.5537858294    1.7749670360    4.8433392033   -1.3034233799
  -0.3981463214   -8.0008878338    4.9989660252   -1.0120385602   -0.8208245154   -2.0927709490
  -1.5595284847    7.6990195345   -2.7475047818    0.9990596962    2.8033899889    3.0468668094
  -0.1814436412    3.3621085391    0.8596615407    0.8134579398   -1.5834196747    4.0979687634
  -3.9220075840    3.9623063378    3.8470720608   -3.1015900181    4.2200940031   -2.2050948288
  -0.1891081201   -1.1291320808   -4.0521794296   -5.9723451951    1.0745062731    0.2666444912
   5.3283875309   -6.4036101408   -1.3841194288    2.0335262244   -3.8518614696    1.2187495718
   0.3489253509    5.6319530096   -3.4575360051    1.9928198506    1.3585762310   -3.9284712471
  -0.8269773311   -6.3023346517    1.9066430618   -0.5125309886    3.2566943173    1.4701288018
   4.9721863133    6.6075682607   -1.7999411073   -1.1982800949    3.0132169805   -1.1829291839
   2.7781703593   -8.4083336160    6.4793170259   -2.1028962616   -1.0720849514    1.3931596211
   3.2716914123   -7.1889134227    2.3700885202    4.4626678670    0.4365157482   -0.3617051359
   7.1666864775   -6.5784491003   -6.1245944380   -1.9771643743    0.1441012088    2.1778141989
  -7.9364144976    2.3262410622    1.5756092387   -0.7876465797   -0.3126709906    1.4357053289
  -1.0427061520   -5.7546178409   -3.9132057728    0.1107064788   -3.9036792379    0.3348508547
  -2.9852783311    4.8703834840   -7.4623723905   -2.5949205070   -0.6958714067    0.7108906533
  -4.6038915444   -3.6695458431    1.9272598751   -2.6572715518   -0.2992357679   -0.5366914437
  -5.3492691555   -1.5270339885   -3.6960899733   -1.6255320272    0.6318649809   -0.4728952771
  -2.2655456217    2.8005714800   -8.1082398709   -0.5193497993   -1.2722416979    2.0824864585
   8.2780384938   -8.3906871494   -3.8748258614   -2.1648617589   -4.4487141564   -1.1866720027
   0.6730160445   -4.2762182625   -1.4702140804    0.9212869906   -0.8915552291   -3.7410541693
   2.9438012155   -6.1262570036   -7.0797410767    1.2406000140    2.6922006783   -0.7871869454
  -0.9760387683   -3.9539583172    0.3878530502   -1.3224774537    1.0985330360   -2.3058046872
  -0.2777005563   -1.2752622376   -0.2440584756    1.4672471920    0.0742217697    2.2644520376
   1.2491301687   -2.0255696478   -3.6091257561   -2.1074062944    3.1934690905   -0.9958823442
   5.2413842166   -4.4283164750    5.4963914838   -4.0973615634   -2.5169370196   -1.2609116964
   3.0227802270   -3.4680446554   -5.5258424433   -1.6452120767    0.0337292099   -1.7320041438
   1.9051706800    7.2373034021   -6.6410532883   -0.4732025303    0.8640962047   -3.0813912626
   7.0449237622   -7.9844155521    3.6808388752   -1.7994671132   -1.8110137171    3.9300247989
   7.9927448316    0.1472559323    5.1065969191    2.6288446248    3.9134922307   -2.1817032949
   3.5227304006    1.3007696869   -5.1849380435   -0.3254297952   -1.7722507146   -3.8771893309
  -0.2471955796   -3.7928059861    7.8723587215   -1.2064270753   -3.7074658213    1.1326140228
  -5.6876354418    3.6650812197   -3.9555022724   -1.3767183483   -1.3238555884    0.7653969753
   7.0521082725    0.3317121945   -6.3064104620   -1.3427049792    0.4358979730    0.3884253578
  -3.6041615578   -1.3996254977   -7.2698746388   -5.2870161799    2.1976686009    2.4427978610
  -3.9544125217    7.7323993139   -1.1511940372    2.3806715660   -3.5369671749    1.9563804778
  -4.1653455138    4.1229426828   -6.9960443079   -4.0046062632   -0.6534124979    3.8225592171
   6.7071238419   -1.4360074401   -0.6379676153   -0.6823864695   -1.1085936362   -1.7872300266
   8.3016739078   -4.2697748735    3.2344165875   -0.1421582209    0.7014077836    0.8153957548
   5.9004539520   -3.5445646923    3.1180658573    1.1382593572    4.7684787523    0.2728778044
  -0.7627728809    8.4629082982   -0.9782020257    1.6264775900    0.9565257029    1.3655393086
  -4.2562254464   -1.8202288098   -1.2116689141    0.0797732335   -2.8249270120   -0.6595941714
  -3.1850620767    0.4114678743    7.1785067021    2.2462890207   -1.7787578712   -0.7450416467
   8.4909203291    7.5045563315   -2.0015730645   -3.6274873327   -0.6082250928   -1.8836667282
   3.8138249406    3.9183687633    0.3799672153   -1.1297198192   -1.9843739728    0.9108683605
   2.3135048890    3.9612173162   -4.2675148152    1.8511674064   -2.1861852136    1.4718608469
  -4.1460023710    3.4941378544   -4.8167861503    3.2379037490   -1.2151317874    0.8565460497
  -4.6909369532   -3.0428181329    4.3240747612   -2.9527622246   -0.1589190247   -0.2431274610
   3.0443904732    8.2014931784   -6.8884000863   -2.0347096631   -2.7542527997   -3.2944567556
   3.5107601314    1.1832697628   -6.2394602266    7.2966411019    1.5221792905   -1.0960007917
   5.0308874203    4.8511962823   -2.6208658883   -1.7054193138   -2.1885475903    1.3031700820
   0.8336019007    0.4603182701    1.8504995479   -0.3426213121    0.5230079664   -1.2667757741
   1.6012648571   -2.0991293380   -6.9251844036    3.6398369693   -8.8135877714    2.4949645572
  -7.9256427822   -1.6412752071    5.4086705625   -0.2703676148    1.5908570361   -1.5268487750
  -3.6328812640    8.3035946664    2.4316534006   -0.2790534734    1.4095179735   -2.2348065677
  -6.1269068982   -3.9167059315    2.6054801694   -1.7476608105   -0.3635669791   -0.1985175507
   1.9685471067   -0.6877156772   -6.8745388293   -0.8644379931   -2.1823122781   -0.7042484820
  -7.9459928690    6.3430166414    7.7381463708    1.2967873504   -0.7933782776    1.8887211719
   2.9249759659    6.5885494490    1.8842302716   -2.9086716900    2.1173758882   -1.5184387317
   5.2049136429    3.5351438906    6.9193107654   -3.4221521405   -4.0667518179   -0.3221385357
   0.3667291589    1.2751942340    4.3330894811    3.8488542754   -0.4312178811    0.9730937616
  -6.1853609625    6.8959699255    5.4255934420    2.2536029052   -0.7618850850   -0.1446873986
   3.3431261963    0.8632068754   -2.3951076533   -0.7673027991   -2.3611175570   -0.7218457227
   2.0986682397   -5.4534729999   -5.8368000336   -2.6058064655    0.1424598560   -2.2716641713
  -8.2168362153   -0.8705408424   -7.3242931474   -0.3217204812    1.8512716118    0.0536667855
   1.2417387201    5.7311297510   -4.2818454767   -2.8033831866    2.4384311690   -2.1307190814
   5.4897338568   -2.5528367399   -8.5173388843   -2.0997979261   -1.8678263046   -0.9991852717
   4.0767642586    0.1104758510   -2.2135710486    1.8769622965   -1.1459094127    0.6597731452
   2.4870480404   -5.4307292239    6.0393088600    0.9675050948    2.4647045083    0.8297058284
   8.0588163250   -0.2449645089    2.5846621144   -0.2488991834    2.2791298966    3.0970082219
   4.3870078731   -5.3563204350   -3.3037569687    1.1383105647    0.3628623318    0.8708446479
   2.4669234508    4.2615561514   -2.0754600102   -0.7764037419   -1.5138394789    3.5909460275
   3.8935026173   -5.4219399276   -2.0502542741   -1.4461165704   -0.6473472429    0.5507509899
   2.1785795131    4.9220324152    2.3272588927   -2.3710503736   -1.6179815524    2.5981564785
  -4.0656727171   -2.1568329662   -2.6267064355   -0.6888349529    4.0896887551   -0.7283364365
   5.4104088028   -3.7038159869   -0.2037308761   -4.2511308477   -1.5219648392    0.1891338080
  -4.2049882337   -4.5557647124   -2.6447328884    1.1073341835   -2.0936597671    0.5405795342
  -5.4166248096    0.9605874536    1.3667460018    0.1346821604    1.8354622359   -2.0289037380
   8.1527005210   -2.8203992297   -7.0661489251    3.1092973584    3.5872679000    2.3142230346
   8.1694071211    3.2686029973   -6.4974137812    1.0851336961    1.2573225707   -4.3446855675
   5.8999670441    1.7239012813   -5.0084386080    2.7199706071    0.8715888051   -2.1518445008
  -7.0630999212    5.7422982475    5.5573543110    3.0202032009   -0.5180479969   -1.4977621421
  -4.1408177065   -6.4017552752   -2.0547483566    0.5271120296    1.3552623831   -0.2556258851
   4.7593278805   -1.9892699893    3.1826445657    2.8579751646   -1.8249686157    0.4864310895
   5.1650156623    6.6859197345    5.8800179091   -0.5654682628    1.0495671184   -1.2678233152
  -4.9515672770   -6.2527977879    6.1476155688    1.2957766707    0.9139374674    2.3372750175
   5.1747923891   -3.0096818885    1.7640600716   -1.6232750701    5.9328995176   -0.2918511428
   6.9928370377    3.9585739969    6.5719567415    3.2230799499   -1.6897153397    0.8651943477
  -3.2462472978   -4.3792469247    2.1719447216   -0.5611434953   -2.9651823419   -1.2547017206
   1.8125227444    5.2672671630   -7.4853632124   -1.8430273935    0.7902375817    0.6485669890
  -7.7100427039    0.4457200538    5.6418294862    0.2939267366   -0.1644153766    1.4169710588
   7.8903911917    7.4969989261   -0.2792827177    1.6410868902    0.5723217717   -0.4530707081
   1.1616536722    4.9524895353    0.3147464038   -4.2532230009    3.5036151864    1.6859996957
   4.4998153852   -4.8624790138    0.0178512953   -0.0201364995   -0.2200344182   -1.5808637277
   6.0414796892   -5.6543102048   -2.8639026340   -1.3204816687   -1.3430854261    0.2983463916
  -8.3339785818    5.8177890665   -6.8043853852   -1.3387863646   -1.4090095791    1.3718051392
   1.1950632717   -8.5263452840   -4.0675149540   -3.0239682311    1.4091428440    4.0870657579
   6.9843365923    7.9738419340   -0.9028550583    2.1503860124    2.3512148780   -3.8915169411
   5.6147093496    4.7998704536   -0.1283715677    0.7794255897    3.4797215876   -0.7702287509
   3.2199496634    3.3061772182   -4.6955614882    2.6391855418   -0.9770562917   -0.2236564464
  -4.8301015724    3.1772080496   -7.4411139474   -1.0565584008   -1.9573299767    0.2989914466
   0.6992562855    2.7444921383    4.6784400313    2.4640809732   -1.0943034193    2.4372874369
  -5.9856316483    7.8770962591   -1.9174679351    0.7083956531   -2.5170112774    1.4629014891
   2.9347011441   -5.7251700706    7.6003661565   -3.3436603811    2.1105682529   -1.0256196231
  -0.2378706857    0.9326316350   -0.0935353870   -2.4449105860    1.9853124454    2.6917487845
  -2.5492318633   -4.6258584467   -7.2803935914   -0.4432068851   -0.6848997908   -0.8035899307
  -3.4731014394    3.9377594020    5.3327947015   -1.1594753186   -0.2574153319   -1.2399547090
   5.1447907037   -3.0583367842   -7.5523659408   -0.7957309004    0.0444177358    3.0002871061
   4.8518993687    6.6126754782   -7.7502396193    1.5734054323    1.9861176658   -1.4912998606
  -1.2840616514   -6.2412596340   -5.9547654522    2.1590836116   -0.4838905706    1.0819630113
   1.1283011204    1.8886337711   -1.8046354929   -1.9256327173   -0.1009010104   -1.9905954986
   8.1210774427    2.0672063677   -2.1801031462    2.0374348156   -3.2386319764    0.7840733911
   4.7478637186    8.4069998158   -1.7074545485   -2.5063862287   -0.1626180802   -0.5328200570
  -4.7924906135    2.3424053588    2.7285898766   -0.3733883098   -3.4927760570    0.5928438203
  -8.5030507249    2.2656257631   -0.2813887630    3.5149666459   -0.0819520142   -0.1467707480
  -3.0491761593   -7.5620392208    2.6534327598   -1.6728200100   -1.1802290625   -1.6332755712
  -4.1990132939   -1.9111995977   -6.5274175630   -1.9030331898    1.5919214235   -0.4230953336
   1.7483197270   -1.0253170676    5.0171781599   -3.7240799183   -2.0248098349    4.2028700073
  -5.1188928343    6.2476899417    6.9948895690   -0.2716387101    3.5129187138    6.0997506981
   1.5102056502    2.9507734204    5.2445030850    3.1458118431   -4.6853557163    1.5659251462
   3.9970310473   -2.8867015768   -6.3759282288   -0.7720394114   -2.0839456183    0.5247766625
  -7.8214679191    1.7163975117   -4.3469891145    4.3707818055    1.8295449721   -2.1530813989
   2.4191993890   -1.3560590858    3.1712110400   -2.2862449266    4.8098693029    0.0561280688
   3.8603732843    6.2510634452   -4.0083071806   -0.1540284945    1.3398927011   -3.0292232092
   5.3407207066    3.9939619587   -4.8919319447    0.1899985416   -3.0378615765    3.8543585870
  -1.9281451706    2.5053008341   -1.6499779866    0.9196335031    0.8049786721    1.6623719763
  -1.3580499186    8.2476615485    3.2380530124   -0.1852926886    4.6417750243    1.9008267523
   1.2715116390   -8.4513256418    1.3037538141    0.6498408940    2.2349153378    1.2156877265
  -7.5378413698    2.7328650816    6.8509689613    2.2704154402   -1.0208245832   -4.6496747495
   4.3156213180   -3.9445845904    5.2713529968    1.6620577330   -2.8165162383   -1.5876691517
   3.5745714948   -4.1333719188    7.2964055427   -2.1414973778   -2.6889356529   -0.4429931361
   4.1442913867    5.7333460589    7.8484557571   -2.3748376951   -3.9951556213   -3.3114737872
   5.2756788798    2.7614125104    6.4622086340    2.4436439334    0.5408274604   -5.9709059879
  -6.8335243048   -7.0264885920    5.4077047214    4.1908957869    1.8949070861    3.0820895498
   6.7262893371    5.4860573792   -3.2970254393   -2.4118253348    2.2804235604    1.2542499395
   4.8151549686   -0.6617801211   -2.0666553277   -0.3606788042    2.5217831101   -0.9896405732
   0.4668968560    0.5758996248   -8.0276657406   -2.6306680730   -4.3312817055    0.4700495422
  -0.4942513987   -7.8423840454   -1.4338718069    2.6778296962    4.9754970120   -4.0558887627
  -8.1107531400    6.9406980874   -8.3868757464   -0.5583904489    1.3828016305   -0.8783125026
  -7.2593561280    7.0593503978    4.4656137602   -0.0334210978   -3.7260035452    2.1009839179
  -1.7930139145   -1.1402369106    4.4806769377    2.7791467547    1.1799188266   -0.8748291092
  -8.3176526364   -5.7208297163   -4.9891064290    1.2778429921    4.2885130374    0.2507309699
   7.2924430920   -4.1003105432   -7.5483992884   -1.7228769106   -2.2660612686   -4.1357425593
  -5.5937042292    7.5630077308    3.5216224988   -1.9934686335   -4.2611404636   -2.0207144061
  -6.0332662416   -7.5943412932   -8.4015279020   -0.9662567823    2.1987337995   -3.1970027324
   2.3608685142   -5.2163258476   -8.5359825486    4.1981235444    0.6182688454    1.3451998937
  -2.3053316358   -3.1660834865    3.1739333741    1.4020782113    1.9047012175    0.3999739045
   6.7176673581    0.5866428894    0.6698849065    1.6155631361   -2.7832907972    4.6251712325
  -0.2780731228    7.3908767467    3.3826278432   -1.5339826643    0.0335825418   -1.0538431334
  -8.2428792187   -8.1349086380   -7.2349064089    1.2352931492   -0.5159173108   -0.3215217122
   5.6321897718    6.5088602092    4.9242999087   -3.4642248468    3.4651298592    0.0411665356
   2.1322995386   -6.6699207163    6.8184643214   -1.4079502709    1.7064844260   -0.4123360203
   8.3772354448   -6.7181525545    3.5502149667   -0.6911548245   -0.5197011739    0.2693512954
  -7.5225652141    2.9432339738    2.8674472375    0.6749922899   -2.7627692374   -0.6532944791
  -7.0339515496    7.7355488407    8.4400606456   -1.5801900302   -3.7664276237    2.6511807491
   1.6291701713    8.2747299393   -0.2650190891   -0.9873510551   -1.6480890005    0.3584398892
  -1.1393813888    1.8312526372   -8.1804000097   -2.5611692949    1.3718490858   -3.0490284914
  -6.6494855211   -4.5839161358    6.0236903830    1.2238558286   -2.1626160348    0.6605425068
   6.8283376331   -7.5714779168    2.4274048596   -0.5766550731    2.5318301150    0.2784822602
   8.5060829612   -7.7060328102    2.4486948050    2.1322840722   -1.1491792470   -2.1745226892
  -6.3485069748   -1.7134159829   -6.2224425545    2.1338878861    2.0414134008   -3.0943309169
  -0.8667504895   -4.1160963802   -3.4149031885    1.5304650858   -1.3080222341   -0.0198060585
  -4.2252338921   -2.5975773770    7.5999528344    3.3087689605   -1.7777731269   -3.0455329904
  -1.9512310245    6.7485411588   -2.7123313446    0.6504634789    0.3188641739   -1.3824721478
   7.1125341691   -4.8286549532   -1.6339106050   -2.6070733134    5.1523269348   -3.1831082610
  -4.5146081004   -5.5583404719    3.6854778527    0.4093925215    0.3731764792   -3.7706110655
  -1.7907985656    1.5026692904    1.5119128836    4.1000215660   -0.0460063960   -2.8765623727
   0.3038897207   -7.2077300834   -3.1365609835   -1.2992667908   -0.6917919530   -0.9530917979
   2.9565762002    2.3480057458    1.1799904912   -0.9998584614    3.6110540377    0.9274079388
   2.3296861912    1.6523618872    7.6340881084    2.0535663165   -3.7684096378    0.1796435500
   0.4180818402   -7.4843314039    6.1200319649   -2.9238402241   -0.8363032031    0.1892521992
   6.6028468622    1.7929385356    8.1954554825    2.4073767012   -4.6680909499   -1.1322277717
   2.4615133061    3.7194583378    0.8427322499    0.9467853905    1.1926200423   -3.9497091645
   7.3368361572    3.4365568453    7.6812898114    1.7956805764   -2.8220169549    3.4918056301
  -8.0160816085   -6.5341823196    2.1637691557   -0.8815137353    0.5867577468    3.7722209670
  -3.0807697998   -7.4992970643    8.4625029698    1.0673939904    0.0562573008    1.5957740585
  -2.6636190898    3.7922289793    7.0432890444    2.4893960290   -4.0563280859   -0.1331373718
  -8.1779104761    0.0162141454    6.4615991046   -0.6565132593   -1.2611197246   -1.7778885594
   5.3883651746   -6.6238873908   -4.4368416118    1.0431924992   -2.5347135569    0.7769704853
