           1000
    17.09975947
   1.8523237791   -6.3439975484   -0.3756235125    0.1585638291   -0.7294435752    3.6015229337
   4.6354741865    8.0539223924    3.2971345341   -0.4869048931    0.0838919169   -0.8973972706
  -7.2882627648   -3.4111429476   -6.2440519907    0.9056893740   -3.7444065538    0.4643232615
  -5.3015875114    4.5247385547    4.2886010569   -0.6988545108   -1.3117413427   -6.8411218561
  -5.4328470471    6.4325771167   -8.0304428507   -0.0538116412   -0.6288360118   -2.3252420497
  -5.7451846125   -4.8456278537    4.2128114784   -1.5605309582    1.2948714890    1.4652838125
   4.9730672087    6.0658844351   -4.4844376757    2.8496119917   -0.0319714403   -1.7351836308
  -3.7319770299    4.3120717662    1.0444791669    1.0928263336   -0.0534101049    2.1275504366
   2.0746621939   -6.0914645595    4.6013629162   -1.0176683332    3.0462337752    0.5469478615
   1.7599714050    0.7618039162   -1.2063155197   -2.5271834923   -2.6575150179    1.7564145741
  -6.5394136600   -0.5979494683    8.2500926338   -0.5006975190    0.2844579369    1.0779957572
  -4.6054291562   -1.4694627868    4.9799448879   -0.5295888259    1.1003018665   -1.7691296639
  -0.7458427711    6.4667143355   -0.5793382421   -0.9318432167   -1.0772984752   -2.0350665074
  -1.2982668910    4.8597441261   -3.6323590733   -1.3330680028    3.1397948092    1.2953919844
   3.8014902576   -6.0650639088    4.0162977099   -2.5572098762    0.9092033536    0.9411580977
  -3.0518890574   -2.8550135645   -1.6497900407    0.7871632781   -0.2596717707   -0.1165803665
  -6.6163737449   -3.8723140260   -1.2967352122   -3.2030907878   -2.1567884011   -1.4856806508
  -0.4335323655    1.4470044265    7.9240860056   -0.2490103181    2.2055630921    5.5427270730
  -1.9506023809   -5.2809370116   -7.1516584808    1.5746493389    0.0631873273    2.3986708537
   4.1905914341   -3.1122333865    1.6670249225   -2.1219827391    0.9460939043    1.6992196885
  -2.4809979573   -5.4206110180   -4.6196288452    1.5901919787    2.9575120607    2.3746587695
  -7.7467480796   -2.9713958018    7.7903881077   -0.0063461037    0.4639627504    3.1912609102
  -5.6423518578    7.4454369112    2.1543649087    1.1677503897    2.1192091383   -4.0720881806
  -7.7753603719   -1.2414676226    6.9712645845    2.7341909271    0.9405704455   -2.1620938690
  -5.7890129858   -2.7260992017    8.4487045713    3.6544024315   -2.0677700099   -0.7406027106
  -8.3879950804   -7.4696583148    4.8152718628    1.9899135204    6.7136801182    3.7241323055
   2.8098668640    7.3189424421   -4.3479456215   -2.2776968089   -1.5311090684   -1.6008768409
  -3.4400194761    8.5351329955   -0.6598365739    1.0096949070   -0.3911061475    0.0950076003
  -4.0791783082   -4.8546050115   -8.1001330791    0.0087033437    4.5229563434   -3.2914843913
  -5.3334602566   -4.2218715434    6.8912858416   -1.7351741186    0.6330855792   -1.9688073297
   2.0777758640    4.0353848939    0.0803606365    0.9386603556   -0.0824333677   -0.5349128919
   0.5102282718   -0.5656924873   -3.3259489101    5.8790173560    0.7563569537    0.6251527125
  -0.9314926154   -2.1422675931    5.6516021658   -0.2466433568    1.4966787922    2.6793149335
   1.9704283928    1.9978043504   -0.3264478490   -0.0277535503   -0.6794588498   -0.0716370197
   1.8660604204   -1.6340428390   -0.4482750792    0.4217568184    0.5276079943    2.0881553225
  -4.0331123057    4.7953482099    4.1665169414   -3.3782273739    1.0846504605    1.4824084374
   5.0178121695    4.0695674579   -6.2694894694   -0.5413201707    2.0713953983   -0.0962760508
  -6.3885905512    8.1475535914   -3.9078247117   -5.3444757230   -1.6595830540    2.6555593491
   2.2014533354    6.2616025981    5.3124704027    1.4121746942    1.4854500918   -1.8559113200
  -6.3872645991    0.3858738092   -0.9794926898   -0.1781449117   -0.5476633228   -2.5805577981
  -1.8770448644   -3.2705553860    6.9925798788    0.4312249819   -0.4624652537    1.1978001804
  -5.1038977161   -0.9198961158    1.9860056591   -1.3644129963   -0.2997500211    2.7745391977
  -1.8706817131   -1.1405822159   -3.5927777141    1.7326461576    1.9939984910   -2.2630310800
  -3.0921894774   -0.7234932463   -5.5523579410   -3.5879211253    1.0462841056   -3.6194090300
   5.9253625704   -2.4347188125   -6.4085621209   -1.0342709367    5.0649998571    1.1250501076
   3.3024130942   -7.5519922347   -6.1757273176    4.3382183917    3.1277237210    3.1205444653
   0.2691175209   -2.8235531763   -7.1454448859    4.5862102373    2.2235226533   -0.7622173140
  -2.3626093907    0.3478943327   -5.3617630803   -0.6438212255   -0.2048912432   -0.1669486052
  -5.7045634085   -3.0565015336   -2.0632280046    0.6680085722   -0.9003915020    4.3529848237
   6.8065560802   -4.1655106306   -3.0376539509    1.6559572833   -0.7928814857   -1.2462825982
   4.2956520378    1.3143269117   -1.0191002664   -1.9472024441   -0.5781442450   -2.4225469853
   7.3264144063    6.7753618340   -1.4860166494    1.2856837234    5.2801501934    0.2548845055
   5.8953053482   -7.8029734292    5.9910530066   -0.3680017859   -0.3703672762   -2.7375673740
   7.1934892185    1.3861448651   -6.5466973910   -4.2564826885    0.0533164579   -5.9435598849
  -8.3695616649   -0.3004977981   -0.9361413189    0.1971505640   -0.4410210703    2.6506812908
  -4.4315285207    1.0501028452    0.6852608866   -1.0049652934    0.6644513272   -6.7830122155
   1.3627336607   -4.5391169107   -3.7930757879   -0.8795255690   -0.7758631292    3.6022255245
  -2.6697466137    6.1091625482    7.8185481890   -0.2009757550    4.1577896930   -0.8759863321
   0.8367772295   -4.9016177302    1.0734122939    3.0540225687    0.7941719479   -4.9399095694
   1.2914014835   -0.0929123462   -6.0199015826    1.5991802506    2.1352258552   -0.2835350520
  -6.4363836672    6.5831220410   -6.2421402254    1.1067944845    2.9251508588   -1.2689217779
  -6.8653415196    0.9215860378   -4.4931428727   -0.1490746016   -4.8556713603    2.3874177335
  -6.0978226208   -3.0136668177    7.6151694336    0.1120578656    1.1963539553   -0.1815896705
  -1.1537650514   -2.2673659235    6.9845271649   -0.6835627411   -0.1339947672    2.9657806344
   5.7270512478    1.9293295240    8.2697024900   -1.0980380018   -1.6640142789   -0.6330101202
   6.2255459547    5.1299319518    3.5935904330    1.0911484389   -0.8417709050    4.0503350503
  -7.2140463289   -4.4191661021   -3.7882804992    4.3894950602    3.8030097689   -6.7477222392
   1.2528164593   -3.0302855923    0.1347730494    0.8791659705   -0.2394389381    3.1729710570
  -7.6808774764   -7.6997540808    1.7627722024   -0.3108916881   -3.8279529993    0.5285762064
  -8.1637688363   -5.7885250407   -4.7398715902    2.5833376493   -1.7558055951    0.1940312327
   1.6213585415   -7.1991866604   -1.6554548999    1.0588211521    1.9859562496    2.9654071452
  -4.1486032299   -4.3104996483   -4.9951446068   -0.4052145162    1.5732710863   -2.5168318342
  -7.9012383519    4.9163519247    4.4080975240    1.1629983264    0.0210417184    1.0129384245
   6.1062177050    6.2769819383    7.5189387187    1.5395071148    0.3857224447   -0.1132830225
  -1.7502828744    1.9051042837   -6.3038270304    0.0594326295   -1.4047512150    2.9515856090
  -7.9426765898   -5.5198638043   -2.2109935547    2.6626513950   -1.9165468635    0.9411080574
  -2.8814182764   -6.8975846060    1.3552932807   -0.5812318109   -5.9803816275    1.3667713207
  -5.0472090190    4.9106197805    6.6790052067    0.9334886793   -2.8488623761    2.6623455077
  -2.2341053675   -1.8230041149    3.7296414047   -3.5301473030    0.6996426823   -2.2997936830
  -2.7507954629    0.6021754983    4.5547795617   -0.5849234476   -5.2185382917    2.6310819489
   0.9954291705   -6.4394238774    2.8116225608   -2.8376265657   -4.7789576907    2.9479306587
  -4.6348613508   -3.2230143386    5.7509614792    2.1870359334   -0.2153751150    1.1162456508
  -4.0804012039   -5.9090891929   -4.9162637659    4.0303069171    1.7233791665   -1.6938904978
   6.1359977281   -0.5459662639    7.3655947821   -2.3138031610    0.1624250294   -0.8326966458
  -7.1894781659    4.6248391541    0.6834529227   -2.4185127460    2.0294370588    1.9859051601
  -6.0703445265    0.7370468431    5.4267505675    3.4770116073   -1.1879300859   -0.0412098723
   3.3814937615    5.6464433635   -7.6541417502    0.2187357681    0.2461008772    0.9821903056
  -5.5113277679    4.2876045759   -6.1226508689   -2.9738455445   -0.2945098025    2.5090513415
   5.6911003598   -0.9068459171   -4.6162657435    0.6049365939   -0.7369175497   -4.6820231376
   6.1471290973   -8.2544861021    2.7690570655    2.9769689665   -2.9155777689    4.2578594634
   2.9643398507   -3.7755878548   -5.8926143177    2.7645661926    2.2729135623    1.0022662371
  -7.3378534602    1.9083505472    7.2201538918    4.6049548092    1.8576719319   -1.5899367696
   5.2145118456    4.0449535890    1.4442491642    1.4936524169    0.0852338458   -0.1537680041
  -4.6173376189   -8.2023042614   -0.6042516101   -0.3962261480   -1.4651292452   -0.4294546122
   8.3938180930    2.0024620588   -1.2534577124    2.3064859779   -0.3423014798   -0.7754873252
  -8.4345962574   -3.0544776315    6.0160743213   -0.2855749026   -1.4147460800    6.3682802076
  -4.4047188108   -4.6338365342   -1.3983392180    0.7497623434   -3.5340109490   -0.4901441500
  -0.1813595646    0.5114312059   -6.0510101197   -1.0869970222    1.8613496449    2.9863762165
   6.7609114824   -0.7245024201   -7.3073875238   -0.5290636106   -0.6268558169    4.4303356545
   0.8247209445    1.3050122624    8.0568093569   -0.8036877199   -2.4827574502    1.0752832889
  -1.2825688869   -3.9774901582    3.0653289114   -3.3646590792    0.3360553339   -2.3735920854
   7.1485793221    0.5121034257    5.3355841673    0.7770044599    2.1581361250    2.7355301026
   6.8959182510   -5.4448341669   -2.7607659428   -1.3203097559    2.6155042380   -1.8578273365
  -5.7456844747   -7.7333639128    4.3911503826    0.6432755858    1.4111520382   -0.2356526517
  -6.5537598094   -7.8382112025   -5.5549287339   -2.2742105265   -1.5223643909   -2.4027152959
   3.3932904040   -3.9777539173    7.6405759931    2.6729531840   -0.5813338917    0.1845079937
  -6.9500674450    6.4222432624    6.0739961296    0.5861603159    2.3652326013    4.7049622598
  -6.8510294788   -4.7974981590   -0.3621884431    2.0569359838    1.5932801608    1.0125430013
   5.9118634165    3.8293505053    3.0838027647   -1.9031378762    0.9060367722    3.4791702867
   4.5286391168   -5.9007811512    7.0608522906    4.1325031584   -2.4044213615   -1.0922998168
   6.2582345001   -0.1230759931    5.9408751064    2.7239551758   -0.0493425179   -4.5550041934
   5.1211600176   -7.2666100106   -6.7293928565    0.5720730791    4.9300710525    1.1910910662
   3.7220265317   -4.2957072358   -7.7101375682    1.1816009019    4.5459149325   -2.6601959111
   0.8035035419    7.6665555102   -0.8758354509   -1.7073055025    0.2498443000    1.1639418237
   2.1729617806    2.3996536268    1.1063794878   -0.6730814206   -5.2482794204    0.3120084046
  -0.5141274271    4.2675138872    6.0850739497    1.6310130466   -0.8998704983   -0.0004882365
   3.7569493077    1.6467122947   -2.9621851386    3.3367075458    0.6422735180    1.0698021766
   3.7955484051    7.4257333674   -0.6376581486   -2.2219776756    1.4975330939   -2.6979383127
  -2.9857144064    3.7324619169    2.3737239619   -0.4970738431   -3.3942132629    3.5146040381
   1.3141436161    5.5057403076    1.3554462973    4.5387021948    0.7876956226   -0.5755128646
   5.1275559234    0.1513437410   -0.3066694476   -0.8333271483   -0.0833236421   -0.8338864752
   2.4499609537    7.3443105713   -3.0992066990    2.7720303542    0.9507630200    0.2387018385
   0.7333208669   -3.0243439702    3.0358192465    3.0384312858   -1.1298864852    1.2203233227
  -7.8713178395   -6.7446950830    2.5554536601   -0.2301432619    4.3837291768    0.7064516014
  -2.5132127554    4.6324136771    5.4551470258    1.9106998066   -0.0886037837   -0.4479006881
  -8.3801424041    7.4309535908    5.0386579682   -4.2187423797    1.4512127841   -1.3780463686
  -7.8991031310   -1.4128191089   -3.0362404654   -0.3020357099   -0.8295861577   -0.0602567645
  -3.9547795134   -1.9239928174   -1.0648870700   -0.9103714625   -0.0842630183    1.4766506469
   5.6242289077   -3.2434671463    1.8871588952   -1.8191764941    4.6459227403   -1.7442592969
  -5.3143307536   -4.8799601157    0.6427945524   -4.6846039994    2.0586565295   -1.0195090993
  -8.1570282948   -2.1885654734   -7.9944319206    0.9793133003   -1.0867270210    2.1283784394
  -5.7934941166   -3.8492567656    7.7855881777   -3.4102881861    1.2193659801   -1.6377860581
  -5.4162286131   -6.3641681684   -7.6711997851   -3.0000453417    1.9892841206    1.8242292199
   1.7592886079   -8.3819022441   -6.1175029791    3.3199656287   -1.9007958266    1.6305561228
   3.6231287421   -2.2404127656   -8.4647029333   -0.3524441573   -1.2302871481    0.7913334152
  -7.9473969644    5.1806270730   -2.0765116559    0.8575216174   -0.9093925873    3.3996753330
   6.3726276727    0.5166415664   -6.5582467711    3.9895106022    2.6705022559    1.3643926120
  -2.8800711115    4.4105242195   -0.5429318209    3.0268054406    4.6231515205   -0.0806375505
  -3.1757574385    5.1523279937   -8.2784429668    0.2672809402    1.4649454679   -2.7849558197
   2.6126383837    1.1960965826    4.6164972475    2.0384505842    0.4850943853   -0.1491546485
  -7.1000571751   -5.4421886150    7.9477275301   -1.6519576910    4.3386635498   -0.6549132452
   0.0435425008    6.5481644036    6.0965477281    1.6563374979   -1.3095203808    1.6358067117
   6.4445712280    1.4060632851   -4.0538871925    1.0901909942    1.3854683417    3.7738713390
   3.7565033676   -4.4439153565    4.7539435622    2.8199849468    2.5552939010    0.4206658638
   1.2716576444    5.5123126891    8.0931781068   -0.0090931121   -0.8888382202    1.5054171796
  -4.7133011421   -6.3165334087    6.4346659143   -1.9816590201   -2.8044410320   -1.8943124541
  -7.7372778438    3.2933161678    1.9880558544   -1.6263501971   -1.6241997074    0.3158245366
  -2.0305011154   -6.8299590805   -3.6317299236    1.5183718381    5.2229825067   -1.2105278110
   3.0687794396    3.4724244740   -0.2366803460   -0.9533517153    3.8329980756    2.1412415165
   2.8808749547    2.4235178648   -4.0043950709    0.7957398946   -1.5477821554    2.8436101529
   5.5775480382    4.6874289005    0.7351581587    2.5126647850    2.0179161202   -1.6250661625
  -7.7280547837   -2.7478164192   -1.2859971851   -4.8959386140   -1.5660958800    1.9125931856
   7.8516779794    6.0210352360    7.9090053049    1.6104869553    2.6013364156    3.8128682634
   3.9520381415   -1.3940769975   -7.8499937724    1.2494697056    1.4731366937    3.3684864128
   2.2609149725   -2.2941770201    7.9785121415    1.8989619423    1.5718864945    0.9557669159
   5.7215911181    0.5374075168   -8.3459589987   -2.2406292028    2.0135001609    5.1829608379
   8.3194204004    6.9260549675   -1.1267039028    0.8282847395   -3.9613769948    0.4962727512
   0.5520470451    3.9195845861   -7.9675187831    0.4747126989   -5.9895810588   -4.0294879611
  -0.1198976549    5.8395405469   -8.5310475447   -2.7194644768    0.3361950399    2.4210613356
   0.7626347520   -7.0510677686    7.2836201664   -2.0604356102   -0.9043497527    4.1053909947
   6.9039539074   -0.4701908425   -6.3290122061    0.0287237035   -1.1857467346    1.1963401958
  -6.2320989760   -1.0936023599    6.9368982408    5.0746224719   -1.2321221154    0.0870894312
   5.6899914512    7.4284801374    2.9733429263   -3.3005577948   -3.0375079605   -1.7781474748
   3.9339567086   -5.9344006218   -6.2437682416    0.2072071221   -2.8688830809    1.6581379865
   3.3045077673   -6.0548283322   -7.0305155469   -3.2976587042   -1.3096628814   -0.1593589757
   4.6143498662   -4.8829795042   -5.0973014839    1.3520054697    4.5847251039    2.1395913921
  -2.3988255668    7.1350644617   -6.9772943113    3.1348440421    3.4247227986   -1.2713934432
  -5.9322403969    2.3655603392   -2.2246857693    0.1119097507   -3.1253200616   -3.7654565668
   1.0100606220   -1.8922932272   -7.1704507907   -1.0719580669    1.3989708348   -5.2325868824
  -3.3310230982   -1.4615740640    7.3383875574   -1.8428197235   -0.7231297170    2.7667635282
  -2.8853399465   -5.0371733928   -6.5255058008    1.6207878503   -2.2123447132   -0.4168877618
   8.1515186662   -6.2351699675    5.4343774189    3.7403679762   -3.1954782264   -2.3450581061
  -4.0771014992   -8.0465853294   -3.5984979208    3.7261818448    0.0554833254    0.6606602622
  -8.3172064770   -2.1203778457   -5.1741861438   -1.1465276621    1.1991183442    0.2764855479
   2.8587242985   -1.2841543921    6.5959496282   -1.1532315574   -0.9537848803   -2.8780727449
   6.1451199022   -3.3398688918   -3.6240753764   -1.5491939537   -3.3062934469   -2.7714505446
   2.3551378066    3.5731528136   -1.5436295467    3.5209857916   -1.3782065745    2.6885333606
  -7.7731978192    4.6439045906    2.6891025859    3.3987461216    0.0423083694    0.0957908424
  -7.5987321143    7.6439999558   -0.7141234220   -3.5331581523    0.8880916847    2.5436879297
  -4.2589964548    5.6753173734    7.3741599002    2.9251439337   -0.5079099021    2.0598749861
  -6.5674352019   -7.4489762884    7.6041817377   -3.5963915342    0.5921018751    1.2715186694
  -1.2396618723   -3.6545671137    1.7754208419    1.4376082866   -0.5338343919   -2.3766784737
  -5.7683384451   -2.3416872294    3.4182124028   -0.3551779437   -0.1955863742   -0.0985200683
   1.0377449269    4.3664574428    1.6793431778    3.2549731593    0.2504267152   -2.7949547150
  -0.3236546879   -0.4633449596    6.5448869685   -0.7072947524   -1.4119701648    0.7203800288
  -3.7284520425    1.5918731608    4.4596929015    0.8264719825    1.6749895460   -1.4705302079
  -4.2352314783   -1.3290561762    6.5272373159    1.5852171681    0.8710316931   -0.4099377983
   2.7747675864   -4.6658401936    2.0962833850    1.0043549223   -2.5839078293    1.7070045146
  -1.8476448879    3.7868572537   -0.7637214879   -0.1287735588    2.3205987287   -2.1361655848
  -7.6948751061    6.1375465884    0.1445911059    1.8935696207   -1.3434434827    0.6379892159
   0.3728077375    4.7793375498   -3.4831182579    1.5295755981    1.1749654699   -0.3416580684
   3.4678301921   -6.7784853758    3.0653405962    0.1424417399    2.5319373122   -0.6989950510
   2.6090561181   -5.7774480283   -7.7961579082    2.7935376258    3.1803920361   -0.1143796976
  -0.7535217290    0.1359638442    0.0312627014   -0.5912790660   -4.6007056547   -0.6284151969
   8.1980303103   -7.8864044577    2.3874644371    1.3386530383   -0.7487847535   -1.4540923753
   2.8051647173   -3.7158405211   -4.1523438239    2.4231427923   -0.3315381264   -0.5118624931
  -3.5293952397    0.1847529971   -3.1539256670    2.0479605846    1.7262112556   -3.8342778144
  -1.5872159303    5.3190536726    5.0827465583   -0.7129945802    2.9393192289    1.6729378387
   5.4250021109   -2.4254495165   -3.6415062216   -0.3257256920   -1.6993694527    2.4875194094
  -3.8401786596   -6.8230883180    7.2755816878    0.9426713401   -2.5737234140    3.6132181436
   7.9603817117   -6.3786484241   -4.8414857624   -0.1278185983    2.8394220894    0.6343643606
  -2.9980428011    8.3297651930   -8.4978916520    0.4211726030   -2.2712371675   -0.8655610891
   3.2958894202   -1.1466945697   -5.6075831785   -0.1341449645   -1.4241609169    1.8334355238
   1.1876200423   -2.0194685705   -2.7991191290    0.6653563555    1.3591384931   -5.4126584517
  -2.6440993117   -5.1951183867   -2.8485401293    0.6675519595   -5.3832360165    1.3807702744
  -7.0105202960    4.3379881139   -3.1845838611    0.3874434307   -0.5080643566   -0.2030217302
  -3.2837531731   -8.0973036717    5.0600080545   -0.3871319754    3.4972481327    2.0905329040
   5.2637888189    2.2570870549   -0.1563832419   -1.6405569737    0.9927098541    0.2833310480
  -3.1648779127    1.4580841973    1.6719539124   -0.4304956549   -0.8393682957   -0.4871391997
  -7.6673762020   -0.6711374291   -5.4089349934    1.0649869105    1.9763997896   -2.9779147135
   4.4249195529   -3.2592896254    0.2713650118    2.5553653838   -0.4735267603   -1.7481114104
   0.3376876603    0.9320254428    5.5634945951   -0.3052548906   -0.3496186061    2.1033908715
   5.6651209141    6.0662332457    1.5663144804    1.4772748365    0.5021710483   -1.3951658310
  -5.9629995091   -2.1999154070   -3.0722285748   -0.9370479105   -1.6352040308   -3.0853186638
  -7.9912088306    3.4219833838   -2.4445749133    3.9596773262   -0.5216750715   -0.0436234351
  -1.8702327677    7.7077591148    0.9315405416    4.1231061639   -0.8636243232    1.7142009884
   4.5094476522   -2.7555753900    8.2366324871   -1.6202238886   -1.4946933448    3.6482038560
   6.2157165126    5.5318063662   -3.0685756447   -0.7713458231   -0.4730123517   -2.4777281468
   0.6487684830    4.9848046456   -5.9010202215    0.1128334781   -4.0193663837    2.6211267729
   4.4736521308   -1.1011422179   -3.0992023653   -1.8025619475   -1.1130120292    4.7092263555
  -1.3918874985   -3.6740655619    8.2170732628   -0.6352701341   -5.6904884551   -0.0276143624
   3.5032201414    5.3937942205    5.6703536628    3.1231471192    1.5404161231    1.7501003236
  -1.6986973110   -1.3547620414    6.9319159020    0.2513814698    1.9648342072   -1.5205090626
  -3.3973825757   -1.1299443496   -7.8635861681   -1.2598436486    0.4503132805   -0.6754945836
  -0.8766482659    3.5012556386    1.3315440716   -0.4430119318   -1.2385997517    0.9981110249
   6.6362888356   -5.5559619797   -7.3991856258   -0.8596621196    4.3569172557    0.6179522586
  -1.1288974414   -0.8686563068    0.8211779365   -3.4874216438    4.8205555941   -3.8121042560
  -8.1830358606    1.3694520090   -0.8345363940   -2.4191780286   -0.4281303388    0.4862525671
  -0.4635708517    7.7071871976    6.4270698066    3.7107958919    0.2289975208    2.2771073163
  -4.8208309283   -7.5288111163    6.7605787775   -2.1494402634    0.0697767304    1.8980229566
  -5.9527934035    1.2404872013    8.4345012204   -1.3511316936   -2.8783470496   -0.6402170370
  -6.0846753151    6.7989930647    5.0853256731   -1.4921493084   -0.2671429769   -1.0966780038
   6.9168551496   -5.2747171375   -8.2891317296   -2.7402999697    2.0774432872   -0.9645262972
  -0.7599998644    8.2398663388    0.6831006984    1.3533112756    3.1352954228   -1.3214144649
   8.3441305372    1.8914218262   -6.4044397319   -3.5166393058    1.3137142493    0.0432911823
   1.1950743958    1.9615193292   -3.3443422414   -3.3460318478   -0.1004010574    3.4531021970
  -1.2767793528    6.6975931370    2.7891876685   -1.1407609531   -0.1452035640    3.4041193605
  -6.0320968306   -5.4444983571    3.4735667660   -0.5113698694   -3.4893160248   -0.8025250642
  -7.9858384247   -6.3863449772    0.1180006209   -0.9500939824   -2.4622561663   -1.2861196769
  -2.8290809227   -4.2319632780   -1.2641826862    0.1362745761   -4.3316110127   -3.8659680436
  -7.0940055627   -4.3622677843    2.9189479544   -2.2299118169   -2.4583996555   -0.9426639434
  -2.3110624741   -6.3687864627    3.4047566430    0.9138802541    0.7816755144   -1.1457714250
  -7.6825683084   -4.2412982279    1.1708279668    0.9528911034   -0.7491029608    3.7495625684
   1.2069806198   -2.5482945648    5.4595590343    3.4575611445   -1.6709116782   -4.3982556524
   3.9199556697    8.4404260372   -4.0912422667    0.3979668832    4.5053118442   -0.7390570125
  -3.3230261006    2.8181901676   -0.6133500693   -0.3316390920    0.1562937323    1.7867074513
   2.1194355035    4.5070155290   -1.7176537314   -0.4976012162   -3.7360262442    2.0996419694
   1.8825318987   -4.9464371746    5.5326857559   -3.0316603124   -2.3663106606    0.2359349380
  -5.2682028770    0.8616609603    6.2943192067    1.7513677305    1.7302694054   -0.0149076068
   5.2806805468    5.4749327071    3.5555399559   -2.0739888606   -1.2663574558    1.6402758098
  -6.5117675086    7.8414400299    3.0782852155   -0.0910054965   -2.3824044638   -0.2176464366
  -8.3272869570    3.4396353032   -0.6694839699    0.1337454660   -0.5351080936   -2.3997282977
   6.2843905828   -4.9536244028   -3.7541812797   -1.4550934361    0.3559414635   -1.0683174468
  -4.4182786674   -0.2674551187    1.5954156099    0.2986940874   -1.4842006910   -3.0061657969
  -0.8795423721   -4.2345372548    3.8609102316    0.3389228414   -0.4448406307   -1.9774614807
   7.1234894381   -2.0142411900   -5.1104025895   -0.5180696860    0.1843669232   -1.5364346699
  -3.9989109700   -6.8798741984   -1.8552676488   -3.7676615058   -0.7621162850    2.5623930646
  -2.5230580033    2.0944296022    2.6033801753    3.8509749333   -0.4570083140   -0.4844580373
  -5.0554776682    1.1702765117   -1.0588436381    3.0804149628    1.9982689094   -1.9995076231
  -8.0859238733    4.1584572146   -4.7448972228    1.8547710896   -0.7371132900    3.8940018826
  -7.4627059045   -5.0947818093   -1.5730758425   -3.5795213530    0.8665513516   -0.8174663106
   2.6502799359    0.5898528168    0.2965181768   -1.5395190279   -4.8605666870   -1.1552486664
   6.0223113769    4.1015196682   -0.7616007194   -0.3256878588    3.7916608850    1.5213932373
   1.1810106731    6.6569804158    7.8056424828   -3.0672663109    1.4034745437    2.2167454076
  -0.0740825394   -7.8961621370    2.6627971467   -3.5314860496   -0.6947023425    0.2196647571
  -7.2973382801    0.0508553908    3.2976206292   -3.6846512048   -0.8083468855    0.5143614660
   2.3467069130   -3.8008118997   -3.3711861380   -1.8288642457    2.1795881271   -1.8641193132
   2.4348649521   -7.1315528150   -5.3759614810    1.8460240177    3.2390925723   -0.9550538840
   6.9798797901   -7.7245264694    5.8093657317   -2.0116654580    4.2878148528   -4.6169414382
   3.8362745900   -5.6136689623    1.1563660742    2.5556394418   -3.9968112906   -6.0653742190
   5.7766147930   -1.0031378330    3.5706422624    1.3393630054    3.6870569344    0.0205794208
  -0.8555850124    7.0358253434   -2.1737183576   -3.2471061576   -0.8784485211   -1.4456822150
   8.0442126395    1.8563309822    5.2067327036   -1.7204084415   -1.6650001335    1.3010190743
  -1.3787041286   -0.3773659486    5.4878944163    6.8498058954   -0.9239833475   -0.6031177335
  -3.7545488306    6.7216829787    1.8764053884   -3.0277800954    2.6025446006   -2.3929887347
  -4.3433459704    6.3280938198   -7.4117037250   -1.2332157864   -2.9273774145   -0.5701187116
  -0.4175458710    7.7021261733   -4.8356379711   -1.0972634273    1.5892996493   -0.6226521137
  -3.9390801871    7.3695993147   -3.5998320098    4.5216007749    4.3146294934    1.0237739166
   1.8766573108   -3.0637976963    1.2486371131    4.2402784281   -0.8612402861   -0.7585380930
  -0.4407402456   -7.7981135380    0.5484636743    0.3791204540   -0.3704496328    2.5308697367
   7.6867540317    4.0682062820    6.9459133211   -3.0489933934    4.0981351145    2.8773913527
  -4.6017250293   -3.2529525012    7.0088733067    2.7496907570    1.1857812379    1.0836979604
   6.4592930364   -1.9743668286    5.0193979579    1.2689398551    1.4691023927   -0.7694141073
   2.8710707499    5.8079649173    0.1467490311    0.4994847703    1.5444219201    1.3671453381
  -1.0584649837    2.7157499338   -8.4699425371   -5.2084030451    5.4139417928   -1.2555939917
  -0.2164947212    6.5332648634   -7.7472057372   -2.3609212702   -0.2214682682   -0.1722330065
   4.9608311147    6.4431687461    6.7225993093   -0.8455596693    1.6193426640   -0.1697762779
  -5.2909895296   -6.6613237691    5.1612011260   -1.8864866152    0.2251056865    0.1716093077
  -6.5313497926    2.3897089794   -8.4647658238   -0.4259141980   -1.0256851843    0.6544314423
   7.8987445109    7.0970316096   -3.1209401148    0.1978961106   -0.4507020840   -2.3973236713
  -7.5243482978    3.2463192180    3.6287041507    2.4410379816    4.9586352280   -1.2097552753
   5.0805330416    2.5960145836    7.6102394700   -0.6010921042    1.8662148452   -7.4611643085
   5.4368188705   -6.1181431987    6.1258660558    0.1062316753   -2.4018709210   -1.8322576227
   4.1973640281   -3.4893678098    5.6005624624    1.8750906420    2.6696893884   -0.5037508300
  -2.1720301266   -0.1057118694   -0.2868834154    0.0203408428   -0.4218101711    3.1412381728
  -0.5798850396   -8.3581667323   -1.0548652861    0.3592643947   -1.6248443630    3.7487261513
   2.1056463113   -0.5362404591   -3.3016718933    4.0147812520    2.0206208469    0.4280913595
   7.7000676690   -0.2549284114    8.1589597521   -0.1403518863    1.2974971685    0.3460560596
   6.7629743642   -3.1641279073   -6.2006710583   -0.5783554697   -0.0118767445   -3.7350495053
  -8.4160434805    8.0805863246    0.9983905893    0.9489512299   -3.3115461369    2.2484880478
  -1.2137414718    5.8602858578   -7.3672403508    0.3176816915    3.3619292783   -0.7880424090
   7.5691055057   -0.1776905119    1.3940056689   -1.9775056089   -1.4854213673   -1.3929909158
   7.8179799005    3.7633994511    0.4501942519   -1.2071335351    3.2667643152   -3.3868895243
   1.0392285580    8.1034944318    8.3525556067   -0.7002772581   -1.0077304062    0.0124447793
   2.7315224870   -7.4195673089    6.6020508621    0.1523805912   -0.0434549667    2.0899654380
   5.1738095576    6.2086500488   -6.8626291132    3.4443016349   -1.1766390126    2.7812233845
  -7.6665385297   -1.7495204989   -2.0766641935   -3.4850366657    0.2550415348    5.7249472559
   8.4947959998   -3.0982672974   -3.2869789590   -0.6151214981   -0.4019211103    2.0373137715
   4.2289438155   -7.0503520697   -1.9105432844   -3.7497595956   -2.5311436691    2.0446294775
  -1.9837340866   -8.2686435813    3.2121171359    1.4612041324   -0.8231769816    4.7729266363
  -0.4635614739    5.4736283722   -3.4554183110    3.1632677219    2.1245905019    1.5085953837
   2.6452183290    5.6374055075    1.6434242379   -0.8098436955   -1.3468970677   -1.0690812672
  -6.5661053092    6.9250431599   -7.4146994723    1.7964427090    1.4939704863    0.5294437841
   7.4954533293    2.6142063277    0.5845962396    0.1658073324    0.2165276585   -2.5209198323
  -8.1999164760    2.9065873102   -7.9522145196   -1.1408406844   -2.1471096856   -1.5078641102
   7.0051163739    5.2119837403   -3.6646742436    1.9959170677   -0.5145282787    1.4416837690
   0.9454590789    4.4176333286    0.4010361460   -0.3294085809   -2.3657675451   -0.1871647355
  -2.2467294258   -4.3066476448    1.2386115343    0.8042106183   -0.3471155298    1.5666917852
  -6.9367755896   -7.7142337567    5.1985366751   -0.1463252219   -0.2351408998   -1.3628319156
  -0.5037896433    0.7653343017   -5.1108767360   -1.9315581134    1.6795534021   -0.7061240539
  -7.0003979481   -7.0765377467   -3.6014828556   -3.5312185080   -3.2143169812   -1.1569604716
  -8.4921438416    6.0838434739    1.6134681594   -1.3671457889   -3.0363581078    3.8521394072
   4.5231715635   -0.1976798359   -7.0206982271    3.0641629009   -1.1110239930    0.5627689406
  -3.3842877209   -3.5206204691    0.4262010111    0.4311846110   -0.6892906475    1.1041351137
  -3.0367535704   -5.9414756104    7.6250433944    0.0582440859    1.8222140625   -1.8283888581
   0.2053746675    6.3661958322    1.6665706022    1.0284141890    0.8890931913   -0.4147111518
  -4.4380436710    0.1559744847    6.6354487148    3.6623561804   -0.1528341690    0.2255849649
   1.1093643429   -8.1719123369    2.4965087977    1.1195448513    2.4032524689    0.9132610145
   2.3596151880    7.3290738064    7.8331190415   -2.6778921918    2.3922323473   -2.6047621566
  -1.4555650404    5.4935576163   -2.7203660470    2.0063232144    2.4179693713    4.8398412429
  -7.1132937340   -5.3352178401   -7.1119156218   -0.1223281752    2.2402713895   -0.6563730764
   5.5309835915    7.4289784180    0.1136810317    6.7053371083   -0.3328448410   -0.6078434831
   0.5639562366   -3.3863734532    6.6167139466   -1.1800949368   -3.0783633537    2.2887873163
   7.0286235918   -6.8478734733   -5.5043207216    1.7486991703   -6.6651025226   -0.4264253171
  -4.6757674808   -2.0850321440    8.5081334422    1.6777286461    4.1632283960    0.1512736248
   8.3586353675   -5.5026362274    6.1490717555    2.8630422607   -2.6428172057   -4.2627549964
  -6.3769074886    3.5578638328    7.9209811309    2.9419664706   -0.7102811197   -0.4620614040
  -3.9143231891   -5.1156993136    5.3550737621   -1.0969032437   -0.3484680516    0.1299444115
   5.2725722372   -0.9843397014    1.8578385496   -2.5782890325    1.5224143887   -0.5040517776
   4.6616578743   -3.9323266262   -5.3234279815    0.3228588202   -2.1585237061    2.9718582226
   1.0117378327    1.4193127953   -7.7393916473    5.2377342580    0.1313434876   -0.4557788522
  -4.2352542391   -0.3298751346    4.3727016507   -1.5664725627   -0.0410002474   -0.2474834251
  -3.0438439778   -2.3365599241    0.0721978416    3.7329087955   -0.3924738865   -2.7249055481
   6.2070972504   -0.1359272762    3.5929977328   -2.7165197876    4.1206399454   -0.9024268074
   7.8859622365    8.2971649214   -2.2510369281   -2.5178183532    2.5204387450   -2.8699985848
  -5.0842097092    8.3298104000   -8.0930218396    2.5525194490   -2.4064170906    0.7964669764
  -7.9986073430   -7.4733636971   -7.1827436193    1.8941792250    5.8176973578   -1.4807626617
  -1.8374515159    6.1761601295   -1.9947985272   -0.0638552139   -2.3393946896    0.8459221030
   4.0011222041    5.8554237333    3.0331144388   -1.7797250883   -1.9256301624   -0.4815140535
  -0.1186050002   -3.0641332382    1.6357285445    1.9698366218   -0.2265811774    0.5963650471
   2.1426713308    2.1815769366    5.1288477402    1.0556010953   -3.5862966120    2.2428037976
   3.0814301086    1.6338050391   -1.2156582825   -0.2590089820    1.6427470421    5.6549671857
   3.4085159096    7.1282332417    0.6101047085   -0.4780093573   -3.8566084343    4.3165937092
   5.2418117066   -2.1087244026   -2.4792787007   -0.6131811713    1.2438016868    3.9354975851
  -6.1975027646   -6.1695018229    6.7223825264    1.7514054994   -1.9968028138    1.6857398871
  -1.8738276401    5.1783793353   -0.7314319868   -1.6970280656    1.9699543951   -1.3301506906
  -7.1153640917   -0.2018531184   -3.1978915258   -0.3532118694   -0.4981375498    0.3191114366
   6.0116656939    2.1864010896    2.0513280764    2.7482051195   -0.8160464055    3.1066661261
   1.8576097109   -1.4324117253   -1.9075049630    0.4522227632   -2.6471353555    0.4830977228
   4.4049677927   -1.6486488583    4.6728761488   -1.4051984117   -0.6331345535   -2.4213063315
   1.4926105440    2.3545773457    1.9797517022   -4.1236652572   -4.0058398433    0.5187950373
  -2.0367697455   -7.9784807071   -4.7068231351   -1.6470327819   -2.1721714865    0.6927832735
   4.3783150582    4.6055904106   -4.6785941107   -2.3377756225   -0.3896092412   -1.1143783948
   7.5746881778   -7.6029010207    3.8480851042   -0.4960933748   -0.8011577458    0.0472788377
   0.6285910440   -1.3702261861    4.9703400770   -4.1820178709    0.0780675455    2.2834388124
  -0.4534872977   -0.5977390609   -2.0703451952    0.1019610481   -4.2440194712   -1.0211071340
   2.6697241135   -0.8032567526   -7.7072528720    0.8574664723   -0.4628886263    2.8935163645
  -1.7102789118    2.0703316051   -1.1301279539    1.0650770653    0.4663156196   -0.9917166939
  -4.3814926966    2.2417717571    6.3139402459    0.4209856073   -2.3389681875   -3.2628327338
   3.4797460853    7.7643958314    7.9334565012    1.0743246461   -3.5016309442    3.9398814672
   2.6271387148   -0.0841334084    7.6167429879    0.8107197005    0.9467731058   -1.3220762640
   3.7095868106    0.9370186735    1.8694062000   -1.8423309849    1.9100794493   -1.9311799904
  -3.9315784749    5.5355937613    6.1800399128    2.2796684800   -0.7786197733    0.8143477015
  -1.7573528720    6.7177546678   -4.8829579154   -0.5111874929    2.6563620127    2.1079761854
  -5.5781345444   -5.0187100627    2.5415709175   -0.9834333548    1.6382232460   -0.0833761071
   8.2112166030    5.2355264853   -5.1693597312    0.7577741245    2.1538635236   -1.0424490021
   6.8259441761   -3.0512367887   -8.1439304101    2.1893214297    2.0846597643   -0.9093130880
   6.2581220025    4.6699113634   -2.9320172004    1.3348256044   -1.2682550470    0.0564976734
   1.4380554037    4.8587267516   -3.9996408968    0.1281324877    1.7889620846   -0.8968226816
  -2.2376605799   -7.7669842241    5.9442843662   -4.5625682919   -2.0874466231    1.3375233336
   8.1598931937    1.6228825074   -7.4603857413   -0.1548034184    0.8834218173    0.3484767410
  -0.3466507881   -3.3315251581   -2.9035858627    0.1806174784    0.2093372118    2.1044043608
  -4.1296642729   -3.3890430108   -6.8480025372   -5.3585258588   -1.5953092668   -1.9711491759
   2.8258356697    6.1444787317    7.0467848117    1.5835134089    0.1240883118    1.4722667605
   6.7453282678   -6.6712396916    6.5940935932    0.5902643577   -1.0601555219   -1.1888704393
   4.2960740627   -0.1357515971   -3.1712110382   -1.3981806984    0.9105113150    3.3312051680
  -3.7377685038   -6.3950831730   -3.0707843439   -0.3471211534   -3.7246507842    0.8159110910
   2.4072796084   -2.4331840992    6.1496227314   -6.7835944947   -2.1666278949   -1.4955916194
  -8.1605716392   -4.1581314539    5.8105097956   -0.1300710887    0.8525414913    4.3671578800
   6.7830048402    4.5968472685    6.8161365014   -0.3408687133    1.4752606647    1.2121971315
  -3.0498353102    3.2612193172    6.8158107663    0.3872027864    0.9484572125    1.6270825560
   3.0240994017   -8.2485680637    4.8322981856    0.5612226531    3.5777775186    1.2770772600
   0.4251228267    3.0137966136   -5.4656567767   -0.1415339036   -1.5360842116   -5.0992149605
   0.8917739225   -6.2002440467    5.0087744761    1.0289978141    0.8370757634    0.8084040070
  -1.3401751396    5.8584550051    3.2578518808   -2.5615681133    5.2075127461   -0.2027064527
   5.7580431823   -0.5622935783   -6.5192419943    0.6291503105   -0.3158134744   -3.1760957379
  -0.6222071308    1.1304264567    3.5778165251    5.7226112328    3.2864904869    1.8122546061
  -8.3528706352   -1.5000783953   -1.2556530300    0.4568657522   -2.0017683221   -1.0985655305
  -2.9200668679   -0.2723891818    7.9864185965   -3.0113484768   -0.2084510561   -0.0150025397
   6.7583396834    5.2081828296    2.6476920245    2.3013148259   -0.5167177142   -0.5852925242
  -5.1480065904   -6.9162761770   -0.5566164412    2.3597511680   -4.2927299205    0.7181454316
   2.6648013266   -2.6406278184    4.7078513257    1.1642003122   -4.2844643568    1.7110265090
  -8.5376726313    6.9157997449   -6.7677836377   -0.1416861860    0.0991525762   -1.3187325966
  -1.3026081986   -1.8672448829    0.3498592749   -1.0688221254   -0.9634827847   -0.3505761119
  -7.1649285130   -0.2347047921   -1.9720923401    5.6112409704    2.4609918609   -2.3132548539
  -3.6689488349    2.4141719119    2.0916757094   -2.7762795527   -1.3775816840    1.3003887090
   2.0088263387    7.8399665699    0.1869732465   -2.9225103256    1.4349156971   -1.0814821911
  -8.4841866454   -5.5297813705    3.8257665047   -2.5307534948    1.9002292338   -2.3218429403
  -5.1453637852   -5.2147889350   -7.8290755532   -0.3174136577    3.3568201324    4.6809277120
   0.7201821611    2.5817274156   -4.3076714799   -0.0419282779    1.1372002753    0.6491982755
   3.2887231903   -7.5063158265    7.5768160080   -0.5413027929    1.9079685037    1.6204044997
  -6.0251947710   -8.0202382526   -0.8430461671    3.6482539126   -1.5510479019   -2.2080587244
  -6.8326564108   -1.6506896940   -1.6591758025   -0.7031701874   -0.1990539717   -1.8251652897
   8.0724019480    0.5833593676   -0.0872981477   -3.2671812954   -1.5580371530   -0.7847365655
   1.6045999723    1.1968759629   -6.8542145069   -1.4751059490   -1.8346927181   -1.3731387696
  -8.2144094431    3.8267596529    5.7530891397    1.8324653243    2.8430308587    0.9807217655
  -5.7424878334    4.6541018110    7.3172077788    1.5121530613   -1.6165161386   -1.0176195701
  -1.6950159154    7.3779893427    7.7388960986   -1.0586932333    1.9728031436   -2.0648421777
   6.2650920550   -4.8414328795   -6.7772301701   -2.8244800064    2.3894891954    1.1864994732
   8.0865294164    8.3327349790   -8.3657441148   -1.6246713856    2.4823623085   -0.8638749509
   2.4635628507   -2.1238396354   -4.0189811625    2.0657474330    0.0947111668   -0.1095567311
   7.0382380371   -3.7147194869   -4.6925966531   -1.3244330874    1.5303927102    4.0297562595
  -6.2860523225   -3.3990794507   -3.3591913656   -3.3271349493   -1.6689123936   -1.3393876692
  -5.8353929087   -0.8342049501    5.1137182940   -3.6970834607   -0.1362409172    1.3522283367
   5.9036702508   -5.9405691268   -2.2051646154   -2.5960319854    1.9986822358   -4.3595725925
   3.5892162677   -6.5198554042    5.2694189878    0.6657851919   -0.8727071430   -0.7422319055
   6.6410643465    0.5253701456   -0.4311507605    2.3416974689   -0.0487983174   -1.3152440682
  -7.5432002492    3.0777121461    0.7345336579    2.6911622643    3.4352779110   -2.7449389260
   0.6864555609   -5.5775425359   -0.2534589929    2.4494591931    1.1845154912   -0.7757179833
   5.2452856941   -6.1081096805   -5.7182456864   -0.0519090630   -1.1753902406    0.6322924060
  -7.0518948840    0.7140456453    0.8272073039   -2.0173114207   -0.7413737017    0.0571877889
  -1.7739961743    4.5272907544    8.4609399622   -1.6233820010    3.3154948458    3.2688713105
   5.3160703556    7.7923661856    7.1478644628    2.2020976271    1.6493869163   -1.7350873587
   3.8490713337    7.3828615500    6.5032421342    0.0316394340   -1.0330215972    2.0259619294
  -1.1941733739   -5.1739136500   -4.8361020801   -2.1012818682    4.0088547894   -0.1632961763
  -3.4202714817    3.8018728788    5.9923233508   -1.2005681744    0.6366305487    1.0996884031
  -2.9242732833    3.6380560273    4.5188710790   -3.2064355335   -3.5640298464    2.2493424114
  -7.2939645450    3.7996133779   -8.2546833243   -2.5858795443    1.0228542317   -1.7432508597
  -4.4393919045    6.0985697286   -5.7500395993    0.3507665505    0.7248987603    1.2712818093
  -2.2082875029   -5.7649100363   -3.5981021786    2.0649826160   -1.5044822187   -2.4082258638
  -4.9182295190   -3.9188534124    2.3457667373   -6.0894844475   -0.9728521942   -2.2884741589
   6.9287819587    4.2104092255   -8.3509717343   -1.9032913193   -1.3244157159    3.2158569657
   4.0866772783    1.0109078686    2.8111888777   -1.1015546067    3.1444581069   -0.1671734236
   8.4159023700    3.0325286740   -3.3242414926   -2.5085009130    1.4293306879   -1.6838340238
  -8.3556814345   -2.0174986423   -6.4930367125    2.7378180420   -1.3300706019   -6.3829065823
  -6.6948939890    5.0272884884   -0.7812501904    2.0345202482    3.4017407578    0.2337725110
   8.0321108889    3.4998328104   -6.1329125513   -4.2350192190    2.6607070465   -1.2849429503
  -4.0011529834   -5.3760015902   -5.9652548503   -3.3093484018   -2.4435167262   -3.0098920424
   4.6109326127    4.8688085347    0.2777052371    1.1154101895    1.9019780894    1.0636857047
   2.3372272886    3.0383915558    3.3886825808    1.2704855376    1.4623707889   -0.1262223696
  -2.4071775127   -2.1093920476   -5.0160309785    1.2962308591    0.4151687052   -1.6057433916
  -1.4622410863   -7.5255445250   -1.3211275825    0.0412415198   -0.3096383877   -1.6678124651
  -6.1616255629    2.7335355340   -3.3870093456    0.1169443762   -1.6046044279    1.6176244399
   3.6598947419    2.3068447940   -5.3106892410    2.2210848917    0.2109925399    0.6775635676
  -5.7253270774    3.0114610338    6.7558827930   -2.6023662212   -4.7220101289   -2.7774783967
  -1.1712603077    3.7293174478   -8.0623269015    0.7711791284   -0.0854569855    0.2354222346
   5.7551518666   -2.5374552761    0.3211116816    0.1611885555   -0.2558050326   -1.6254473678
   0.0086457748   -3.9759388087   -2.1418853096   -2.3593108073   -1.0430817829    1.0767375807
  -0.3178806522   -3.1500769003   -5.0606971189    3.4024904015   -2.2061583959   -1.5243556413
   2.1252327941   -4.3992263673   -4.7241937347    1.3548255595    3.0411599256    0.7220307520
   4.5296715454   -4.9406627068   -3.1037199211    2.1098056300   -2.2318002372    2.2293634966
  -0.7855938860   -5.0341658683    0.6631869106    0.6097020503   -2.1463436512   -5.6966063864
  -2.9011914797   -4.6549146719    7.0482883260   -1.9929367084    1.5132549406    1.9457899171
   2.2779414583   -6.2006639737    1.7473559678    1.9428799932   -4.8476877043    2.4192290389
  -8.0770668251    4.8841044567   -8.2973886699    1.6535024188    0.0280581578   -0.0017012245
   1.2959936548   -6.4793974901   -5.6287542433    1.5766219742    1.4409297538    2.5340141975
  -4.4054642756    8.0933647886    2.9414936318    2.0727351577   -3.4718404221   -2.8287649739
   7.4540057932   -8.4566422663    0.5985995367   -4.1378354147   -3.1446214849    0.1497664490
  -7.0620021191    3.2629577596   -2.6547827979   -1.8602052075    0.5109075770    1.6697376595
  -7.3047919750    0.9395970856   -8.3721286890   -0.5058870625    1.9178691828   -1.9687235054
  -1.9419636798    2.4676976499   -4.2481213100    1.3091452797   -2.9445792728    0.6851071914
  -3.1115462104   -6.2003630871   -1.6351327837    1.4623338902    3.2288438730    1.2015008587
   8.4151615362   -2.5937128065   -4.1947106916    1.6302875994    0.2855697376    0.1769284865
   4.0991480822   -7.4943711409   -0.4102769416    0.7584644033   -1.4032001969   -1.5795817833
  -6.0833821137    5.9422096881    2.7951813520    1.8423318472    0.3317943315    0.0532316968
   4.8935286504    5.0904213405    2.4788054487   -1.5134879977    2.9117144567    1.3750826355
  -7.1794818374   -5.7068981193    6.1496592427   -1.1445200203   -0.8342348874    0.4611364384
   4.1522006304   -6.6664160186    1.1172154417   -1.7287021767    5.5069230005    4.2530275220
   5.2021820186   -8.5320221474   -2.0490509281    2.0499371650   -1.8276066410   -4.6468457641
   5.2465236300    7.1328201176   -7.2540035572   -1.3810200138   -1.2116847765   -0.2181785929
  -3.0829618727    4.0886348954   -3.5351229930    0.5467484129    1.5826034693    3.5946929118
  -7.3631689789    7.8577474590   -1.7689688724   -0.6710122849    3.8785458177    0.0373307577
  -4.6769812170   -0.1199435214    8.3042173438    0.5273678144   -3.5590900289   -3.5955729342
  -4.1506213946    4.0738867072   -7.0468969617   -2.3843783360    1.2888750246   -1.3304435382
   8.3333489825   -3.0240573818   -5.3479543086    1.5017623360   -5.2063198877   -0.2476480801
   1.2729619515   -6.7514655104    6.1822108305    2.0601699497   -4.0874676268   -2.0866462899
   4.6948559592   -4.5213483580    4.0252635010    1.7680936357    0.4564390261   -0.4848820589
   3.0524297944   -6.8855939457    8.4836587404    1.7900965623   -0.2788172314    4.7471819365
  -2.1131762301    5.0677849130   -7.8670085712   -4.1494484096   -0.9278228708    2.5440886178
   7.7250309368   -1.7383200810    1.0717442216   -0.7728010973    3.9150650881   -2.3379818169
   7.2951133700   -1.1920919214    4.2372464475    3.7085805550    0.9472852533   -2.6200430506
   3.8423510356    5.5331978393   -1.6207872148   -3.1277402444    2.4593645419    0.1976310092
  -4.1047085029    7.7976582056    7.5106074451    1.3678266029    1.7771357154   -5.2039247173
   3.7428166020    4.7555510498    2.5578799897    1.7137075957    1.1143968580    1.5711176393
   4.6022840297    6.9227336192    5.7482463339    0.4121710564   -1.2397383717   -0.9845264624
  -7.6169375551   -3.7573132685    4.7413836889    2.2716400468   -3.9581677253   -1.3640401505
   1.4305775038   -2.1313694109    4.5247777611   -0.0671348833   -0.1247675070    4.4454935478
  -2.6725025957   -7.1345959604   -8.4190876401   -3.5893994109    0.1705050719    2.2282744316
   7.3222856136    3.3466594682   -7.0001369851    0.6825838232    3.2741549033   -0.1185352531
   6.3157047091   -2.2221365088   -2.5697224458    1.0044770135   -3.9578874252   -0.0891878333
  -3.3596992224   -5.0292140040   -0.3758789689   -1.7624991994    1.5140711943   -1.5979273704
   3.6805400586    4.7677103889   -5.2962353919    0.7486132214   -1.2044673178    3.5111704110
   2.8539653863   -1.1847067156   -2.0815423148   -4.7079301737   -1.3481432806   -0.5784838454
  -3.1392154164   -0.5772493592    6.4297744181    2.1504491950    1.3844006205    2.2963454464
  -2.6625945850    6.2036724375   -6.1320444949   -0.1260988412   -1.4549612089   -1.7024712325
   4.0851825158    5.0796941970    3.6120862944    0.3338664970   -1.8816727525   -3.3611576644
   7.5251603809   -3.2189085835    5.0255230292    3.3954393019   -0.8869160436   -1.4791813543
   1.5541143378    5.8369408293   -2.6146671987    1.8192853086    1.0655770878    1.0722783556
  -0.6388322008    2.5645067944   -7.5387351351   -0.4237438164   -1.7814989241   -0.9183968434
  -1.1885935517   -0.5698254616   -7.8451573289   -1.4907577978    0.9609805004   -3.0179670751
  -3.8580387324    6.6568782974    3.6966116782   -0.1636884720    1.3025175475    3.2112420738
   3.8860089688    7.0351600938    4.1900539235   -1.5830510769   -5.8052389008   -1.3536626694
   2.9038406833    5.3338385891   -2.8541307255    1.3440445161   -2.8998052143    2.5051870400
   0.3716488267   -4.0493055351    3.9643957328   -1.4757141594    0.1275151980   -0.2402065484
  -8.4999321311   -3.4667205570    1.6925881196    2.2949697135    0.8179089692    5.5836927400
  -0.8767598035    4.5691490814    7.4906504297    1.2367759956    0.1701444973   -1.3357195075
  -2.1467767425    2.9805445824   -5.4228213095    0.8903568726    2.7484706924   -3.3521939952
  -1.6920422513   -1.7818182772   -2.4311520643    0.5147086856   -0.4970815823   -1.8614417761
   4.0784988067    6.1911486927   -6.1472699937   -0.4290736741   -0.0744230813    3.3940749564
   1.6530216212    6.3348382601   -0.6144414494    0.6785309487   -0.3486091175    0.4193711723
   0.7831127727   -5.5537700361   -1.1805820789   -0.7157239000    0.1784138656    5.2041063716
   6.3934169589    4.8310615510    5.1573817830   -1.8510062615    1.4156349189   -1.7734618172
   0.0041861979   -0.5571192365   -5.4020264121    2.3632279090    0.5602252589   -0.7551588737
  -1.7780498038   -6.0662527008    2.1064286362    3.5609382425    0.2080439120    2.7586124604
  -5.1869992425    6.5699665320    5.4003809230    1.4139830685    1.8534710982    0.9297189359
   0.9213792792   -4.7441326844    2.7770635909   -1.2646806883    1.7895356107    1.8814466787
   2.5731515374    0.2886708650    4.4122998708   -0.5359638132   -2.4441999580    1.0889799026
   2.4783713855    5.9715976329   -1.0821252654   -5.5469605676   -3.5579093621   -1.0976144300
   2.7415557527   -1.0386780238    3.2168604953    1.0983778603   -0.1358175640   -2.5616046979
   5.4766826261   -3.4835730488   -7.7032327757    2.0497561946    3.1711120856   -0.1846627696
   2.9520261276    0.3845702576    2.6038098623    1.4956348476   -3.4824080292   -0.0729292807
   1.8594905105    5.6226013932    6.7131793198   -0.7891270596    1.5422945426    1.6242506798
   1.7625697866    3.5686096202    2.7213492674   -1.5871614363   -0.0819811166   -1.1076230214
   3.7033057416    1.9011526299   -4.3422901486    1.3993084029    1.5038945029   -1.6824725057
   5.5482013359    7.9035527830    4.0970446298   -3.1150237304    3.9450483051   -3.3383393269
  -7.6136446212    3.2450074384    6.5656998121   -4.1675786929   -1.0905692508    0.2890300472
  -7.5452394805    7.1309357964    7.0716735919    1.8546063280   -2.8468866735   -0.9197928213
   1.4390171294   -0.2870408006    7.5271967070   -0.6703457894   -0.0064617777    6.9184376468
  -3.9717775302   -0.8868407795    5.4086782792    0.9420130273   -1.2462050535    1.7761519387
   1.9611088285    1.1459637891   -2.2203595076   -1.9308233923   -2.0997008326   -0.0503616639
   5.9952656938   -4.0515917745    4.5110879770    0.9810487838    1.0621108169   -3.5336333300
   3.1251184984    8.1515403614    0.3472387197   -0.2552396126   -1.5058719634   -7.5821267464
   1.0443025268    3.6494520341    5.4362280176   -1.7465852196   -1.9137816905   -1.0805483124
   5.7687505964   -1.2617190956   -7.9856866815    0.3384465523   -0.9238463962   -2.2800915615
  -3.1582653414   -1.0461612363    4.3796931027   -1.5233356581   -0.7208573988    1.1044384423
   5.0576883247    1.3673954311   -5.2391758008    2.2656524440   -2.7860950476    1.0387679612
   2.3650086902   -7.6667506841    3.9361506677   -1.3424300848   -3.3351519608    0.2440400373
  -5.2010670307    7.6454111376   -6.3149487605   -0.8220351335    1.7511599989   -1.4952803471
   1.5421023400    7.9529718700   -3.6031571008   -0.2721569857    0.1274399585    0.2062431422
  -6.4752162420    7.4292518295   -1.5356340060   -0.6365670212    1.1229027186    2.2586613081
   6.3513785583    4.5821881730   -7.4322775613    0.4022052769   -4.4880215212    3.3417668910
  -2.9235072151   -1.8574738131    5.5614078442    1.5649999085   -0.3282203092   -1.6160294829
  -8.2623147924    6.1045710174   -7.4556281068    0.5166241303   -2.5417573216    0.3222253682
  -5.1939865778   -5.8244589393    1.0910733671    4.2354372930   -0.4088930500   -0.9288635355
  -2.9780364819    0.3941346153    5.4063021621    1.2812571278   -1.8577551438   -0.2259260718
  -4.1516824734   -5.7301057705   -7.2612205706   -1.0699470819    1.6909028420   -1.0399848639
   7.1666194580    3.8898156565   -3.1803470540    0.6572516241    0.8003329975   -1.4929649491
  -4.8223446613    7.2226434210    6.2657959282   -1.5093068387    0.2816508742    1.8875707203
   8.3990169479    1.6991006892   -4.2962011112    0.9053399862   -2.2166792471    4.7161793304
  -2.8834433585   -0.9712955977    0.9657926519   -0.3247960639   -0.4966761930    1.6365204275
  -5.4162804254   -7.6315957607    1.6842998298    0.3206462938    1.1101501783    0.9217786578
  -6.1060442965    5.9872083182    1.5501448207   -1.8953407665   -3.4622489811    2.3443591796
  -6.7534832042    2.8594563656    4.9666953949    1.2924098172    0.8810734943   -3.7339647953
   1.2811453642   -6.4992502488    3.8265595431    0.6270151421    1.1724608049   -2.3355928657
   4.1497046496   -0.7340060472    1.5644838008    0.2554420406   -4.1297738002   -3.9110368441
   1.3963340711   -7.1297116207   -3.2347113662    1.6284597078    3.1252404649   -1.8277088001
  -6.4816920251   -7.8452232563   -3.1089156448   -2.5868473247    3.6293527502    1.4839133460
  -1.3545402527   -6.2013216191    4.5215978501   -2.2657587411   -2.0844213090   -0.9036693597
   5.2255894081   -1.2929010354   -0.1213453750    0.2299437259   -1.2549809346   -0.8660924435
  -8.0485447144   -4.6095556273   -5.9383696556   -0.6700290780    4.4021370923    0.4363411798
  -7.8238788944    0.8692447195    7.0556006234    3.7618047304    0.5644699760   -0.4182505803
   2.7599634680    7.2481965982    4.2620392144    0.1547175337    1.3961669865   -1.7324837093
  -4.1637858638   -0.3235239667   -6.8056868834   -1.2242774775   -1.8987644240   -4.1430246494
  -6.8247600228    1.7644483788   -6.1615788216   -0.2580054477    1.8747232422   -2.1637626257
  -7.1847111009    0.1150270588    7.7363250075   -1.4275795158    0.4831958318    2.7028513817
  -4.8464847847    3.1201652530    0.0512297416   -0.1657030772   -1.0168049326    2.5864237148
   2.2535895557   -2.3953948206   -6.5386626240   -0.4306026196   -0.9203065659    4.1005301042
   2.9434539129   -6.7763686086   -0.7934865903   -0.5605179479    0.7579468210   -1.6046322212
   4.3535669545   -1.5934272529   -4.6899271193    2.5325173518    2.3524411268   -0.5154199582
   7.7373849887    4.5997048015    4.4803070955   -1.9380666894    1.5697504451   -0.4957426520
   2.3550703283   -0.8285499574    8.4198915345   -0.0828774904    2.5047007761   -6.2796178597
  -6.8617765938   -8.4455753175    2.1576406111   -0.1233355191    4.1885041330   -1.7774439578
  -1.1918474503   -0.6223142537    4.5554742419   -1.2511613696   -3.0163162838    0.9566969810
  -7.5907631890    6.7565385147    8.1194714351    2.1130900549   -0.5894262904    3.6002007242
  -2.0005417580    1.7401702641    7.5586345105    2.8853597935    0.2659026010    0.1780744361
  -7.1783493299   -5.7973254575   -6.1951112778   -0.2731889420   -1.6740562358   -0.2871438202
  -5.4153320087   -2.1629498172    1.7527850740    2.8504535035    1.2920597696    0.9320943695
  -5.0896120182   -5.0734004919   -6.5064029064    2.4188402051   -1.8733229283   -2.7053903820
   7.8707717883   -1.8022118967    6.1066926176   -3.8940731450   -2.6229713360    0.4596520526
   1.6545224652   -3.4571056154   -6.2104060351    0.4273376145    0.6027740053   -1.2840889936
  -6.2069692901    5.7864912918   -3.0391396768   -5.9077921616   -4.0861174508    3.8914038614
  -6.8597250490   -2.5809558166    5.5265733209   -0.1415710278   -0.6040827768    1.7105559717
   5.8308422442   -3.7324969147   -0.0682533595    0.9456287240    1.4816166438   -1.9195090848
  -2.4895076893    5.7812412472    5.7599853407   -0.9242465426   -0.6549349711    2.0840395437
  -5.4082780711    5.4547110557    8.1317369310   -0.6590489514    4.4474564315    0.8526489430
   7.5313534118   -0.9720521133   -3.1404862953    3.1804838273   -2.8909879671    1.1091648119
   1.0640501161   -2.1298078067    3.3817087477   -0.6230977445   -3.7902740084   -1.4346617395
   4.5164435654    3.8224143736    4.6551387760   -1.5953355938   -0.2487383700    4.1354610714
   1.4447314759    0.6104521262    0.3977714846   -0.0502085025    0.6546216961   -1.6593189341
   1.7568334855   -7.2284341890    3.1753297678   -0.7485729124   -0.9211209480   -0.6942129678
   8.2603762614    1.9972961267   -3.0623355932    0.4562247573    0.8160643712    2.5001782288
   3.8375974487    0.3436173726    4.0383784086   -3.7111439454    0.6852477092   -1.4212984578
   4.9135899676   -1.5213268143   -8.5074036174   -2.4099292143    4.0103335584   -0.5931942015
  -7.9102293047   -8.4987943154   -5.1674727795   -0.4203406303    0.9522812327   -0.1158073353
  -7.9027019431    1.3773966299   -5.2334223497   -1.1001468950    1.9467156373    2.4054587821
  -3.3981166810    6.9156476118   -7.7780541706   -1.7906008381    1.7128552907    0.1319395479
  -5.1161953907   -1.5305506300    7.1786979105   -0.2014509948   -0.9575975095    0.2760678117
  -2.1575800420    6.4468318932    2.9846464166   -1.3088633538    1.3329624968    1.8178373180
   7.4494229559    2.9311491750   -2.2293881969   -2.9391212584    0.2617790914    0.0248070131
  -0.5518574503    4.3567777415   -3.5898557342    3.4988585601   -0.8254402827    1.4920031054
  -3.1698224598   -4.5051563229    8.2298166453   -1.3814719951   -2.2825637568    2.1389560948
  -5.8486440581    0.9743385204   -0.2221663357    1.1135361691   -5.5854440405    2.2913853116
  -2.0107806116   -6.4006415748   -7.9287311414   -1.0620999788    0.2241731903   -4.8364509211
  -3.2725629176    1.4360979113    5.9524759485    1.3236127964   -0.7297865223    1.6054213295
  -6.2723699290   -3.8307280068    5.9340814595   -6.2847911369   -0.0886988606    1.8538913367
   7.1193975529    6.8410650249    2.3636906498    2.0589652812   -3.5826351682   -1.7360508549
   5.5420689235    3.2155737038   -0.5564011556    0.1648199398   -0.4238908134    1.7810014846
  -6.9085514358   -0.0289681014   -5.3184748854    3.5565282313    2.1535667285   -3.8553289055
  -6.1485116918   -0.1849907704    1.3278193312   -1.0164589378    0.5494426430    2.3934656921
   7.2815913019    3.6534971869    5.2038044446   -0.0609426297   -1.6485462807   -2.2130561783
  -8.4754386753    1.2039704449    4.6671802283    1.4894131258    0.6128225929    0.9970198294
  -2.1496226556   -4.1155678596   -3.9529780466    4.2843495261    0.4589119697    3.0478976259
   2.9104693076   -8.0617987877   -0.4434057953   -2.4077770327    1.9289720140   -1.2527755387
  -6.3656221236    0.4715167440    3.2385496740   -2.3153115402    0.3540392842    3.3650906631
  -0.9990136907   -7.9663452130    4.3425842939    1.9844312662   -3.3946354973    2.8663189805
   2.1467335044   -5.7458192465   -2.9760293141    0.8012966693    1.8489219140   -1.5933319893
  -4.5230269111    3.5902071099   -2.1503479015   -2.9533398831   -1.9551064862   -1.4536030116
  -0.2904327628    4.5718208944    1.9062165283    0.2808919164    0.8784411261   -1.7538941430
  -7.7033523033   -7.1092689065    6.3213290730   -4.9104225612   -0.8495069065    0.1925644774
   5.5406999196    6.0805566107    5.9372682580    1.3509635681   -1.9788113779    0.9545007713
  -4.6212440219    0.3263869436    5.2293631247    3.4514648074   -1.6156656099   -2.3223966617
   5.6347784360    6.8885125630    3.9978653632    2.4492401525    1.9091176664    2.8965545534
   0.6219531910   -7.9486348316    7.8659312469   -1.6091539714   -2.6192876424   -3.2812272068
  -1.1509842084    0.6995204543   -8.1039738692   -0.4806637459    1.8031254232   -2.6977025993
   5.5897687480    3.4840789140    7.2981942786    4.5541606648    3.4164407445    0.2073495889
   5.3988928632    1.1295725198    0.7719955256   -2.1068481849    1.4779233259    0.1487186656
  -5.8262886569    4.5865905966   -2.6039902696   -0.3554932311   -1.8351320458   -1.8334446106
  -3.0694687691    0.2777459070    1.9882900759    0.5863436631    1.5501141039   -1.6244545992
   2.9487905930   -0.3130512915   -6.4340236286    4.1482807408   -2.9035941024    2.6793128903
   0.6442219389    3.4287378412   -1.5431508204   -0.8783592355   -0.2738608385   -2.2438836922
  -8.3626686844   -0.8270831632    0.2578311689   -1.8104498988    1.4189305451   -5.3681986667
  -0.6786002610   -8.5245988379    7.4811652063    2.0104723653   -2.3457629473    0.6212102683
   2.4698912797    4.0418265800    1.8478160944   -3.4255524824   -3.4638354001   -0.1721099643
  -0.6494648455   -6.1439294257   -4.6466262344    1.6435703912   -0.8409384358    0.6615319668
   0.1705974692   -0.3135891051    3.9670593737    4.5004571479    0.3346557749    1.7861633861
  -0.6626726372   -4.4157029685    6.9886349778   -0.0338975482   -0.1006319963   -4.5478180118
  -5.6937419310    3.3890782896   -7.2309612753    3.5148331612   -1.7284065178    2.3108317271
  -7.3306998981    1.3105823557    4.3793644425   -0.6633006451   -1.7798038151    2.8664941550
   3.7775449816    0.6845768892   -6.2359064001    1.5276421243   -1.4730172391   -1.1879852329
  -0.7395739712   -1.7507722729    3.3055594794   -2.4749469134   -0.4149814827    2.4681325734
   5.2620128951   -8.1612342791    7.6125971419   -0.4425269803   -3.0863052151    0.3627763653
  -4.6777533409   -6.6216709192   -6.2966972374   -1.0304643830   -0.6218746531   -0.4327176610
  -2.9645200589    8.5169320699   -5.0105596418   -2.0698563246   -1.2529391739   -1.2336839421
   3.3113691651   -2.0009475167    4.4429203786   -1.9783794014    0.7669834837    2.8984686303
   1.1705854103   -0.7949237113   -1.7427243477    1.1766053316    0.7092286837    0.1523948383
  -6.1154646891    8.2009782491    0.1384032163   -0.0976901954    0.7119199456   -5.4185489868
  -8.1810552957    0.8367138371    2.1187450367   -1.6783617242    1.7626522575    0.9086487032
  -4.4515301839    4.4601274511    8.1355002329    1.1852745454    1.0044946973   -1.8538988567
   6.8898245268    3.8003246743   -1.8041265973   -2.8218989389   -0.4186143582    1.9349627435
   8.1914841137   -0.1804127479    6.2868427561   -4.6970239206   -4.6663222056   -0.9250373830
  -0.2115360643   -3.7609862703    2.5122681900    2.2893767382   -1.3195477758   -1.9842729695
  -0.6572335133   -7.2360940538   -0.5517247597   -0.4837672615    0.9330689594   -1.8346314122
   3.2193133143    7.8560223163    1.8584197163    1.8085821549    3.5092383965    3.2468969285
  -1.2758188442    1.3891977321   -4.4759641766   -1.2289210376    0.6642731845    4.5249108618
  -2.1436803341   -2.8308726841    3.1955675471    3.4103811009    1.4535939798   -0.2803766691
   3.8209306032    2.3353210558    0.7112087815    2.8749287513   -0.0336536375   -0.6494512771
   4.6023915883   -0.6949128704    6.7864857326    1.2276393839    2.0468435819    0.2160555696
   5.2275483764    7.9667676520    0.8839224317    3.7925420827   -2.8023160838    0.6347537065
  -7.1520945654    3.2881443945   -1.1430346837   -5.5475385525   -5.4436873637   -2.1709879492
   7.8585451537    8.3609262500    1.9493806509   -2.3516782631   -1.8764882282   -6.2467589240
   3.4950219215    2.1817525034    1.5687159060    0.0893225599   -1.6328471703    0.7597765138
   2.9483105496   -0.2467384793    1.2836900966   -1.9320303928    0.8671589166   -0.7227848411
  -1.1155724002    7.6332848682   -0.1366928622    1.7235935750   -5.9935535633   -0.6715980182
   3.7646978890    0.3113310977   -7.8934241898   -1.8990754991    0.9083844035   -0.4160461123
   6.6650025119    2.2071295837   -2.1222859053   -2.0440416407    0.6970031289    0.6594884355
   1.5434184634   -2.3406636237   -5.1720993833    0.6785509092   -1.9421378211   -0.9042515113
   6.8707179423    2.2750994935   -0.5436173549    0.6633601598    0.1930507582   -0.6268002691
  -0.3139015811    1.9383040526   -1.1667883262    4.2433521153   -0.5146964485    1.8809213739
  -8.0928763305    7.2287711054   -5.2227305340   -1.6172404485   -1.5994280900    2.4627403707
   1.9649996735    3.6635697221    8.5327737043    1.0906244092    2.0599327689    3.2766079902
  -2.1039039642   -6.4951486107   -0.5093253146    0.3127559714   -3.6519943550   -3.1018260557
  -0.2987137184    5.9119243694   -4.9665234653   -1.7877995611   -0.9512950677   -1.1415194162
   5.8225931464    2.5990919489    6.6341848775    5.6678147617    0.2187911441   -0.5261124487
  -7.5028038026    0.2824784903   -1.2915808194   -3.1918220680   -2.7254375426    0.8355125249
   6.3458676250   -8.3516014046    7.1459973817    1.7396218931   -0.1128507546   -2.5857658444
  -3.6851031946   -1.2193081662   -2.9990938154   -0.5537056236   -0.6129660448    1.8392801555
   4.0098929535   -3.1533821246    4.5481137291   -2.3688872815    0.2591406736   -2.7031369352
  -4.1471605773   -0.9099167823    3.1569558064    0.2806973778   -2.7509948044    2.5001067733
   5.0808009906    7.9946615085   -0.4264496009    1.3724199376   -1.1417897627   -1.3042079624
   2.5382059826    1.6544340682    0.5228111081    1.1083712680   -4.2574130926    0.9612073960
   4.4078381566   -5.3164663224   -7.9677572519   -2.3090063769   -0.4860082562   -0.8676019476
   1.2125840924   -5.2820919220   -7.6815725234   -1.0368832540    2.5807952203    0.8030592425
   7.8010701285   -0.0632471669   -6.7667080965    2.2148322284   -0.4215281187    3.0895648558
  -1.4935598143    6.8017708870    3.7069653834    2.4672948202    2.6105474150    1.2333023824
  -5.9532876048   -8.4143307636   -7.5785987258    1.3890924297    0.0582665923    0.5306482141
  -6.7212859301    4.9210263601    5.2966425848   -0.6509835599    4.8764114255   -2.3560853871
   5.9624213913    2.8806778702   -8.0663997973   -1.6688522208   -2.9382306175   -3.0020589687
   5.1614537264    3.6284431218   -7.0912876161    0.5384312124    2.8201001285   -1.8203014329
   6.8108799062    7.7060160969   -8.2775296052    3.0233545253   -0.8160841699   -0.0656767575
  -0.1613152728   -5.9883150095    2.7296653229    1.9849684558    0.8142127182   -1.0773643007
  -8.1043055193   -7.7348544565   -6.0263373332    2.0328267320    2.0698432837   -1.4380697381
   7.5311882444    2.4947834618    1.7330596976    1.5680617980    0.6505000192    0.3081079810
  -0.6268334284   -6.6778468487   -6.8980959093    1.5994327850   -3.6812520747    2.2487254868
   0.6394495336    7.9906336640    2.1114174370    3.8593585239    1.1991435513   -3.5572780122
  -2.5985710061    4.8839433143   -1.5549612034   -2.3859897125    1.1972365917    0.0542600948
  -1.9359546693    3.9700037994   -5.5878554792   -2.5445862858    0.5372644527   -1.6193646854
  -4.9264889533    1.3126688502   -2.6922184736   -3.1028998992   -6.5027203679    2.4435632773
   0.2011580957   -0.0382081440    5.0690537402   -1.0362865943    2.8238326322    1.9034718261
   6.2978620614   -3.8116493006   -5.5357332777   -1.1125547024    5.7683820261    1.4826988400
  -0.8744571198    4.8081554122    0.7849335285    2.1099377397   -1.0061912015   -1.1851495338
  -7.8556495583    4.6445230935    7.3365407298   -1.5461474803   -1.3875423153    2.8962607155
   4.3304639130   -3.5267774637   -7.5450635768   -1.1016954441    0.6290359019    3.5410922640
   7.1384305149    4.9693147760   -0.2665053883   -2.6123576575    1.1647227780   -0.2138463916
  -6.4832313056   -5.5530537408    4.3643506496    1.4747814823    1.1671362803    1.2096438987
  -0.7444415419   -4.1635860334    5.6014643904    0.8067103290   -0.5009106423    0.8881594509
  -2.9444454621    5.4813315379   -0.7367310627    3.0592273429   -2.4534305652   -0.9068281177
  -3.2679827494   -0.7460902162   -6.8766842529   -0.9896878602    2.0811127309   -0.2624279689
  -1.8662222468    4.2967508848    0.5108364804   -3.0129720268   -1.0746971828   -0.2018002070
   6.2099174132    5.2799525613   -1.5011567196   -0.2160632894   -4.2564062367    1.7046972419
  -6.8352081250   -4.2107829688    7.6492438628   -4.5406300225   -2.7568175931    0.4983571121
   6.9329105688   -1.7582758948   -0.8759880047    1.7790851006   -0.6819765277   -0.5952607774
  -2.0682992432   -1.2696774067   -7.0197347463   -0.0872025737    0.5117596421   -3.8154242786
   1.6676933563   -1.4840607587    7.5619986449    1.9880410144    2.5819823068    0.2090392287
   4.9497893457    5.1548544892    6.6742774824    0.6507185936   -1.5507587615   -0.0828418300
   2.3543534078    8.2484071095    1.6430733584    5.5795582091    3.6240943746    0.2004818471
  -7.8654472477   -3.8995593486    7.2581115825    4.0213802177   -0.5438870194    2.7843607615
  -2.3384649819    4.7415333628    4.2923107719    1.5049744761   -5.5639005804   -0.4622426976
   2.8328169466   -4.1007391958   -2.0700284645    1.1384636400   -1.5342207641   -2.3828381238
   5.4202080798   -0.6861871880   -1.1198478719   -2.0728114855    1.9631846881    0.7067832905
  -3.6355834187    0.8582685417   -5.5696506752    0.3273484211   -1.3810170670   -0.3991963644
   6.6810876875    8.2325697795   -5.6363642333   -1.2700435396   -3.3710988027    2.8712099430
   6.6238499204    2.8450490140   -4.6062390355    2.4129777731    0.5561350469   -0.5020563557
   3.4794792151   -2.3444147072    2.2840922698   -0.0322700811    1.0952200827    2.3606203917
   8.2230994464   -3.6805667847   -6.2907196855   -1.3069220614   -0.3893957330    0.7775851884
   4.6700168499    6.9986034844    2.9953070637    4.2523598736    2.9493394420   -1.6460619402
  -0.3055773200    1.3451041362    2.2686975081   -2.3093616149   -4.0938562065    0.3216548222
  -8.2940573872   -4.1004589365    0.6381394574    0.7584072236    2.6704460420    0.4101886742
   6.0933466585    2.1385542735    4.9474736319    0.3058645665    1.2197042281   -1.1501422588
   5.2561142382   -5.8277516043    0.9076757341   -1.0455804049    1.9446324086   -3.5566981232
   5.0711311075   -7.5735649749    6.7607775339    1.3489542266    3.3778461645    1.5786798295
  -1.8356373615   -0.9302659277    3.1723798627   -2.6764369213   -0.1457907502   -0.1850301136
  -5.7872832427    3.2211546925    5.7118803101   -4.3945270213    1.4167975306    3.2936378802
  -6.6852510729    5.1355969599    1.8185580838    0.1728421773   -2.3568944990   -2.0088390107
  -2.9883275518   -0.6973709867    1.9298329192    4.0251400242   -0.1891050954   -1.4127029098
  -4.3298477510    1.6112833738   -5.9655675965    0.9962439234   -1.6574496307    0.7738282471
  -2.5195523906   -7.5355955926   -1.1581822563    3.6687803636   -2.6256785119    2.7017467283
   6.4870022585    0.5826074216    6.6785661815   -1.6608058555   -2.9365176671    2.3062353196
  -5.8304948932    5.5495123412    6.4830203709    0.1312412948   -0.0655659726    2.4102033094
  -4.6182597356    0.9305046153   -4.2169828900   -2.6088874559   -0.6472043496    2.9638374871
  -1.7544257383    4.9443548685    1.8757503933   -0.5939001508   -0.5575025027    0.8128270199
   6.9143804791   -6.2813432636    3.2113298540    4.1037142141   -0.5132474875   -3.0330740258
   2.9971090964    6.5008756941   -5.3006168799    0.3463647285   -1.3883307543   -1.8432556348
  -7.1008906063    1.1940643899    3.2836828932    1.3857450338   -0.4750350318   -1.2203704715
   8.3058511417   -6.6237698785   -7.6043339671    2.6279652040    3.2853134538   -4.5927046977
   5.0132892765   -4.1439171926   -4.3473190463    2.9827780692   -4.6218386899   -3.6485168989
  -0.0098801952   -4.6518453246   -3.8632222294   -2.4586633667   -4.4315067638    1.5451993227
  -3.3130095037   -3.0753128272    5.2555706983    4.4812954719    0.2651169426    4.2257337326
   7.5990148546   -3.8903331815    6.0460732552    0.4881592635   -3.5575004765    0.5522460650
  -6.6154015811   -7.6820041541   -8.3266014936    1.1614962964   -1.9193307378    0.7031053284
  -5.0750955439   -6.0748069870   -0.6971601545    0.3545272156    0.9150103448    1.1361732808
  -2.4405819091   -1.8736786655    1.1649490223   -2.2471547276   -0.7589787203    2.0568657883
   6.2708497997    0.8789316802   -1.6306749886    2.9380752739    3.2320231478   -0.4879135792
   7.6498454688   -0.5772024060    3.5085983156    0.5267639571    1.6460046358   -3.8325521349
   2.1596599121   -0.4578648023   -6.9150505346   -1.3552901409    3.7177269427    0.2354788505
  -3.1499618079   -7.6288214927    4.0733444911   -1.7533369199   -4.0705716707    1.4548127505
   6.1191243754    1.9769989478    1.0079318230    0.0534443674   -2.7181469670   -3.4781355058
  -1.0757809514    2.5131452918   -4.8319305450   -4.4844204137    3.0570142462   -0.2032976455
   7.8178997831   -7.1841894455   -0.9250180768   -0.6893776397    0.9729971235   -2.8785310722
   7.5757292734    1.4116203272    0.6759285647    1.4579399521   -2.1195046098   -2.7219245504
   4.2060347235   -1.9227440478   -0.8428198348    0.8935079745   -3.1942568793    0.0105922446
   3.2148136695    0.5043867551   -3.6673688866    0.0373385250   -0.4379808097   -1.5537646856
   4.1537963673   -5.1187245407    7.7441662900    0.6849488975    3.7235136818   -3.3880486799
  -7.3172074250    5.0569370717   -5.5964562790    1.3455279686    3.7644643037    1.8264826142
  -5.0537076911   -2.9058297556   -6.3062783263   -4.1289991571   -4.3679619363    1.2766645205
   0.1799491560   -6.8405561674    8.4228885032    0.4472961894    0.6047918524   -0.1692269133
  -1.7864437016    7.5119249570    2.0671378544   -2.5830631482   -0.3345813835   -1.8515564868
  -4.9711922593   -4.0449487174    3.4983377004   -0.6425312729    0.5659397322    1.5534980726
   2.4061955040    4.1316529323   -2.5195859271    2.6791727284    1.6038903463    0.6338276395
   1.0319103348   -3.0621772224    4.3448110546    0.0443749255   -0.9071818070    2.6171305908
  -0.4714321626    8.4049617909    1.6807646112   -0.9222139925   -1.6469196597   -1.9681368432
   1.8037753026   -7.6504954087   -4.2142241341   -1.3053315457   -0.8712794236   -0.7680132267
   0.2204717123    3.9780041811   -4.3126354385   -3.7804362661    2.7036660071    2.1377363046
   0.3360845047   -5.0662478110   -8.3406879852   -1.1083804910    0.1810994333   -0.3140762851
   1.5242741957   -7.9497099043    6.6779432554   -3.2815579866   -2.1963930553    1.2709279812
   0.5757018241    5.5388056494   -6.7335371971    0.9800256738   -2.6303932356    3.2520198118
   2.0453054301   -1.1444117547    5.8678384849    1.4129853585    2.3857836628    0.7814286656
  -6.2409178236   -4.7686863017    6.4629571759   -1.2364999346   -1.3046451969    0.5820584233
   7.3761206015    7.4332982058   -0.5865009677    1.1369506658    0.6145731940    1.9812773163
  -3.9881598091   -8.4904634298   -6.0855724710   -0.9978809372    1.5734767515   -1.8911272536
  -7.0569418984   -7.1195959910   -1.9383110459   -3.5804237250   -4.0566476180    1.6673163956
   1.0629484655   -4.6114565593    4.1537794265   -2.0932310253    0.0408236410   -0.3747584509
   2.8703729077    5.2065623734   -5.4811951312   -1.9326407178   -0.2746937066   -1.9952743229
  -3.9385357753    7.6719964522   -2.7148271554    1.7904224419   -3.0418801809    1.5004160546
   3.6917065942   -4.0001165403   -0.6390241728    2.0517295078    0.7311697530   -2.7773541273
  -5.8050247701   -1.7310496019    6.3637212063    4.3328632245   -1.3222313884    0.8384980457
  -3.4063563053   -5.9630223074    0.8472093302   -3.9708162033    1.6488814235    0.7504947495
  -1.9785186184    7.2772055826    5.4412190275    0.5562012163   -0.8680183676   -2.6804994677
  -2.7503449546    1.5828105031   -0.3892501808   -0.8421122012    1.1013659653   -1.5446226413
   0.1607434653   -5.8218013434    7.8429082357   -2.0347810816   -0.4940282361   -5.8491198452
  -3.1676424416    7.6063197694    1.2026435150   -2.0048185023   -2.8345905081    3.0518197903
   4.6709570592   -0.5320145384    5.8100582192    0.0464333873    1.6885357459    0.2480527552
   4.0536967354    0.9323122047   -3.9767566184    0.6919275716    3.7486272404   -1.0266390153
  -2.4175692445    1.2175776081    3.7429840704    1.1497640555    0.9882480586   -3.2330047202
  -2.1256080333   -4.5276709477   -5.3869671229    2.2646287738    2.7095921656    1.5933193598
  -4.2498048821    2.7678636368   -5.0178644760   -1.8816978442    1.1990361054   -2.6745640816
  -0.6358486650   -5.1808916066   -7.9103871454    0.8741029176   -1.0259873733   -1.1453671099
  -2.1161355015   -6.1397407895    1.2533309181    1.4182132148   -1.5289698682    2.4209976294
   0.0217195458    8.1835433706   -0.0463585840   -0.8088919072    0.7399185193    1.9415511672
  -0.0702012607    0.8495359551   -1.0631413903   -0.4843448862   -1.0044568382    1.6853270953
   0.6062570771    5.1906265473    2.5014719964   -1.5511528585   -1.7598147973   -1.1620839837
   6.2709966067   -3.8070113613    7.3862949979    2.5884819298   -2.2188934853    0.0032531430
  -2.4774348603    7.2645512494   -4.3196071010   -2.9381457918   -1.5256031767    2.1294244000
  -7.2880593972   -5.9951469076   -3.6047600595   -1.2799640521    4.3590340421   -2.4084502397
   0.4743597964   -8.2506175477   -4.8225017318    4.2498115845    1.7792052084    0.1223726766
   3.9887348882    5.8683181421    7.4209020264    1.9467350593   -1.1864274648    3.4333783915
  -7.9023176829    8.3800260162   -6.8959259424   -6.5476757854    0.6207279996    2.4126695289
   0.2091168341    0.0818446013    7.1969917137   -2.0492442782    1.3021750879    0.1736064281
   5.0149717088   -7.2241769529    4.4316390869   -1.9223680218    1.5095198034   -2.3380595665
   1.7761521558   -8.2116743687    5.4415728249    0.4225359736    0.6003695756   -1.8130989053
   0.9819607170   -7.2679602973   -5.5189611200   -0.1495764695   -1.9883823648    0.4101635931
  -1.7317347941    3.1077035581    0.4134129583   -0.2429029472   -4.5476789032    2.3959570164
  -7.2117653224   -7.0211352575   -6.6476662735    2.8561606316   -2.7548926208   -0.6747474887
   2.9020469762    7.0055235128    2.9649673812    0.0100522686    2.8442628107    0.3772130432
   5.3562589536    1.5745127061   -6.8719383400    0.6686032980    3.7198863328   -0.1617229152
   7.1681843019    5.4073998880    0.4938373578    4.4635188565   -0.7913399923   -2.5488121194
   6.3542626359   -8.2263997447    4.4041612633   -2.5650481464    2.0113547852   -2.4841545301
  -2.5026334227   -2.5683608577   -3.8035129884    2.0694884456   -2.0373596445    2.3516045207
   6.2224813671   -3.7675259758    1.2480897905    0.7684771694   -1.6904998808   -1.8169346105
  -1.5458109403    3.2942970991    5.3109983911   -0.2967390686    1.5309782089   -1.6065564218
  -8.1739669794   -3.1580388905   -7.0470184255    0.1304699099   -1.1317400293    1.1274035080
  -4.3636139532    2.6805307722   -8.4519209684    1.6943200503    0.1796749334    0.4661589608
  -2.1372102329    5.1944702033   -4.8443795972    5.1213603106    6.5445543375    1.1568619409
   8.1877143969   -4.6317637274    4.8855142493   -1.5518026884   -0.1717813788   -0.5998526683
   2.4319504475    1.0375013577   -4.8500575759   -3.9135854196   -2.7635900872    1.3843173431
  -1.9575234161   -5.5891809364    5.1841958264   -2.3686688918   -0.3101844620   -3.2661426123
  -5.1110228722    4.5043932387    2.5832578752   -1.0425323847   -2.3558976388   -2.4987970210
   0.0647484453    7.0402782817    7.4497815784   -4.4249460105   -2.5278066944   -0.0663624623
  -0.8492924705    5.0241233874    8.3238088493   -0.1398274487   -2.6607780552    1.1896859921
   2.4666352749   -3.3545488278    5.5954789299   -2.0032519501    1.4164366185   -1.3035151091
  -5.7787338253    6.8413993104    2.9438582028    1.0741416189    2.4801112449   -1.9458728964
   8.3126202800    7.0880165809    7.4452556038    1.2250598887    0.5186025265    2.2287738038
  -2.0937261571   -3.5931352320   -2.6651928199    1.3922573314   -0.4766966784    0.8568587849
   3.5013986069    2.8358915296    2.3732841974    0.9538207078    1.2742509691    0.0264041498
   5.0480357324   -2.6992945962    2.8106611002   -0.3347516028   -0.4287812005   -0.6145895898
   1.1059566920    2.0313486506    6.4830726427   -0.8937242462   -3.3916233569    0.5926202765
  -7.1134703673   -2.1091752648   -4.8267496294   -0.1016319786   -1.9092546868   -0.0282248591
  -5.0126628209   -2.9658246598   -7.6813714803    0.9157568958    3.7637402631   -1.4342097735
  -6.9398600510   -1.0541437242   -3.6626610597   -1.4564574479   -1.9715850809   -2.7916574962
   6.6783658978   -3.2705747424    3.4858892008    0.7743136820    3.7559540195   -0.2736080427
  -8.3058880113    4.0015347777    0.2215536417   -0.7917879049    0.6899444549   -1.7790268318
  -4.2000917328   -4.9748577564    4.3817879632   -0.2220058527   -3.0134888899    1.9001575804
  -2.4173944024    8.3965661166   -6.4599126446   -0.4688559102   -0.3872754676   -2.3909661015
   6.4911081730   -0.4455787936    1.3547670743    2.5247232875    1.3622200448    5.7012469766
   7.6655283459    4.1835828749    3.2925284061    1.5568035127   -0.8684400570   -1.3781755608
   8.1547809688   -6.3352005091    2.5232739242    2.7340341373   -0.5838277960   -0.1529337105
  -1.7476283241   -4.7987022420   -2.3573794851    1.9403954095   -0.0799201657   -2.9265030755
   6.0284873551    2.1959615633    3.2029028629    0.2286565348    0.5667013922    3.6669186136
  -1.8099503395    1.6476968893    0.6316940883    2.7274412074    0.9290700710    1.5324519135
  -5.6628445897    1.7728497108   -4.4508128475   -1.6787144868    1.0653753632    1.6900568231
  -7.1602589020   -4.2677236954    6.4547174825    0.1831048612   -1.2775146215    3.0502224827
   1.8091082390    7.8619396215    4.6642059678   -0.1181382220   -2.2665181253    2.0588717654
  -4.2305399831    0.5577747020   -2.3616269675    0.7277951318   -1.1439331526    3.6479705924
   7.6119371421   -6.3758127806    6.1597844806   -0.8121885793   -1.5754031913   -1.5916258456
   1.3068457892    7.3309618139    1.0530522915   -0.3728347181   -0.6972165037   -3.1550736276
  -6.4143235085   -6.1011608179   -2.4469282407   -1.3658482522   -2.1527730239    2.2776597886
   2.8761321026    1.3397703697   -7.7152475386   -1.3157751658    1.9555576420   -0.2558543695
   0.7803605585   -7.2272889811   -3.8626906886    1.0222565941   -2.8498828669    0.7389487396
  -3.9968366258    4.8368062649   -0.1449359386   -3.8031720601    2.1915090880    4.0503726035
  -5.3244817802   -7.7349954993    0.3884277500    1.5429676464   -1.7313076610    1.3280259538
   2.3801632523   -8.1720072861   -7.3208689576    0.9853727077    0.9382039866   -2.9512201834
  -3.1504582337   -6.4064643714   -6.6235344587    1.4908361648   -1.9010748058   -4.4426363375
   6.0790189818    0.0145010399   -2.2109132547   -0.9877403386   -3.6890725269    2.4896150011
  -4.0751711378    2.7451973322   -2.9130124668   -0.2639066350   -1.4404898245   -0.3473787147
   1.7933052583   -8.3913251192   -0.6877070430   -0.3201337748    3.5175846437   -0.9230407619
  -2.4189176353    6.8243237979    6.0962751057   -1.9928294515    0.5633718724    0.4296466957
   5.1174377083    0.5837252715   -4.5943691043   -1.3324787267   -0.4390248873   -0.9359691461
   7.0139756087    3.6833470057   -0.8121895752   -3.9945166166    3.1495363679   -1.9601021510
   4.9539361814   -1.0669150955    4.1960345263    1.9956656862    2.4886193599   -2.1344720828
   6.7808947970   -2.3110263480    6.4098914071   -1.8269102997   -4.1114080118    0.1714416631
  -4.7184402282    6.9293489969   -0.7999305681   -1.5694020925   -2.7816180820    1.8070237235
  -7.3286174485   -2.0630816929   -3.6734854731   -0.8691743146    0.1439228252   -1.8279552951
   7.1066844486   -8.2369791994    2.1143531571    0.1973548575    5.6164938943    0.3372029750
  -4.3183869777    2.4553007851    3.6044332968   -1.1110689308    3.0520227264    1.8182847664
   8.5462343652    4.4370657594    3.2624701039   -0.9513817753   -1.5165276951   -1.6774536584
   4.7207009096    0.9562083563    7.6438108668   -0.5184094361   -0.3841255103   -4.6943208358
   6.8802226783   -3.3563392315   -7.1572655085    4.4019132044   -0.8527774430    0.6457403833
   6.7572470917   -5.7045341222   -5.0980865938    1.3000810408    3.2406397081   -0.2341758428
  -2.5566209012   -5.5272386467    2.3267768239   -0.3178556001    1.3990310078   -0.3643277542
  -2.0787750486    8.3372413820    6.9912866611    0.2843671465   -0.2536674147   -2.0881237912
  -6.5356849709   -1.7576676914    7.6680664793   -0.2008638194   -1.8641609534    1.1139203334
  -1.0724225450   -3.2067260365   -7.9345069518    3.4492825097    0.1863451097    1.4603498369
  -4.6104559046    3.3102924885    7.2625707048    2.7443624512   -3.7852995664    3.7168966691
   6.7427677009   -2.2450148478    0.7807907985    0.6623183207   -0.1849770345   -2.4177593296
   5.3529377374   -1.4614223877   -5.4197067707    0.1493475197    1.3820074593    0.7827458181
  -3.5479363631   -5.4175338530    3.2767286827    0.5299025056    1.4036436953   -3.6597911189
  -7.8766288950   -4.7377140279    4.2650209158    5.3255553689   -4.5280079205    1.6284788523
   5.3754935938   -6.5949832762    8.1504172172    1.3029926058   -2.6396878971   -2.2004953619
  -2.0745979674    7.1508303466   -0.3042132742    1.2273271536   -0.0366418212   -2.4967936253
  -5.5280119198   -7.5334277095   -6.0752014350    3.8857037810   -1.4580128473   -5.0996729405
   3.6257624300   -1.4068087352    7.9576043000    0.1084320624    0.8095695742   -0.1003727735
  -0.0070610776   -1.4235691425   -1.2115417679   -1.1239054956   -1.2693959908    3.2424847157
   8.3676510522   -8.0022251880   -4.2188247664   -2.4043333499    1.3484256153   -1.8607494336
  -0.1586947236   -2.2172271193    4.0277027141   -4.3910317996    6.3617690862   -2.2011309008
  -0.6368114747   -7.1100536022   -5.7906073282   -0.7991615092   -3.4417575060    1.0488659852
  -1.1415895805    7.0157971347    5.7999520595    4.8455069227   -2.6469175828    1.5972461144
  -0.2315187227   -4.7503964340   -1.2173965234    5.2626760470   -0.7334951761   -2.4418014512
   0.3036344085   -8.2537519757   -8.0231576744    1.6707557379   -1.8062639605    1.0238150051
   5.9841705033    3.2298386729    1.5512789656    2.5075166777   -1.5544374573   -0.4117624818
  -1.2579942514    4.7426249724   -5.0354780511   -2.3755073197   -0.3525874956    0.4205052897
  -4.6578664722    1.3099004953   -7.1994459422    0.7523363078   -0.7523340297    4.1241530702
  -8.1917429924   -6.3726586324   -3.8962007589   -1.0319210498   -2.9484089746   -1.3957014230
   5.8038080348   -1.2057458882   -2.8179436083   -2.2649622219    1.9075219995   -1.1859559807
  -8.0747646637    8.2766711061    3.4260479885   -0.2653847824    2.7164616930   -1.6557618656
  -1.0587346562    7.0634918613    1.9077691493    1.1286468970   -2.8970105034   -2.7753198925
   6.1026824302   -7.4275039905   -0.5764175116   -1.7046387269   -1.3948885556   -1.6551018689
   5.5549822229    7.0959873411   -8.4478747688    2.0390757090   -0.3857536535    2.1438049225
   2.0453391731    2.0473492688   -6.4417394512    2.5170798246   -1.5524004039    0.4712508496
  -5.0923089990   -6.6166970372   -5.4469080271   -3.5689707514   -1.6470670452   -1.8507780947
   4.2803723411   -2.7919584356   -3.7738685490    0.9035738956    0.0399418529    3.4139327331
   6.7859890836    7.0642843905    0.9018429650    1.6790116784   -3.3680067827    2.2163785889
   4.2632442176    2.3102642385   -7.5919391712   -0.4305149340   -2.1894450650   -0.9093648269
  -5.6198944419    5.4761680199    4.9483687164    1.7343663109    2.7119986190   -0.6418608708
   4.9935894112   -3.6938506696    6.7802425431   -3.6606231338   -1.8632559178   -2.1507216203
   7.4906784356    4.6693086975    7.8187407278    4.2152819406   -0.4741070773    1.4893065665
   3.2860972922   -8.1157209053   -5.3178868848    3.1007951517   -0.5328256863    3.0015256056
  -1.6679794291    6.3754022946   -6.6638770653   -1.7232943202    2.4244524906    1.9269244994
   0.1159685045    3.4174620860    2.4005261769    3.0286173332   -0.0632510720    2.8178768133
  -7.9060967256   -6.5625633101   -1.7380137240   -2.4091873444   -0.4442478696    5.5498650421
   3.0758825500    2.4720251494   -0.2965953906    0.2379422979   -0.6558972765    1.9637072340
  -5.4406963112   -0.1643314534   -1.1523981957    2.8185205503    0.0460403898   -2.3215002929
   5.9316189574   -2.7121179005   -1.1621506221   -1.4923617822    0.6248723019    0.6823644379
   2.7740015145   -3.1843445789    1.4710678471    1.3356600278    1.7617633295   -1.5412772124
  -3.5134531012   -5.4401865238    2.3224990053    0.8414036330   -3.2059925544   -2.7077463604
   0.4317515468   -1.6485891973    7.6977412610   -2.1080955202   -2.4437408151    2.1171664091
   4.5127698553    8.0501974284    5.2627375187    1.9943047915    1.4042877912   -0.7408353204
  -5.6547730825    4.7156936078    0.6940445237    1.2971124952    2.4953728255   -3.6657409292
   6.5053991907    1.2071656427    7.7403264940    2.8071299973    2.2562871968    3.2451647174
  -7.5536218696    2.9279704868   -4.3811921547    2.5252828716    2.6336378548   -0.8198833273
   8.1665755721   -5.0145523091    0.4291297728   -1.1225500764    0.0120162515    1.6603768477
  -6.1268785165   -3.7911989237    3.4158317351   -3.4270002184    3.2426848188   -1.6638961039
   0.8219249725   -0.5610770369   -0.2323145654   -0.9270195384    0.3313448934   -3.2191075893
   7.5345606670   -3.5892232093    2.3150959774    1.0319225798    1.9067813949   -0.7817022656
   2.5174455893   -4.8892574083    4.1336397400    2.9499607735   -0.1041609295   -1.0084268005
   6.0318104321   -3.2620805027    5.1972676908   -2.3776710592    3.8240865854   -0.9069869575
  -2.6721959648   -2.9016447391   -6.0594090010    3.2386076932    0.5329836032    0.4388094360
   7.0624372860    8.2779960771    5.1684154391    1.2626753738    2.8109260265   -2.9269719530
  -4.1744594543    4.3791528808    2.0999086272    3.2351175052   -2.5241469539    4.5455303315
   7.3291541693    4.6160849170   -6.3755353276   -0.5873276399   -0.5210965231    2.3344931493
  -3.2865605531    3.1529225757   -5.7289946285    0.5016057420   -1.4778263251    0.9616017207
  -3.4565960234   -2.0258949118   -5.5997940471    2.6662700958   -1.3225257423    1.6374882911
  -0.8028141656   -6.8021908254    1.8838243492   -1.5366484367    0.6851232247    0.1400347034
   8.3775840452    3.9393357698   -2.8853516677   -3.0931680283    2.3072584359    1.0163386338
  -6.6603065267    5.6654979936    8.4528437934   -3.0817841474    2.7716262030    2.5131114796
   8.2559683716   -3.2534462223    0.1759656759    1.6397096844   -4.7150669880   -0.1945395535
   0.5712048006    6.8644117647   -6.4954104287   -0.6565837979   -1.0021643729   -2.0664309544
   3.3424881345   -0.8911706641   -3.1576438530   -0.9174306470   -0.1813761251    1.9666719664
  -1.0739822594   -5.6409153329   -0.5572108129    3.7717837498    0.2608916186    3.0698336287
  -6.5814125001   -7.1364063812    3.9000531834    1.0065048857    5.5558916510   -0.0380662063
  -7.7558159807   -7.6472438403    3.9384990636   -1.1411513259   -1.6041512034    1.2139708420
   8.4795615613    1.1293191511    3.4001668026    2.5208354747    1.8927391369    1.0430563191
  -7.5928082972    2.6898324433   -6.5869586497   -0.9657217929    1.8926244783    1.4693409823
  -1.7980611859   -3.0109583459    5.4017413567   -0.0273615272    1.9268624997    0.6428093736
  -7.5405159361    1.7509129953   -1.7170751350   -0.5030656975    2.1490266167   -1.5261285335
   3.8477463013   -0.5633090024   -1.3586614220    0.1853945786   -2.9615337156   -0.1190421970
  -8.0840017072    6.8703397667    3.5921621687   -0.3384854851   -3.1739251936   -2.5284847455
  -1.9238984786   -1.2581963387   -5.3811743536    0.8324479978    5.4059480258   -2.5499634348
  -4.9472590543    3.1858191260   -3.3954146459   -0.6243697634   -1.2758069643   -0.1109859464
  -0.8163343195   -4.8366409117   -3.0093408016   -0.9979424389   -1.1918814344    0.9391155842
   1.4004651502    1.6250783728    0.8545279124    0.8745987967    2.4542346300   -1.2327458049
   2.9569686869   -2.6391877018   -0.5306415251   -3.1356122939   -3.4004572019   -0.8122674496
  -3.7338389734    3.4551086102    7.7228142320   -2.4115498570   -1.4469183067   -3.6898340560
   8.5060496800   -2.4119606164    3.1888615541    1.8623642909   -1.8190495921   -2.9046000078
   6.1125284666    8.4723366812   -0.6759075649    2.5526894244   -3.5407582480   -3.7688260579
  -1.4087758667    5.6380034960   -8.3637635262    0.4618535624   -1.8935719386    0.7690285598
  -0.7561241286   -3.7173490202   -5.9214386507    0.3466985386    0.8478879022    2.9663697770
   4.8278800892   -4.0218957693   -1.2425221544    3.8106718014    0.6188315847    0.6029155123
   4.3099126244    3.1124342174    6.7253904799    1.4158538543   -1.0220686892    2.4256328590
  -3.8548019082    8.1902267166    3.8818527688    2.1113511417   -2.3560692123    2.4524053209
   5.4347103601    2.1852717977   -2.0265715890    4.3209256976    3.7694827197    3.1223062016
   8.1254020531    3.9171444685   -8.1939799136   -0.2928647040    0.5859145298   -0.3972059342
  -6.0846438732   -8.2322297141    5.5800972814    1.3265073084    0.4523225789   -0.2064997444
   0.6873145872    0.6129465429   -7.0590016517    1.8566393474   -0.0887290606    1.8856966696
   1.1165526164    4.8557305714   -2.8565199490   -2.0289104033   -0.9615810086   -2.8118463052
   5.1762896641    0.5922019077   -1.4262206038    0.4116910335    0.8320097871   -2.8321822139
   5.5284409903    0.1162519781    1.5793405142   -0.4950335113    3.2565800974   -0.3833267215
  -0.2212541145    7.9285239050   -6.2309143183    0.7105868730   -4.3982472926   -1.0536956993
  -5.6720093077    1.1421985478    3.0668246285   -0.8962800515    5.3391005897   -3.3505757211
   0.8755974935   -8.1786890728   -0.0697589245    0.7284605221   -1.1450119209    1.1723547418
  -8.4635179263    5.8348558310    6.8349587315    0.4714672554   -0.6894472214    4.7937850844
   8.2056134361    3.3933375285    2.6464589265   -0.2625313608   -0.8458289205    2.9858749467
  -3.3635652621   -3.3118450035    3.1241147997    0.9758887843    1.5082720249    1.5538892559
  -4.9962457964    6.3084022662   -6.7560047646   -2.7056679393   -0.0495616806   -2.0780082410
  -2.3747792851    2.7462508733    6.1126101655   -2.0429443802    0.4799834349   -0.5141225695
  -5.0138522104   -6.1260304519    4.2924361140    1.0177111889    3.4554665808    3.4953816677
   3.5387381631    0.0101795175    5.5406732980   -5.3601329632   -2.3430730343   -0.1689496487
  -5.9010323018    6.2817127378    0.5209208642   -2.7372408592    2.8295692542   -0.2140675286
   1.9993011239    3.1729913635    0.6671868371   -0.5996923890    2.2973546627    1.5946623282
   7.8125161969   -1.5376856134   -6.1003181417    0.4770435848    1.1574266821    3.6291603220
  -7.6996897099    2.1685522996    3.6262054009    3.7535653643    0.6571855848    2.5356173160
   7.2492987423    7.2007066528    6.7149267350    1.7828755029   -3.2616125177    1.4663159344
