           1000
    17.09975947
  -0.8558417600    5.3570122431    6.6439706790    2.3165572531    1.8157591517   -3.0323624186
   0.3649002710   -7.5529169370   -0.0552224321   -0.8348727300   -3.3112201571   -2.3062149015
  -3.9371207502   -6.8294133218    3.6126695003    1.9432669927    0.8042684270    1.5372527115
  -4.4270789493   -0.6545988031    5.3270622623    1.3444886573    0.3422580862   -3.5436942100
   5.8343362646    8.0007650064   -7.3628239518    0.9166635791    2.9054873715    1.1745717829
   5.8304983836   -6.2465695666   -2.1288901374   -3.6777009721    0.0922936403    1.2211469089
   3.3749412116   -0.2968636082   -2.4847019054    1.9451760699    0.6467409856   -2.5835416353
  -6.7442629641    7.9349541154    7.8119720998    4.4036115985    1.1038236713    3.1356727808
   0.7246505505    0.9819050920   -3.0028485251   -1.9750953241   -2.6288185359    2.5202933437
   0.8561019509   -5.6669959495    3.6596704575   -3.9394877086   -0.7518011291   -3.1464489271
   4.0635082378    7.2985890032    5.0292027937    0.1099620767   -0.0651656298   -2.9621405171
   0.7253424402    4.6724793901    3.3127251271   -0.0694667500   -1.4480438857    6.1192278297
   7.4593908348   -4.5378269914    7.8538889655    1.8214804118    1.8262268256   -2.4982508532
  -0.4155806594   -2.4121687350   -5.0087597140    0.3314856886   -4.0723305654   -0.6667440109
   7.3928433514    0.2790012426    6.9398074021   -0.6895988056    0.8650476514    4.0710861034
  -0.2343280527   -4.4287506546   -2.8003965339    2.0757790031   -0.4020377652    8.4446704404
  -4.7888169390    1.9068507951    0.8282664533    0.0800803185    0.9436335009    2.4245256414
   1.8359227541   -6.0660326228    2.1532723322    0.4180871738    0.9184028493   -2.0855346327
   1.6188512347   -4.2350694734    5.3917452072   -2.4065378163   -0.1794049714    0.0095722963
   4.4147227822   -4.2215563688    2.2957411943    2.4362711466    1.0129769082    4.5630193847
  -1.3261679932    8.3491157128   -6.2330406999   -1.7620173804   -2.2933078872   -3.3761790239
  -1.2653994248    0.7471641391   -1.6406609102    2.9368474893    4.1640348894   -4.1639173778
  -7.1845336561   -7.1986885098    5.4385042449   -0.1416439540    0.1885055307   -3.1176469455
   1.9070558750   -4.9523543110   -1.7899539355    4.0029436630    4.4162209903   -0.9976493785
  -4.4597220987    3.0982685101    3.5676294093   -1.3724947181   -1.0534629188   -1.6468245078
   1.0933304040   -3.3371120023    3.6163137762    0.4386158813    1.4872868749   -2.4203124026
  -8.4375415598   -1.3852793106    4.7265425817    2.6099499549   -1.6567961865    0.5390024461
  -0.5420571527    1.0998541511    3.7275269667    1.5700213824   -2.9708429078    2.2710200005
   2.0699262307    1.8312805931   -4.7716267748    1.0320735900    0.1694197862   -3.2381535396
  -5.1176056835    8.5141484558   -5.8557453757    0.0665934661   -0.0731516164   -0.1504829989
   1.0861260933   -4.8809140283    1.7924530656   -3.9836963547   -4.6875608404   -1.0995987004
   2.3092798951    5.5012277498    7.0583857156    0.6212716161    2.2469488193    0.1861903450
  -5.2455216990   -5.2909101201    6.9296587796   -0.2265857965    0.1728944831    0.3197794983
   4.6870770510    7.8957621376    6.0778790245    1.4779162104   -0.4646729434   -3.7274040082
  -6.6570220513   -0.7746013506   -6.2105111617    1.3504102353   -0.8205676436    0.3333802830
   8.2828033622    6.9817602453   -3.2724764810   -1.3745298180    3.4907399161    1.0940424538
   0.6383414973   -5.9305453484   -1.3237086047   -1.1332641262   -0.7221908051    2.5141890525
   8.2839731745    6.2374913967   -6.7838754515   -0.2198000889   -0.2506862955    2.2725080739
   5.2324242359    6.4856941409   -3.4681294145   -1.5854305589    0.4946224580    2.1955105732
  -5.4818420985    0.7442468490    3.6586878942   -0.8972884443   -1.1498659505    1.2913521377
   0.5349803088   -0.3289503909   -0.2933257336    1.3530410846   -0.4776869321   -0.8149717449
  -6.4060603793   -4.7363050722    6.2762887658    1.9398850884   -2.2810468346    4.6967572818
   3.3818243625   -4.3603280150   -2.8074316797    2.2991351775    0.2148545581    0.0042272234
   0.2478647990    2.7209909044    7.3901332340    2.6559121441    1.5211747394    3.3068729527
   1.5149283456    7.1140527176    7.3580202471   -0.9721090589   -2.4887867770    0.2539875665
   0.0482604969    2.1959866670    5.3996838671   -2.9643175872    1.3067086774   -0.9813510808
  -6.8611265665    3.2042664210    4.3496759344   -1.1267978893   -0.4887971148   -1.9781643862
  -2.1315542262    3.0324720268   -4.4916455639    1.9563244129    4.2613028055   -0.2746383490
  -4.3377784626    6.9971137303   -7.3923285099    2.7102664532    0.8127525875    0.8123624823
  -4.4408131880    3.8767227759    2.9352003689   -0.5551692684   -0.0420517264   -1.1258474740
  -8.0962388463   -4.8698101734    2.8807536170    3.5569056534   -3.9382594470   -3.9357604856
  -2.0281373079    7.9549762972    1.6113681937    5.3861280334    1.3192139514    1.9731080759
   1.8877747049   -0.0613426975   -7.5107065843    0.5322060969   -1.0433811490    0.6951156252
   2.7630452251   -3.4278561508   -7.1976980640    0.3618019457    2.6827876291   -0.5431915957
  -5.8058300231   -7.6780937933    3.6440254869   -1.6247238603   -2.2674619067   -1.8752768232
  -1.5369742595    4.0482410148   -5.7125758021   -0.6071515569    0.3818745290    0.4884613898
   0.2540939034   -4.2064918997    4.9182386646   -1.5278077885    1.1833370181    2.1065864628
   1.2282037278    0.7802532560   -8.3996106108   -3.6004379688   -2.2072752460    2.3431949387
   8.1798140650   -5.9661740566   -2.1635292027   -2.7990894905    3.5291535990    0.9080422009
  -2.4181687491    4.0834083646    0.2707796713    0.4117658749    0.0573227285    1.3931711385
  -5.8658234429   -0.4155319027   -5.9883456377    1.9241356253    2.0650387100   -0.9721073433
   4.6761520416   -6.5019030853   -7.3250460517   -1.2004715572   -1.4425373281    0.0926241594
  -6.7378120458   -5.4155811678    1.5425209424   -1.0380479647    1.5966966490    3.7749794667
  -2.6326470171    4.3395145501   -5.1451782316    1.5600516199   -0.3447804329   -2.2084000284
   0.8706018377    1.8420468774   -4.1034328541   -1.2018430881   -2.7040171895   -0.9747065062
   0.4805257723   -3.1752074081   -2.3871019437   -1.6060737547    0.6243992058    0.9323297562
  -3.8478132964    7.8548858434   -6.4710561400   -0.7259210690    3.9685004093   -1.8754307371
   7.6081778705   -5.0631999701   -5.4702167929    2.7630813962   -1.0033420046    0.9705021745
   0.6249512763    7.9153505529    4.9101975393    3.3542657470   -0.9717298142   -2.8046717609
   5.9872724901    6.4924991512    4.8648706388    2.7909561670    1.0289616038   -1.5903893668
  -0.4156761493   -6.8537535419    3.5107947798   -1.8419539191   -1.9186068461    3.3207840884
   8.1703502063    4.0743446056    2.2323307144    2.6490038925    1.2144565698    1.0910947323
  -0.3341483232   -1.9693422080    2.0945328632   -0.3077290716    1.8672311934   -1.3856711374
   6.4481079911   -2.6572988076    1.9865778078   -0.9259289390    1.9981972589   -0.7566407757
  -6.1314951973   -8.0264189563    8.4826577015    3.3767885468   -0.4297416854   -0.0821207181
  -1.5505952006   -5.0766795070   -6.9252031059   -1.9359879595    0.3150630903    1.1394296933
   1.4544994032   -5.4329408080   -2.5609230535   -2.7635316102    2.1592295909   -2.4879986187
  -4.1538140057    4.3670904494    8.0917677079   -5.4183562868    0.3053983081   -0.3062150050
  -2.7458035388   -7.0423562740   -2.0710144881   -1.6883557606   -2.9043495326    1.6236131040
   1.9302941428    0.1657382043    1.4650850695   -6.0545766189   -0.0956216857   -1.5180673939
  -0.2854131119   -6.2804068012    4.5397230391    0.7499947340   -4.1335509981    1.9632983489
  -2.9985803471    0.8036979087    4.5913861970   -3.3153331445   -2.4140126522    1.3486193546
   1.8957264372   -5.1417796469    0.2389902094   -3.8384316070    0.0059706593    1.3687702953
  -1.6597208292    8.3646591821    0.6179644823    1.7007682195    0.1000325636    0.0431850444
   7.6927565856   -0.0439584889   -6.0436726446    1.2213494387    0.1228972379   -3.6463627596
  -1.8968560087   -2.8375825636    8.3798852152   -3.6971288537   -2.0748229257    5.4236609698
   3.6491783720   -4.7640806277    1.8735263189   -3.2559957284    1.3562579376    3.0967913756
  -7.2069820443   -5.6839857528    7.3840402949    2.2139491432   -2.4580175544    2.1040834070
   2.5663402974   -4.9787196983    2.5712085842   -1.4510823961    3.2960700084    1.2905544128
  -1.1191701130   -2.2468487927   -8.3329994347    2.4661285810    1.2489529554    1.6845576636
   8.4993890824    1.2706765630   -2.4334063960   -2.9849086615   -0.1605790298    0.5863040589
  -4.4101372549   -7.1201879419   -8.0359850537   -2.2582231429   -3.3021206054   -3.8758996224
  -1.4521610973    2.3688195833    7.9350391089   -0.5960812733   -2.2439410212    3.8004762091
   8.2443555711   -3.5614837592   -7.9510477423   -0.3876266021   -0.0438715077   -0.1950329418
  -3.5381864182   -7.4907872641   -1.0483413026   -0.6505290791    0.8307672189    0.3041022993
   6.7349043390   -6.9075631595   -2.4486151178    0.3627907654    0.3206954958   -1.7462566740
   4.1018141358    5.5025179478    0.4477586860   -3.0084012732   -1.4393536029    2.4030890637
   5.9549283883   -0.7063289836    6.2353069910    2.2487068715   -2.3531204634   -4.5190913253
   0.8521282494    4.0306048817    5.7719913070   -1.9255635441   -0.8102481840   -1.9581482350
   6.3176289798   -7.4724584167    1.9278659829   -2.3304615517    0.9995372447    1.6068613270
  -0.1206223074    1.7201944409    7.8593959691    2.4602327306   -1.9329571455    1.8830746354
  -0.9827299519    1.5514837964   -8.2066838961   -0.7662726595   -2.6472900903   -0.5274634537
  -1.5364804139   -6.1209981260   -8.5455099391    3.7368810570    0.9018191858   -4.3038162283
   0.8795507114    5.9066039826    3.6585964178   -2.9119775989   -1.2784610319   -1.4910651685
  -8.5017694378   -0.3860139489    4.3476768541    0.9867648953    0.2121710210   -0.9779167211
  -3.9119294984   -4.2084620608    2.0113290183    1.3890555842   -0.5545399869    0.0352842818
  -3.5364660536    5.9621074780   -8.1459283693    5.0182454763    1.5433823111   -3.0373659997
  -0.2217213038    0.5345975998   -7.1170869100    2.3807271978    2.7234156117   -0.7541092039
   5.8896159576   -3.3007067064    8.5345698562    2.0912418825    1.2677780309   -0.1793396625
   2.2745139069   -7.0930667580   -3.2967427583   -4.7934367250    0.1644575587    0.6373815678
   2.0803110871   -3.0750053487    5.3880621581   -1.0282720139    0.6099835911    0.4180590356
   6.8374266878    2.4813469261    1.5434108246    1.6726227440    1.2792227885   -0.6686571944
  -2.2670671346    5.4637492816    8.1674386037   -2.9419274429   -1.2359976178    0.7296204067
   0.4475829324   -6.0336146032   -3.4025463970   -1.5470892126    0.3114243296    0.1986731364
   0.6389794038   -4.4901178789   -3.5713160520    3.3661084280   -1.1891832827    1.9163784689
  -4.0501369491   -5.7482319260    2.7262736777    0.7190374343    2.0768684591    1.4966434519
  -7.5344266582    6.6881980304   -2.3470993746   -1.9706493772    0.6231527836   -0.7317642910
   7.6161636330    4.8246883745    5.1232194227   -1.3437539824   -4.3122154753   -2.4681430267
  -3.8248787031    2.5422200681    6.0326496901    1.3824138331    3.9492773899    5.9038380376
  -8.3043566213   -1.2725804482    2.8515461052    1.2107608745   -2.2163530655    3.6259268207
   7.2175854339    1.0699934987    2.5014881600    1.9528230520    1.7804601052   -0.5344631257
   5.5910617194    1.5448501318   -4.8419188805    1.5325791843   -0.7360792844    2.2270163587
  -4.5722496727    2.5072199325    4.8348308751   -0.3502088475   -1.4674321071   -3.1592221042
   2.1504694580   -2.5225635396    6.8698804078   -0.6776599039   -2.6983584745   -0.3904159875
   3.9775117744   -0.0583609734   -5.4095531654   -0.8707048813    2.7464973803   -0.7474716290
   2.4965606987   -3.0555632524    1.5928294395    3.8050266923    0.2620284700   -0.0128942408
  -0.7500503371   -3.6990160134   -4.1758891150    2.2211183128    3.2819562233   -1.6752894944
  -4.7010099284   -0.4675220279    2.2534760407    3.7466475847   -0.6155355440    2.2948852814
  -6.1224924486   -2.2606892202   -8.3319770082    1.3586284944    0.9818000221    1.5882048214
  -3.9318310920    1.2989240585   -0.6010621569    2.2737533322   -2.3760970304    1.0218832664
   2.4895982596   -3.7533362104    6.4502993209    2.4867571067   -2.2569687728   -2.2563212875
   4.2550797332   -1.7023420922   -7.8300921009   -1.0033422136   -1.9996980474   -1.0586244818
  -7.0398331427    5.6693607490    5.5664761748    5.0229254379   -3.4563789926   -0.7486583654
   4.6919968827    1.2578635436    6.8909130605   -2.2038874809    1.8314349563    0.5896544944
   3.4097617666   -7.9305643801   -1.9451139843   -1.2048354901   -1.9750012639    2.7104128846
  -5.2469346182   -6.7390958060    3.2175723066   -3.5193121403   -0.1494027309   -1.0605274160
   0.8053707951    1.7084270960    3.1215047875    6.1674671248    2.7003933811   -2.1928082249
  -0.8515563750   -5.5979029926    0.2313193059    1.1993367179   -0.6946125857    1.2750301359
   6.5252847618   -3.7474031657    4.0526536333    1.7668671030    2.4528945567   -0.2696836470
   8.4153027569   -6.2295119711    1.8793781967   -1.4123509782   -1.5060621342   -1.3539681417
   1.7100296053   -0.5787923149   -6.0233861891   -1.7368422585   -1.4279266936   -2.7890793213
  -0.9916462037    3.6760584325    4.2361965413    1.3899466824    0.0686349482    3.0375617928
   3.8608825976   -6.0991092774    7.1814407155   -1.4473317827    4.0888386770   -0.1769029211
  -3.3539808024    4.3885011274   -7.7103012019    0.2313322024   -4.0779439148   -1.1060922351
  -3.5702383174    7.0079510144   -4.2243508162    6.8745120300    3.7033643972    2.3343908121
  -7.9065299794    7.5482087407    6.6057365708    1.5025820595   -1.1641493111   -3.0019963810
   3.1232656191   -1.6364142863   -7.9231709643   -1.4114689265    0.0447992595   -3.9007908085
  -8.3474138993   -8.1876832030   -7.1743205474   -1.4777118248   -0.3396737166   -0.6430084290
   2.8459539098   -8.3786685282    1.9675942749   -0.2469549253    1.4408363001   -0.7148797887
   7.7445788448   -4.4579915602   -4.2958483705   -4.8260827954    4.9580948596   -0.6632948825
  -5.0721983293   -0.6518117287   -5.1454268522   -1.1151420621   -1.0994172981   -1.2099147480
  -1.9608834460   -4.1750074476    5.4328770755    0.7863732284   -0.6824063766    0.4187470141
   3.9740866516   -3.0185083354   -3.8329411394   -1.2138439976    6.0450268551   -2.1982381056
  -0.2293120193    4.1901677979    5.8719289204    4.1823917267   -5.2896183118   -1.9573328833
   2.6739705177   -7.4208195777   -8.1342337177   -1.9125614755   -1.4882601202    1.2555536319
   2.5515827554   -1.7725086286    4.6225014103    2.0481509582    0.5568840624   -0.3442253801
   7.8591606682   -2.1774889509    8.3801503196   -1.4945880910   -1.6524429883   -2.3960592142
   1.8261234999    0.7077709042    6.6212210069    4.3521392969   -0.4433456312    4.5423293963
   5.2272168302    2.7512089675   -5.1907826817   -1.8751644822   -1.1910291476   -0.7186418859
  -5.6685062788   -4.5179230938   -6.9265358897   -2.5462963840   -1.7250421290    1.8698580336
   2.4087890085   -3.6838066595    8.3475122108    0.4416759959    1.0397297890    0.5891987672
   5.5040291505    6.1551503889   -5.8079877559    3.0378915734   -2.5834232964    5.2991833735
   1.8640035214    5.1768529665    7.8072462556    4.1303288290   -2.3239709307    0.2736287277
  -5.2421392581   -3.7097634800    7.1648393858   -2.3618940537    2.4390602334   -0.1239890675
  -7.5337500389   -0.7060970342   -0.8364487175    1.2179839963    0.5421448236    1.0133972051
   7.2358069458   -5.6476740197    6.7195510503    2.1740423976    1.3233037307   -0.0359141075
  -5.7274431209   -5.0210733016   -2.7683655130    2.3789586445   -0.8828080366    3.0260609163
  -1.6338140300   -3.3704909032   -3.4021025862   -0.6576265700    0.1864666612    0.2755496033
   2.2591197002    6.3636146412    7.2403287535    2.9690321525    2.6446605657    2.1801998244
  -1.6013870886   -1.3147751543   -4.5298462470   -0.0730528825    2.8790834567   -1.6085189008
   6.9581162941    7.0548790985   -1.5566560917    0.5724542995   -0.9827245013    1.9152457028
   1.4199190898   -8.5216634983   -1.6590363687    0.4299838680   -0.3106397308    0.3579565069
   4.9859752938   -5.9003453050    2.5560172370   -1.7829908879   -1.9624654692   -3.0776390739
  -6.3845969733    5.6423163984    6.2661083185   -1.2363103261    3.1697368520   -1.1328364870
   4.9954608604    6.7008367341   -2.1522573417    3.0128313654    1.8105613328   -0.5751216473
  -3.3912407420   -1.3641792498    3.0978321067   -3.7915125423   -1.4417130799   -1.2806601415
  -1.4955884049   -8.0900518460    4.9743473170    2.1725706806    2.9296046263    0.7877173780
  -6.6764865063   -4.3021560316    7.5061587057    2.0284051440   -0.5228987951   -2.5797419776
   0.1360352826   -5.3407646162    2.3628877031   -3.6645888427   -2.2509260848   -0.4126741481
  -0.0332994467    0.7872884757    6.9072966190    3.3488363590    0.9121930927    2.5705967950
   5.0141438958   -0.2183042133   -2.4747733598   -0.1859673970    2.3552608922   -0.2025877317
  -5.1804122861   -7.3960616501   -4.7794166906   -4.1523308642    0.2300978158   -1.8937630731
  -2.6728070162    3.8417611106   -6.6530062797    3.8990607907   -2.4781189076    3.7200542917
  -2.3644968969    2.1949571305    0.8903762302    1.7970671282    4.9853799985   -1.4474886705
  -3.2774397769   -8.3056339554   -7.3593135360   -1.7056431027   -3.5939808491    3.9652079278
   1.4444561638   -6.6869652365   -7.4006991297   -1.3929048843   -1.1804225667   -0.3677287183
   4.4002124922    1.5192730603   -7.2183476363   -1.4545320174    1.0848081228    1.5702938140
   4.8663742043   -0.0956681488    1.9070905652   -0.4246685686   -0.1305065962    6.3971239892
  -8.5073414262    1.5800013362    1.9052342917    2.1188925276    3.4693664822    0.6212599032
  -6.2179251691   -6.5730421712    2.9638817892    4.7934065565   -2.1772617601   -4.0176001697
   2.9120777549   -6.2508245363   -0.0053065518   -1.9386604817    0.5979448755    1.4876023802
   8.5171690276   -0.8395401871   -0.1084794735    0.4949703702    2.0876088411    1.4860362724
  -1.8853680803    2.4062533874   -0.2315078521    3.7496278612    0.6012172932   -0.6145210702
  -7.6269983130    2.7743879568   -4.6436406852   -2.5761863923   -1.6703848971   -3.5214626283
  -7.4344776443    3.9149581927   -5.5173412313    1.7200992312   -0.6053173001    0.1333308894
  -4.0331066823    0.9986079846    2.9346268670    4.0418011807    3.3131255084   -4.3121193367
  -3.6732667528    2.7504338639   -8.1216341357   -2.7968420897   -1.3246754841   -2.4643550118
  -8.3706596885   -1.1238814401   -2.1150397549    2.0193699527    2.1123567258   -1.7225580953
   6.1135220879   -1.6286446993   -3.7575353458   -0.2189817788    1.8242937590    3.1249373236
  -5.2950300812   -3.8251260952   -0.4268745529   -0.5196258317   -2.2944241183   -2.8176150855
  -0.1743581929    8.3715738927    1.4752188010    0.6346585985   -5.7768656467    2.7235994276
  -1.7535227038    2.7514378409    2.0475003124    1.3169555629    1.8857112421    3.6220830116
   2.7767249788   -0.0433781062   -5.4160625744    2.4565431039    0.6059954315    2.5076600040
  -5.8938544061    7.3040336994    2.4049283383    2.7239107887    1.1741841023   -0.4308133787
  -2.7517674794    4.2044350004    5.6252549822   -0.9113970446    2.2367976767   -3.8678551543
   4.3720239420   -5.3571830488   -7.2382369134    1.0514585625   -1.5713449001   -0.9058212735
  -7.0522071256    8.0284802189   -7.0196000653   -2.3518141645    2.1490322247   -2.1045846339
   5.3946309013    1.2278702316    5.7580864816    1.4279687488    2.2096362884   -0.7885212070
   2.6703880540    5.2521869210    0.2890390421   -3.6232649191    1.3861061585    2.2156150206
   4.0943477206    6.7190828734   -2.9315352503    1.6768576919    1.1032850915   -1.6717638733
  -2.4094184101   -4.9363268429    2.7919559069   -0.4463495101   -2.3659677810    0.9676360096
   5.0287097636   -7.3133236741    0.0869191955    0.7670205928    1.2180999535    0.7068282780
   8.1150864723    7.2463071028   -4.8249687400    3.7960214932    0.4346721111    1.6363141630
   2.9286627075    3.6204115779    4.0395221446   -2.9590890505   -3.1494342822    1.1960991550
  -4.1254298245   -8.2503616838   -7.7429731324   -3.2921740322    0.2362762836    3.3815457982
  -0.3269020357   -3.0621083497   -5.8938786284    0.9319816588   -4.8453946494    0.1709352005
  -7.6685388673    2.4395981132    2.9067744408   -1.0207186932    0.1631364950    3.2166917729
  -4.6555028053    5.2049296049    0.2979843440    0.2130624670   -1.9230437170   -3.3213783407
  -3.5478202279   -4.0209785457    3.1892649962   -3.3807054428    1.8328744058    0.0359088911
   3.5570602335    0.6594345409    2.3608969569    1.7961709373    3.6958028492    0.9236746971
  -4.1811011448    1.9049857476   -4.1480947157    3.7184863459   -3.3860017016   -2.1335183954
  -0.5491700139   -2.4254699772   -0.2305991193   -2.2808809563   -1.0530807174    0.2980408730
  -2.7234252347   -4.5435597936   -1.9706405547   -6.5179913712    0.6656150373    1.3071903349
  -6.8617655395   -7.5696891337   -7.4025985173    1.2897997850    0.3319751496    1.1226906493
   4.0336968861   -3.9727975659    5.1143706183    1.3593517117   -1.3917154365    4.1574861725
  -0.1895928548    2.2306101568    0.2084794904   -1.1240699600   -3.7887250034    0.4354916552
  -2.7831670989   -5.2874419864    4.1296720108   -3.3765726249    1.6417813492    0.7229727422
   2.1473512125    7.5256039573   -6.2170748884   -1.5935711975    1.9852436215    0.0951027085
  -1.5417424447    3.2935336264    0.8887829262   -0.6320874661    1.1915099934   -1.4435320625
   1.1535508571    1.8080634432   -5.2901425147    4.0531459868    2.5858621638    4.4391962586
   2.7629093545   -1.5515163442    3.0576265597    0.4927299142    0.2925743439    2.9962636504
  -0.8086847179   -6.2690179304    5.4728759417    1.6243220327    2.1063478318   -0.3988071325
  -1.2627777504    2.8525963106    5.5963178787   -1.7503807719    2.1785920714    0.3824356187
  -8.4959857865    4.3579988069   -8.2568795478   -2.6755386821   -0.1199371707   -1.5995562643
   1.8917519069   -5.7244363143   -1.0434853947    1.1110603234    0.7929729579   -3.1500531261
   0.4750248128   -8.5434865217   -2.3834691181    0.8495675376   -1.3247498139    1.8959100787
   3.9030400627   -4.7085602779    0.8882390738   -2.8333004153   -2.1622515051    2.6152159529
   5.1991887446   -7.6709173036   -5.5365621790   -4.5182379781   -2.0210290547   -4.6770332955
  -6.8968215746   -7.9858190109    2.6031068245   -1.4226335177   -0.9001518271    1.4385651177
  -8.3918905338   -2.2083559058   -0.4956000519    3.1633074271   -2.0014798205    1.9228526257
  -0.8704035023    8.2328469738    2.4311371156    6.3019009218    0.9911099018    1.3432807025
  -0.3069285831    0.4248111121    2.1084813305   -0.3116981554   -0.7624819236    5.4851121266
   4.5096573985    5.8813699686   -8.0820035493   -2.3240285235   -2.6718349890   -1.3154032124
   7.5904632219   -0.3597355699    1.5965764861    3.3494081651   -1.7882665743   -0.1917320340
  -4.0244175366   -7.5138507532   -3.6521984816   -0.9768779334   -0.4127338046   -2.1976151071
   4.8616813301    2.3552635735   -6.8919856236   -0.7287063888    1.8120923016   -2.8625109442
   5.9510906026    7.1613654155    7.7209179869   -1.2759585134    2.9845036372   -1.9763078023
  -6.3041217306    8.4367293674    5.8693033218   -2.7788561080   -1.6756109378   -0.9113846428
  -0.1472126171   -0.2810217111    3.3818014839   -0.8492163565   -0.8574359536   -0.3594668735
  -5.7009093014   -6.3386089136   -4.2011723778    1.4117388649   -0.0714427343   -0.2001322753
   4.4841941684   -0.8015152015   -8.4678084675   -0.1672449289   -1.1333298550    2.2272311934
  -4.3281325971   -1.5972911125   -7.8546416552    4.8299410798    0.9596006673   -3.1185968425
  -2.8568640546    2.2519065650   -3.4155941858    4.4437352342   -0.9241932684    0.3639807291
  -2.1630616095   -6.5483505871    2.4603752449   -0.9324163244    3.8419975682    4.7801366221
  -0.9230645646   -4.0870920797    2.0464225425   -2.1579146422   -0.8489806241   -2.2851759960
   7.5862597771    0.3678052330    4.9853133624   -1.2879651726    1.4180263224   -0.3715575837
   5.0333084519   -7.5827895047   -3.1268169288    0.6019546100    0.6597046333   -1.9345621453
  -4.2013508191    5.8481232623   -1.7319070182    2.3839077126   -2.5623077647    4.3829677339
   3.0664612226   -6.0772466343   -8.5146961405    3.7727198301    1.9077369026    2.4579167194
  -6.4771559983    5.3679028636    7.6239680318    1.8148930831   -0.6631082845   -2.5351459149
  -7.2112725226    0.8229016230   -4.5433124243    0.6535645738   -1.7068824772    0.2486436478
   6.2728744321    3.3824349418   -4.9854614939   -1.7323250360    1.9300465768   -3.4819903503
  -2.2457278673   -5.1212990788    6.4867093848    1.3927202388   -3.7502758097   -0.9087573105
  -4.1299621069    6.6183985406    8.1828614088    0.0470444668    2.6373991019   -1.1919093004
   5.2598565257    1.0809627243   -0.3005369964    0.5345542313    1.6858711103   -2.9461472152
   3.0033147133    1.7800714894   -6.9694000989   -1.2995003194    1.0969649112    3.6515751076
   5.9232091539    5.1979645862   -5.9304949598   -0.2836741823   -0.4191106388   -2.9294547858
   1.4192242152   -5.0585749184   -3.6742922356    2.5541378646    0.2919024423   -1.6898489090
  -1.4218614637    1.3401808350    4.7754373393   -1.7889963067   -2.9750705460    2.7646558386
   5.8397377636    1.0112680867    2.2076784767   -3.4822645385    3.7656456226    3.4042957816
   3.2406524832    3.5778969693   -3.2923689886   -0.6196945602    1.4870245566   -0.6330813087
   4.4983956361    6.0022826671    4.4419151226    2.3930096749   -0.3050289179    1.1153605820
   4.0099808192   -0.0881429483    0.8210831713   -0.6951397246   -0.7277038542   -0.9757385177
   7.0155200060   -6.9178647419    7.7863403289   -1.4507873803    2.8754482043    0.3151985539
  -7.9086083526   -4.9932855202   -6.1879041387    2.5214815398    0.0731787528    0.6233055706
  -1.8047636364    6.7992439563   -5.4631644056    1.9189437418   -2.2786544450   -2.9363403077
   1.0227276468    4.8717375536    6.2369022909   -1.5853338792   -0.5708595110   -0.8307113506
   6.5814889217   -1.9661143807   -0.3343479565    4.2385912585    3.1830916344    2.3177428994
  -0.1653424233    8.2469449553   -1.1453428039    2.5696574321    1.5176272223    1.3618817584
   2.4179328751    0.3814919900    5.8937901531    2.1263578118    2.5408103268   -1.4332047164
   2.7859237297    6.4794316672    1.0159595855   -2.7310143865   -0.2014451277    0.1869094800
   8.5447576256   -1.1677689867   -5.5725282141    1.7408754397    3.9836761711   -0.0364752682
  -5.5400341085    3.6496716025    3.3212957122    1.7922576562    2.2285447542   -0.5714399390
  -2.8305279450   -8.4707353943    0.7098174122    5.1755796696   -1.0986755845   -4.8876584424
  -5.7225334776   -4.0239615325   -7.9290918794   -1.2816871925   -0.2644695652   -1.9685901367
  -2.0276908209    4.3814023191    7.9245649433    1.9384292396   -0.9932902736    1.6041419042
  -7.2042588088    1.8689691946   -3.8594690309    0.2733936995   -1.1248116105   -0.7011936631
   5.3743989947    6.2054734132    2.7382128853   -1.5112153522   -2.2173031104    3.4664657652
   7.6877390500    7.9632804227   -8.1970028331   -1.3909256131   -2.6090480335   -2.1425286213
   4.8707570472    3.0438092719   -5.9817798558   -0.8205390282    3.0014481971    1.7261780963
  -1.6995800590   -0.4768267577   -2.7623297196    2.5216756698   -1.9946017144    3.1385038959
  -4.9712926782    6.3229785433   -0.6557010024    1.9806417524    2.3154380950    0.3535116752
   4.9785936407    8.1855124159   -2.9221806557   -2.0427061729    0.1338861646    0.7228782895
  -8.5416267040   -7.2520662840    7.3463047298    3.4781171779    0.9877771046    1.4561020495
   3.6592526042   -7.5843694382    5.2882453068   -5.4669714958    0.1063256716   -2.5282023357
  -4.2368437543   -3.1993761200   -3.7782470223    1.7522279608    2.7825677819    4.1518569170
   7.2650770905    0.0634944292    0.2100948787   -1.3012926872   -0.4031646918    1.5282908134
  -4.7723498999    3.6363769231    5.0751418943    1.0892156230   -1.9011412182    2.2209999698
   6.5877267805   -3.0832195596    7.5014662331   -0.9545200272    2.0318308233   -0.3942210515
   7.9594489853   -5.1104699203   -3.2580304222   -2.1783961138   -1.1650539745    2.9382892256
   5.8901798254   -7.0215898341    6.5919375120   -0.4267436732   -2.5493324479   -2.8758355489
  -1.1309652739    5.5203106226   -1.0192343859   -4.4380911715   -0.4258410956    2.3608736032
  -4.1793607545    0.5023360390    1.5651779121    0.1265190802   -2.7678970662   -3.8299345027
   6.6660191867   -5.6078432858   -1.7251667259   -0.4969882269   -3.2777844102   -2.8946462681
   2.5186371952    1.4381663442   -5.9377845470    1.4680665958   -1.1494752145    2.9037417812
  -6.7533992539    4.3195580412    4.8378214253   -5.0875995384   -2.1188194917    1.2962071455
  -0.2228358919   -4.3591850673   -0.5805667509   -0.4438734108    1.9267183548   -0.3949538624
  -6.3864517078   -0.0862787959    8.2071213329   -3.7489221272   -1.5752675715   -0.7543996667
  -4.3390530730    1.4849435072    5.0362315831   -2.0497784231    2.9927432462   -1.3300605885
   4.0449125257   -7.1011334158   -7.7372223823    0.8968668754    1.5437065451    3.6232996593
   6.8676773397   -6.9963647629   -8.1733770794    2.2526963979   -0.5491886238    4.1465021449
   0.0751760200    3.2478250414   -6.7358428834   -0.5696320464   -1.3990077038    5.7251712592
  -2.5716898395    0.5644517360    1.0566599171   -0.1146093182   -1.9588549159    1.3289226399
  -7.6267804247   -8.3893601100    0.8514314829    1.1440292572   -1.5129032026   -1.3955537213
   6.9720523337   -7.8928625583    4.8327126416   -1.4752526390    3.8380231228   -0.8548276790
   6.8293425675    5.8687171005   -0.6207265012   -1.9767022063   -2.9483452070   -0.2018758584
   5.6147429196   -1.7463593000   -2.5827431170   -4.7040342517    0.4315098124   -1.6595899924
   6.8031050657   -8.0980361266   -8.0674663447    1.5447076974   -0.4382245688    2.4303155150
   2.7203539493   -7.1230018019   -6.9623883287   -4.7792496120   -1.5082614510   -0.1362445799
   6.5786573189    1.4028174275   -5.7441087536   -0.3968825773    1.7035745259   -4.0694154715
   5.8094902703   -0.5863650884   -0.0505818584   -0.1634606455   -0.7813523581   -4.8694625154
   1.7230434802    1.4164354429    1.0547994574    0.4728878513   -3.6685061224   -4.7624568608
  -8.3001568650    8.5413018053    3.4571764619    0.1812028972   -1.5625796484    0.8350055635
   8.3209956417   -7.9990551180   -0.8918812257    1.5273822990   -2.5657420182   -2.0573427528
  -1.4886503778   -2.6300966816    2.3782684382   -2.4249163622    3.1527452253   -0.2600980592
  -8.0468669357    2.0864456100    0.9799718735   -2.2797207388    0.9813904271    0.7936520568
   0.5700418807    2.2199225721   -1.1336040495   -1.3746810325    0.4693778713    4.2844990303
   8.5109145312   -3.3182622378    7.7814399735   -2.6001144831    2.8003668736    0.1094224741
  -6.8548657241   -2.7137166784   -1.4314297796   -0.0685206874   -0.4496539844    1.1333636802
   7.3934729112    1.6001534108   -7.6965081700   -1.7800430896    1.4610120189   -2.4557824524
  -7.9944782722    1.2302407016   -4.1460575892   -1.0400510373    3.5435585069   -0.5294202464
   0.9720569882    0.0709783205   -1.2018318115   -3.0547055543    2.4065804144   -0.5529603102
  -4.8749708876   -6.1917273907   -1.1525721143   -3.1996886247   -1.8372966663   -0.2683125506
  -7.9916915418    2.9228522923   -0.8348633119    2.5886133439    4.6300716002   -2.6672674221
  -6.3593099045   -4.3222699016    0.2963389861    0.5529982461   -3.0295208975    1.4131911011
  -0.1848860676    6.4774199402    7.4734620478    0.7983211219    0.9507979877    0.5197221778
   4.6821437244    8.2067883821    3.1158074252    0.3244314217    1.2823396185   -0.3342624967
   5.9017068301   -1.5528162068   -6.3518010932   -1.2389116229   -1.5068764017    1.1664923882
   3.0967803467    3.1958330888    1.2396158553    2.6715371150   -0.0398941653   -0.8934992816
   4.4738396885   -3.3972838107    8.5217431788    1.5554300014   -2.7698803224   -3.7424842406
  -4.3310810274    0.2435724992   -0.2264320785   -4.3607992307   -1.7940247677    2.1789079623
   0.2852977145    1.0065579591   -5.3429666650    0.5041863454    4.1322398352    1.2976469023
  -0.5716049981   -0.4362436009   -6.5115520464   -1.4012382709   -3.5398031302   -0.4642529592
  -8.4405514991   -8.4282409547    8.2607895265   -1.1353290374    4.6991105410   -1.8845181724
  -2.5355718708   -6.5630922244   -4.8908386724    0.0875175565   -0.7805480185    1.3902828499
   6.9092461053   -6.1688698113   -4.5326243890    3.4409335547   -1.5705341267   -1.7770554720
  -6.7838508153   -0.1716512867    1.8095251579    1.2982048935   -0.9306958320   -2.3332952490
   8.3269613598    1.9682011869   -5.7810348753    2.1270950572    2.4325168806    2.9555929978
  -1.5538427848   -0.1840561234    5.8089680263    1.7475933688   -2.4378538622   -2.1530715086
  -2.6677826498    5.8467843792    4.3789858042    0.1693099028    2.0113058480    3.1169675442
   5.1752411715    4.9180649821   -3.1431878586   -1.0801455666   -3.7674784630   -4.1175326979
  -8.0342442804   -0.2802355445    8.5498399174   -2.5879295940   -1.0606140113   -0.6998291259
  -7.3822278258    3.6769215173    4.9402211444    1.0285870275   -4.6758752478    4.3371925488
   0.9248066998    7.4036434567   -2.3201363971    3.0964894810    0.9872908126   -2.3062482713
   7.4766451890    2.2902063707    5.9451143027   -0.2277605425   -1.4824638943    2.9302040938
   4.7876321756   -6.5482434506   -3.4345135509    0.2149706257   -4.0119606882    0.1735129721
  -2.1054515016    3.4023187223    5.2287799581    1.0946691944    0.0746449371   -2.3050576582
  -5.2263268512    2.2498565029   -0.4603296322    2.0617879608   -3.0165869453    3.4310287279
  -4.1144347129   -5.7844806817   -7.2382664899    3.0932840100    0.9089831837   -0.8688202196
  -3.1257089411    5.9975510617    5.3335291479   -1.9101779466    1.1934203147    3.3791150293
  -0.0671741767    1.5953358895   -7.8414286007   -0.4017526431    3.2591579020    4.5112658878
   0.6485511996   -2.9146037190   -0.6827447368    2.4075262569   -2.9550012739   -0.2136686763
  -3.8533952437   -0.9911808649    2.2344117456   -2.0895785904   -1.4711040918   -4.1154866874
   7.5848925612    5.8189156328    0.5375812653    0.1510840281    3.1005635752    4.4425213831
  -5.3660006300   -1.3483282431   -0.6567143087   -0.7206793285   -0.6424290259   -1.0755479210
  -6.1545765549   -6.2259645892    8.1023721266   -0.6189473823    1.7270627080    1.8094386045
   7.1401259522    0.1126529422    3.0818806932    0.7699221671    1.6911962980    1.3333234039
  -8.2001136855    4.1016322954   -4.8783331872    0.4906204691   -1.5320827375   -3.4185247754
  -2.0541705471    3.5185240032   -0.8722962173    1.4999158790   -2.0747554110    0.2039690374
   6.2024347203   -3.0131366088   -2.7788771847    0.8590385937    1.8253623599    0.8528581446
  -6.2520392262    0.6836466050    7.5765765815    0.6533880026   -0.7588331340   -0.6465605601
  -0.3252463858    2.3176960503   -5.6085282223   -0.3604741795   -0.2876581966   -1.0590694405
   0.8641457949   -5.9583566430    6.2065636242   -1.7215174963    0.1427023710    1.9755403892
  -6.3785340041    2.7576471540   -4.7126577135    4.3234014093    0.3597364724    3.1908829447
   5.3500677668   -8.0531429922   -0.7132426787    3.9587021005   -0.2849907058   -4.0991532850
  -3.3603330073    2.6605902039   -1.5934013216   -3.4178916922   -2.4061841581   -2.0470794277
   6.7586337648   -3.1789351076   -1.0154207582    2.7273663312   -4.0665484653   -1.8301997210
  -5.2725903828    2.7648770838    5.9930265883    1.3383579362   -1.9409730420    2.1329510750
  -4.7514943272   -5.6036796945   -7.8605368340   -0.8075628364    0.3319467195    1.2210720592
   0.8485918023    6.3666758550   -6.6723509185    1.1492381780    1.8612476967   -0.6159343407
   3.9996448007   -1.5849729695    1.6094652886    0.5317684743   -1.0277193996    0.8331140990
   6.7832899426    2.4103369588   -3.5257360074   -2.1456074168    1.2808713862    2.1636188860
  -0.5107722015    5.0325378416    2.1120416355   -3.8394557931   -0.1517246478    1.9484922513
  -0.8081086135    5.5793590076    4.0797892221    0.0732727109    0.0206521389    1.8195669597
   2.1394482823   -5.6334659115   -6.2268188104   -2.4992045305   -1.4345470002   -2.8123577906
   1.2413021892    3.1519912004    8.4586936259   -2.1175746388   -1.9161857823   -2.1804877564
   6.4769547146   -6.4559423359    5.5740278998   -0.5361113442    1.7576649967    4.0829973690
   3.5459992889    6.3374177742    7.7832671902   -1.6211083937   -0.6108512233   -0.2629937754
   4.1924045174   -4.0878803823    3.6579168860   -2.2777952774    0.0777469007    1.9298706959
  -6.2718290791   -0.3759132968   -7.9541084086    3.6780900243    1.2996074036    1.2365787269
  -3.1927449319   -2.9193438536   -7.6320587179    3.8068569113   -0.4272876577    0.0797947595
  -5.1109957492   -6.4740614286   -8.4855876117    0.4549984913    2.7546228660   -4.5782594355
  -0.8336115502    4.2834627558    6.9168570986    0.0592066500   -0.8666539651    1.4482908385
  -2.3335874257   -6.8591365106    4.6111873848   -2.2550782048   -3.3761030137    1.3503685398
   2.8596022623    2.1457814544    1.5307632790   -0.8818070274   -0.6421091032   -2.5050191106
  -2.5342384691   -3.4382412155   -0.4967451102    2.7548184855   -0.6878478685    2.3557379203
   0.0467731508   -4.3019633276   -6.6240064967    0.1207023745   -0.6268046716    3.2007812203
  -8.0980475755    2.0639746068   -2.0495808077   -1.1165617515    0.2092260909    0.6367563328
   0.1339511497   -3.9173018809    7.7286143777   -4.3571003880    2.5469370662   -0.5301459233
   1.9275105767    0.8652109220   -2.0964803941   -2.8182217239    3.9971341636   -0.2873355043
   7.8779757204   -5.9465270227    5.7476594006    0.7973398969    3.1072537416   -0.1914837033
   6.4885364974   -4.3488014628   -6.8167618295    1.9537406698   -0.8077419013    1.9578657351
   3.2164199544   -2.7368539208    8.3568718423    2.5244047595   -1.0295521109   -4.4143796787
  -1.6539838003   -5.8841180741    3.2262954615   -1.3655287547   -4.0751953556   -0.6161662773
  -3.2612009360    6.2684447767   -2.0784878141    2.0631161449    2.9712960958    2.2234681796
  -6.6158413761    3.1288663491    7.4259935351   -2.3659723590   -0.0568122538    1.7743686878
   0.5266374667   -0.4425838459   -6.7311660781   -3.2966428410    1.3783919719   -0.1513522721
  -4.6066646292   -1.7553367004   -3.4883750430   -0.9201179041    3.5513100618   -1.3256697482
   1.2343155786   -7.1569328335   -5.8146630013    0.6312430754   -3.6413931549   -0.0775433648
  -4.6313624451    7.1859089274   -4.5612567788    2.3714396527   -1.8309638434    0.8848073279
  -2.4863008981    0.1102667236    7.1496015651    2.4798756196    0.4141536211   -2.1869935566
  -2.0168572988    5.1257018708   -1.4486874767   -0.9001997337   -0.2403396574   -3.0404945088
  -3.9032927399    2.6734615143   -6.7481830467   -1.3921061531   -0.6286431601    2.4390369142
   7.9868294478    1.6211058650    6.7802758711    3.2172671734    0.1227792642   -0.3818731942
   1.2879114470   -0.4263899276    2.6338119141    1.6038478157   -0.3631553754   -1.7908107720
   2.5573955898    2.4061959888    3.2267294778    0.3705074335   -5.2005858011    0.9502196157
  -5.7799547056   -2.0033889861    5.4657539056   -0.3870553163   -0.2625982625   -2.5754531476
  -0.6231371953    8.5477254895   -7.0078493295    3.5702624521    0.0013149990    4.0879107199
   3.8842353616    7.6845614941   -2.3253990499   -0.4346886631   -3.4965300147    2.1520748336
   2.4251245248   -2.5038553163   -0.8460753076   -0.6495181448   -2.2910457053   -3.4593621991
   1.9008916026    2.5269763440   -6.9142603663   -1.8218229491    0.6470766074    1.7608272612
   7.2810384480    6.2959134969    5.2124871180   -2.2338738021   -0.3976423800    1.1073697622
  -8.4630391339    8.1223119186    0.0303331248   -0.9790862047    1.7406852880   -0.5476448593
  -6.3054297285   -5.5181822077   -1.5294268058   -2.1844992879   -0.8803625254   -0.4292641272
  -7.0201309735   -0.4801004665    7.2078103748    3.4459251110    2.9076443635   -0.5479801428
   3.6795409638    1.3088636344   -4.4660782878    1.4905548029   -0.2834513814   -0.0785533042
   7.0367812764   -1.6060357903    1.4719416451   -2.2321517434   -1.6896395492    2.1289199217
   1.1685762841    8.1051343488   -6.0985023394    2.5731191271   -2.7262204312   -1.6218851741
  -5.1325382285   -6.5070696809   -5.0230673121    4.3047371770    1.7336747372    0.8935946758
  -3.5730253704   -6.2979599804    4.9533687603    0.6915291190   -3.3449295307    1.2412440496
   4.8123277064    5.7028499875   -1.0562227922   -1.0136462550    0.2040696037   -5.4105735237
   6.9206807414   -4.7171481850   -2.9398681484   -2.2699691900   -0.0907695858   -3.2455147184
  -8.3743077426   -2.8187131918   -1.9528346999   -2.2899205557   -1.2008926397   -1.3679639986
  -3.0993904615    7.6091782728    3.2004620206    1.5196298719   -0.1712347119    0.2340629500
   0.8327625659   -7.0962694663   -4.7931238810    3.7103769098    1.9574047302   -2.1319360118
   5.1798720660   -5.1164140893   -3.3636726810   -1.0471578891   -0.1866538667    2.4451355529
  -2.1173696051   -0.6316324621    7.8181826583    5.5860419246    0.5007902316   -0.2661591967
   1.4322470267   -4.9763546886   -0.8407795157    2.8119166805   -4.9128657630   -3.4693683115
  -8.1621306086    8.3440573624   -6.3301421436   -1.2358121334    1.6550950047   -0.4681070639
   1.8350003170    3.3055349477    1.8575557311    0.6360108440    0.9368945608   -0.4477173107
  -4.5823494316    7.1855735767    6.3078363243    1.9634803808    2.2851793875    0.7053336216
  -8.3824078843   -3.1638395249   -5.2963793400   -0.6556173720   -0.6126086018   -0.5029424420
   2.2402039835   -4.3686559619   -6.6840434185   -2.7233307142    3.3492130498   -1.6050506469
  -0.3157333847   -4.9845895933    7.8702120741   -1.2053629870   -5.0336569792   -1.1968577752
  -7.7676726070    5.7919718768   -3.4019236833   -3.4526324110    1.6782493081    3.9663346883
  -6.9796039542    2.0859827243    1.7856060520    1.3885003577   -2.4314576887    3.6162135685
  -7.9149154417    6.4254535684    3.6255370536    0.2748638475   -2.1305324864    2.3884535848
   4.9865095874    3.8655918709   -5.3578535023   -0.0096478466   -0.6962722418   -2.0252299140
   5.4770657962   -5.7344258379    5.1521543287   -0.3091539912    2.3232910965    1.6189815999
   6.5898774117    3.3173740510    2.4765345611   -1.1879814045    0.5785883321   -0.3066590295
   8.1508352820    1.0296884753    4.4744333385   -0.7193018003    2.4948390004   -2.2941535941
   2.2595949498    7.1678552133   -8.2098604228    1.1372905072   -1.7849554532    2.9592946187
   7.7183943854    0.1795102855   -1.6727742007    0.8008918008   -4.2263920987    0.1518149635
  -5.2569982507    0.9216458386   -4.8352468884   -4.7971694666   -0.4836445454    0.1384480278
   5.6274465769   -8.4888789903    3.7313371691   -0.6037766931   -3.4734473823    1.5767361193
   4.1167880501   -0.1819349473    5.0261294409   -1.0361791833   -3.2624658684   -3.8817393387
   6.3775068582    1.0114482368    4.1959095473    0.4066597546    2.2390835151    4.0862431700
  -0.3526274758   -7.5916881843    4.5681820547   -4.0539364334    2.2403767999   -1.1441745601
  -2.3065557442   -1.6576469021    0.9088556187   -0.2126088142    3.9352677237   -1.1599782944
   0.3711837012   -1.7574883999   -3.3372860938    1.4016693230    1.8049943364   -0.7177411500
   4.2522095080   -6.3098790234   -1.9867117244   -0.3085398983    0.7174134924    3.2280625876
   6.5025622166   -8.4870758529   -5.7646453267    1.9561840600    0.7404676850    0.3500428456
  -2.4365011195   -1.6689969338    2.5413565380    1.2313021327    0.0903821783   -0.3867589763
   4.3377402005    8.5351513079   -6.9001767421    3.4113728490    2.2888043177   -3.2516412855
   0.3765766213   -3.4234478066   -3.7508129313    3.8058615436    0.3488103026    2.8051674197
   3.4110921954   -2.5415295724   -2.2515373920    0.6442132429   -2.0500911497   -2.0140926663
   0.1220217488    6.8985564169   -7.0639479375   -3.0066271581   -0.0357597750   -0.0609190577
   7.1433953933    8.1610935567    2.0213131802    0.4915259794   -1.3859196076    0.6587634945
  -1.8420716047   -6.2044928608    7.3751424969    2.6131572706    4.7039822425   -1.9961529889
   5.5749778751   -3.1680164120   -7.5652735946   -0.4123695285    1.3685083889    5.7883805514
  -1.2818110792    2.7639988893   -6.8577211827   -2.3070287196   -3.8769161261    0.7235798551
   5.7083085721   -7.9744427374    5.9901025104   -2.0266445326    1.1832878315    1.4636929408
  -3.3427719767    2.2822105054    2.0197189126   -0.4586012250   -0.2824837688    0.4934450729
  -2.4623784381   -8.0563731837   -5.5987233409    0.0620693355    1.6614967969    1.2171946482
  -1.5635071264   -7.3064842294   -8.5381749934   -1.4154149410    1.3295566527    1.3026942690
   5.0975578101    2.4751899919    3.3845706450   -1.6904079543    0.2865704714    0.9615294956
   1.6763780466   -3.4419441554    4.4849719006   -0.9866855613    3.0764529998    2.3526434653
   4.4267210335    7.0366280312   -4.9858972152    0.2149773264    0.0080239620    2.8940013573
  -3.5871722620    3.4432768574    7.9567483087    0.6832311707    1.5937975836    6.3061908314
   4.2672321830   -8.1724781806    3.8276026778    3.7187029906   -2.0019594345   -0.6317658798
   3.2487361654    7.2467449155   -8.0207887459    2.5986015868    1.8606167200   -0.8529209173
   7.8403305406    0.2938048033   -2.8715856117    2.9545831665    4.2067745520   -2.0354087756
  -3.7652042389    8.4594581720   -3.6152633189   -0.0400418113   -2.6400524359   -0.2056180661
  -1.4644860994    0.1852113227   -7.3090392875    1.3638763244   -2.4446538035    1.3644190552
   3.8207705198   -1.2610756446   -2.1536631540    2.9610883365    1.1964197235   -3.2708990987
  -1.6013822372   -3.4357048252    1.0502602657   -0.2410578227    0.1577527158   -0.5084013578
  -5.0775001607   -1.3294970888    7.1169441875   -2.6068104719   -1.3521889004   -1.7954910845
  -6.5252993794   -4.6218050876    4.4699852319   -1.0772862367   -0.1634681988    0.7233111224
  -4.0268197892   -5.4888365747    4.1666066121   -0.2839375454   -0.0810033502    0.4784948254
  -0.6078563192   -4.7479741350    2.7139004436   -1.2662936264   -2.7014497272    3.3852198444
   0.6491302152    8.0083939731    1.9832599688    2.6198818016    1.8597909541    3.7433075196
   3.2686659300    4.6960032504   -0.5255511122    0.0266225595    2.3308546347    2.7054152586
   2.6463817199    8.0383796082    2.8886225476   -1.7894100908   -3.7138544253    2.5828761900
   4.4979564554   -2.5233151753   -5.1769912091    0.6970237812   -2.4426813990    0.4318333691
  -7.5774260322    0.8813743655    6.6745823059    0.3945098117   -0.2743748765    0.3843790013
   0.0752727851    6.9886663160    6.3726631047    3.7299425231   -0.0060353050   -1.2427542617
   5.6190608163   -1.0649451985   -7.2156826262    2.3777009291    1.1332037645   -1.7397205790
   5.5676202497   -1.0466271226    5.3628284858    0.8839738602    2.1191419039   -1.4903780529
   1.0064905099    1.6856222210    8.2078495332    3.9280265234   -0.8802903305    4.2011593383
  -6.3312120028    2.8570362532   -3.0679282658    1.9530089565    0.9814019391   -4.9526214440
  -5.3717590851    8.3451667274   -2.5634810263   -3.6558927894   -0.4339579616    0.5834902544
  -6.8171456868   -1.7771369429   -6.7295963050    0.5382773347   -1.2512633865   -0.2458489226
  -1.3937458828    8.2561934620   -7.6609056931    4.3841812109   -3.7509774217   -2.1723850074
  -0.0617804932   -3.7220260339   -4.9155839073    2.4714597655    0.6926270252    4.1296344238
   5.1215509052   -2.7719237851    4.5023296661    2.4125323501   -0.0503156289    1.8703317931
  -2.6498283146    5.5640212147    6.5221054379   -0.0731605413   -0.2322792072    1.2369526627
  -0.8528202972   -4.7408462503    7.0256271541   -1.3155111779    2.7625973098   -1.0248360453
  -2.2160054439   -2.7008991585    0.0931828589    1.2451962190   -0.8754537048   -1.0006503661
   0.5982187046    3.5634041740   -4.0139324235    1.3963516942   -0.7301247684    0.0005428766
   2.6981621976    1.1007122144    4.7342882628   -0.8551481421   -0.7251598578    1.5400471599
  -0.5134185773    4.0582432644   -8.1114647776   -1.8298939599    3.3515241260    0.2246480175
   1.1972290851    6.2061532662    5.5793076752    1.7647769371   -3.5922695050   -0.4450427060
   1.2303249477    4.5453737728   -6.6860088215   -1.7152337670   -2.9033472646    0.2167506423
   8.0932543567   -6.8863590211   -3.6044270892   -0.2171162208   -1.8496251049    0.1798331190
   2.1707721032    6.6663956579   -0.3704666744    1.3813823338   -4.9693214985    2.3301792155
   2.2105662164    1.0285653797   -8.2566663821   -0.2172810650   -0.3439877256   -2.3345187352
   5.7786901048   -7.6897282151   -8.0492594885    2.2285221518    0.9473011133    5.0991404328
  -5.7838668244    7.2118199529    7.2860155476    2.4904255924    0.8289505767   -2.2467611842
  -7.8832872458    0.8458407225   -1.3209114411   -1.1001622845    0.9851647706    1.2870667611
  -6.8095754651   -5.9940979336   -8.0315504384   -2.3967031314   -1.7768726983   -1.3467556297
   1.2506258659   -4.7468518943   -7.3370228452   -4.3764301713    0.4383839647    3.1438513628
   7.4822579585    7.1952558623    2.0516578290    2.0054685958   -1.8090008067   -1.9269095213
  -7.9891469299    0.9584492426    3.2961863297   -0.0702088199   -1.0876241332    1.9701947576
  -5.8726112836    3.0449026223   -6.1552174632    1.1246075383    2.6322835513   -1.1684549009
   4.1777925087   -1.0426636437    3.3100560384    1.0849423810    2.1089058436    2.2691845064
   5.8698815919   -5.4982647664    7.2904135967   -6.1535276194   -1.0738123893    0.2846992649
  -0.0052554550   -0.7859213057   -3.9606129314   -0.0427866420   -0.4535213580   -1.2919932600
  -4.7987381755    0.1684833036    6.9216724452    0.7485545187   -0.1307719036    2.9897146817
   6.6136637958    7.8008753613   -8.3749125975    2.7539734642    4.1232858170    2.2740598566
   5.6230708543    0.4862022696    1.1573465014    0.6467765433    3.5938137981   -2.6476493039
  -1.4745854018   -8.1647660188    6.6374617027    1.8778332566    2.9645494054   -1.4869677491
   4.6482940985   -4.5678470280   -3.7380564779   -0.1526704928    0.5354616458   -2.2956886581
  -5.9781651221   -4.9238550166    3.7208326570    0.9848716838    1.8092306941   -0.8218345850
  -8.4503823577   -0.2829760645    7.0433602568   -0.1474260057   -1.2350605784    0.7471608579
  -5.0309621080   -5.5903058969    8.0999815414    0.5283989770    1.5173016940   -2.2330580589
   3.1110277337    3.7705490564   -1.5168113019    4.1338178266   -1.5478898104   -2.5357564331
   3.5030707319    2.9082452033   -8.1953032855    1.1176448236    1.8325346134   -1.9891944537
  -6.5989563023    1.6396624358   -5.6912315786   -0.4538554006   -2.7686086623   -4.0482940860
   1.4364098142    8.4623768445    5.7681845922    4.4885518337   -5.8224969240    0.6834163821
  -2.5266549598   -0.4742740510   -7.3297565342   -1.5874593633   -1.3231836457   -0.1013038301
  -6.0160021567   -4.4236553778   -1.2822312027    0.2461957093    4.4253045912   -0.2308775619
   1.9005750882    4.1722685963   -2.2155678572    0.4723951390   -2.1718293080   -0.6096456966
  -8.4303503076   -7.2358702785    0.2647279513   -1.0374923162   -6.8110592097   -7.4074054568
   8.3641390322    4.9694232080    4.5497377464   -0.1721809214    3.1834668536    1.1559267976
   1.8200666228   -4.1669856138   -5.3779497267   -0.4936047575   -0.7009855217   -3.4717056405
  -1.8076397248    5.2624580284    0.3827537016   -0.1985187836    2.1174809967    2.5736149581
   8.3420739527   -7.8377209393   -3.5270123072   -3.2181324206    3.1395975525   -1.8803046975
   0.8298225481    8.3175821852    0.0296981449    1.1132217027   -5.3681006221    2.3710650423
  -3.9310024911   -1.8367001498    8.2832245292    1.4388693209    3.5212010506    3.9065912130
  -5.9594641560    1.6248499187   -1.5466327102   -1.0275518740   -1.1886844466    4.6129063835
  -7.4483676416    8.1297917350   -2.2989179249   -4.8107124636    0.8524090158    1.7216891576
  -8.4932331629    3.6353856921    6.0279337079   -1.6384052437   -1.4586329697   -1.4410155801
   7.6762940839    5.7850656404   -8.4745646047    2.7284012445   -0.1483919841    1.3433511687
  -5.0022390851    4.4522849372    1.5978407886   -0.3370751221   -1.3899766827   -4.2074912392
   8.1903005921    7.4527909559    6.0563825605    1.5539374406    0.2060194653   -1.5837275402
   2.0521438633   -5.0547746073    1.6805583732    0.5191811155   -0.1644379952   -2.0363798782
  -1.5702018969    8.4729239763    3.2829686508    2.4731840984   -3.8543389945    2.8183384601
  -2.6395842164   -6.3216290482   -1.2171586729   -5.5115584294    1.0189638418   -1.0471869351
  -7.2291030341   -1.3890556118    2.6569261684    0.3196088586    1.1281446355   -2.1679204272
  -1.7656038132    3.9834475094    2.2493882557   -3.0698626678   -0.2944158903   -1.2275330357
  -3.1321341129   -1.4224533913   -7.3644662754   -2.5196985062    0.4136529891   -1.8937480772
  -1.6092765876   -7.4519745894    3.2173333941   -2.9212453178   -1.2217272820   -3.1186781340
  -8.2094984916   -6.6793478133   -5.9434041748   -2.1108056762    2.6539205279    0.1814498724
  -4.2631754113    7.8785236647   -0.8200929621   -0.2396376810    7.0156412090    2.3832588012
  -7.8107700989    1.3517495657    4.5708350771   -3.5250313269    0.2769873351   -1.5310950269
  -2.2289521573    1.5393097704    3.8250308437    0.4685787359    1.1400868555    1.5125321076
  -5.2068930649    5.0993924026   -4.6169668665    1.2527539834   -1.6537981100   -1.0136582651
   2.2085031982   -2.7061059537   -8.2652124775    0.7219986224    0.2104642292    0.4917684375
   0.0717302552   -8.1975671368   -4.9871080058   -2.8947663607    2.7736588015    2.5034856259
   1.3191089420    8.3434724457   -4.5866445325    0.2015605850   -0.9785584956   -1.8880838772
  -5.5265088782    2.4476482525    4.4858904429   -1.3818520183    1.4269948817    1.7251196504
   0.2057866154   -2.0499373307   -2.2110942963    3.8353592752    2.4119959912   -2.2770900663
  -6.7719466457    7.5211218204    5.4298306269    2.3635699636    2.9678664753    1.9687981481
   1.3438620046   -2.6361787463    5.9682478662    0.6788839325   -0.2090109723    1.7732312597
  -4.3310837387    5.1654602759   -3.9125900313    4.2933661946    0.7263758565   -0.8204489344
   6.6377457666    5.0446233187   -1.9084630829    1.1575001903   -1.0501194607   -1.4504364856
  -0.3620539290    6.6425939717    8.5475021481   -4.6571312504   -0.2724415564   -0.5553439286
  -5.8484221259   -6.7296830188    0.2795877175    2.2086677131    2.0666725389    2.7647209303
  -5.3014012888    8.1624430475    3.9957907839    0.2624082293   -1.1027033551    0.1133158467
   6.2285079643   -6.3378418864   -7.1157757767   -1.2805233525    1.5084806357    2.2883878251
  -2.9093587323    6.8616684837    6.1650674704    5.0406091534   -0.6830352429   -0.4901025572
  -4.0241394592   -0.9598470354   -0.4877806389   -0.3478083410    0.8813930619   -0.1702927336
  -4.9770984670   -5.4532299744   -4.0867651489   -0.3952991889   -0.1694697529    3.3235681283
  -5.2906166740   -7.0701294578   -3.4313696418    0.6976170970    0.1761768076    0.6283004964
  -2.8722584884   -4.6405329755    4.9579615302   -0.6218196108   -2.3866527230    0.1995442746
  -8.1678183041    5.4856582283    8.2911782971   -3.8883483259    3.6315369130   -1.4183864675
  -4.6554266335   -4.9241953167    2.4545521233    2.7563367986   -2.7399851135    0.1649011465
  -1.5488209283    7.7023450861   -3.3229598693   -2.7461529009    2.2685493012    2.6701926136
   4.8499467890   -0.9987305640    7.0510401272    2.2237120716    1.5703832933   -1.6701932891
  -0.9349779223   -1.0400974441    4.1626822288   -0.2814643387    0.6134545827   -0.4351624469
   5.2345911434   -4.5771840087   -7.2306926445   -2.6812831300    1.6772666073    1.3956345506
   1.6342778091   -5.4011773877    3.1259971954    1.6260648256   -1.8309257790    4.0941051540
   0.5725368517    3.4323444749    4.4269116437    0.2364662042   -1.1438540064   -2.6506093985
  -2.5018939167    0.6501827182   -7.0270172032   -2.2258845159    1.7222793719   -1.0516289063
  -3.9182936140   -4.0536067150    7.8213552702    4.3454051529   -3.7388415679   -1.3807362335
   5.3834992860    1.6380002956   -6.4714856548   -0.1415858810    0.2254784291   -0.1681579593
   7.7531331210    8.0367758099   -6.4038666629    0.1940232652    0.3599624694   -0.8048165872
  -1.1578690403   -5.9224209560   -1.8921840687    4.7453981778    1.6537815827    2.6233443006
   2.3244049605   -8.2176196744   -5.0171421780    0.4918386421    0.6206322228   -0.4198590170
   5.7309585859   -3.4576148268    6.9286987538    4.7082061429   -2.2841630914   -1.3765633964
  -0.1439023523    1.9550141152   -3.3643919107    0.4598406435   -0.2643797542   -3.6433817829
  -3.5322062527    3.3710897873   -5.2892720973    0.4632359978    2.0547623655   -2.0760844415
  -0.2026667464   -2.9807367979   -7.5760084427    2.7046487669   -0.1937821191    5.5094211869
   7.7082318786   -7.6418115163    0.0269447345    2.7204658030   -1.9515787511    2.1207901588
  -3.6625626179   -6.1389137230   -5.7953448507   -0.4133129264    0.5100116195   -0.3705181245
  -4.2992063600   -0.5817951978    4.0292553789    0.2731638413   -0.0172387741   -2.0670102126
   4.1168107832   -5.1289169051    6.6645571706   -1.1135046856   -1.9092960546   -1.1350744894
   3.1767428816   -3.4883316292    1.9391170684    2.5154376075   -2.4364397911    1.2120472807
  -7.2108561917   -5.2800693876    3.6985153879    2.5048145919    2.1282931967    2.9107238558
  -3.5635202928    2.0625075880   -5.2347920752   -3.3981256855    4.1625815441   -0.9292967854
   7.3808753465   -5.9503259593    2.6403749251    1.4266704574   -2.4021931646    2.5285679009
  -5.2592471037    1.3725731074   -6.2835317010   -1.6798648671    0.4660817538   -3.3443993506
   3.3956438380   -6.1677004043   -5.0078739791    0.5157699618   -0.5094552464    1.6602098114
   1.1007931566    6.7032093686   -3.5322894515   -0.9487100153   -4.8121154048   -3.2573357349
  -4.2379497194   -4.1879267133   -8.2726433705    0.7199061978    1.2741986964   -2.2199469758
  -2.1092532292   -2.8726699865    4.5114495674   -1.4142235084    1.7205304959   -0.4959938272
  -3.1992997686   -0.0996703055    6.4370367294    0.7001486882    1.1700836905    0.2274689284
   1.4356053887   -1.7012270031   -3.4142227451   -2.5300700856   -0.9980327601    2.3838038619
  -3.9187996960    0.3963014149   -8.3766244079    1.2577825388    1.2231148370   -1.4912831751
   3.9833616534   -5.3418703968   -0.3454856971    0.7939810993   -1.7792257259   -1.1361918066
  -8.0128719564    5.1420100687   -6.5943818396    0.3631155237   -2.1792774910   -0.5773973719
   0.8155202035    0.9675784076    7.5765734633   -5.9041706598    0.8549804888    0.4338162221
  -8.4001462617    7.6614448843   -5.7097485863    0.0323272099   -1.7881192072   -0.7992731907
  -0.0976339675    4.8853877537    4.2492753606    0.2992161529   -0.1295688851    2.5785169188
  -0.6867086116    8.0841255988   -4.2587220287    0.4501992412   -1.0444272758   -3.7605566521
   3.7375545548   -1.6245254624    2.6789802364    2.6716753893    0.9879482236    4.7863945070
  -3.3408441585   -4.1606183049   -6.4992241035   -1.4950117417   -6.3636449287   -1.7102027494
   3.8532200841    0.9103381119    4.4111566301    0.6574479913   -6.0224869084   -5.0189439113
  -2.5095108951    5.9655360549   -8.1562377937    0.5439434070    2.8783236476    1.9413286210
  -5.0697621672    5.3309918398   -5.7662796819   -0.2027895727    3.0110374630    0.1407886356
  -1.9959333256    5.3467042777   -3.1022941539    0.4720832760    0.3167505492    0.1357051464
   0.4662090840   -1.8053604893    3.6148990713   -0.8250324282    0.3821067257   -3.0501400011
  -5.6492452896    7.0811620126   -4.9151991381   -0.8028251358   -4.1894044203    0.8535281980
   4.7034313705   -7.0496548488    3.5321915858   -2.3394477636   -2.0641807836   -2.0289554577
  -1.2737800859    5.1128619292    8.3303527006    2.7024669813   -3.4276407151   -1.7814129076
   3.3583415734   -7.0363877604   -3.5832032018    4.0454748347   -0.3866645991    2.5787376364
   1.2794848017    5.9200966026    4.5629682529   -0.7585692644    1.3047517953    1.5675677521
   5.2010949746    0.7147632759   -2.1271047475   -1.6465127908   -0.1078167631    0.0881428259
   5.9207985272   -2.1359633724   -7.4421682408   -3.9514668624    0.6855321166   -0.2342794755
   4.1115819368   -6.4233278390   -0.0492585904    2.7536539678    3.5860406399   -0.8228298272
   7.8113638083   -1.7193497543   -6.0250909040   -4.2082271514    0.2932042221    3.1845211236
   5.2444297727    6.7066148075   -1.2079431894   -0.2768721248   -2.7358207988    1.7504456551
   4.0548378829   -2.6344016553   -0.6294454678    3.9425907293    3.5469545271    1.6470538483
   6.1281800749    0.5190204673    0.3159831862   -1.0712465489   -2.8043802501    0.8879336081
  -6.7291027853    7.2503763145   -0.9411446863    3.6333351963    3.7491615951   -0.3812668960
  -5.3882573472   -7.3557630074    6.7558138920    1.4954464392    0.1412989389    1.9657807647
   6.4028472189    0.2657192007   -4.8369109865   -0.0681632306    1.1421714018    0.5694612197
   6.1473783777    0.7447379731   -3.5046982800   -0.4745462072   -2.9033976241    2.0376935626
  -1.1445546779    3.0692877443   -5.7253534189    1.2832989399    0.6440672690   -0.3141702163
   4.7965312899    0.8952591665    2.3915326544   -2.5959248160   -3.6446256281   -0.0194842247
   6.5201412113    7.1699218538   -4.3438764246    0.4086021080   -1.5915299535    1.8594916014
   6.2977115557   -5.3243755465   -4.8941511374    3.5610160425    2.4971285613   -3.2258035103
   5.0642031435   -5.8154557371   -7.9995432186    1.3086076217   -3.0452726581    2.5179424717
   5.6149944251    5.7227400614    4.2843769408   -6.0459718020   -1.7100871245   -1.0218972759
   6.6567994980    4.3068416704   -3.4423630993    3.7598606263    1.3948416636    2.6702248092
  -2.9937067208   -6.9965424346    1.8247603603   -0.8131346957    0.3286579193    7.5748419820
   1.8564137947    7.5306526308    4.1886724060   -2.8583249223    2.1188966443   -0.9295137748
   4.5067511896    3.3025774922    2.9051941166    1.2368327704   -1.1427873488    0.2012052762
  -4.0132604246   -1.0698928133   -5.0688610957    1.9028761691    3.9456552268    0.0104878839
  -3.3581275225    0.1702381419   -0.3631777489   -0.9317071448    0.8231373843   -1.6160993412
   4.1724420229    0.5418011205    7.1461221437   -0.6434516485   -7.2521350972    0.2694732916
  -5.3592111993   -3.8000640725   -1.4542402891   -1.3543024647   -2.2643237431   -2.1870268003
   0.3181865759   -5.2149449903    4.7624032247    0.6408406956    1.9421718369    2.3304445515
   3.7929007688    4.1075206765   -5.7874295224   -0.3014328377    0.8641134022    0.8395038332
  -7.6455289469   -4.2729039173   -2.6474594967   -2.0371464691   -2.0106781577   -0.8645000200
   7.3844582639   -1.5511790687    7.9216985338   -0.6489303957   -0.5258104123   -2.2521118994
   0.5233300702    3.4136936178    6.6014632325    0.8147860503    0.3424651098    2.1280207259
   5.3986253801    8.4930604874    8.1420240757   -2.4340976394    1.1716268443   -0.0193819138
   6.3666830908   -6.5011794739    3.6166081653    0.1978718101    1.1541971213    0.0661929825
   7.1066648778   -7.9809672445   -2.8680397023    2.9748355223   -0.8393149171   -1.5802318351
  -1.3842946481    2.4231086548   -2.3635792755   -0.4545769293    4.5777093097    1.1381470543
   5.8698691078    3.4442194489    3.0853947524   -2.5065375369    0.9636938664   -1.3636551773
  -5.3902077920    2.0999589936   -5.0963619475   -2.0445737204   -0.5206214132   -4.4183167429
  -6.4020537920    6.5831919822    4.6774453501    2.0417001919   -0.8097310235   -0.5268208143
  -5.3526731681    3.3805600383    0.6280041487   -1.1154124510   -2.3147104452    0.9987300335
  -1.7520709707    6.2366876743    2.5455043706   -0.5828975052   -0.4266810605   -1.3130224682
  -3.0151380565    1.2399424015   -3.3944740896   -1.8639250641   -3.8220274935   -0.3820478327
  -7.0957845110   -1.4735879155    6.7199319496    2.0221066316   -1.0477428898   -0.0286035863
  -2.7312640984   -6.8554770987   -3.8497683605    1.3922132877    4.2772960048    3.8171805062
   4.7151982677   -7.2101330491    6.1104224536   -1.0228801947    1.5422202299    0.3290640692
   1.3486757378    2.9919928171   -0.2637552073    3.3969474880    1.1030305351   -1.7801429416
   7.3020997325   -0.9767277355   -8.3520774604   -2.0026578821    1.6396108112   -1.6404909489
  -8.4660955923    4.0355347353   -2.3352283425   -2.4957913814   -3.8081450311    0.0841194694
  -1.1988849269   -1.8167999878    1.1137672505   -2.8905063556    1.0701208920   -0.4940254522
  -3.0970416678   -2.1697861710   -3.5216510795    0.0612462076   -0.8353154585   -4.6542851948
   3.1988754958   -7.0427440664   -0.4534150004   -2.4129219256   -0.9847032154    3.5989747342
   4.9260389604   -2.2850009262    3.4073795793    2.0155711818    0.9461701261    4.1503553975
   1.6549880845    6.1675533410   -2.2185575223   -0.8528434873    0.0592858727    0.5913441995
  -3.0174022781    7.4931309939   -1.2031685066   -2.5595411741    3.1607026133   -0.3112976211
  -0.4038401878    5.3942552266   -0.4946177144   -1.0623280281   -1.5354918417   -1.8952825969
   4.9546192019    7.1121707796    2.7589235016   -2.1073552235   -0.3943246463   -2.6317442136
   4.8094484951   -4.5695684155    8.1723984107   -3.5016948480   -1.0694867299    1.1171527122
  -8.0156654106    6.1955746790   -4.5860282465   -2.7502143804   -3.0393264479   -0.5761533564
  -2.9059327420    6.3971985830    1.2104321841   -2.1206522910   -1.6704002628   -1.8109124723
   2.7240005169    4.8511715588   -2.9639456646   -0.7203140875   -0.3653916291    0.6874684249
  -0.2709053911    7.7522790696   -7.5751297432    1.3508873441    2.0076605002    2.4755472923
  -3.8833592584   -3.8970426691    4.2357510278    1.1905295437    1.7358892099    3.8475539650
  -6.5233778823   -3.7877645132    5.4581478591    0.3233264726    2.8718869361    0.5795602024
   5.4084230803   -5.1059776622   -1.8733496269   -0.3779766923   -1.5810140705   -0.4180675835
  -4.0467558486   -8.1316799109    3.6632763032   -2.4725133566   -1.8381302822   -0.0835351775
  -2.1824167799   -1.0920238583   -0.1564877688   -0.4708471907   -3.3725234664   -5.7972098090
  -6.8304938152    7.6544206902   -5.0112162324    4.0990363406   -0.6040062614   -0.1029830896
   6.9740081086    4.3950986913    0.6437302469    1.2289322285   -1.0553218947   -1.8333808872
   2.3251074353   -7.0311822621   -4.5192306204    1.6372086842    0.2279194553    1.5536004779
  -3.7250054848    6.4305118028    6.5110442148    0.6170516029    1.7639797113   -3.0434744617
  -8.0171544549   -3.0006805321   -7.8506192280   -1.7660807492   -0.1940431666    0.8958584031
  -0.9632643246    7.5231792472    6.5452002924    1.5574376300    0.1251576580    5.1377773599
  -4.0758405815    0.3394014488   -3.9280171213    2.4258047191    2.7274762182    4.3477663841
   0.9417680201    0.9633941219    5.0952025481    0.7035576333   -4.1222095488   -1.7701419073
   3.4546619943    0.8316042637    1.3627513160   -0.0644991079   -1.0978239621   -0.1649599816
   7.1766789964    6.9273630414    4.3954490859    2.0950625611   -3.3616281402   -3.9384231886
   6.2996980400   -1.8500551469    0.6847474218   -1.8992498851    3.8531750167    5.0161919450
   0.3040506538    1.0145322068    8.4569684446    1.9767992767   -0.4152393904   -0.9063111732
  -1.7885066099    0.5536351470    1.8582018020    0.3133761284   -0.6716622427   -0.0063031142
   0.2590782703    3.0870677244   -2.3649737219    0.3949406191    1.2698990623   -2.8417240071
   3.5898961379    3.5721461986    2.1378117917    0.1863330738   -0.7521891607   -2.4814617510
  -0.2937751955    2.2368426600    1.7014107977   -3.3422085195    1.5726824859   -3.3572104435
  -2.8121253628    0.1911697318   -8.3375398423   -1.7267460528    4.4353944928    3.4498360387
  -1.9680464067    5.8765156200    5.4405405939    0.8176541681    1.0818080181   -1.3480193531
  -2.2951362618    1.2297430927   -0.4595916512   -1.0776555012   -1.1976946703    1.3904059418
   6.2197643410    1.2823662556    0.8460519989    3.5183100472   -2.2021904604   -0.7721929272
  -4.8604912067    2.4092368784   -7.0409171151   -1.8334183597   -0.7491797858    3.7816755667
  -6.6951973419    6.8139235422   -7.8244786092   -1.4869131093    2.6382783623   -2.1498202804
  -1.0944299774   -0.8970353499   -7.3804432475    1.9386990555    1.0333167336    0.0700847275
   0.7674694885   -1.3224309701   -7.7266851719    0.8297131745   -2.2554858940    2.4296234831
   7.0051476718    6.4076076676    2.3131002509    3.4752734857    1.2162048492   -3.3058040137
   3.7331419278   -2.5744110017    2.3384247022   -0.7015477330   -1.6164298141    0.6687568014
  -7.1347812614   -4.4541973186   -1.0996499952   -0.1516945137    0.4519201853    0.4451332554
   2.2479037839   -5.4213097325   -3.1329416382   -3.7283214106   -1.9513984806   -1.6503040123
  -6.5450990849   -5.6434230884    5.0844214832   -0.9011232777    3.8263334695   -0.1847985819
   2.6216856124   -4.0995435124    1.2037180425   -3.3122788674   -3.2310029165   -1.3191648680
   6.0440512564   -5.7794517434    1.2796659452    3.0949908291   -1.6907125694   -0.6358174254
   2.0254217692   -1.6395114557   -0.1304472652   -2.2857450754    0.1238114208    1.0166499292
   0.7377746442    8.2814760245    3.6067877451    2.3810115228    2.0301591236   -2.1518046123
  -0.1181134879   -5.1262003887   -1.6324797513    1.4369582428    0.9437270022    0.4037650546
  -4.2067624945    6.9206097105   -0.5312298109   -3.8115565054   -0.0038485469   -1.9454225095
   7.9782594878    3.6478455720   -3.2516088150    1.2932873445    1.7656430683   -1.8712943312
  -0.7317595234    5.8107677604   -2.0263268415   -0.4924455133    1.0981043668   -1.6224923159
  -0.1440821206   -3.4912898469    1.0494995116    1.4529367857    0.9399172575    1.0314117699
   6.5399020083   -1.7390354595   -2.0001845708   -1.1567807640   -2.6782087800    0.0506792568
   5.3028646533   -7.0931229356    7.4183464357    4.7443553110    1.2789849266    1.0452378030
   1.8663120022    2.2393995743    2.1081702257    2.8990895261   -1.1750675771    1.9896883332
   2.1928100305    3.2281087989   -5.4881403188   -3.3941388089   -0.9878671167   -0.1439030722
   6.6747821534   -5.9473507102   -2.6591100205   -4.4269211178    2.0376375039   -4.9351518639
  -6.1311363157    0.1745904870   -7.1747100224    2.1893574291    0.7995476007    2.1062879506
   3.1914610766    4.3662130954    7.2578704650   -1.4280287294   -0.5147997143    3.2631297053
   8.2541483496   -5.2694080811   -7.2966653517   -1.4995775494    0.3823767925    0.7411231580
  -7.7166139969    1.2640768622    7.7774263983   -0.6023137402   -2.3873947668   -0.2452522172
   4.8800101501    2.1235276264   -0.0133484128   -0.6894121261    1.3053152448   -2.8598828552
  -2.7777548364   -8.3066941789   -2.9638103026   -3.1290436573    2.6285411883   -0.3038544885
  -6.7153727544    5.2478587467   -6.2726175617    0.7074023689   -0.3642572954   -0.5247757947
   7.1476082964   -5.8282069221    4.5615171536   -2.4802650191   -3.5376139644   -3.5133590104
   5.7946208305    7.4795635826    4.0920235430    2.4410895115   -3.3909767672    4.3952917820
   2.3111125880    2.8721645258   -2.8555461641   -3.2702894639   -3.4203736597    1.7015891719
   4.2077786665    4.7616090909   -6.6454819111   -1.4761709808   -0.1098628097    0.9039452801
   5.4362161447    8.2194573541   -0.0173291687   -0.3992898990   -2.0545288399    1.5210641900
   6.5910926629    4.6098817410   -6.3365464830   -0.3824057390    1.6283820970   -0.5342006217
   2.4639314251    5.6941722585    1.2259527597   -0.1091918473   -0.0822473223   -3.0947872607
   3.8993248752    2.4608338585   -6.4875072753   -1.2169578037    0.7273731510   -0.0268173863
  -0.7568011010   -0.9152396734    0.7599141506    1.7827402224    1.7640957597   -0.1267303525
   4.6778644428    7.3210245596   -6.1586849854    1.5520247117   -1.3519831779   -2.2151383563
  -5.7490352652    0.6038014038   -2.7678267896   -2.6849959550    2.7748040234    0.5232855570
  -6.4669626433    0.8198653128    0.9672033741   -0.9196861179   -1.6265117450   -0.0022355196
  -8.5267652515    6.2902348683   -1.1440596184    1.3393006778   -0.3331370530   -1.6442062573
   0.1234266269    4.4615370877   -6.0921854100    3.9153972602    3.4133475995    1.5599419256
  -7.0988126806    3.2099891609    6.3509385279    0.4619696658   -3.5584973490   -0.0441886723
  -1.6679575470    0.1107730700   -3.6887232130   -1.4831817254   -3.2998359980   -1.4188668611
  -2.9407910081    5.2725951560   -7.4982790322   -0.1637928226   -1.2787290060   -2.7247727924
  -6.0482769808    0.8258628452   -4.1775293219   -1.0962376027   -0.4932716607    3.1815022487
  -5.6691302986   -7.3836415185    5.0112156750   -4.0606651529    1.4765969873   -3.2387612863
  -6.9415779116   -6.4047306852    2.1633176297    0.5232807388   -3.1128720233   -1.6120298367
   4.6863541561    5.3186687582    3.0968801370    1.8483004722    2.1311243362    3.5598415915
   4.4486242525    5.3666983272   -5.6487502438    0.0797606328    3.1731420675    3.5950613545
  -1.6408397278   -1.4949950909    7.3797469658    3.0816023538    1.7362611564    1.0807729698
   1.3941218555   -7.4647422334    8.3368056566   -5.1793829267   -2.9163712898   -2.0884415872
  -2.4243645737    7.0920757488    7.6847082982    2.3473204769    2.0393863417   -0.0728365945
   7.4733567407   -7.3905759605    7.0322584267   -2.1946198037    0.4167791364   -0.7669987233
  -7.5232326830    7.3225112415    1.2027293338   -0.5535179091    2.1387846035   -1.5703418785
  -1.1614185775   -0.6458674110   -0.9288708951    0.9922784333    5.1950678427   -1.2867248179
  -5.1241777566   -8.0318606335   -0.6591703637    0.2329854765    2.2290063234   -3.8443526384
  -5.8387635431   -0.6649621972    6.2541416755    3.9800041040   -1.3601407185   -2.5686152167
   6.2292812849    6.3663524494    3.2390615396   -2.3085486213    2.4041799452    1.2847568014
   2.3633869986   -6.1427747789   -2.6318931278    2.8349753063   -3.4283629811    4.3066877697
  -4.5023576636    7.8524462680   -3.1000584613   -0.8282452000    3.0371381976    0.0456151106
  -0.2593805415   -0.7639534294    6.5139418374    2.7178662540    2.3287910733    0.4065961002
  -0.4103076033    8.1650753512   -5.7529882176    2.3780425594    2.7501150087    0.4866868025
   1.9928361317    6.4180760009    4.0412676562   -0.8942378395   -1.7882196056   -2.7991641431
  -5.8368398865   -8.3466911337   -7.0363947767   -0.3140088206   -1.5696178985   -1.5222311670
  -1.9686995373   -6.1532930650   -6.0481637181    4.8761096028    2.7828863446   -3.2011964956
   2.6712713904    5.2627317020    3.0949767682   -0.8100475862   -0.8416362247   -3.9033394699
  -3.0749641642    6.2477262462   -5.5323879527    0.0999762016    3.4914168812    6.1065384380
  -8.4288986875    3.7965182532    1.0479668792   -0.6017104869   -4.7571238190    4.0375101677
  -4.3282416209    4.9474202895   -6.4449376207   -6.4146788574   -1.2808757373    3.8735200239
  -6.2225302030    7.2499080834   -6.0265885119   -1.7404157235    2.4750264500    2.9047397783
  -5.8600454802    7.2102871424   -2.6791898883   -0.4597750625    1.5755715190    0.5275105210
   2.9982159125    6.5833957965    5.9476896756   -3.1804204606    0.4635209639    0.9336475060
   1.5323326002   -3.3567000916    6.7178867878   -0.1319783984   -3.9159707936    0.6596989784
  -0.8045514453    5.0900480539    5.0720733538    4.4827992846    1.4113558571    2.8278671609
  -4.0585563507   -6.7706743713    1.4635024368    1.6333117743   -1.1345058659   -1.5516131164
   2.4461442480   -3.0725384131   -1.8700312433    0.9124426936    1.1060502186   -3.4337686652
  -2.2911249100   -0.7738127557   -5.5378540256    0.6889027323   -2.1505997773   -0.8467215592
  -7.8949367916    2.3831942534    8.0634463759    1.5126368958   -1.1930862980   -0.5287566658
   6.2455512160    7.1443971282   -7.6719213995    2.9369537794    0.2993768321   -1.6198043978
  -0.5855598858    7.3723114406    5.6517989547    1.0590523360   -0.1893736642   -4.3453777017
  -6.9986891285    8.4583141850   -4.2188290778    0.2619144367    1.2719062457    1.2989638301
  -3.2813953111    4.7577667803    0.1332482400    3.2872051511    1.9997368746    0.0465915052
   3.6203099339    3.4270553711    6.6422909360   -0.7475610443   -0.5688990793   -2.4401331463
  -0.9816679167    6.8448157228    4.4087415544   -0.3775230663   -1.6892345979    1.8829921883
   3.3591653963   -1.7425754828    7.0950853007   -0.0264710780   -3.1370681871   -2.0413216837
   7.3964602145    7.6643307833   -2.8889182819    0.4475094092    0.6589654546    1.2879842686
   5.4287301282   -1.9526201640   -4.6473711293    2.0445301970   -4.2151106809   -0.0993486304
  -6.8732386994   -1.5498591330    0.9510536288    0.8388045350    0.4192963399    0.8031430695
   2.3494684063   -4.3252999369    3.6013641935   -3.2060289956    2.0452215216   -3.4136800455
  -4.6991927088   -1.4270689290    0.2106996880    0.6612868832   -1.3450711174   -0.7324272374
  -1.9818224515   -4.9725747816   -2.4268571510   -0.3743916157   -1.0827885283    2.9941086313
  -6.7082510215    8.2524768958    4.7458479297    1.8116948387    1.9074384825    2.6573189516
   7.4670805433   -4.3166287881   -1.4530019947    2.1530600349   -1.5742471272   -4.6132279950
  -0.8300419252    0.2975823005   -2.8465262982   -0.7205433101   -3.7201453800   -2.6526564830
  -0.5298501879    0.4079925821   -5.8994294090    1.5852924461    2.4515450970    3.0469525093
   4.7976492515   -4.9954811274   -5.1790872838   -1.2109337373   -1.1087517219   -4.9008475544
  -2.7333979254   -8.2080315215    3.7903691613   -1.7032493943   -3.8714647867   -5.8176302437
  -6.1314241230   -3.8226537826    8.2657169498   -1.7684720502   -3.0216390870    0.6974367319
   3.1590845522    6.1212515275   -5.8225795440   -2.3644502803    0.7496701431    1.7607124133
  -7.3946498904    4.8836515359   -1.4649572832    0.3157233001    1.4080015365    5.1966404940
   1.6443242068   -2.7818283719    1.9912127470    1.8145932463   -0.3472780156   -3.1057546298
  -7.5223014682   -7.3487835390   -8.3232748399    0.7644755323   -0.9444814512   -0.4103698932
   1.9619471511    5.9943767067   -7.0787064483    1.2762585606   -5.0739731759    2.0064493679
  -6.1107255060    6.4208307259    7.6563310668   -1.1207933134    0.2472573840    0.0360167505
   3.4499265174    3.4101758552   -0.5198718199    0.1128239613   -1.3260791859    0.3597843548
   3.2986920471   -8.4732191992    0.0980890321   -1.1098010430   -1.7135029256   -0.3500023384
  -8.0936190160    4.7066487164    7.2489993758   -1.2614183498    2.4649378345   -1.4472919464
   5.1442438383   -6.3253219968    5.9098526463   -6.9817877229   -0.5366881691   -0.8302691486
  -1.0715985360   -4.6646086582   -3.3804583324    0.0252095214   -1.4455814902   -1.9311643934
   2.6637741790   -0.6882503249   -6.6712303097    2.0016274101   -1.9817412467   -0.3634515497
  -6.5319839313   -2.9537691442    4.7847251618    0.7043745481   -1.6914355688    1.6598037101
   6.3779969933   -0.3498852611    2.4592702652    2.4005499474   -3.1002348856   -4.6025707800
   3.1363370039    7.1830193901   -6.5824943259    0.7657477848    2.3110565710    3.3422266638
   0.7337390253   -1.2669862112   -1.3510585055   -2.3189140874    2.3455232445   -4.0356270975
  -3.2231177184   -3.5922921812   -2.4938389338   -0.1223996462   -2.5587137631    0.8836283858
   2.2292207633   -1.5731711537   -4.1869050279   -1.9182178199    2.7218105366   -1.4187889513
   6.7153462411   -1.0782529070    4.8435756894    0.5781654926   -0.5849831422    0.3342504412
  -0.7203410046    0.1389389060    0.6076166496    0.2055044869    4.7780681799   -2.9066176693
   1.6621671033    1.8442154887    7.2205955394    1.2831716006   -3.1218946502    2.8914738606
  -7.2140017617   -4.8643715484   -3.9039082545   -1.6307066939    2.2560867476    2.1922107953
  -5.9345194412   -2.5676393279   -0.0873733436   -2.1212039847    1.2971406189   -2.4586019422
   3.8989379089   -5.1614061214   -4.7733835144   -1.1812920482    4.5861919831    0.4892093914
  -7.7610178114   -3.6471661934   -7.0221823567   -0.2099565845    0.6960183489   -0.9282262063
   0.0243746318   -3.8861542417   -2.0229470407    4.9177542930    0.4986799985    3.5827861650
  -5.5358407554    4.2451103311   -2.2095394328   -0.8195379768    0.3363870862   -2.1872448824
   6.0551755494   -6.5304380923   -8.4860330786    0.2884486300    1.6303111328    1.9083510639
  -7.6610961867    8.1321035736   -3.4385850446   -0.8087042750   -1.1520802733   -2.1576632228
   7.2764181357    3.5474618441    8.1615083309    0.2909804036    0.1018977762    4.1935704055
   6.1247849497   -0.1973196731    7.8997716768   -0.1107808416   -0.1962699588    1.8672594507
  -2.5197784214    1.4954016896   -1.7129719986   -0.7992995233    1.1396043663    4.3264318722
   6.4805598048   -6.3379418036    0.0101910330   -1.8711769519    0.4941506123   -1.2623213041
  -2.0507704024    6.2599292316   -6.9643673839   -3.8945151987   -3.8232716616   -0.7431058248
   3.6888640231    5.6754140604   -6.6898976846   -2.4103761660   -2.3355648514   -1.8183902858
  -7.1504456265    4.1854171256    1.6927209945    1.6422072243    3.0964422378   -2.5664188286
   5.6310598580    4.5457161579   -4.0519262386   -3.4615281587   -2.6236338007    1.9414841630
  -6.0622869545   -6.3528064612    4.0800367162   -2.8625625749   -2.7337457262   -1.2875743992
  -7.8625310048    7.5768515130   -8.4083608999    2.7834106055   -4.7680839423    2.2199747541
   4.3992103845    7.7923520512   -4.0421432813    3.0155393515    2.0963340118   -2.1986272204
  -3.9464188289   -7.3505342719   -2.5628449573    0.0036040482    0.6363896871   -4.0066181197
   0.8391309397    1.4956468570    6.5194675285   -0.7345988079    0.3302995622    2.5473344682
  -3.8748725192   -4.5043829609   -2.0430490609    0.0855471398   -5.7586659396    2.6356923358
  -5.2050822240   -7.0149574938    2.2008413006    2.2535091156    3.2951512261   -0.7391894391
  -2.3214295299    7.8563041003   -5.6300545772   -1.6976797527    2.3342227132    1.6695213576
   7.5049218054    3.9758350628   -2.2771661134   -1.5755053875   -1.3999675828    7.0921213654
  -1.8993350033   -7.3056576672    1.2210140514   -1.3117551117    1.9408118613   -4.7826308565
   7.0532491651   -7.7861675000    3.4327889000   -1.8032192137   -3.8281992260   -0.5651874052
  -6.6654900174    5.6057823192    3.2112976105   -0.5299175789    3.6682059698   -2.3479285295
   0.0417982987   -5.0025596151   -4.4874515650   -0.6346809532    1.8164470774   -1.6556435090
  -6.7801780902    7.4463194331    0.3349574943   -4.3252636754   -2.9547840364   -0.0138797878
  -7.5393867292   -4.9420435134   -1.9608352213    0.1731449732   -1.1131492780   -1.6611953565
  -7.7980391998    7.4789235494    3.9943737562   -0.6445430390    1.7431404153   -1.7511694308
  -0.4569751813    5.4160833474   -3.5231662363   -0.7745654334    2.3241465543   -3.2071422392
   1.4706805569    6.5650892687   -1.3008350272    0.8226156122    0.6659211605    3.5789399307
   3.1791285699    4.5036781221    0.5484397377   -1.7311901254    3.7726138699   -2.2997008577
   0.1656617114   -1.9965231106    6.0842529210    0.3964341032   -2.1090196298   -1.3934113164
  -3.2480185658   -6.2558510515   -3.2391005732   -1.7445629157    1.2196782470   -0.8228137789
  -3.6558508576    6.0765226594    0.0867583245    2.5475222095   -1.1518192779    1.9476509367
   3.4331645749    3.7883217677    5.6298179430    2.7716852866   -4.1616319600    0.8023928661
   2.9655527928    7.0419411000    7.1418589525   -0.3163349096   -3.0462411969    0.6015198391
  -6.2304309353   -5.7029433298   -3.6804436324   -0.4329851114    1.1513075995    2.9197279971
   4.8713720428   -0.6375851387   -6.7416305775    1.2684143482    0.2284960406    2.0717299505
  -8.2903183159   -2.3465020488    4.5560098468    0.3011769901    1.9816133001   -1.0557900418
   5.9342223761   -8.1365689573   -2.3140910216   -2.0575359749   -2.0126369593   -1.5401259983
   0.6904928048   -2.5538146958    7.8016896610    5.8535210829    1.2636802771   -1.6347237058
   6.4672608774   -4.8435239108   -1.0215391200   -0.1829885899   -3.6816433587   -0.9738161042
   0.0639931982    5.1154666301   -2.6835491476    0.3612049115    0.6775736688   -1.3233688137
   5.6565851614   -5.3633679795    3.4281247639    4.3913252241    1.9234987331   -2.8041021075
  -2.7505024972   -6.2487246102    7.0111732834    0.9454854274    0.5187168806    1.3967862692
  -7.6230801060   -1.4760317081   -1.5588819259    2.0773008043   -4.8013169801   -3.0150940937
  -0.1778871231    5.9015387274   -8.1052451649   -0.4597359537   -3.9632337641    1.6204293771
  -4.6470097927    5.2764439767    2.0141541644    0.4168294121   -0.4780806737   -3.9271279328
   3.2544094747   -8.1978510697   -4.6804226231    1.0409090516    0.3170687528    2.2861293288
  -7.4998270091    1.6904808513   -5.1844709415    1.8368864222    2.4251632658    0.5582381200
   6.6092627734    1.8002582582    2.8360974138    4.0758582362    0.6933648936   -2.9315356668
   7.6101155492   -1.2337828159   -3.5260367294   -0.3486474830    0.9302564639    0.2811898242
   0.7472048851   -6.6833018284    2.7902039815   -3.4470220925    0.4977186673    2.9666291016
  -4.3133983908    3.7970153301   -0.4624474764   -1.1526012406   -3.9152482609   -0.0213354915
  -4.7435472704   -3.1549740747   -0.6917161530   -0.1088746562   -0.5318681745   -3.0905561022
   1.2886408885    5.4530228421   -1.4313763147    0.5207189587   -2.1071163259   -0.0870519054
   3.4114239287    0.7126820337    0.2080538822   -0.7447015044   -1.6051866278   -1.4375833286
   5.2374276784   -3.0519610439    1.0313800486   -5.2989986931   -1.6451442925   -0.0541724030
  -8.0794658918   -1.6527315882    5.6297181578   -4.0595714687   -2.4626236760   -2.3000717256
  -6.3764055609   -0.1362910196    4.2848782138   -0.8106518447    3.1194322673    0.5166695842
  -3.1920875370    5.4072072056   -4.8077923522    0.7237309895    2.9553139032   -2.6854240933
   6.4461630209    7.2507128456   -6.1154037565   -1.7093046042    1.4395658288   -0.2284890544
   0.2467229747   -0.4970952655   -2.0816640059    0.3080711501    0.4817537280    0.7947556865
   7.4192160332    6.3843878129   -4.8548674673   -0.8772309038   -0.7233354660   -1.8750254257
  -7.9104529173   -0.7936187210   -7.4049992584   -1.8088075429    0.4568475712   -0.4046919595
  -5.2578839626    4.1598311887   -0.7570305943    2.1232734801    0.9673367365    1.5804471506
  -1.4397846258    4.2548529067    0.0791112365    1.3540991006   -0.7831958638    1.1285177699
   4.4242632366    1.1066196136   -1.5772521276    2.7374977950   -2.0791208469    1.3705863507
  -0.7779057690   -2.0129399774   -6.5244496709    3.8125379962   -1.2077355982    4.4290245602
   7.1462703553    6.9510754596   -6.9238601301    2.8326628536    0.9711923960   -2.2875265349
  -4.9507054003   -3.2859771539   -4.6002672506   -2.1099444695   -2.8283322587    3.7471749124
   0.2682575665   -7.1325809096    1.8911330954    0.0982606769    0.0170718110   -1.2571570263
   4.9158568403    2.3094883657   -1.3218858801   -2.2691809944    0.9129047515   -2.3360868420
  -1.0542581791    4.3108113630   -1.7360744042   -1.2790588981    1.4221407047   -2.2515323071
   6.7176816450    5.4115411478    1.6824925113    2.5951190784   -0.1954815280    0.1659386268
  -5.9740089370    8.1514216742   -5.4846025209   -1.1534217671    2.0834681262    1.6080103653
  -4.5312365068   -2.8482204842    5.5643012720   -0.2848254931    0.3032596198    1.7371634708
  -5.5094696629   -2.3571978214   -3.9891553434    3.5753395116   -1.8460578776   -0.6749069536
   2.8151768959   -2.7105707288   -3.5551181282    3.8223898200    0.5216644734   -1.1505031169
  -7.6779640278    5.5555060026    6.2532481991   -2.4723491050   -1.4839809143   -3.9499086066
   5.7134617109   -4.6077444456    6.7701051341    2.1701917325   -2.8541922433   -0.6191815687
   7.7798292710   -1.3447099557   -7.1240277001   -1.7859471250   -6.2117013570    0.6520906249
   0.0077874674    7.9112869351    8.2899783986   -1.7613859093   -1.3597380787    1.6623799948
   1.6770384539   -1.6826456770   -6.3663003149   -2.2529448311    1.3831744860   -1.0147901240
   3.5334047822   -7.3161139161    8.4731944223   -2.1866942414    1.9255659615    1.4618842296
  -5.8647885730    8.2441517054    1.4384700839   -0.8106951357    1.0583666761   -3.4571012113
   3.4260406824    1.4463467802   -2.4306246868    2.4069929515    3.2772530198    0.2201310911
  -4.0097840444   -4.7084270068   -1.1416989358    0.2332586472    2.8922265833    2.2818589779
  -6.2808942795    6.1237254131   -4.2646579666   -1.3836889471   -1.3867924520   -2.8006705328
   5.5388100171   -2.2238453126    2.0882974445    2.4891152344   -3.2761324027   -1.6146007244
   4.0266837368   -3.6424580845   -6.7324797787    3.1634568559   -0.7243848302    0.9948880358
  -5.3447118396    7.2044565215    0.7280422567    2.4960145706    1.2229397322   -2.4831531889
  -1.3666816126    6.5545507647   -1.1874451545    1.2494101864    0.4250788643   -1.9312343088
   6.3419367736    2.4730381114   -6.8173900807   -1.1182448569    0.9413565893   -0.4866300839
   1.0900791893   -2.6828573748   -7.0817489244    1.2415194265    2.7378171624   -2.8444207288
  -7.5141230623    2.7241785618   -2.7987970934    2.6734809868    3.7103310177    0.4335909284
   1.9443639300    7.0113988966    5.2742272600    1.6547810443   -2.0478915106    3.4811185206
   4.8662350458    3.3105584258   -7.3400906264    0.0169697404   -1.6433438057   -0.5195233757
   2.9646197758    0.2723889539    8.1936581660   -0.0137972671    4.2927386743    1.8795551293
  -0.3825805481   -3.1523722131   -0.8670229471    3.2128770445   -0.5430007112   -0.8992856930
   2.0031473514    7.9828920821    1.0481348836   -0.4425814113    1.6552249197    0.5306157195
   5.3701836082    2.0493858852    5.2222395016    1.3364651922    2.3248567672    0.9486889471
   8.3090293275    3.3617509457    8.4951594087   -1.3234090154   -0.9877851138    5.6535561645
   2.9860542658   -4.7451726413    4.4682644273    0.4597723044    1.4979129501   -0.4944829050
  -0.3294395425   -3.4543042720    6.3491595715    1.9395847163    1.6374670547   -1.3873239137
   1.3773247480    3.8282081483    2.9907247505    1.8882062981   -2.1925308909    0.2896501959
  -1.9265981322   -1.8161517572    5.3190608236    1.5788964386    1.2418302591    2.2560950074
   2.4183414225   -5.1673253875   -7.9536689521   -0.9735055652   -0.1221843285    0.4133431267
  -0.0144271619    2.2928633391   -4.5545121638   -1.2801734101    2.6229466080    0.0066335108
  -8.2462405456   -4.5292275759    1.5811235306    1.2006893280    4.5574130489   -0.1536392369
  -1.9457459418   -2.3741582871   -4.8355071503   -0.6576886669    1.5973023470    1.8162881119
   0.9626967638    3.9205951417   -5.9179152931   -1.0285620048   -3.9844825999   -3.6413933403
   3.6459450355    5.8778392819   -4.8015725197   -0.7168067585   -0.0368390907    1.8089597795
   3.3478918732   -3.1326954427    0.2199310959    1.9051788275    4.5033263115   -1.8506829672
   7.1245707063    7.5630774296    0.3434671713   -2.4341397602   -0.2030766491    2.1051454351
   4.5854187207   -8.4150231409    7.4969799643   -0.6511429768   -1.5853454798   -2.4985413090
   6.9106232185    3.3669730177   -7.2557450022   -0.3128585164    2.6261048718   -0.9548356237
   4.9768769697    0.1803360290    6.0717971080    3.0360787102   -3.1666915315   -2.1977137359
  -8.3724540273    3.7879681556    4.8265435205   -0.5196352182   -0.7214594645    1.9716826307
  -2.1124696305    0.2529190074    4.9949089241   -1.0861005120    1.0204241943   -1.8907187790
  -5.2372100056    8.2924791736    2.7063635382    2.0087226391   -1.8738249830    1.2879000429
   1.1693563095    0.0906152474    3.4362691730   -0.2350617766    2.1100664628   -1.7025836109
  -6.5714409158    7.6327648619    3.9675156962    3.7770878665   -4.2986701637   -0.4287938299
   1.1460302609    7.5460868905   -0.9024210399   -2.3434381594    3.2900803797   -0.0986055894
  -7.3719391116    8.3014129722    3.3506793511   -0.7085877915    0.2457780610   -2.2111533962
   3.0390008151    6.7602380892   -1.8494530061   -0.9923100080    3.5308827605    3.2210280989
   7.7805375761    2.3523514005    3.5462138715    0.3957466239    5.4650234052    1.0343642349
  -6.9684579100   -2.2155180483    7.9156786871    2.1170470588    0.8561484052   -0.4514426250
   8.0321895579   -7.7287228977    6.3641745594    2.5364458703   -6.3476857566   -0.4694672141
   4.1190314687    4.6116932321    0.0384299049   -1.6760502312   -2.1620540489   -3.8303639555
  -7.5320616804    4.7267941820   -8.1489887783    0.2116471181   -2.1497474853   -1.1732600102
  -6.7148840394    4.1948365444   -4.4648299573   -2.8769076432   -0.9919638314   -2.0863184254
   2.8459484793   -5.6588413698    0.9705315817   -3.6806184492   -2.3729593713    0.3652323726
   7.4234008363   -5.9517231947    0.5349699324    0.1790425296   -1.4550733484   -0.1071078566
   2.9635787861    1.3292379786    7.3199797469   -0.8178159906   -0.5876302933   -0.5437889314
   5.1588774354   -4.2781919745   -6.0297386132   -2.9816878890    1.7284739357    1.5659159315
  -3.3294797114   -2.9816515342   -4.3457475191   -0.8322395796   -1.1068118579   -0.6414003032
   4.5711011160    5.2028516394    8.3168190103    3.2582274438   -4.1476674570    0.5072782866
   5.6932012376    7.8805599322    2.3151728457    0.2332813677    3.1674779353   -3.3868317520
   6.8287625031   -4.5184983533    2.2033042649    0.5757736429   -0.9327418220    2.6633465071
  -5.1824733802   -0.9002001721   -7.7610873727    0.6985257681    0.9258182860   -3.7114349173
   6.4528913078    4.4609374902   -4.7836018838    1.1400722594   -0.5587591844    0.5371481666
  -8.3078198616   -5.3199677734    5.1764339089   -0.6537985403   -2.5696629816   -0.5194265193
   6.0436465424   -7.2627799897    0.8559799330   -0.9489531021   -0.5312310545   -2.4005595316
   7.8066946457   -1.3727658665   -0.2528988648    0.3756361696    0.9441174285   -5.0312786821
  -8.5359826838    6.3036237766    2.3577898452    2.0022353555   -0.4681837983    3.8750423160
  -3.7188080295    2.1751668089    4.2194358645    1.0330960808    0.3910653171   -2.4054916941
   0.7569177208    5.1541316925    8.3049264149   -0.7859341631    3.6444324477   -1.1984420526
  -4.1209553629   -4.1630104802   -4.6697303863   -0.5550270497    0.2138704164   -0.1898903215
   4.0104568821    0.1340429795    3.2640652497    1.6803003640   -0.7294669034   -2.8422603002
  -2.8190681891   -3.6659886121   -8.2052701722   -4.1016089323   -2.0352206183   -0.0995437925
   2.9207392372   -0.5384715904    0.4714605889    3.0454891371   -3.4713798830   -0.5700412774
   5.5862956217   -4.6260066197   -0.4270365932   -0.5216447256   -2.1479996734   -1.1341643836
