           1000
    17.09975947
   7.3084364950    3.5646573069    4.9157463193    1.8768540717    1.9078127317    1.4357925295
  -6.2912021975    6.2507049481   -5.8892076426    0.6081479711   -1.7296801613    0.2516591985
  -1.8550219882   -8.5159827431   -1.5836901383    5.9727672406   -0.9018117807    4.8698962531
  -3.2886180104    3.7061574901   -1.9696078549   -1.1061439510    0.1259999748   -1.8978030549
  -6.5792797728    5.7765389868   -7.4550488739    1.4419900468   -1.8048791521    1.7886001290
   0.2195814189   -0.9706554611   -4.7503990332    1.3124127855   -3.2439373985    0.7588913095
  -6.1019901583    8.3492802219    3.6451617150    0.2308093553    1.3445829217   -0.5930079093
   0.0922116978    8.0618902271   -4.6078490400    0.4213282897   -1.9520402041    0.8397465123
   8.0480175446    2.1297385644    6.0274265624   -4.2975968612    0.0707174907    6.3476881473
  -8.2877012442    2.4085158659   -4.8469498283    0.3768720697    4.2644091312    1.0307876593
   4.5605880638    3.2188028443   -7.1506930665   -0.2195529931   -1.6126786113    1.2281333289
  -6.1888081300    2.8351296000   -0.9409519528    2.8653246457    0.8347338958    1.8767669160
   8.0593146277   -5.4420979599    0.0526308454    1.2909486380   -0.7818410696   -0.1798673065
   8.0759082444   -5.2730485531   -3.8153069929    0.1912762462    2.0698176261   -1.8330202173
  -3.8706246648    0.0663578063    1.2941688990    5.6302070717    1.0741287478    0.5395799114
  -7.2740202566    3.6052837930    0.6408715879   -0.7199464824    0.4254885861    1.3600589300
   2.6667315869   -6.7176157348    1.8220805034    0.0877900746   -3.0257438879   -1.7351979128
  -4.3835397686   -5.3988911298   -6.8743646934   -1.9430797545   -2.6818678152    0.7726354069
  -3.9486088781   -1.0132993002   -6.1351414853   -3.2671303123   -0.2709841817    0.7316828758
   8.4281989358   -2.3847278920   -7.3784158705   -2.6659025539    0.1477290335    1.8262300590
  -6.8490830786   -3.6266579938   -3.6253261445    0.3208317227    2.2680146983    1.2604432147
  -0.4724129851    7.6463150866    4.6184337259    2.1410884853   -1.0888440395   -0.4324315271
   6.5007468391   -7.4238186704    7.1778539642   -0.7521231933    1.7660653679    0.7103912482
  -4.8117172101   -2.1099550711   -2.0661947325    0.2219402226    1.1342076887   -0.0408386163
   3.9071874345   -1.1595880261    7.8754434637   -1.8076163943   -1.1560847929    2.0543601231
   3.6354026758    5.6892810897   -0.4438806664    5.6497603127    1.0047116746   -1.6645018537
   8.2935556780   -0.6802660796   -3.8640582928    0.6552448779    2.0655692985   -3.9133327908
   4.8122005747   -6.2634474654   -1.7709432796    3.3578818340    1.3582607251    3.4341508338
   1.7080146391    0.7904710760   -5.2834442157    1.5080174467   -1.9831765005    1.0469461935
   5.8818870492   -7.3153779093    8.0384030552    0.4467675769    2.6461754992   -5.2920952425
  -5.3262944626    0.3239671686   -7.5460370207   -1.0103398868   -0.3703042719   -0.0654890102
   2.0566095187   -6.3805413975    2.7735737287    0.4331432214    0.8268164534    4.4412882258
   0.7914517618    2.1582223573    6.7584506427    0.2697115524   -1.7311264165    0.7211361332
   0.7579328704   -3.7545869735   -7.8701140983   -1.1542575201    0.9476506416   -0.2308827288
   6.8729601202   -0.6446705003    2.8163785740   -1.1897147352   -2.6631657680    1.1632199644
  -3.3903517922    4.6350001265    1.0502022969    0.3142878815   -0.1399435633   -2.5459255425
  -8.4742062058    0.4217927192    5.6734808166    1.0768690161   -0.5283310695   -1.5016235423
   4.2384955195    4.2308172526   -1.9244808326    1.3886822529    2.8510906949    0.6482650541
   6.5060727811    5.1585081589   -1.8882122971   -0.3954451189    0.0114010474    5.8962695397
  -8.2005081745    2.9069966770    8.5410625305    2.8184403018    0.4489144765   -1.3825251012
   0.6598243171   -5.8390388024   -3.3130212636   -5.0070556306   -1.0803093842   -0.1568931853
  -0.7235587290   -4.0892370414    5.6307791197    4.7487777192    1.6406279296    0.2513611900
   2.1824619516   -1.8467379000   -8.2522196329   -1.7750524990   -1.6167477597    3.3898470666
  -5.8557284082    6.6098497434   -0.9186497170   -2.4484201681   -0.6695985053    5.4687585974
  -0.3129284155    7.4104046793    7.9068765162   -0.5311562745    1.8685799777    0.8900949916
  -0.9741843446    1.0958531825    4.0380883537   -2.9813925268   -0.8967307895    4.0567464015
   4.8161750156   -6.9300524004   -6.8550618656   -4.4023728528    3.8264055291   -2.2230466961
  -0.6418793825    4.3049979295    0.6573322535   -2.0163564455    2.6769483002    1.4336519182
   8.3519936318   -6.1693043584    3.2405405784   -2.0764921201    1.1293934703   -1.5398096086
  -2.2216600657    8.2253790456   -4.4747686522    1.3204581603    0.6443955527   -5.7414974309
   8.0239713189    1.1222098027   -4.5792272151    0.4332837953    1.2522340899    0.2671312847
   4.9606834391   -2.8561493960    7.3610318459    1.2160558035   -1.2938287189    5.6437614447
   0.2585383200    5.7674265323   -3.7865298695    0.7379875399   -1.0441107836   -2.9977203578
  -7.3357937532    8.2950383677    4.3704618627    4.3382061301   -3.4591133051    2.0707720874
  -0.8527620228    7.9946531383   -3.8825277959   -2.4100877872    2.0097317655   -2.7670857094
   5.2425684648   -7.8942676866   -5.3814704432    1.9132045297   -2.5799291782   -0.1628468745
   6.2694010202    6.8078154860    8.5206810344   -5.6626201674    2.7438061101    2.4661499621
  -1.7447560020    0.0671764181    1.8344266030   -0.1569916758   -0.0328942230    3.3588238929
  -8.5234369677   -4.1577115848    0.2294812832    0.5746208180   -1.9374323221    2.4295604333
   2.7606303821    4.7122487971    6.2030010037   -1.2087238790   -2.1287845059   -4.3857367862
   8.3026234818   -7.8528607054   -3.0478122208    0.3307935981    0.9429412358    2.6812988970
   4.1398884383    1.9584188140    7.5711527740   -0.9419938257    3.8243155224   -0.7441176277
  -7.0249115678   -0.8909381587   -5.3864698956    1.4145423578    2.7999737693    0.0389247045
  -0.0751701165    7.0714415814    6.2020867215    0.4669836680    0.8089005590   -0.4763036319
   3.9252607811   -6.8242509973   -3.9372157870   -0.2878667574    1.2740765136    0.0797111892
  -7.7560012924   -2.4343866535   -4.3648490119   -2.3438243726    0.6639368683    1.3203408543
   7.3439791811    7.3528223172   -6.5739134783   -1.6032684280    2.3833795932   -4.4761027456
   7.7181746881   -3.7257760892    6.8565309790   -0.5045636132    1.8819574318    2.6194441435
   8.4366401508   -6.0798488683   -7.6444787285   -1.9362852668   -2.4372853086   -1.6690351830
  -5.8444852946    1.7711809761   -6.6235672393   -1.2533924987    3.7451837857   -1.0671185537
  -3.8091983435    1.1194505285    1.4925792169   -3.0272750409   -2.3842055486   -2.3080896061
   2.0108167551   -2.1331236687    0.5863027743    2.8933560739    0.5952499909   -1.8604708772
  -6.7165507741   -6.3620817595    6.6381587553    1.2142264070    0.7989293514    0.9194624543
   5.2189968780   -0.1128611114   -5.8572936480   -1.7149971134    1.3653133404   -1.5725512881
   0.4906657363   -0.6603808895    0.8739835035   -2.3055952220    1.2382808829    0.7031821042
   3.0897793035    4.6421991037    1.1091301462    2.0201919893    0.4948021401    2.0279441098
   2.5778755069    2.1515970943    8.1191863281    0.0291948215    0.3756702335    3.4801919992
   0.4080275207   -5.4997912433    4.9935881640    0.2786136207   -1.4354981972    0.5677681853
   2.1580983396   -6.6517855564   -3.0103158156   -0.2637711521   -3.6343766411    0.0423346834
  -7.6557560489    5.8350476563   -5.8420147175    0.6891120378   -1.6769471388   -4.1336787750
  -3.2609781198    1.0078184163   -5.4344098461   -4.1432782300    1.3019165548   -3.7957585040
  -1.3636557700   -7.9507034938   -5.9676925035    3.5969828041    0.3905178064   -0.9018328382
  -8.5034600136    6.8215127046   -4.2434935417    2.2053797343   -0.2337052014    0.4392307232
  -6.6972262208   -7.3907258442    7.3647686248   -3.3603275692    1.0477070294   -2.3132095266
  -6.2294346517    8.4676257017    6.3518044477    1.9157506472   -0.1859631570   -0.5205584785
   4.3206704873    0.5198285816    4.8785982204   -0.8805458698    1.6621902813   -0.4701980715
  -1.6417524804    6.7619920258   -3.3770089780   -1.5537988542    4.9767987971    2.8572484861
  -5.1518907503    8.3974186105   -3.0901276084   -4.5245860849    0.1986793704   -2.7896746732
   8.0679804075    6.7764958044    6.7471268046    1.9867954338   -2.1352717158    1.4075471494
   7.8464979676   -7.6984634309   -5.5883398933    1.3861489922    3.4324419519    1.5921383065
   1.2809032173    3.1892571093    5.0951465114    1.6808311809    0.5817139913   -2.4212748711
  -2.0815554429   -6.8934000979    7.6067526323   -0.8286167052   -4.8768517198   -0.8119107670
  -3.4593538410   -4.6561283330    7.2916418985   -0.5922656909   -4.0648390436    3.8470267770
  -2.3647542201   -3.9068225233   -2.6157418596   -0.2121491263    0.0032333320   -5.8090383100
   2.1864545227    8.2128396951    6.7665674172    0.2406089406   -0.8074793004    1.3608580379
   5.3965514613   -0.5236729289    3.7614236885    0.6287507571    0.6035585731    0.6092099448
  -4.6884944389   -6.9806999287   -7.6315829891   -0.9278026377    0.6634831098    0.5638286580
  -5.5293650637   -7.7016481891   -6.2252340947   -0.4995934216   -0.2130447107    2.1609247854
  -7.6041914793   -4.6929149696   -1.1156988591    0.6558485652    0.3188660857    0.9310650989
  -1.7948335459    7.0701656057   -5.2592974017    0.0858424094   -1.4055787495   -0.3060661114
  -7.2940063802   -6.2195611222   -3.4601630902   -2.4213442896    0.0450792559    1.2025225711
  -2.1702981124   -3.1528486656   -7.3801807581   -3.4002967332   -2.9962695817   -2.1448639746
  -6.8296414829   -7.8908794117   -4.4308637322    0.2155158372    2.5707594969    0.2008980984
  -1.3271434468    5.4864955913   -4.7752128431   -4.7949314126   -1.6266780610    1.2042834837
   7.8953237059    0.6942319483    6.4478506613    0.3600799006    3.2743901992    2.6958881506
   1.4607740235   -8.3438412023   -7.8354941552   -0.1308917167   -1.2157278478    0.5176693753
   4.0585013011    3.5600650169    2.0568081843   -2.1228665168    1.5754536774   -1.5709431224
  -4.2957852640   -7.4906976825    1.4868720489   -0.0351600828   -2.7728668005   -2.0124822239
   4.7450533889   -2.1914834256    4.2066778865    0.7095046776    2.8022763856    0.4774909411
   3.0993852646   -6.9474207233    0.8393439366   -2.4330850868   -3.8214602541   -1.7490338029
  -3.4667115029   -4.8342664224    4.3384514231    1.9158316681   -0.3259626958   -0.5521520110
  -7.9202399996   -1.6734166650    3.1639896691   -0.9945251269    1.0619641269    2.9791155438
  -4.4328089298   -0.7003582718   -4.3310260454    1.2685795215   -1.9583937899    0.1372820879
  -8.2934418890    1.6595156743   -6.1544726485    3.1023189179   -3.0822229106    4.4235660052
   6.4970801232    4.3461488413   -5.4579023490    2.1655109881    0.2317361329   -3.4414580921
   1.3313413707   -3.1065814600    2.0224290023   -1.0804678168    0.3273076733   -0.1748398427
   5.8945186564   -5.3959268939    7.7252009710   -1.2330574255    1.9767738745   -1.8322216846
  -5.6041831898   -5.8609222963    0.1705719465   -1.0175630491   -0.5644356998   -1.6302168573
  -5.3974159793    7.0177828119    3.2482981703    2.1867118422    0.7682614038   -0.9795234350
   8.3118002284   -8.0112933302    2.9190005827   -1.9617324112    0.8336843152   -0.4394790895
   8.0211323813    5.9681809075   -8.1610214580   -3.8146920008   -2.3856352679   -0.0095616937
  -5.0188511327    3.7173667455   -7.6795766615    0.4805960189    0.5164455505    0.6251542364
   3.8184518366    1.7603844874    1.5446087078    0.7230840356    3.8838106242   -5.1341261876
  -0.4069634154    5.1449776098   -1.9213237796    1.9738383590    0.2995882378    1.2597594689
  -7.4184256143   -1.3207802647    0.7105619958   -1.5790692590    1.1342519525   -2.6484846515
  -5.6463766546   -2.4105056354    5.5947908818   -4.8071148866   -1.4961883378    3.8317422923
   0.1668277452   -5.1971607384   -1.0318491985    4.4018054086   -4.1738553584    2.8466083965
   0.7177221117    3.6454100144   -4.5405169250   -2.5582105291   -3.4425656940    2.7664455389
   1.3080978732   -3.4647885688   -3.2376395481   -2.2174481086   -0.5641937386   -4.6233365365
   4.8734998456    4.8538319944   -1.0445446410    1.9022350074   -3.2185804763   -2.8595864183
  -4.1556160829   -4.8391565965   -5.2292250201    0.2525569106    1.5917148802    3.2657972322
  -4.0859653719    7.0629976306   -0.9646075165   -0.1474621078   -2.4446852993   -0.7391320460
   0.0175459131   -7.6127358855    6.5974697916   -4.6920121060   -0.0206713011   -2.1698023239
   5.1897701049   -1.1578438106   -0.5465121284   -0.7329505833   -0.4708938006   -0.4684622425
   6.5309708444   -2.5542697720   -7.5023913294   -0.2896057682   -1.6380675657    0.6634566919
  -7.7581201932   -4.8187231225    2.8812300035    4.1302984445   -2.5901390968    0.5079716413
   5.6675612864   -6.5276981246   -0.3040658662    0.7641879280    0.0266325896   -7.0765244447
   2.1496204044    1.4783790523   -0.8051985043    0.4798709077   -2.9346455294    3.0539969482
   3.3560384166    1.9629132452    6.0627322993    0.8980874749    1.9419857109    4.4301284104
   6.6617800023   -6.9980989865    2.1156463753   -3.4847047845   -0.2773190068   -2.5552717041
   6.3369004601    2.7125920055   -5.9025115521    4.2411362748   -0.1470403145   -1.0052965096
  -5.4028353966    2.2419112094   -0.4055197541   -4.4131385296   -3.0222060004    1.5764886330
  -5.8391060304   -5.3172744401   -4.5976346899    1.7948139480    0.8464076959    0.8211662713
  -5.1596270967    2.8253056540   -6.5113784305    1.8129620656    4.3755638790   -1.0294783722
   0.8210628393    1.5040124823   -4.3410178626   -1.0522037104   -3.6014972662    1.6988281571
  -0.0289622434    0.0197864046    1.1813621317   -0.5410098355    2.6810927343    0.2920194267
  -6.8781945094    7.1184013944   -0.9935303915   -1.7275106907    1.1179329548    1.9698912375
  -2.9656243926    0.5447575633    1.2608287024    3.2014860766    2.8340276361    1.2965626732
   4.8947950112    7.5608263454   -8.4629866038   -1.4379451294   -1.0689465342   -0.2299027010
  -2.3314332064    3.2466647689    7.3470132944    0.4931239117    0.6491706902    0.9644134133
  -4.2599260917   -4.2011427613   -0.6099270037    2.0412989030    0.0069164372   -1.7551142533
   4.1786048124    1.9146807212   -0.2661178367   -3.9332901252    2.5573065935   -4.9353950463
  -1.9571231036    3.9267433653   -5.8249975586   -0.5749557074   -0.4602200966    2.4267552603
   0.7171687660    7.4348122871   -1.5697589034    0.8527044722    0.9713177330    2.6164662428
  -2.4840325246    3.1076078387    3.7156745143    1.0531538194    1.1650437707    1.2861601091
   8.2431463785   -4.6847444204   -4.6240432245   -0.6115135816    0.4449930087   -1.5947542675
  -5.8517099686    2.0143682911   -8.2451320693    1.8488837424    2.1530262488    5.3172464107
  -8.3244923741   -7.2517379816    7.5129707708   -4.8904664072   -1.7936038030   -7.4293395369
  -0.8295769937   -7.8943031431   -7.9047825558    4.1171304639   -0.7142889258    4.3663764339
  -1.0825312072   -2.3376682368    2.5093172827    0.6071118951    0.5928372452    2.4043033531
   5.1344351339    2.0815888205   -3.6435892062   -1.1573068617   -3.5596192989   -3.7541970812
   6.6745794634   -0.9627933458   -6.8116531101    0.4968441789   -0.0202668078    3.9883409015
   4.5812058331   -8.1089980134    6.7398556177   -1.0381426005   -1.2276956073   -0.4677646306
   3.8321235318   -0.9866085156   -4.5596610997    3.8025849952   -2.0081490949   -2.1642447140
   1.4667219549   -1.9210176983    7.8285879710    2.2402013819    1.3365533525   -0.2868087393
   6.3157272116   -1.9390848272    5.7656588999   -0.4332560778    2.4674564583   -0.2208045922
   7.2179158104   -7.8768179439   -0.9888239327    0.6984513727   -3.0158663024   -0.8867719392
  -0.6426254020    3.3558523226   -8.3025464862    0.2683623527    1.2042527659    1.5675641825
   4.6227190956   -6.0631456884    6.1845365393   -0.1085057027   -1.6539404904    0.5255924356
  -4.0560738965   -6.6155528352   -8.2821571338    2.2536709887   -0.4346045985    2.7236773598
  -5.3075103565   -7.8263812610    3.6126155470   -0.2498960817    1.4873435064    0.3999634489
   5.3933575858   -1.6533630701   -2.3876813616    0.0199067362   -2.5828835280   -1.6171869542
  -2.9393155812    7.6491194622    8.2732578374    0.4406735712    1.9452814119   -1.7763160783
   0.6148009104    1.2996013102    1.0078479610    1.4654589623   -1.5479449215    0.4316173991
   6.7081421094    3.9328345144    1.2479327798    2.3972253872   -1.5047745818    2.5105604586
  -2.0817340305    0.6430472999   -5.5342953385    2.4255254223   -1.9782826595    0.8910192881
   5.4892332143   -4.7057609536   -3.4354498615    5.9998956362   -0.4436157163   -0.3225215127
  -3.0789371604    2.9790255019    7.7738380669   -1.3099015703    1.9765161736    2.1802816684
  -2.6666658532    1.7395901834   -5.7288520896    3.3370300420    0.7966047681   -6.4972784246
  -3.5288564516    1.5063862686    0.2231751948   -2.1317426936    3.2848021269   -1.9654349208
   1.1690199390   -4.2699152892    0.2907739244   -1.5920538580   -0.4877922305   -0.3309538225
   4.7820822457   -4.1084952189   -5.2201710663   -0.1157936425    2.5835013227   -0.8911158046
  -8.2674164399    6.4690296413    1.2693872860    1.7187339846   -0.0347529302   -3.6998433172
  -7.2044801034   -2.3864690742    4.3056324594   -2.0378755842   -0.0050050083   -0.5322545166
   2.9714943052   -4.6727602105   -3.2595039365    1.8289534414    0.0469293879   -0.0481239028
   4.4293731359   -4.6093083659   -2.0901382260   -1.6140592076   -0.2470127621    0.0942564683
   8.2834785234   -6.9397444902    2.4115061935    2.0938593649   -0.4658421531    0.8382371024
   7.8187680434    3.7855514425   -8.0805273133   -0.3795665639   -2.9564035332   -0.9420425595
   1.2015799146    0.2621076327   -3.1955072671    2.7103014313   -1.2864313193    2.8107074139
  -7.8895211298   -7.5392025286   -3.9189404289    1.3900860996   -3.3135594759    4.4352007113
  -7.5728975552    5.4887079306    1.4354304788   -1.1587190380    1.5975392403    2.7238806592
  -0.3877379180   -1.4528351666    1.1541255859   -1.2317825234    0.9741536202   -2.8550886222
  -5.9231761976    0.1806058550   -1.2568207797   -2.4233830848   -2.3489279651    1.6612494729
   4.9557207035    5.5536501979   -5.3901028620    4.1663187730   -2.0719759863   -0.9100571150
   7.2748806258    5.8084094983   -1.9137572526    2.1081183740   -0.3125443851    2.6695666663
   5.5076476315   -0.7444664809    8.2085628077   -2.2351516797   -1.0291347189    0.1754003543
  -2.0850865616    0.5680122380    6.0119346059    1.8324573986    4.3773366443   -0.7592187682
  -5.5429090358    4.2371457555    6.7181170094    1.1044246248   -0.1409499637    3.1469585967
   5.2112861786    6.3587663295   -3.6633602505   -3.3708257727   -4.0287421502   -1.6353378346
   2.4105752118   -0.8504696090    2.3877157721    3.6275158224    2.4181853525    0.9345383814
  -4.4742959221   -4.6321954876    7.7493642537   -0.2552740538   -0.4589148154   -3.1793685456
  -2.9500765687   -1.3978819749    4.2395299659   -3.3967920223   -0.7048668124    0.7471243901
  -6.7326405292    7.5374246571    3.1833530398   -0.7802699938   -0.5910939817    0.1115346577
   5.4924827548    2.0441180241   -5.3435025509    1.1440332762   -1.5493379240   -0.3981134785
   3.7453839764    8.5165722984   -8.4676192501   -0.1096930607    4.5177675181   -0.4358912626
   6.9984395479    7.1731459089   -1.9159990104   -2.0396791374   -4.4620436317   -0.6716867567
  -7.7381767640    5.5308974028    7.8413456647   -0.9845168867   -2.7970818916   -3.4617769670
   2.0534384012    1.6734927639   -6.4172604370    4.3166849781    3.9478032068   -4.0778578009
  -1.6139536058    6.0883674350    7.8713590508   -1.0388038884   -0.4687944623   -1.3849497598
   1.5358083179   -7.8855719506   -6.5889159972   -1.3391062321    0.0765707116    1.3324143678
   1.1155952845   -7.1243615013   -6.9373768319   -2.6348405802    1.2170689210   -1.8756783723
  -5.2620048842   -6.2665205359   -6.8462390749    2.4620769430   -2.0128330048   -1.3856618494
   2.8904891112    7.4444918753   -0.9373078122   -0.3059833499    1.8346075586    2.8594342485
   7.7171504669    4.5222070340   -0.2937991152   -1.1264058404    1.5687830036    1.9765890928
   2.4903031437   -4.8928400302   -4.6822464929    0.6450758680   -0.8150723847   -2.2173923495
  -3.3195419322   -3.7934632474   -8.1184509133    0.8510884192   -0.9229210605    1.0669591612
   7.4626932920   -2.1837520243   -5.7035178889    0.9294256424    0.9529021132   -0.8710905338
  -6.1174050507   -5.5134700340   -6.2932899593    1.0176799872    2.9646744696   -3.2848159569
   1.6263742090    2.5934684568    1.2389198160   -1.3040458446    0.5316440453    1.0935433234
   0.3441036231    5.8333039941   -6.6394261153    1.1814595589   -0.2796792487    0.9049720724
  -5.2685177832    2.8960388461   -3.5183673530   -1.7551970468    1.2252249396   -3.1248447255
  -5.0131204098   -3.9654972708   -1.6808678501    1.1862050699    0.5710959485   -4.1408646246
  -4.2742590411    4.2903767190   -4.1611973876   -0.5070865469    1.7366191067   -0.5910970772
  -4.1367973099    5.3459065301    0.9223717367    2.8980129616   -0.9263865409   -0.5965311632
  -5.9316599267   -0.3042980501    0.1539029170    0.0816811268    0.9671378727    0.7746283513
   4.7533429357    6.8352909381    3.8649284950   -4.5143959951   -1.5741598501   -0.8828033058
  -6.6004522116    7.4267532650   -2.0748001270   -1.5320086366   -3.0589028664    0.8700181946
  -1.3332949735   -6.3652417061    4.8039323218    3.6018941837   -0.5234172012    5.5874908783
   0.4819759942    6.2520430663   -5.0817854825    1.8862707254    1.5653022333    3.0520145112
   2.9248582071   -3.4301848132   -0.7038182637   -2.2375062036    2.2152332497    4.4477700916
  -3.5248331532    6.6349116130    0.6491158009    1.0694509719    0.6757058496    5.2892145165
  -4.7377623109   -1.5252868133   -3.8018475571   -0.4941783436    0.9136892900    2.5120879467
   4.5471762476   -4.6167406530   -6.7338838819    8.6324404344   -3.1582261342    0.8097180879
   2.2661812585    3.0860220332    8.5098280476   -1.1984705892    0.4216003431   -1.3633182163
  -4.3968817558    2.9667034620   -5.2561668593   -0.4148842795   -0.9859349581    3.2540863154
  -0.2460071689    2.1250309527    3.5498133094   -3.3060140821    0.6635050094   -2.0699006888
   5.6136824455   -6.1518738147    6.1114479666   -3.9837709009   -1.8376823981    4.0491237020
  -0.2083860712    3.7325530004   -5.2909295616    3.0638219317   -1.3518039127   -0.6596416641
  -2.1161750725   -8.2257518096   -7.3629136208   -2.1769472494   -0.3157553363    0.0008335977
  -0.5054784943    8.3957324133   -0.8161716492   -4.0749411708   -2.8348193505   -3.7340030946
  -4.0142242876    5.9299840774   -0.1752185754    2.7571269551    0.7258381162    0.6194421997
   7.8420010272    3.0682543805   -1.0457192763    0.9727459223   -1.2372893393    3.3185750408
   7.9716574271   -0.2905349679   -8.2118179997    0.8094713506   -3.3670896556    1.5343828291
  -8.4311249368    7.6411218231   -3.2638158293    1.3481494976   -0.9364464920    4.2785299066
   2.9073108921   -7.6770756342    6.5177206671    0.1003530905   -0.7701237188    1.0657788895
  -0.6587876713   -2.1177356564   -3.8717932800    0.9405044247   -2.1043421170   -3.1612920878
  -6.9235246875    4.5299932614    5.4364886182    0.2734691514   -2.4636437113    1.1407270334
  -0.3354917272   -1.8953264460    5.9935749768    1.9525854878    4.9529824455    1.5602272829
  -0.1801127678    6.4747834944    7.3884604864   -1.3623173796   -3.8318408760    1.5165260829
  -5.4301881710   -4.1152364871   -5.9078876520   -0.7491779518    0.7603477156   -1.4680383971
  -0.5343294874    2.6959212852   -2.8772086339    4.3656032568   -3.0663568693   -2.1148324218
  -5.3129732900    1.9974215899   -5.7909995097    0.1534410978    0.2800098197   -2.0110086144
   7.0423753068   -3.6106245884    5.1713049691   -4.1654397808    0.0181184381   -0.2375515623
  -5.1985873426   -1.4041390819    2.1757957116   -0.8508111407    1.4483743125   -1.8259662288
   4.1656755829    7.0575112937    7.3882790258   -1.2383430728    0.7594649717   -2.5278430298
  -8.3318046155   -3.7829924442   -5.8257828099   -3.2850297932   -0.3139875355    2.9160192112
  -3.1986895974   -2.2909878520   -6.2072838686   -1.1755976931   -3.9721614371    2.2067604145
   0.0768282205   -2.8264173571   -6.1671340756   -0.3716721094    0.6146861567   -1.2744991117
  -5.3260827517   -4.8873260648   -1.0656554658    1.1389008596   -1.3865828551    2.3997892726
   8.2219543792   -7.4563964809    5.6095286465   -0.1255898367   -0.7873568052   -1.7824310794
   0.4042861031   -6.2137346429    7.0482862014   -1.2559909478    2.8063564679   -1.1134377997
   7.7898660234    4.2875309403    3.2124748597    1.2948145767    1.6933363127   -2.2388090523
   4.4908856078    0.7648747284    6.4841504176   -1.7075748560    2.6573210593    0.9627220398
  -3.1270863654   -6.0381876608    4.3201259581   -0.2186115915   -0.3218626576   -2.1235972818
  -3.9384852919   -7.6946996648   -2.7717330250   -0.8113380080   -2.0830727291    0.1102725908
   3.0222689367   -2.8093639201   -5.5174025941    0.0586436372    1.0230905541    0.7368523113
  -1.1281216889    4.2743192110    1.6425224693   -0.4486289625   -1.4016736141    3.2119642608
  -4.4838102754   -2.5742909301   -1.3082319916   -2.6431996014    2.9581771249   -0.5866942017
  -7.7251879223   -7.5850519716   -0.7180955069   -1.9523202307   -0.8519279049    0.1514604284
  -2.5244803106    4.7953051686    7.1316887993   -0.9716272383    4.6494341040   -0.8318375878
   4.0001044076   -7.2743113391    7.1260639928   -2.2146866090    1.0598952155    0.9440512775
  -0.9589726106    3.1465825761   -1.3981150375   -1.2033158844   -1.8076791977    0.5285210530
   0.1072972768    2.0539867356   -5.8260646699   -0.2343312981   -3.8976862823   -2.5769760871
   5.5281883866    0.8125554494   -0.8789203200    2.8664327210    1.1628413343    4.9526320170
   5.3550024568   -2.8982648618   -6.6610650968   -2.7028722196    1.8484672674    0.4411237124
   4.2762581700    6.7928758652    6.2709030718   -2.2713752168   -0.2133075079   -0.7020145597
   4.4545022576    2.8165088843   -5.2058103094    0.5835351013    1.1605544026    0.8843342322
  -0.3194313139    6.0273990853    2.8855219926    2.0798715817    4.8282138012   -2.1728730968
   4.4946752335   -2.7740710967   -1.3103306367    4.5601906958   -0.1952372512   -0.3514013525
   3.8807041896   -7.0687388000    2.7831140286    1.5512065519    0.0247706785    0.9790374457
  -3.6392331751    0.8774860692   -1.6375243778   -2.4572596900   -3.1892356401   -2.7817705107
   3.3181152592   -4.0954109752   -5.9563984684   -1.1401627133   -0.4647608752   -1.8805143148
   3.0314117379    2.1550571448    6.9884897774   -3.8706607130   -1.3205111247   -0.8670548713
   5.9399405079    0.5210529218    8.4734569992   -0.7422067716    1.5513606716    0.5987298479
  -4.8495406558    2.1970327701    5.3910803602    0.4268053612   -1.9922039645   -1.7071387223
   6.1127845854    1.5947009114    7.2734249928    0.8931366006    0.6738439245    0.8879187592
  -1.1468569134   -2.1179794540    3.5615827282    0.2832021081    3.8551503284    3.2574333174
   0.3713214890   -2.9323094561   -8.5157308624   -4.2071071226    1.4469442204    0.8217044486
   4.5871393413   -4.4294915596    0.3972836872   -0.4640436906   -0.7099427774    2.0551866812
  -3.7270606265    6.7713604365    8.4575311269   -2.9628974645   -1.6591225429   -3.4257287946
   6.9098138362    0.1644862309    7.6420226718    1.7289963099    0.5892654491   -1.7953432229
  -7.1640742806    7.3148579439    6.0374425968    3.1476536196    1.9098345120   -1.1412565482
  -1.0158423692    0.7553036814   -4.7450968063    1.5495703296   -0.3505888856    2.9686481929
   1.0721056358   -0.1491826503    6.1975623016   -0.1899695373   -5.8285002431    2.6894433012
  -0.5707015859   -0.1880945543    3.7834599513    4.3631030192   -0.7954056535    2.3120405243
  -0.7155710800    5.0211953275    7.6860431311    4.9127721067   -4.1080884027   -1.5303943771
   4.1164871026    4.1206434757   -2.8875902311    2.3424150879    0.6383190584    0.2194345791
   4.1613911986   -2.1212026983    8.4919357212    2.7528048884   -2.0945306388    0.7738202880
   4.9616643386    4.1008955864    5.7097757281   -2.9565133303    0.7634215983    2.6766408812
  -3.7661811478   -4.0680892531   -4.7545870392   -0.0261144950    1.7305650329    1.1174476963
  -6.3728281151   -4.5111799929   -7.7790320134   -0.6324150759    0.1027851735    0.7707953329
   5.7908743338    4.9819175247   -5.4310792764   -5.9337321019   -3.9673958753   -1.5282488687
  -3.0564438471    7.6132435074   -3.6095699979   -1.8429518385    1.9456143468    0.9686792424
   4.4347587723    1.8532704369    4.3528930129   -0.9902411822    0.2835361549   -3.9537703664
   3.0905588680   -0.4053602364    6.5629213255   -1.0632782437    1.8980832118   -0.0417578388
  -3.2394745893   -0.7055498887   -2.2796634089    2.0025258031   -0.6168069424    0.0407186480
  -5.8969590453    0.5959031071    1.6238331647   -2.6356464708    2.3683416268    4.4747736032
  -7.3070737702   -2.9096800417   -2.4589273014   -0.0621240814    6.7567674143    1.4387363988
  -8.1095351675   -1.1822564933    4.1004492208    1.7791461154   -0.2166993979   -0.1299945344
   3.2659393331   -3.0536672371    2.1720279157    2.0855428691   -1.7256675948    0.6309343542
  -1.8262571775    5.5566810280   -2.9350145210    5.1719875587    1.5003055791    0.0227609762
  -1.5561316486   -1.3997009953   -7.0165304294    1.2505945043    2.9822936097   -0.1155447441
   2.8209664700    7.0422224117   -8.0553307554    6.9438109939   -0.8223060178    0.2261414615
  -7.7944865296    2.2566540899    0.1465880502    1.0401751870    3.1549036121   -1.6546503944
  -3.0082385909    8.0083118741   -5.8388724340    0.5744069082   -1.5378251921   -1.1420853343
  -2.1911506597   -0.9350981862    6.8038803823    3.0202797021    2.6911962046    2.3774254633
  -1.3690748271    3.0203335477    3.4095740915    0.4566717861    0.3797420325   -1.9111999086
   2.2440395014   -5.0855478547   -6.6734273685    4.8900010206   -0.4936135621   -1.9390659078
  -2.8463585724    5.5891612807   -3.1613963658    0.6613533350    0.6967594746    2.5758437319
   6.7859821629    4.1325185768   -7.8879885206    2.5284157533   -1.0646947044    0.4488362098
   3.2185750534    5.7651640718   -5.1012622450   -1.6693941345   -1.7701550022   -0.1897957055
  -7.5169516009    3.7484829565    5.7290203216   -4.6723741356    0.3623796823    2.5468706432
  -6.5066218206   -1.6489735594   -6.5639153444    0.3892419985   -5.0617815585    2.6318482762
   0.5832491584    8.0629742172   -5.8517342076   -1.3189224109    0.6425312311   -3.4290714390
   8.0796377411    6.3663399359    5.1451749870   -4.7851872687    0.5599972639   -0.8616416992
   5.2803386076   -2.2808403054   -8.1222577594   -3.4120959860   -2.0524392228    5.9676286302
  -5.4331409703   -0.2932905227    6.9735198859    2.9722187202    0.2938805030   -2.3555382698
   4.0773243778   -8.2825920217    3.8340193018   -1.6940727963    1.2635474288   -4.5672832494
  -4.5754113606   -5.7558159397    2.3877005528   -0.2520456394   -0.9204330319   -1.6991210087
  -2.1615826129   -6.1488667835   -3.3587605912    2.7867372037    2.4621659821    0.4322325271
  -6.6370503425    5.3661832976   -4.2146114511    2.6694639305   -2.9444470747   -4.4439853161
  -2.4828625638   -6.2724098143   -1.7913595423    5.6431976081   -0.1125040603    1.4150187957
   0.8540837044   -2.2153035869    4.3465866465    1.9226595774   -4.0657287479   -0.5373475975
   3.1958835873    1.0897320701   -4.5801998426   -1.3439234905   -0.6048458146    0.4672656716
   0.4188073401    7.1028501545   -3.2767054843    0.5083490868    0.6823753885   -2.8412902354
   1.4921242256   -6.0181267635    1.3813343383    3.5250897141   -0.4190769617    1.3272501663
  -5.6861772857   -4.2137923947   -2.9381851123    3.7899736261   -2.7726520784   -1.4396348590
  -2.2407006048   -2.7230732673   -5.5576746084    0.3539568436    0.2886337804   -2.7275713000
   1.6924683662    2.1148971233   -3.4129104860   -0.5115401612    1.0048600398   -5.9888564017
   1.4593150160   -3.3211062086   -0.3578349505   -1.0754483306   -4.3581918465    0.0104807244
   4.8247393531   -7.9630080579   -0.9205509526   -1.0183999804   -0.1591796736    0.7375608422
   6.2809956195    0.0464696453   -5.7797473062    1.5145903075    0.9209785152    2.6413379329
   4.1526512359   -4.0058555505    7.4278271537    2.0057355178   -0.4505175370   -0.6728538541
   4.4111366157    6.9704367424   -3.0008738175    0.3466977551    0.1739974732    0.4834403456
  -5.5723450680   -2.2581616125   -5.1138475546    0.4781179971   -2.2819024082   -0.6214394522
  -6.0770127219   -0.4982271260   -2.2110599740    1.0294760559   -5.1807799686    2.6144211483
   4.4812353961   -8.0965928947    7.9201283812    3.0266845086    2.1833560172   -0.6871537256
  -2.7921771729    6.7869738036    2.0904201448    0.4005439198    1.9088598053    1.8423359248
   1.4859299822    0.9046972707    8.4939952607   -1.9883998614    0.9765653090    1.8754114986
  -2.2858922499   -7.4724830603   -0.6383928876    0.8230547996    1.6501022862    2.1853465289
  -5.0078131247    6.3441748081   -0.2122289941   -2.3647087022   -5.0216435494    1.7574380236
  -6.2963269182   -6.1351773931   -8.2281177808   -0.1573725392    3.2479029983    0.0989348059
  -0.8555294741   -7.9483872163   -4.2056592957   -3.1669630843    0.5889204474   -3.9378788621
  -6.9585248682   -7.2533335011   -3.5089413121   -0.7693585875   -2.0713117391   -0.7626425986
  -7.3784058784    3.5861027499    4.1031937284    0.7700903253   -2.4191869529   -0.5117278393
  -7.0620981597    3.2502903603    2.2940103400   -0.5664543961    3.5383668574   -5.9744619836
   5.7750954745    1.4116744354    5.9884084892   -0.5981903823   -3.4818445657   -0.6872278082
  -3.9788071711    6.6244069486   -3.5823544761    0.1715490360   -0.8280688822   -2.7960568958
   0.2629095304    6.1492101994    4.4252833886   -2.2967617917    1.0132151620   -2.3363378414
  -8.2254427035   -4.3696206269    7.0601130049   -2.0736482140   -1.3458839573    2.6666097950
   6.8081881128    0.3961406333   -1.8670513116   -0.7407456856    0.8570383916    2.3422136729
  -1.2554387156    2.8358657055   -5.2920856546   -0.2950399878    3.5979608252   -1.8057965085
  -7.5071978174    4.6196627529    0.8260699341    4.0500782859    0.1016952850   -1.7340353852
   3.8436208719    1.8102967633    5.0919043074    0.6474235539   -0.2309301091    3.2079734121
  -1.6456934777    2.2809119103   -3.9792299918    0.4083907288   -0.1775791695   -0.8304170003
   4.0591727112    7.2916770751   -7.4676567055   -2.3592026635   -3.1543463373   -1.8355620145
   2.2396774469    7.3560554888    3.1864358479    0.0065079865    0.1553430334    0.8576686600
  -5.1941637661    2.5353876255    4.3966954455    2.0291693031    2.7641690239    1.1906428728
  -3.7221436994   -6.6115266632    7.7448674347    0.1187447746    1.1570704611    1.3585395422
   1.4315137652    4.4507358315    3.3019386966   -0.8081156377    1.5569095965   -3.8058740073
  -2.5977777423    2.2655687725   -4.5611132350    1.1673407233    4.5676487715    1.3403776204
   7.4544124838    4.7448962986    5.0552480569    5.8401316573    0.1469549245    0.4996454156
  -7.7222066754    0.4778988419    7.6018865370   -0.6438380182    0.8374555369   -2.0140809701
  -3.3958931359   -2.2257140910   -3.4626342494    0.2724586565   -0.0021662643   -1.0175038920
  -2.8615271900   -8.4792034734    1.5674107574   -1.1917008144    2.7238819364   -2.0815359709
   6.7157412587    5.0454408723   -0.6821829980    4.2828978012    4.7527914456   -2.6530250947
  -4.1756201840    7.3131741907    6.5460297143    0.0663962174   -1.0905854053   -0.4291479112
  -1.8210467310   -2.9283803958    0.9922848700    1.4741547322    2.1389804569   -4.9591769044
  -5.4003979375    4.6401402404   -2.4133626248   -4.1220863861    1.2369281759    6.0767371474
   6.7767270676    1.9067957351   -5.2023009076    1.9214038160    2.3185236490   -6.3695826277
   4.5815037704   -0.0047753865   -5.0833561826    1.4761646191   -0.4268185159    4.9722181799
   7.2957001661   -7.4954346191    2.8455926748    2.8639074466    0.5652101603    1.1858492487
   3.4569073238    2.3156590000   -8.3997487943    2.4487043091    2.5760897708   -1.8994852100
   6.4071715541    7.2435261762   -7.0257327776   -2.4505788359   -3.9031986440    2.9945057507
   2.3668664137   -8.0194117692    2.8853229034    0.2250460744   -3.4131795778   -2.4729024781
  -5.0522571927   -1.9620660644   -0.6913290479   -3.7424390937   -2.4693184406   -2.2468952001
   8.5458732771    1.5316625293    4.7240933944   -4.3575720286    1.8090544924   -1.0317418429
   6.6743353615   -0.5175282071   -2.3256484005    1.3120401504    2.0740546121   -2.2446987773
   6.5849526666    6.8040799323    1.4312055145    0.3911155477   -0.4088392919   -0.5024309356
  -2.2728947625   -8.1486005904    7.0964467576   -2.3344314533   -0.7932785512    1.0173334794
  -0.8081055510   -3.9026285362   -1.0894311698    3.2353895206    5.4927525027   -0.8783626294
   3.1064790926   -7.3011453077   -6.9605481914    3.6900768970   -2.1902769122    0.0977762684
  -6.5844874153   -5.1554977890   -1.5650982328   -1.4953107822    1.1041835713    2.7722990203
  -1.0663812572    0.7899364554    1.6341517859   -0.2871150003    1.3211016839    0.3737207694
   5.2256833782    8.0447430619    1.4754313296   -1.0966341459    2.8990422463    1.4187897921
   6.8454586024    6.2453936828    0.4253631841   -2.3320413481    2.1132803079    3.6163551116
  -1.6452413718    2.8332836042    6.6458328742    0.1491696532   -1.4371052256   -1.0491445052
   7.5241193151   -4.3798261164   -5.4938315269    0.0265678773   -0.3691844698    2.6405352093
   1.8654873356    1.8691985704   -7.7089102652    5.2658770885   -4.9986290652    0.1186571890
  -2.9169188423    1.8384961731   -2.4594457380    0.6316600114   -1.4590819703   -0.7253944616
   5.6630511634    0.9564661568    4.0671130303   -1.3039520729   -3.3221610492    3.8684423248
   5.0194305740    4.3553836892    2.1706495914   -1.8960566434   -0.2970463076    1.7547621297
   4.2774223580   -8.3575344167   -3.7580761563   -1.3160152025   -0.6278652945    1.7845208031
   7.0464162134    8.1010326664   -3.0798707508    0.9125557297    2.1753552623    1.5559911290
   8.2806316810    7.5995061063   -6.4342820562   -3.1767230370    2.3946626590    0.4125615166
   7.3876385361   -8.2709129673   -7.6406863492    1.4267284066    3.4436930384    0.7063506908
  -3.6296130053   -3.9634073200   -6.2936285910   -0.0997366806   -1.7675104126   -2.1349598731
   2.9026312765   -5.2521985515    8.2812924193    2.1942654436    3.5240107651    1.1301092802
   6.3620848636    1.3468934937   -1.6668312799    0.2290266978    3.5575201889   -3.9389712180
   7.0625962629    4.3669314513   -1.7737465297    1.5919171756   -1.5283816747   -5.0324447240
  -0.1980546583   -5.1877373967   -4.2907500177   -1.2761165817   -1.4525340937    1.5522562282
   3.5040532888   -3.5120467280    8.4022377286   -1.4965740643   -0.0146488580   -0.7662894674
   2.7808623734    6.8195882608    7.0957776989   -0.7752715529   -2.4689882438   -0.0861482671
  -5.3459904608   -4.6993736028    1.0539883807   -3.1326916306    2.6761124994   -0.9869947397
  -6.8081637391   -4.6255853884    1.4213698964   -2.1117622131    2.7521043355    0.5576783602
   0.5116163039   -7.9216486399    4.0175802997   -4.4692547162    0.8279677656   -3.8946210662
  -5.7107563923    5.7327446745    6.5550574723   -1.2896025833    3.2256657691   -3.0491600210
  -5.5614364628    4.3516993683   -7.0330986945   -3.8393059875   -2.7152378425    0.5023742254
  -4.5046258862    7.5806659300   -5.1915742412    0.2225587789   -0.7105315519   -2.4725914796
   4.8516380248    1.7824520435   -4.6149208501    2.9433765823    2.5763854420   -0.7323127160
  -5.2960725899    8.2456425606   -6.0906456761    1.7454261124   -1.5930802588   -1.2754327798
  -5.4396228604    6.7984268707    5.2677875944    0.2827855684   -3.4546433375   -2.8890721299
   0.5961911576   -1.8267098318    6.6320263363   -7.9309000036    2.3585223273   -0.8119177745
   2.1529835814    3.2881535175   -5.7410562522    1.1966457476    1.5135944791   -1.7196146163
  -6.6328417788    0.1511760200   -5.9065923684    0.7036029298    0.7560039112   -0.8962817509
  -1.9238794130    0.3751163293   -7.5826769781    0.9819828574    1.0162248802    0.3631379535
  -3.6121062383   -8.0181364104    5.8195573899   -1.1981049399    1.8739904027   -2.6070654894
  -4.1157069048    2.1879628544   -2.8500246315   -5.0237767291    1.9695168608    1.3223960501
  -2.1170594660    6.7202316270    6.9769386204    1.5434280023    3.0501700544    1.3303481286
   4.3462095066    1.0534291942    0.5426686395    0.8528044139   -0.0333398003   -1.2612085587
  -2.4104208250    1.5321064470   -7.2972674973   -0.3914624701   -1.1653450238   -2.0608463548
  -7.9985790593    7.1909443065    6.4080140579   -1.2748584246   -2.6667885846   -4.0184364192
  -7.4383552103   -0.2976718582    1.4262358845    1.7721146748    2.8034717106   -0.3843074634
  -2.2589710608   -2.2943450535    3.1489874452    1.7041272644   -0.5555172653   -4.2245359372
  -7.6291910213    8.5414117495   -8.3180477873   -2.2988830752    1.2197241447   -1.9145442874
   3.2230644566    2.2117334992   -1.2985481686   -0.7584481002    4.8944798248    3.7528227371
   0.6577849419   -6.7591928009    1.5795399011   -1.2899977755    2.9259489237    1.6665435889
   1.4618138411   -8.0987014262    4.0651565544   -3.5517072243    0.2397051493   -1.6458538735
  -0.3759899284   -7.2601121931   -6.9486554444    0.6180097090    0.8556881860    0.3153301475
  -0.3005269957   -8.4341227856    4.7965508060   -1.2872036827    2.1158509448   -1.8557290929
  -0.2234883299    4.7618295704   -8.0939481177   -0.1708008103    1.0592500680   -0.6494160159
   6.1938139891    2.6969524906    6.9122792287   -2.6477600139   -2.0115954828   -2.0677879937
   5.0969128999   -3.7180397157   -2.0444291143   -0.6607609396   -3.5914977077   -0.9828104644
  -3.6006126483   -7.1163250118   -1.3654015848   -0.2666202794    2.0059044009   -1.1717844027
  -2.4724519280   -3.8815763272   -5.0577117050   -0.6617794911    0.3995557823   -4.3551179478
  -4.9475702332   -6.6353680851   -3.3342730753   -2.0327756841    2.2968059556    0.3272400627
  -0.8052783387   -8.0696023803    3.2615470550    0.8361804403   -0.9931618190    1.7080076975
   7.6910341244    4.8320526005    1.4262229406   -2.5072882357   -2.1895749391   -1.3296219647
   3.1701728480   -3.6529990259    6.6954932481   -0.9991929610   -1.0648074242   -1.6655035029
   0.4824681682   -2.2620982787    3.1858712500    1.1164877326   -2.5240149291   -0.8271749679
   3.0226030854    4.6040919251   -0.7148803007   -1.9306478964    0.9130168393   -1.5486746859
  -1.0774913440   -2.2454933257   -6.1253230785    3.0734473619   -2.0295241629    5.6858166997
  -4.5603934381   -0.9628245833    0.9362445778    3.8556582702   -0.6177938415   -1.3793488557
  -0.7346654926   -3.4482863525    4.1233744103   -0.8874547876    2.0360398978   -0.0878219030
  -1.6459999067   -4.8279710938   -5.5617503318    0.5402456259   -1.0681849747    1.7249886086
   8.2167676162    2.8390484253    4.3577837749    1.7148564936    0.2592711782    4.0937691504
  -5.1552028709   -7.6536307890   -3.3244854522   -1.1990348177   -2.2536173457   -1.2172223800
   5.7930691986    2.5872016547   -2.8252896801    0.8799964762   -0.4956902508    1.7171201517
   2.9850244676   -3.0989479562   -3.1866086357    1.2605668719    1.5481073620   -4.2967448003
   0.0586811707    2.5940490614   -7.5642289202   -3.0317478800    3.4937228407   -2.5983091658
   6.6300515621    8.0413700704    4.4472440034    3.9440942367   -0.9600574351    1.2440676866
   0.3672644243    1.9909054797    7.8655086229    4.3948789715    0.7635568337    1.1240447353
  -5.0314213274    1.0560137537    6.7535117277    0.5522581742    5.0772027579    0.2673887594
  -5.4108313069    5.4556467684    0.2888024211   -2.7903972853   -1.0095586063   -1.5357090735
   8.0530698193   -6.6762830510   -3.1841089709   -3.4459449619   -0.1484114048    2.3276261072
   6.1643875250    4.4346309875    7.9590347205    2.3155872235   -1.2351373733   -0.6974599257
   8.3544173671   -6.5941799576    4.3366256957   -2.2898882208   -1.0292825645    0.4434665957
  -8.0621831350    0.6437708535    2.6791132300    0.3057564505   -0.6581334821    0.2443569875
   4.8263560854   -1.1536444311   -7.3906619118   -0.0062728343    1.8395610957   -3.0891818427
   1.4080454516    4.6033708916   -4.1206790009   -1.3585173111    1.6532650015    2.4611711033
  -2.5505503449   -7.8144163174   -3.8724377952   -0.2591959888    0.2455158316    1.4528984489
  -6.5201412417   -5.9812866948    1.9801022813   -1.1868781111    2.3185361195   -5.5000720481
   2.9039189857    3.1686244102   -0.8272286222   -1.1886729250   -2.0090872491    0.7669782742
   0.1161711298    7.4947958549   -6.6559833442   -2.8890219054    1.4135829602   -0.4540358781
   7.6446895669    2.6872020615    7.8697006549    0.1812323747   -0.3357982767   -0.7570950432
  -0.0613009600   -0.0514810832    5.8794973722   -1.2488792612    0.6399655620   -2.4316757390
  -7.1712855230   -4.7422635747    4.4876170147   -3.9268838302   -2.7707378263   -0.5562834923
  -3.0687322792   -1.5566816371    2.8004794549    2.9642423507    1.9066766809    0.0229482394
   6.1192781246   -1.7868945767    0.9193396870    1.7321509266   -2.2563738522    2.3149225988
  -5.0925107473   -5.7819349351    4.9727674268   -2.7707579915    0.3593801854   -2.1992548438
   3.5082385095   -0.6376777554   -7.8059670176   -2.2515515914   -3.1795699216    6.1765467094
   1.3340849148   -7.7195015727    2.3426527098    3.2394438612    0.1571311821    2.1550266669
   0.6719134908    3.2148887276   -5.5058467379    1.8493775461    1.6286144978   -0.9909560066
   3.4882473763   -2.7957451048   -1.9624432527    4.1768765345   -2.5516294657    3.1575985418
   4.4783175071   -5.7830014988   -4.9029336508    2.1636414812   -3.5922386210    0.8505572512
  -8.1435378919    5.2427588951    0.1139279524   -0.4706786967    1.1651800267   -0.6745926388
   6.2691407351    2.1561969972    1.7213035793    0.4382302970    0.9795218123    0.4852638754
   6.8190768432   -4.3541808143   -0.5891680417    0.9355111610   -3.0682529180   -1.5105471693
   5.2270526930   -8.0254024362   -0.0350507267   -3.6308890830   -0.0725715290   -3.2012524063
  -2.2162318644    1.2619738948    6.9907368653    0.2544855753    0.2482330605    1.0448695266
   2.5709248399    3.4758339639   -4.2410429107   -0.9650446842   -3.0178514486    0.8385771861
  -6.2358157460    7.9229367887   -1.3220361400    0.1365530827   -0.4089504647    0.5713275888
   1.1432803226    4.1408819559   -6.5894521932   -5.1079680713   -2.3752905585    1.0492596313
   1.4146462473    6.0719015394   -1.3456853400   -2.8502399984   -0.6639012244   -1.4724138500
  -6.1013619058   -6.6585221409    2.5175932997    3.5882004267    4.2256541985    1.0265138882
   4.2487881114    6.3099638336    2.5022512104   -0.6879162022    0.1892375120    0.9053454911
   2.0532257407    4.6097058065   -8.3333045096    0.6114855258   -0.0105384970    2.9359790056
  -4.2207501719    2.7054969899   -0.8613765258    3.4674951898    2.3906872238   -3.0562640438
  -4.3813431064   -2.6320533544    8.4696277176    1.6299731859   -0.9041550915    1.4663898330
   2.4450334426   -4.0440183902   -4.3532556620   -1.9081457187    3.1074446227   -0.3122263195
  -5.5663751435   -5.4889213969   -7.5952252407    2.4525567321    2.8987721775   -1.3889594824
  -6.6117299168   -4.4705850701    0.4363878224   -0.1526338351    1.8073282583    2.0226656855
  -0.2114254216    3.2574830074    4.1540086170   -1.3161848347   -1.6348263370   -3.4466492908
  -6.9504504589   -8.3028617597    2.4254537470    2.7550405100   -1.3009399866   -6.1693673396
  -7.9355201695   -3.6297390447    5.3796932975   -0.1973447547    0.9074919627    2.4719346890
   1.5313691599   -4.7620021301   -0.9327370079    1.0156227265    0.9307187608   -0.5998037323
  -7.1027443750   -1.2325778494   -1.3582067584   -1.7613243577    1.8368223483   -1.8269217297
   2.5241319903    4.3481474490    2.3162741495    1.5614916004   -1.3090551425    0.1004958724
  -1.9681111084   -5.8775657005   -4.4326204940   -0.7930996327    1.6109386367   -2.2884403090
  -6.3322652475   -3.3696202674   -5.9722087605   -0.7807363860    5.6880343057   -0.5977238656
   1.8912815449    0.2146004738    7.8779107033   -0.7028057908   -0.6104711674   -4.2358772233
   4.9591264649    4.1732569482    7.4557257208    3.0743789955    0.0516213048   -0.7220382858
  -8.0844260071    3.0549582934    6.5219820653   -2.2194795718   -0.3495299947    1.3517416200
   7.3001834644   -4.4161481635   -2.2548777357    2.0162069383   -0.2013431365    0.7313075947
   3.3885706808    0.6506236776    6.8652842505    5.7054599756   -1.9505191851    0.6175385528
   7.1392239439   -0.5858630564    4.0688925972    3.5799030842   -1.4150381627    2.1898375780
   6.2091799803    6.3435984018   -1.4673659938    1.4027874765   -1.6188405603   -1.2783689398
  -2.2199478593   -0.3534275921   -5.7590539970    3.0047800150   -1.4399827961   -0.5659825497
  -3.9460929619   -1.6557886575   -8.0486462688    2.8933374970   -0.1396761575   -0.9095906112
   6.0459501830    8.5186694129   -5.2676163148   -1.3685747512    0.9493255708   -3.3306402030
   2.2519450093    3.9391252667    7.8844433635   -2.6172484351    0.1941007370    1.7292550643
  -1.9950841162    8.0772061054    3.8525513226    1.6312190396    0.4533680302   -0.3900649933
   1.5353008287    7.3153604162    6.5413532589    2.3633994564    3.3524081336   -1.0394260301
  -4.0690625274    1.3532744173    2.6575467103   -1.4496327760   -1.9249341190    1.4993113646
   2.4882516897   -1.6461594030   -2.8107197293    0.7838257597    1.8342227339    0.1708379197
  -8.1116505780   -5.2166359991   -0.4656513089    1.6503042627    1.4862532919   -0.6405995393
   3.3114772958   -6.2734191134   -2.0998052833    1.0539467850    4.0689220243    0.8264023425
   5.8760769083    2.6823430708   -0.8913040513   -0.1097437967    1.0798373445   -0.9824999347
   0.4501791130    4.4798590646    3.7536551489    0.5494727509    1.2760329524   -0.0411728673
  -0.8681232898   -3.6714710723    1.4426174403    0.0653704059    2.8592634152    0.1840883988
   2.6096638269   -0.0180759878   -6.8762706234   -2.4837597699    0.7938906618    1.4565660730
   4.8394061209   -0.4287286412   -8.0810514617    1.9940099988   -0.1305043441    0.5290573839
   5.3636559281    7.6105999317    7.5237946659   -0.3230292129    3.3256601700    6.1434615722
  -6.9144897727    4.9397987190   -1.8846696885   -0.4108081645   -2.1881018291   -1.0095516117
  -4.6014405875   -3.2988533237   -2.3598034592    1.9391459736    1.2809543861    4.1108625489
  -3.7263949229   -2.9540212700    2.0954456323   -2.8117841954   -1.1492293338   -1.1901282678
   1.6543315988   -6.8815083776    7.6485637734   -2.4079182073   -2.4628403124    2.1174545129
   1.3024382436   -5.6506141865    3.7077965323   -2.3911848442   -0.5664824490    1.8300653975
  -1.5588485214    0.5670953941    7.5784131242   -0.2813031009    0.2050059087    5.4188605414
  -1.7280811438    4.1835859442    4.5458376079   -5.0048401626   -0.8850318555   -1.7776595891
   5.3432471716    7.6016573298   -2.0453073212   -0.6675829452   -2.7697942654    1.1527880069
  -4.3203049994   -4.1301794886   -7.9090298571    0.4774845978   -4.6794753722    1.6263367750
   4.0037996559   -2.5752756652    4.7163602824   -2.0624811922    4.0005487257    0.3560236591
  -5.5434186311    5.2983978198    3.8638189375   -3.7933466779   -2.5618072781   -3.1340282340
   5.4731995220   -2.0150698277    2.7281168598   -2.3143075343   -3.1033029747   -0.4636872948
  -2.1048623550    4.7482731168   -3.3780078134    0.4937309063   -1.7636360165   -2.1777926053
  -3.8872330304    8.0987665742   -3.9792986592   -1.8325133867    3.1904522123    1.6588178164
  -4.0069752597   -2.2637302335    5.1561653156    6.8686573501   -4.1785329346    1.6563751425
   5.8699469836    5.1753011932   -4.0465914325   -3.5458333744    1.2130547324   -2.4594544620
  -6.0846093989   -0.4257978604   -7.9959813576    2.1809001434    1.5737292419    2.0434528621
   0.4549942804   -3.4777829339    4.2560524632    0.2743118169    0.1714567458   -0.6666693664
   0.1678854358   -3.1898922269    1.0903175714   -1.0933047060   -4.3664828855    1.6660785298
  -4.2096335549   -2.8863291013   -5.0497687389   -0.5105573091    2.7796612716    1.9609612956
  -2.3823752567    1.4024397049   -3.7484301703    2.5484920239   -0.2718476390    3.2064448387
   6.4228804108   -6.8812811068   -7.7559221169    3.1310503271   -4.4439374448   -2.1621859080
  -2.8175168260    0.3371594462    2.4451851208    1.7354362025   -1.0153969979   -1.0722062152
   2.8558363165   -2.5186113058   -4.5537580965    1.0162433389    0.3280819072    3.5318316318
   4.0659986813    2.0558307685   -3.9015426789   -3.4837522404   -2.4040077254   -1.9247251021
  -6.1061692946   -7.5819291310    6.6345406180   -2.5832606516   -1.1595465971    1.1751315111
  -6.9434964980    0.8394554192    5.7824700943    1.0435957089    1.4052474927    0.0871208188
   1.0093913811   -0.7143345805    2.1203778032    1.2021757459   -0.7586958813    1.1643427402
  -2.4361555859    3.2415659838   -4.2468193809    1.3050181676    0.8828755218    0.7598226667
   1.7874702343   -2.7313428937   -5.7682092796    3.3535916460   -1.8274755616    0.0152155017
  -2.9178333271   -6.8962170717    6.9754172759    0.3794570188   -2.4697292910    1.5286355216
   1.5138635961   -8.1680614395    0.3981124468    0.5298113246   -0.5811473005   -1.2544336051
   7.9776202756   -3.6943042679    4.3943806141   -1.3844712905   -4.0935444842    1.5382620229
   3.5271488141    6.5379673844    1.5492192210   -0.2805335776   -0.3649956678   -3.3690092976
  -5.6175779263   -2.2115690265    3.0017574478    0.1055698232   -0.9622715852    2.3079421620
   8.0853023917   -0.4478080490   -2.1157602828    2.4822572102    2.2062496529    0.1661157115
   7.1562430423    1.0844667321   -3.8113298438   -0.6834107768    2.5013614659    1.7517868423
   3.0498829350    5.6891095945    7.7596926687   -2.2205054765   -0.1481688482   -2.9819927373
  -4.0439867413    3.4413467775   -6.4299591499   -0.2857540025    1.0477194939    2.7693596689
   5.2728556444   -8.2955904083   -2.1086474021   -3.7653058919    0.0224298679    1.6884900473
   2.8707806775   -7.4529402038   -4.0845333033   -0.4351907105   -3.2780107976   -0.7580613435
   7.4885124385   -1.5380313893    2.9757290771   -1.0617359518   -0.5550329904    1.6746338335
  -6.9974416997    5.6449007996    0.3797757476   -1.1728326959   -4.4916650228   -0.1525069970
   7.4420489043    3.3841634117   -5.4573230166    0.3226951100   -1.5051367475    1.1651749184
   0.1410307046   -7.5464848216    2.8148590988   -2.8216256731    0.7534833105    0.8723044449
   6.9397444265   -3.3526391262   -3.7952187028   -2.4818380157    0.2715372779    0.2698434443
   6.1976441782   -7.9270145511    2.8451739574    0.0777667121   -2.5925154288   -3.0635349380
   2.2762199104   -0.0184241751    5.3094491224   -3.7248377373   -3.9630761366   -1.6846769695
   1.4358499289   -0.4274904518    3.9469760094   -1.0407009773   -3.7816798033    0.2256288636
  -6.7470840172    6.3358247693   -2.3367412804   -2.0850511870   -2.1744168200    3.3675823519
   3.1902772517    4.1692094655    4.8191147939    1.0393213405    1.9569199366   -0.9776315118
  -3.0859293000    5.8897371115    4.7974320708   -0.2813896258    2.8510173110   -0.8236324939
  -7.1531025262   -0.7336129877   -7.7587025976   -0.4781192606    1.4599212331   -1.1417141659
   6.5685038958    7.6499895221   -3.8846570413   -2.2630309786   -1.2182486570   -1.3241052962
   2.3622996163    3.3145598608    6.8407704644   -6.4069291356    3.8101877432    0.1713196133
   5.9193058216    2.9210198386   -7.7218174540   -1.3488341711    3.9875297889   -2.8865571452
   1.0563812332    2.6400633442   -6.4218152165    5.5972285310   -3.6259267414   -0.0432042674
  -0.3771532191    1.9980089122    0.9187021958   -0.7884363050   -1.7074438862    0.8500520717
   4.6488118325   -3.6728761251   -1.1737141552    2.6325641743   -0.0369315778   -1.3318013601
  -2.7705113668   -0.3762073696    5.2294505578   -0.1523280067    2.0860224868   -3.6370616911
   0.9825934953    1.9802632815   -0.0831636428    2.9477310747   -1.8786803457   -0.0284295415
  -8.4705780917    6.2593763731    2.6090835008    0.2536979831    2.2696792535   -5.5873339762
  -4.7524232629   -8.4203975351    1.2751318369   -1.9981001434   -1.7827032362   -0.1991920512
  -0.8592900741   -4.5129585373    8.4282449685    0.1304874478   -0.3756956868   -3.5701180651
   4.7773899936    5.8182525752   -8.0232016062    4.5719101920   -2.4355929556    2.0549118410
   6.6392759912   -2.6768838352   -2.4232399666   -4.2091875843   -3.2148002250   -0.3194498381
  -4.9036872892    8.0728019480    3.7593350056   -2.9587770191    1.9768557849   -1.6295768323
   1.8694831866    8.0712761444    1.4310342619   -0.0996676987    3.8337206092   -0.9316427374
  -6.1866625449    4.0408572440    3.3621935177   -1.5452387751    1.6382634943    0.6946059433
  -2.6212557808   -3.0433545845   -3.8348503543    0.4505771412   -0.2679639269    2.4399712920
   4.9102129834   -1.2528645071   -4.7745904838   -0.2683651026    1.1008708598   -2.3198221776
   2.3346825273    8.1126339705   -4.9680946732    0.7856990570    6.7123421280    4.4836706173
  -3.1318992812    0.4550926676    3.9795423664   -1.6215704607    1.8986316164    1.6075613684
  -6.9516046923   -4.7343691198    6.4343771915    5.3170195267    1.0814141067    3.0419802516
   7.8937451568   -7.0947304873   -1.4806830486   -0.7652630291   -1.2408129865    1.3400418726
  -5.5123160270    3.6691725759    0.4013614863   -1.8291468774   -3.9534828041    0.3439189773
   7.3893060365    6.7874112084   -4.1749602133   -0.6582542127    2.2714943564   -1.6244280137
  -7.4654965314   -1.0146236025   -3.1264819607    1.0783511510   -1.1481245320   -1.5200187989
   2.4423530461    8.1526044993    3.9248835283   -0.3181709157    0.0379417894    5.9733408627
  -2.5613768312   -1.3866189960   -5.4063107832   -4.0539320794    0.7678519260   -0.3374601724
   1.4511180571    2.8390694687   -4.7374703537   -0.5765994604    2.5832785066    4.2938232405
  -3.0933686476    5.4221747339   -0.1130854515    1.2795311615   -2.3522012249    6.2856974815
   0.0343292660    0.3529142637    2.5187520246   -0.9714273106   -2.4028436729    2.7295397288
  -3.7014634276    1.1755006618   -7.2215683668    3.2573865506    0.9415240285    0.5159587380
   0.7846334940   -0.9534961173   -3.2393315256   -4.3768225328    2.0619119733   -2.1357758159
  -6.7498165001    6.4418775432    1.9773410417   -2.2366181626    0.3849582790   -0.3909996218
   4.3193466380    6.2895856211    7.9401680801    2.5489054541    0.3771045686   -0.1197577019
  -2.1174624594    6.6651336475    3.1888991545   -1.0937094251    3.2527329671    3.5150225456
  -4.9353901802    6.7115511200   -5.0092745708    0.2577507504    3.7489183515    1.2620491330
  -3.9178960962   -4.0523761279   -3.5283477678    4.0063794387    4.9475000217   -3.5458775215
  -8.2900735173   -2.6433158375    7.1454708871   -0.0634062062   -1.4819384870    1.5417897921
  -6.1288846578    7.8397846884   -4.8643452938    1.6187788860   -1.4890535673   -0.3497455572
   1.9286787879   -1.8792949258    2.2713948692   -3.1681536921   -0.8841353049    0.2328376837
  -0.9718320299   -6.8440035713   -0.4785430951   -1.6061311443   -3.2599928592   -2.6630510086
   8.2184445925   -2.8145018136    5.8591014816    2.6221239545    5.0697916668   -6.2317873720
  -3.4834561058   -1.5730491757    1.7850734019    3.2514647990   -2.7228096760   -1.3527540258
  -6.5786514299    7.8714530603   -5.9012082253   -0.0818049952   -0.2559620916   -2.2456392822
  -7.9414455250    7.2820941206   -5.3875325630    0.6637267553    0.0373211609    1.6549007588
  -4.6303609440    6.4658148051    3.1130924552    0.1952171934   -1.8748687085   -1.5772396714
   4.2567563961    4.9821973090    8.4550807564    3.0367764592   -2.8515840315    0.8827239069
  -6.1765678303   -2.4442389042   -1.1152864591   -1.2378341896    0.6291744897    3.6480351318
   1.4072879424    4.2959516321   -5.4439390659    0.9889322526   -1.3034902393   -0.0167495475
  -1.5708265879   -1.6851033012   -4.4370853459   -5.2589658043   -2.2632055636    0.3916082912
  -6.8006087502    8.5369518351    1.0746315454   -5.3781479337    0.1366684356    3.7088091170
   7.1648239192   -1.1983378475   -8.5040996838    2.1474943293   -0.6915419088   -2.6407770399
  -7.2453377958   -2.8862120646    1.5708799448    2.2373085802   -0.0366466096   -2.5808512434
   7.9503373160    7.6962009727   -2.2916019098   -1.2001528207   -2.9870774858   -2.3787692875
  -5.9499761796   -0.1011536533    5.4925726914    2.2270252261   -4.3945931679    0.1250249502
  -5.1209735586   -0.9688206712    7.7445793652   -0.1056634005    0.0611458026    4.5381607154
  -5.7293555602    4.8303645765   -5.1777826248   -2.5172809215    2.9878804961    3.6441730778
  -7.3430294686   -3.6356361678    0.3262882731    0.1694481325    3.7049005479   -0.8665510775
  -0.7340376979   -8.2282613457   -3.2058690060    1.9679886318   -0.4458512666    1.9867482058
  -1.3533849914    1.3418913702   -2.1319403164   -0.9056296969    3.2700537980    1.1739059627
   2.4000199622    7.0461533180   -6.6990999690    0.8632434002    1.2253191032   -1.1692344216
   7.3186311791   -7.8009459108   -3.0604283612    2.3193970627    0.9043397301    1.7114342790
  -5.1882420217   -2.3241674644   -3.2103442999    0.7227154616    0.3622493810   -3.2869105330
  -2.0173663335   -0.2257070647    3.3191656933    0.8008466007   -3.0447950811    0.6684272043
   8.0881315687    7.4091653374    3.4325280950   -4.3252695208    2.7227399404   -2.7642144922
   0.7547016818   -4.9987179918   -4.9258347843   -1.6729157737   -2.2130993838    2.2515764053
   0.5562906493    4.8273914483    7.4571095883    1.9505517895   -2.2378951282   -1.6841476839
  -2.3141596680   -6.3251613749    6.2336006472    1.6361369435    4.1896795427    1.3764481329
   0.5008401056    1.1871546043   -1.0511707815   -0.0830973509   -2.4086624485   -0.1275190397
   5.5598065618    3.5636288465    3.3552608686   -3.1328145850   -1.4082924222   -0.9964876838
   0.8311892227    1.0032147538    6.0548260782   -0.7123318300    5.3884975918   -2.8059956964
   6.2183955627    5.5463852619    4.8684371595   -3.2523996527   -0.7241255070   -3.4127133135
  -8.1531633260   -4.8614512175   -2.4380966866   -1.2674236828   -1.4225160840    0.5034845265
  -1.8127624531   -5.6380618862    3.6078650926    3.0491729471   -1.8089219649   -0.5455471693
  -3.2387904522    0.3866190487   -6.2153320887   -0.1947921082    1.8441905030   -2.3008040215
  -3.5174424144    2.9159995175   -3.4064063423    1.3905357344   -2.1096127786   -4.8943386262
  -5.9495589474    1.1675784328   -2.9885003744   -7.8014887721    0.5728979588   -0.7465841589
   5.7576343128    7.4206568712   -6.3133329495    1.9657316232    0.3848242006    3.6414368168
  -1.8932735926   -2.8724753049   -4.6901928015    1.4125408038   -1.4142598029   -0.4025199519
   8.0725634945   -5.3214483855    3.0700515455   -1.5137183565    3.1837122376    0.0144890876
   8.3926080788    0.9851844011   -8.1092137929   -0.3199548220    3.1635323091   -0.2583656983
   4.6389275936    2.4784231042    6.8493167559    0.9061374612    2.4570275099   -4.5563848426
   6.8739082543   -1.4218383927    6.6694911443    2.7638314383   -2.2024108897    0.4487451445
   1.7262654706   -0.3604922645   -0.8307323678    3.9012624639    1.1974313773    0.8085890074
  -5.9116761098   -8.5486445171    0.3389943269    1.9603623779   -2.5729890834    1.6295295407
   7.5338258999    0.9310775392   -2.9642578641    2.3130589427    0.6711597399    1.9300373339
  -0.0062543271    6.2847286932    5.4616388275   -2.7780906657    4.1712227509   -0.2336004863
  -1.3225824855   -3.8599031060    3.2414864707    2.7881134162   -2.3031061126    1.7622444507
  -8.1506995919   -7.1651752221    3.2415231633   -0.4765282026   -1.5693244960   -0.3835104016
  -8.5103025292    1.4992925498    0.1781929283    9.9448217328   -0.9516241924    0.8961199140
   3.8259395097    7.5046016115   -8.4530000253    0.2304023645   -0.8815642736   -1.1389857497
  -0.3289806381   -3.8581597364    2.5912533928   -0.9917677016    3.0848616114    2.8017401433
   2.5222312433   -1.4824173946   -1.0972192877   -1.1991392599   -1.4267281969   -0.3003073625
   8.1308542962    3.4892375529    0.4092015023   -0.8471829694    1.3557745585   -1.0835291447
   7.7933947214   -5.8593678469   -2.6986599306   -1.8163694263   -1.9615606238    3.0718548847
  -8.2091382862   -6.2204890919    0.6519209194   -1.1211901569   -1.0118484439   -1.4809285821
  -3.4658099014   -3.5592153640   -1.9332713274    5.1609333798   -0.6249980419    2.7440657406
   3.7914820673    5.6233055404    3.1328150194    1.6252540281   -3.5912835836    0.2483306518
  -0.7747290110   -2.8705234888    6.2822088161    2.0503117760   -2.9251861228    0.8067529611
  -5.2357117029   -2.1821068605   -7.2430166788    0.6910640352   -2.1145407301   -0.1233115916
   4.3649178362    2.8270134076   -8.1803485728    1.3396185284    0.9462173786    1.2150681653
  -0.2988926253   -6.5829569446    4.4555107856   -1.5415670554    0.1729299482   -0.3855866642
   2.2839450373   -6.3336411855    5.4334054027    0.8936596564   -1.1726380365   -0.2886342469
  -7.1985163033    7.0194533564    8.4221904029    0.2372064286   -1.1991451283   -0.0557860487
  -6.7064875189    6.9919604805    1.1456956754   -0.4364255560    2.4511797164    0.3436335832
   4.1035904672    1.0256088938   -4.7957915064   -6.2800365060    3.6948646637   -2.1155899436
   0.0135495687   -0.2523433972   -2.5405135798    0.1351118093    0.6932054683   -0.4640771579
  -3.6355783284    5.0177156448   -6.1045534383    1.0127345265    4.3929832143    1.7800644059
   3.7241189567   -5.8255548054    1.9819840430    0.9902357336    4.3129601046    1.0372587485
  -2.3027009100   -4.6252391529   -0.4960577322   -2.0263357014   -2.1937610209   -3.0991455180
   5.8557232948   -4.0476490422    1.6794887653   -3.8356478637   -0.9220245409    0.5475612373
   2.0864927582   -5.9239366646   -4.6856790617    2.5456322400    0.2137373495   -2.0452457225
  -4.6451041175    0.4467147400   -2.4729866370    3.8189143255    1.0805057656    5.1115904867
  -2.9760017967   -4.6941703122   -2.1260356258    2.8912166211    0.1188145564   -1.0834046101
  -6.4792005229    4.6160297342   -7.9087152208   -2.9667654093   -1.3780626511    0.6221674847
   6.2260738800   -6.5892679957   -5.2865558154   -0.8269315978    0.8707494024   -1.6337361691
   5.9039586214    7.6789773615   -3.0485624155   -2.0663258596   -2.8181513275    2.2906053028
   4.1013198175   -0.6256572521    3.2178583034   -2.2210833796   -2.6570851119   -1.2537715133
   0.3757137809    5.8802889438   -1.6839312459   -0.8013420229   -1.4630934739   -1.3855634165
  -5.6219844896    1.6755175955    7.6522934649   -2.5128791764   -1.3848470559   -0.7403225785
   5.8601631264   -6.5809332264   -2.5185962093   -0.7765924742    2.0470956579   -0.8912505776
   3.2969565192    6.5286164979    2.9314864889    6.1800205697   -0.6733829902    3.1700441349
  -5.1401878303    1.0865577254   -5.3566069074    0.7126154020    0.7494976309   -0.2063718863
   5.5257022526   -2.5173740845    5.1769476999   -5.0267204820   -0.2817348537   -0.0968250569
  -4.3404374436   -7.9056734387   -5.0190816188    0.8792944623    3.3257737342    2.7510382029
  -0.7291057654   -6.3567171246   -4.2893813798   -4.7472501706   -2.7057815304    1.6438210318
   1.2019854175   -6.0281020689    6.0544458861   -0.0000069198   -2.2125804668    2.7526970491
  -4.6598071342    5.7318422495    8.1828597873    1.9700749538   -2.4191670413    1.5936747081
  -8.1443661524   -1.9994872389    6.0722256329   -2.9021143914   -1.5819499541   -0.3593904636
   4.6931615858    7.4734545562    2.7845566439   -0.8090551184   -0.8658764229    2.0014350044
   8.3411450418   -6.5639550279    5.3585294223   -1.2992161524   -1.5789278290    6.4076565238
  -7.2463812060    5.0842106020   -0.3748127369    1.9015343674   -4.3954370139   -3.8245469888
   0.9090809026   -3.8268704042   -4.2166304912   -4.5373450113   -1.9109765556    2.7756889961
   2.9446122064    5.2415848575   -2.5864187715    1.5068605520    1.0723264251    1.6219270884
   7.6993491650    5.1927172576   -5.1636661027   -1.7679312464    3.8700946469    2.3821664876
  -1.4318689215   -5.5235380434   -3.6091843248   -2.7617595919   -3.0721429415   -0.8937876155
   6.1714832770    4.1803735010   -1.2324090906   -0.5716312944   -0.2014742962   -3.1013020101
  -5.8046143860    3.4302592189    1.5862431928    2.4392003497   -1.2008417061   -2.6652776391
  -2.3483933738   -1.8961540718    7.1291331113    1.2415634130    1.1000071103    3.4953400194
  -0.0214583799   -0.9192022673    6.7604672546    0.3158530294   -0.1834995194    1.1052625830
   7.8760103332    7.7393405588    1.5056167044   -3.1445640169   -3.7248237018    2.1257050795
  -2.7729856468   -3.3144370514    1.8016684266   -0.0769298788   -0.9034024199   -1.1405845981
   4.0052421773    1.1232002638    8.4044911317    0.1042354927   -2.2051582544    0.1524036977
  -7.9105797243   -1.5603494610    7.2574771047   -3.1688460295    3.4335708221    0.9975423841
   4.5644461220    2.4148759088   -2.5732337181    3.1731241859    1.8401421454   -2.4898504553
   3.1004566028   -2.0734842533   -6.7950046926   -0.5145400066   -0.8326428284   -1.1470192444
   7.1704831568    7.2571268366    2.7351548482   -4.5514731510   -2.1365126579   -1.4419899431
  -4.0769955597    6.8062946948   -6.7193665183    3.1243383278   -1.1705032492    3.3386151255
  -6.6338100391   -3.7584411441    7.3439868054    2.5333155561   -0.1817528937    0.4794846090
   5.6420191688   -0.9387997349    5.7999607630   -0.2356347110    0.3536974810    2.7574181859
   7.0914801758   -8.4390646388    1.9076083580   -2.4516768242   -0.5356398129    1.1947341473
   7.0452732099    7.2341815204   -5.0738545484   -1.7727929192   -0.7565745976   -3.3871086678
   5.1645862885   -7.8461538837   -4.2593486806   -3.5193509282   -0.5434973784    1.9295383169
  -7.9650233666    4.8492360259   -3.9239370418    1.7754195087    1.4209761903   -1.0816701707
  -7.4167138617    5.6449173729    4.9819473919    1.7343216066   -2.0875904027   -1.3222309476
  -0.4530305382    1.6433215778   -7.4931977572   -3.0153967338    2.6096751874   -2.1639148874
   5.0548074706    1.1562157860    7.4929075253   -3.0980562231   -1.1526922932   -1.2198923699
   3.0116681134   -6.7180214951   -5.2906114477    0.8979647086   -1.3675377508    0.5169415715
   0.4572374306    5.5491345023    1.3342160658   -5.7226168596    2.3933056548   -0.1970741618
  -6.8976724990    3.4410643850   -4.8182630937    3.3661123784    1.5156595391    0.8807513296
  -3.1415895212   -6.3805731926    3.2124610876    0.3220717497   -0.2085968723   -2.8954613003
  -2.5613479847    1.9726274501   -0.3698802452   -0.7775435890    0.9689917514    0.4664935972
   5.5634674714   -7.1881117145    2.0654628637    1.3188089916    0.2610427492   -0.9563959478
   7.6644009023   -5.6324568851   -6.6942046886    1.6286134343   -3.5515332255   -2.6847342711
  -2.7321343131   -2.2867322400    0.3014768475    2.4217219622    2.6573434489   -0.2681130153
   4.3229985178    5.6439511140   -2.9022673982   -1.5238381977   -3.4619366735    0.2605022151
  -0.0234204973    3.8478555240    7.1346257793    1.9893373779    1.8981442380    0.5268357230
   4.2505286873    0.8882623632   -3.5368709492    3.0154865378    0.7461813367    2.6635100079
  -4.4187832435    8.2753924985   -7.3531602960    2.5376741368    1.4522366538   -0.3436065544
  -0.5481379491   -5.9943540196   -5.8761363483   -0.4155693223    0.8904820065   -0.7259853661
   5.3766910367    5.5463925171    7.9553324391    3.8053189893    0.3311220278   -1.4060104712
  -2.8425858704    4.4911261073   -8.5118275802    1.5465070715   -0.8084733003    1.9986773466
  -1.8662208472    4.8755564151    3.2376592341   -0.1587683655    2.2004918798   -2.2361120086
  -2.6231476903   -4.5854238391    5.5819463424    1.0992064417   -4.1412919004    4.4910604622
   3.7372307230    7.5021458340   -2.1329395869    2.5261607579    1.1229825934   -0.8703786168
   3.7387046460    4.7246164075   -7.7467593966    2.8242953124   -4.4083442881    3.9918227999
  -7.2337135203    8.1096917503   -6.8426006775   -0.2210922047    3.3684157749    2.7539642872
  -0.1221250989   -4.1350084631   -5.5772242221   -1.0613196489    2.8241916285   -0.0200443244
  -7.6065030108    1.4012086361   -3.7446064453    1.1552923613    3.2502846078   -2.2736626145
  -7.6847564440    3.4276929901   -7.3854640932   -2.4550192403    2.1824196397   -0.0510113501
   7.4997379326    7.3659904523    5.3912828330   -0.0276212894   -0.0453280534   -1.7739906637
  -0.7300396603    1.9642232556   -5.2625796261   -1.7692891120    0.5745429191    0.2309066042
   5.0525491887   -4.8853535755    1.8417932034    0.5607736194    0.5312507651    0.0597808463
  -2.5097542788    4.3554902417   -7.0119735746   -5.5296044583   -3.1734064476    1.5340046190
   2.3624427438    3.0513505245   -1.9718933036   -3.6751343612   -1.6170819172   -2.2173295005
   6.2245794401   -4.6249394611    0.8186643054    3.2114144169   -3.1129599797    1.8240531323
  -0.7618538465   -0.7712283594   -5.9423245350    0.1383420028    7.2027342689    0.2101348677
  -6.1713454988   -4.7389911929    3.3879154642    1.6739585159    1.8282823891   -1.5965927786
  -7.2282734310   -5.8962049910    8.5453259291   -1.9448837916   -0.9997860130   -1.3914146535
  -5.9522454400   -8.1333579775   -1.6308167959    0.9107416908   -0.9790110135    0.5526709077
  -6.2336018144   -6.0486104415   -1.4765630851   -1.5914492795    0.3970930974   -0.5638182303
   5.7383323291    1.4138733295    2.8972787814    2.6802153212   -0.5798243666   -3.3339513458
   6.8355303262    6.0147010461    4.0754784243   -2.9900998678   -1.1776615191    4.1799139250
   2.8909314268    4.2149691615   -2.8877288382    4.6182822086    1.8830811929   -5.9111291929
   8.0565231869   -0.0807542021    0.7229103441   -0.9431847964   -0.5165231375   -2.5796916657
  -7.0329747446    0.3822638011    0.1558780986   -6.2297320076   -2.2550558949    4.5666475465
  -4.7357364467    5.3925023366    2.9557368060   -6.0840437112    1.2330927507   -0.1677282510
  -8.2762322689   -0.5520757498   -7.7517196714    1.7341535567   -2.1410496464   -0.3020517666
   3.6300376307    7.1999668783    3.8397619771    1.9494363463    1.7574338705    2.0269125221
   7.6860085832    2.6504027316    1.3523624818   -2.2470575016   -0.8678915315   -0.2344789845
  -2.2711881781   -0.9870524272    8.3807709630   -2.4935743798   -1.5085350055    0.7808502510
  -5.6112978167   -7.8297584626    1.4906983506    2.0255741449   -0.9541683046    2.1484062258
  -2.9221089081   -5.2243022158   -4.0632123901   -1.9380880288   -0.8583645620   -2.4948805015
  -2.7080933021   -7.3095398632    5.8074482455   -0.9209140618   -2.8004961670    0.1547935708
  -7.2701197744    3.1927333783   -8.4092721022   -1.1289780442    2.0659192335   -2.0975103580
   6.0319903173   -6.5346437250   -1.4356719057    4.5181748362    4.9432818190   -0.8554260135
   0.2158470309   -6.7839225741   -0.8237601510   -0.1219724111    0.0340671644   -0.6205015762
   4.0113683793    6.3442932057    0.5378106160    0.7491899939   -0.9005445726    2.2634031238
   5.7190664285   -5.1600136853   -5.5468482629    2.7462017376   -0.5044256966   -0.9480856738
   4.8655527630    7.8833226992   -7.4491196854   -3.5294367686    0.9686907961    3.2294851650
  -5.5881151967    8.1281496916    7.8926449134   -1.5646394061   -4.9711850319   -0.1417350691
  -5.9515386536   -3.3281100329   -0.0971951217    0.3972688033   -0.5131538653   -3.7865978485
  -8.4328008440    3.3023537953    2.0869670771    1.5492300954   -0.6257201547   -1.2297182603
   2.7023650450   -5.8156846239   -7.1370913321    0.2485772047    2.5659596969    0.5317861976
   1.3139813789    6.6724785048   -6.2675230994    1.2611719165    2.1488425319   -2.3769081276
   7.5623378068    7.7738349574   -7.6705660694    1.3760457292    1.4408174114    1.5339154648
  -2.5831516725   -7.9798632618   -2.7947433837   -3.4372579002   -1.4210125678    0.9887694807
   3.5617117721   -8.1369852763    0.9083116706   -1.1244872306   -3.4282287259   -0.8378743719
   5.7742373620   -7.5161276819    6.4026081294   -0.1968439209   -0.6833641275   -2.9804609948
   2.1182759559    8.4172959938   -2.8816206808    6.0791349241    1.5595291148   -3.1360020081
  -0.2574269240    7.7032634729    6.9292918261   -2.0751345918   -1.4716252084    0.5223106050
   3.1739200485    7.9887636727   -6.1164855263   -1.6771770180    0.9012934183   -1.3197967031
  -3.4958880022   -5.8225655121    6.7446056337    1.6903756545   -4.6770715292    1.1217715664
   2.5748058544    3.0550764057   -7.6499445542   -2.1667523702    2.7867764218    4.0023299397
   5.8108998634    5.8086069282    3.5251157998    1.6515814306   -1.5136541071   -3.7190734074
   5.1708150437   -6.7845795101    3.1520131376    2.1304533001    0.7746944872    1.3438317430
  -4.1573864388    3.6322254159   -3.1192501874   -0.9683320588    3.9945732504    3.5610865529
   0.7492882859    6.4600022144    6.1243629371   -1.1107594855    5.0024767277    1.5070924638
   3.1891105268   -3.5864719021    3.4699164989   -3.9262571811    3.4462143774    1.8240523317
  -1.2701568185    8.3400935010   -7.5232385738   -0.6178899769   -2.7977923584   -2.2879796730
  -7.8180103176    2.4983853962    7.4038248421   -2.2769885761   -0.0286924178    3.5228908220
  -4.9698706713   -6.8434349193    5.0471308232   -1.9897348547    2.0999435938    0.1288153144
   2.9311639746    2.1516536950    5.0902399204    2.7092021817   -2.3763614250   -0.3362375762
  -4.8352810930   -4.4418231650   -4.2799215555    2.4388293027   -1.7022398658    1.9142784048
   6.2379086366   -1.7914209717   -8.2737730774   -1.8040430040    2.6405738403    5.6662453356
   7.5403896672    6.4465580436   -5.3332745420    3.0550973940   -0.8982924116   -0.9469649612
  -6.6806700050    7.4401702570    4.5624135297    0.6577868282   -0.3894747692   -1.5960360364
   2.3913427407   -5.6497189458   -5.7058612132    2.9788903657   -2.2441535691    2.2514493560
  -4.0659039952    0.1592867276   -3.4839457160   -0.2227819983   -0.0425984589    1.7216847149
   6.9404516135    4.0031241334   -6.6803704142    2.1760731983    2.4664925497   -0.9333718954
  -1.2592130186    7.4552355166    0.9447480375   -2.2454465160   -1.3959172531   -0.7935368007
  -2.8838887370   -6.9345043383    1.4471720671    2.1892291689    1.1240160318   -1.2472511129
   1.4871548382   -3.9248675937    7.6185040704   -1.7355241456   -1.9563810847    0.1081300823
   7.4794314335   -4.4181901143   -3.7114575901   -0.0099885303   -0.7680912523   -0.1575610525
   7.8910721392   -6.2671934747    7.2539092251    0.8249677756    1.0988191404    4.5151375719
  -8.2244637613   -0.6206505905    5.1374811102    1.8511351492    1.4874116649   -1.1022887911
  -3.1012900305    3.2053249752   -6.0893264992   -2.3694453139   -0.7886302405   -0.5821594469
   0.4117364207   -4.4252614356    3.1565120447    0.3059792700   -2.2128963517    0.8690890841
  -6.6940405744    2.5435846851   -3.7979299744   -0.8254207256   -1.2109119871   -3.2644562388
   7.8767844041   -8.1771494427    0.7925601671   -1.8082307623    0.0608453568    3.8871809359
  -3.7403738196   -0.8133666253   -0.5075926109    2.6611189842   -1.1912431006    0.4735074752
  -1.5286877384    3.5185953466   -0.6657840833   -2.0113247168    1.8543879915   -5.2278668576
  -5.1446317315   -5.2578524780   -2.2696237997   -0.1329820968    3.0034784625    1.5736065082
  -1.1583380201   -7.0474405676    4.1282303820   -2.2449848911   -1.8346393873   -1.5073446491
  -6.0402274062   -2.4443324014   -3.8935543673   -2.1559314240    3.9002094906    0.2227031489
  -1.1781446580   -1.8824621123    4.7949545101   -0.9724354321   -2.9592283355    2.7212615027
  -3.0981557330    0.2977925755   -0.2752610156    3.5339815058   -2.1244968730    4.0518991956
   7.7258207848    3.0078806272    3.0753742192   -0.1405750670    4.0814554187   -0.9010944698
   3.0567818576   -5.3200605355   -1.0086227776   -4.3401989341   -1.9370127060   -0.5140355556
   3.3437562176    7.0905759729   -5.1724756018    0.2468661939    0.7664738225   -1.2851589885
   1.2636331749   -0.1039470306    1.0685511094    3.4678023160    2.3029140715    0.0761126866
  -0.2600976352   -5.0131826909    7.1474973448    0.5203458777    2.2967041553   -2.8126325630
   6.0032616051   -3.3490080974   -7.1628602738    1.4017338490   -0.1540271095    2.4362391402
   8.3737114710   -3.9675177293    7.9991182102   -1.8842855979    3.5219929854    3.2824758618
   2.9232445016   -0.5815715446   -2.9920396606    0.0754245260    0.8005440764    0.9800050861
  -7.3564865729    2.5940082847    5.0222313082    0.4411259704   -2.2634074085   -1.3623957325
   0.9959527843    0.8335105041    4.4320490997    1.1253358875    4.0225102723    1.8564301688
   4.7809677677   -7.0841774808   -5.7615247050   -0.8395280164   -2.6224909563   -3.9004625906
   6.2711347101    2.1558107004    3.3524114707   -5.5454700769   -0.3327444428    1.1278249335
  -3.8790600745   -1.2097691605    7.0609672874   -2.4428733282   -2.4108158928   -0.3332811269
  -4.0718410449    4.2514912555   -1.4697974925   -1.0814570835   -3.5772730040   -1.0795500459
  -0.5434410865   -6.5225386119    5.3796462445   -1.4909169873   -3.1264991290    1.8605273442
  -1.5792671256   -1.1711372955    1.5856479270   -2.5044465363    0.5936674487    2.7439702302
  -1.7314717656   -8.1871059827    5.3302286586    0.1459112975   -2.1219161259   -3.7320528773
   5.9969241452    6.8919992993    4.1769183329   -1.6909923133   -0.4624780924   -0.5943506547
  -2.4406526184    8.2086516105   -2.3577422593    1.0506804083   -3.5437141318   -0.9249436803
   3.8592039726   -5.0853319539   -7.6755248096    1.0663021459   -0.8357495703   -3.3431634864
   5.5057517530    6.4436397720   -6.6411632595   -0.8447015736   -0.4543147668    0.3193407197
  -0.5033747028   -1.2737502729    8.4082400312   -0.4268992434   -2.5793544502   -0.8004455985
   2.6014262474    3.3348942560   -3.1426280397   -1.5464663240   -2.0523236712    3.9282921856
   5.0571373949   -6.4807525294    6.9510602231    3.7441816374    0.0041594453   -0.3357398587
   1.8116421014   -6.9313494172    5.9546215093   -1.8223886564   -0.1555790577    0.1692019254
   7.3377790159   -3.4295140537   -7.9535114318   -1.8215439068   -1.8127773401   -0.9816541618
  -5.7073801741    0.0564703924    2.9744371849   -0.2437251950   -0.6915161651   -1.9817555583
  -0.7244462499   -6.7150613881   -2.6610071724    2.6600964064    2.5256612417   -3.4103142748
   7.3042229283   -4.6812089360   -6.6616816954   -0.3238081655   -2.2960297595   -2.6654846280
   2.7672669587   -0.5283616677   -4.3528066721   -0.7697955442   -0.6274713105    3.6785007097
  -2.7508975451    2.5733807805    6.3628913490   -1.8414634194   -0.1109252811   -2.7871642594
  -8.1734708849    5.8931011570   -2.8949420493    2.1884453769    0.1569666118   -0.2393452978
   6.9878667729    4.7689834314    6.6813615728    0.0713681998   -2.6801450775   -4.4974581731
  -7.7721523007    1.5454645014    1.5221139894   -0.6723964125   -3.7801241045   -2.2433954444
   6.3369012856    5.2979954316   -6.4159384576   -1.0198059698    0.5618076422   -0.5301165498
  -6.4802209178    7.4447615165    6.6900061403    3.9393542113    2.7559488616    2.0656881152
  -6.9958801173   -3.5645701258    6.2000593993    0.7720464914   -0.5144217099   -1.8377764019
   0.0079113671   -2.9509150561   -1.2715978073    1.0935899317   -2.0590756393    2.9636444305
  -7.5102227219   -0.2157067260    4.2009786789   -3.9824261157   -0.1658236137   -0.4480435094
  -6.8509292590   -5.7945112329   -5.0499053229   -2.4227222355    4.3403180315    0.2122546583
   4.5865133224    4.6130710675    6.5579774780    2.6782532474   -2.4715473484   -5.3605321922
  -7.1773873040    4.0984259279    7.7570828895    1.0094632799    6.0159773381    1.3059501900
  -6.0005705854    0.9702168845    0.3898412284   -1.6788119433    0.4814368428   -3.0032081921
  -8.2263063133    0.4968816323   -3.1112091480    0.2504927882   -0.7592106912   -0.2035333631
  -4.1885354350   -7.7658249473    7.0165328681    3.0520827632   -1.0285566073    0.0250410553
  -4.6874446181   -8.2580118645    2.3539062154    1.7774882965   -1.7207050812   -0.1398785840
   3.5782987992    3.2054988167    4.2014341781   -4.0810672702   -2.0298486052   -1.3507949535
  -3.2626897118   -3.8485643254   -0.8323428970    0.8238071661    3.7690336513   -0.3848962085
  -1.1879965065   -0.7780306758    4.9372115114    3.2414250207    3.8576774494    3.7744012879
   5.6484260221   -4.6850482912    6.2241290897    0.2414891890    1.0243057876   -0.4700972790
   2.7334771334    5.3009511057    4.8770155385    1.2814480143   -0.9102627873    1.1592917552
   3.3808581180   -2.5796820282    8.0593690216   -1.9454721186    0.6579988184   -0.0376403896
  -5.7231537973   -1.1505938328   -0.7098223976    0.6126792334    0.0392223129    0.9640786195
   7.1043239104   -6.5869313120    1.1972180761   -1.5368922452   -0.3104397068   -2.0714257997
  -1.6496792931   -2.7135426994   -2.1498510787    0.0027411940    1.6834566244    0.4342943100
   2.7863965202   -7.9621439780   -2.9754592120   -0.1576274401   -1.0791061945   -2.2631586566
  -6.5075677650   -1.0796410769    3.5096471119   -0.9544622335   -3.1831130336   -4.8782220894
  -0.3610983522    5.6409426066    0.5450998196   -1.6097806139    2.5414638095   -0.3152105567
   4.2594442938   -1.5793074241   -0.1586088545    0.8488055695   -0.1135032529   -3.2502995302
   4.7210765738   -7.6460612283   -8.1404130518   -1.1023071282   -2.4561090457    1.0808602918
  -4.0462653900   -7.6483828025   -3.8868730660    0.5184091542   -0.1995182343    1.6344638286
   7.8532908780    2.2894844591   -1.6371049887   -4.1500637390    0.4257060939   -3.2350194318
  -1.1714888490   -6.7086319403    0.5466127816   -0.9469862266    0.9001669814   -0.3309598938
  -2.0763232869    1.9342615466    6.2088385376    0.2436502359   -3.1443335842   -1.0314700574
   8.2914597328   -0.6646070986    3.4048585813   -3.0350734718   -1.8624946091   -3.6733698691
   4.6340694813    7.0622595828   -4.9371324171    2.1318517273   -5.4547267733   -2.8853153547
   3.8960902555    1.8424059315   -6.4861720987   -0.3210504055    1.8788632978   -0.9103125673
  -0.9809083957    3.8618338179    7.5825407301    1.2867474498    0.3980617762   -0.6683279990
  -5.5450634038   -6.5666876294   -4.3575409059   -2.0426992479   -1.7623210208    2.7170164377
  -6.0459316095    1.2817779389    5.7191147992   -0.0140746299    2.6207379569   -3.6576185815
   6.1680070550   -0.2760962225    6.6736456901    1.6068061299   -2.6278897966    1.3942890757
   7.9290176727   -0.2436349831   -7.0546985363   -2.7997419225    1.0903706981   -5.1861033375
  -6.7166658660    3.8210958416   -0.3687980655   -4.5283608690    2.5440646373   -1.1662962516
   4.8436015186   -4.6103667408   -8.3853004044    3.1512300803    0.3906452209   -0.9323058666
   1.4404339098   -1.6847404239   -1.6945095044    2.0858154917    0.0945464565    1.0445495544
   0.0705714892    6.2637875012    1.8787075625    3.2501571936   -0.1838671103   -0.6988773980
  -4.6109436289   -3.5211203099    6.7117752375   -1.3618880161    3.1351861578    0.2746426470
  -0.3305559073    1.9898335017   -4.3667396087   -0.3557157193    1.3913095830   -0.3766827152
   7.2183330346   -5.3016763222    2.6666977499   -1.3843063751    2.2784395789    2.4258792235
   0.7628359887   -7.1317106754    7.4800639192    4.2563500023    2.0521760031    0.0342232217
   5.2066809152    2.6710165668    0.9935092348   -1.1833478447   -0.2443315823   -1.8518725223
  -3.2816586813    7.4647561958    7.3631892783    3.1286526729   -2.0547469921   -3.0338791532
   7.9073847421    4.7939297688   -7.9921632876    2.6024363986   -3.1769365209    3.1963335645
  -6.3363706512    3.5541552392   -7.9118736863    0.2263832753   -1.5936944538    0.2361375292
   1.5680580347    6.3977303569    7.7929784162    1.3725931321    0.8654793267    3.1636486908
  -5.2554141028    6.4794961745   -6.1389347819    0.0150143304   -2.1309996665    2.8230440971
   4.7994356987    4.2868793963   -4.0022713935   -1.8589508632   -3.4799495504   -0.7768721708
  -2.1799012535   -1.2272111365    0.6591581382    1.1652856448    3.9027977887   -0.1037213377
   6.7567938770    4.0750055872    6.0538935414   -0.0663081871   -3.3788128155    4.8278221755
   6.9258381173   -3.3343874253    6.2078190291    1.5137327105   -1.5877337542   -1.6237013920
   8.2157018629    3.1819729133   -4.4412461010   -1.9014377958    6.0047955998    4.2352369265
  -0.8334893850   -4.7995321773   -0.5037268627    2.9351549154    0.0136638813    1.3244419968
  -0.7118417427    6.4016034685   -4.5093594017   -0.0717403407   -2.7503964767   -2.0461810046
  -2.1719803077   -3.2768932001    6.0286533271    3.2817939978    2.4829119150    4.7393256334
  -5.7791904834    1.0699248038    4.5789946291    2.9132594808   -1.7973324104    1.4841649101
   5.0515274680    4.1591102611   -8.0640930147    5.6519365115    2.8771861321    2.5910220681
  -2.7099156898   -4.0136656891    2.9642189130   -0.2269366381   -0.5979478527    0.3474762462
   2.7065438967   -0.9987380917   -6.9723187172   -1.8877721902   -2.6246548316   -1.8024812492
   3.1057537942   -1.2516862106    1.3621997140   -1.9448310943    0.1302250481    0.3948989494
  -2.4684100436    7.5665773549    6.7366100474    2.3562344359    2.0686247326    1.1980741384
  -0.3625760129    1.3818327932   -1.9198406948   -0.7026228238    1.3203087151    1.9235514052
  -5.8264367406    3.7229556146    5.3181375799   -1.4938742453    0.4863616436   -0.8843175916
   6.9059379296   -2.3786617693    3.8072516040    2.5394494805    1.9248130469    0.3453750939
  -4.1823296795   -1.5932450076    6.0636009527   -2.5236008077   -0.2967557526    2.9460490501
  -2.2288513352   -6.0541869225   -5.3833374628    1.8382254434   -0.1826027127   -1.2430051099
   6.2725482073    1.4393407678    1.1404254269    0.7694837562   -3.7276640355    1.3286537901
   6.5298872562   -1.5351538561    4.8114607438    2.1561097472    4.2395734340    1.1397199375
  -2.6922705438   -5.8470800854   -6.6532356782    0.1419944690    1.0150057344    0.9302639725
   6.2619271841   -5.5611542727   -4.8660095119    1.0305514417    1.5068144989    0.5895217698
  -3.5842297043    5.9636993118    7.2184074095   -2.4006446702   -0.0739140825   -0.1490999314
  -2.8182415800   -1.6929581975   -8.3398771467    2.9952182463   -1.1871760540   -2.6094297416
  -0.8313166841    1.0003724416   -5.8698768288   -1.4816345207   -1.5614534132   -1.0394557008
   7.3311564066    2.1204148334    0.3763036719    3.6503122125   -2.7719496316   -2.2148605846
  -7.4200117231   -6.1309740191   -7.6411724277    2.3520060044    0.5838262135    1.1155195282
   2.1374996151    6.0817013617   -3.6739084801   -0.1679889017    0.0867307952    0.1675934159
   7.7267536203   -7.5035050840    1.4808288630    0.5228396354    1.9857644369   -0.6496405664
   4.1225358814    5.0933468228   -4.3410437953   -0.8632211153   -2.1382187347    0.5276761952
  -3.5517253029    5.8493809080    2.3209022515   -0.4340024788    0.1341269904   -0.9599443717
  -6.3432810679   -1.9885172176    7.6792524970   -4.0829632733    0.0675401628    1.2875837788
   7.2747000093   -8.1537811023    3.6064883856   -0.1277427342    2.5344714707   -1.0793875828
   4.5185454934    2.5700972352   -1.5141977007    0.5413445237    1.4521940047   -1.9984185992
   0.5875504439    2.8954355382    1.1149792639    2.6647432764    2.2971179229    1.2405074662
   1.1573968020    6.7005826077    1.6940917118    1.8727955394   -2.2028262129    1.6490410634
   1.1858621347    4.3484413954    6.6875187498    3.6441456994    0.6345953352   -0.9866355887
   8.5154814342   -1.8727651526   -4.1096485255   -0.2124839325    2.1004437005    1.1899966515
   6.9058577608    2.0985329084   -4.1015539480    5.2470194698    2.3985382231    1.0678641940
  -3.1551358697    6.3584749942   -1.3615738527   -0.6682214657    0.2087239251   -1.5912651165
  -7.0241029071    5.4377690950    3.1090891254   -0.1200510042    3.6378822405   -1.9374806870
   3.5149827423    5.3788871471   -1.6953786244   -3.1636345884   -0.8674781887   -2.8195395871
  -3.5631566288    5.5596809650    5.7593297085   -0.3914021658    1.6455385437    1.4818234659
  -2.5500698841   -3.3935977533    4.3893878978    3.5665590343    0.6468726149    1.7660339174
  -0.3835853350    3.8586083830   -0.5159860492   -1.0567534110    0.6003240141    1.3074845643
  -3.9717140967    7.7985779056    5.4268079852   -1.1485283758    0.0688964267   -4.0665275099
  -4.2949246394    1.7646904412   -5.5665255352   -0.5972963679    0.1512267897   -2.3037952519
   0.6790342920    7.9070936835    2.2424995197   -2.7757165055   -4.0591705288    1.3266171403
   4.9406226952    3.3879353739    4.5638726972    1.4681015703    3.2495400530   -0.4570565772
   5.6035763946   -0.9145282042    2.0665165480    2.9816473769    1.8769717860   -3.1750863437
  -2.3811869175   -5.8183447176    5.3785983076    0.3060190485    6.0641038965    0.0500910832
  -8.1079730414    8.4824272262    3.5542829460    4.1170268180   -3.9335576552   -4.3083703917
  -3.1439062451   -5.5308479946    1.0510937627   -0.5512438560    4.6309949824    1.0430746961
  -8.3559362442   -5.7725143700    7.2993074915    0.4231208584   -3.9041055249    3.8749981762
   5.3929462008   -6.7787983145   -3.6813441078    2.3825537436    1.4739826441   -3.7028319126
   4.3617667756   -6.1253494138   -3.1898450246    1.5787313466    0.4894605028   -0.3484942876
  -4.8786095979   -4.4498182182    5.0195188339   -1.6144040535   -3.9648894338   -0.9362266081
   1.0614295319    6.4517460682    2.9109947156   -0.7787152930    0.4260749645   -0.0168525289
  -3.8789673708    3.2005910496   -4.3312694602   -3.2193304265    0.0491082974    3.2413480586
  -5.5628781557    6.6530361992    1.3408434859    0.8913166964    0.3320730252    0.4031713869
   7.0345913311   -5.5000608268   -1.2259937898   -0.0496527427    0.7758155088    2.7724423649
   0.2250668226   -8.3318950005    7.7285268173    0.3029245966    1.1764884068    2.9567238738
   5.9791954276   -5.0532855957    4.1000351985   -1.3087581992   -1.2514162904    1.6203920159
  -3.9189260302   -5.6704903791    1.7014916104   -0.0980527740    2.0784645348    0.4543887037
   1.3445228366   -4.8867869974   -4.2076603022    1.9288636455    0.5143989250   -1.8250684636
   2.0418705223    5.5979416453   -2.1186431356   -2.4350336378    0.2499847507    1.1228596883
  -4.6401262159   -7.6269260629    5.4879322303    4.4896058409   -1.1732714041   -0.7161533934
   2.4129704878    5.7000296183   -5.6996605065   -0.5398910475    0.5625241226   -1.7216860161
   6.8600126215   -3.5160539784    3.4047484351    0.1712677339    2.2316528187   -2.1921889831
  -2.9838080938    4.1217181227   -3.3914641210    0.3829233748   -0.7774626127   -3.0590089134
