           1000
    17.09975947
   6.6833725152    2.5535600400   -3.6345274948    6.3390559225    0.0415835575   -4.2328864347
   4.8573590288    7.4218486602   -2.7884389995   -1.9667183946   -1.1121855025    3.6635695780
   4.6215632691   -2.0718139497    0.7549716157    3.0915929726   -2.6152031347   -0.1707010049
  -8.4386802645   -1.3032766761   -7.7709421794   -1.2911810880    1.2966865956    0.4444811984
   5.4441797495    4.1702441821   -6.2849087432    1.9431440960   -0.5263439820   -1.0235224052
  -0.4850584865   -5.1225871332   -2.7044732713   -1.2897329151   -2.9960801621    0.7411984460
  -4.9094584660    6.0134500762   -5.8763646037    2.4098193444   -3.8388964818   -1.5887143118
  -2.7625017164   -2.2309864451   -0.7985016575    1.5676057085    2.3190065446    3.6128439287
  -2.3547355300    4.0225723133    6.3542668709    0.9126676725    2.8391556004    1.8901162546
  -2.8327670753   -7.1912307694    7.6269437192    0.3786242012    2.5306793451   -1.5077680122
   6.5591581656    7.2283552026   -1.8149252832    0.5847315639    1.3568305758   -3.9375007714
   4.3112955866    3.2861061682    6.1275993119   -1.5383208891   -1.8332347419    3.9220542518
   4.3140623495    0.2369899208   -1.2113220195   -2.3855106052   -2.7415099847   -0.1943494566
   2.6933192380    0.4403639190   -6.7051285357   -0.5692911304    2.7529752468   -0.6272470402
   4.0911012825   -8.4807297520    8.4449205200   -1.8378225537    0.0447227602   -3.5221094217
   6.4203915847    4.7239082213    5.9420126143   -1.3302361102   -0.6542743500   -0.3725658658
   7.1122704869    3.2074193789    4.1497514958   -1.8064522070    1.8250663009   -0.3602883444
  -0.6881976418    2.9545712999   -6.5602521326    0.3321190389   -4.7056193600   -1.6498036624
  -7.3518126628   -2.2095059016   -2.5105880786   -0.1438690044    1.7609735953   -0.2142780583
   2.9302846750    2.9804259226    5.9053290251   -0.3994897680   -1.7369650516    3.0908630130
   8.0939146644    0.3128171314   -6.7949604690    1.2050389080    2.3929720375   -2.1383763032
   4.4493468443   -5.2477404959   -6.5936528934   -1.6263783562    0.1914770502   -0.2554195917
   6.4314261730   -7.0525506655    1.1536267230   -0.7707862174   -0.9496345488    1.4952035133
  -5.3403572828   -5.6877862518   -4.9553189005    2.6319370473   -1.9063958210   -5.2421116606
  -2.9058976763    8.1609050093   -2.2062151743   -1.0706661795   -2.0755811001    2.8910961488
  -4.3558550825    3.5320254788   -0.5171142710   -1.5738405586    0.2058925207   -1.9186357204
  -5.5643445389   -3.7980880935    1.4779518275    3.9619572306    1.7146242192    0.0604480099
  -5.4893420706    8.4461865120    3.6393563825   -0.6283294095    4.3000210360    5.0118349933
   3.8411699750   -6.2379358442   -2.1612923842    3.0821881074   -0.2216877466    0.6365605476
  -3.8432584745   -8.0856150938    2.8358844308    0.9264942063    1.4819380236    0.1750734292
  -3.8647510121   -3.8025456959    7.5026124081   -1.6711398832   -1.8741901312    1.0973868009
   7.1341223371    7.8897604664   -3.5282510558   -0.1465066702   -4.4450311072    1.3480350963
   1.8639676361   -6.9815676848   -6.3997652625    0.8071821073   -3.4664805283   -2.0773044622
   5.8402391800   -6.8564307140   -5.4321541837   -1.6337260581    5.6042815535   -0.5733808472
   2.0668136543   -3.7185173268    7.9222452435   -4.5798658707   -3.6071379422    3.9484689811
  -3.6843407769    8.1900612404   -2.9082574541   -0.8941421158    2.2689040808   -0.2022701915
  -2.2146498696   -1.0358770454   -7.1280716827   -1.1152144649    0.0286929691   -2.4762136908
   2.5063909803    1.6987389788    7.2349194933    0.9992284734    1.3745688983   -2.6561189853
  -7.4804467245    6.1051676446   -7.6544555425    0.2044518078   -0.5668027619   -0.4267358986
  -6.7989145006    0.3827671652   -6.9624905117    0.3952105000    1.2323119904    1.6841411257
   2.7710470636    3.9409224869    0.8918595305    2.6825945465   -1.4263388380   -3.9961266259
   7.6611863957   -8.5387718912   -5.4294562835   -3.2579203322   -2.3971137935   -0.2552135939
  -1.7135511820    0.0310328470    4.4950664168   -5.3172719312   -1.6955222437   -0.8364364939
   5.4153919876   -1.6386809586   -3.4381840364    1.7382961641    2.2393634908   -0.5241963482
  -3.9191275411   -0.9880077022    7.9627960353   -0.9874078323   -0.8085965975   -1.9651107464
   7.5267064307   -0.9985762338   -3.0578490266   -0.7505457934   -0.1704921942    4.2989810608
  -0.3935377386   -0.1523168091   -5.8726328807   -0.3269581205   -3.2166429341    0.6790238304
  -5.2882997163   -3.6287558374    6.0194561168   -2.7607777190    1.3666204653   -0.6078379054
  -1.1877625578    2.4037523277    6.3936853351   -0.3233659946   -2.8501304193   -1.2952538728
  -6.0236815742   -3.8229470648    8.4424992767   -0.7962045298    0.8157233419    1.7937413660
  -5.2380415196   -1.2876359448    8.4977412399    1.6564891038    2.3180167230   -1.5741472038
   1.3922812996   -3.7663203669   -3.3492571207    2.5808849673    5.0337810651    2.2928330546
  -7.3215339310   -8.4749219457    6.8489199010   -3.0156989839   -0.9611343669    2.3589125857
   6.4426725818   -1.2495505391   -4.2320445027   -3.1774547269   -2.5315704198   -0.7255084894
   6.3113428021    7.8858535033    0.1960817960    0.2886482066    0.2736887521    1.5251873633
   7.2027274578    1.5360114209   -5.6406770135   -0.9235779263    2.7953535613   -3.3962373525
   1.3800173731   -2.8197707442   -8.4041885072    0.0789362290   -2.5222086921    3.2007535172
   4.4851663634   -8.3479608995   -1.7334465600   -0.7342278696    0.5673643403   -3.0447052408
  -0.5073812512    6.8124540854    0.6084276911    0.7411129444    1.7215578384    2.2599630800
   7.3637100274   -3.6708712357    5.2594543287   -3.9912487260   -0.7170611612    1.1638595948
   0.0233125759   -4.0445485019   -6.9479270204    3.2065243040    0.8887733062   -0.9490479392
   6.2853910506    0.0722284383   -3.9217291873    2.6288972665   -2.2665349854    1.7945562587
   1.1990960176    3.6103860635   -7.1518487485    2.7156193265   -2.9586632876   -0.7832713908
   8.1585736886   -0.6272739021    0.4632439221   -0.2819622975   -2.6576436965    1.0010111463
   2.7317863628    4.6015490762   -2.1531028846    0.9176962024   -0.7154868815   -0.1126165466
   8.5010169287   -0.0201530072   -1.0229736352    0.5836702401    1.4183478701    1.3872740613
   7.2799017047   -3.7738309153   -4.5431738843    1.5371863677    2.9928521490   -0.4635096188
  -7.5737948128   -4.1820271361    7.0243959594   -0.9685941769    1.2922207181    0.9954262914
   3.6950123746   -1.3834775665   -5.0926187809    1.6455662407    2.8024192552    2.1045899227
   1.2800439563    7.9764034691    1.3844035796   -2.1742198795    1.6552141137   -2.0771112843
   4.6043397207    3.0150524619   -7.6641357380   -0.3096754211    3.1478619359   -6.1896037388
  -1.7879579683   -2.9638511492    7.0853252520    0.6327210764   -2.1355422370   -1.0883471638
  -1.5895702674   -4.2622543752   -7.2528359094   -0.1834836966   -3.2494903843    4.4058050648
   0.0067971601   -6.0688331367    7.3570520943    2.0491417384    1.7883905793   -0.7437692136
   0.8420782317   -4.9432418647    2.6695676664    4.7528583866    2.6741452075   -0.0542334810
   2.3245564079   -1.8995995583   -3.8691897960   -0.2387162777   -1.8090831474    1.9122664038
   7.7430111616   -1.9969110526   -1.4300725858   -4.4260679425   -1.2779381378   -1.1736170586
   6.2498874509    0.1487014617    0.9394576830   -2.5450587316    0.4457967601    0.0649326990
  -6.3291507845    4.7708708899   -5.5117531685    3.4621226636    0.9282582314   -0.6428216100
   1.8866235053    5.9398243790    7.2172209270    5.0036448010    0.8724817771   -1.3639295387
   1.3502602598    2.8802693513    3.1299489233   -0.0887567701   -1.5256012469   -0.8900045905
  -4.0858959399   -8.0623068907    0.2631427844   -0.0023397255    0.3826098739   -1.8035168957
   4.2417283384    3.6345342105   -4.3725611931    1.1323297912    3.2496552963   -0.2266694737
  -1.1535973065   -7.8868191881   -4.5262022976   -1.8717284935   -4.5013439066    0.8480503312
  -6.6812940151    5.8687609481    1.8813872361   -0.2750680898   -2.0832533366    3.2281982593
   4.7031586595   -2.8488097405    8.3467410319   -0.7668294184   -0.8738174562   -1.9807351791
   2.1615317452   -7.9687496810   -4.4465213230   -2.3018155839    0.3339132193   -0.1568917841
  -3.4603962400   -2.8369891292    1.8195892729   -3.5886729226    0.6383228888    6.1112763311
   7.8614749869   -3.4941858304   -6.8696590765   -2.4290539253    2.1944672005    0.7044477015
  -5.8252543933   -4.5075356147    5.1090553196   -0.6256806381   -0.1496619231    0.1693470846
   4.4222593585    8.2731974893    1.2980866439    0.9297692818   -0.7322955469   -1.0957046162
   1.0491578714    7.8047563125   -2.5185310039   -2.9615145198    3.9610044220   -1.8574419334
  -4.4917999082   -3.4905751863    5.4398650662    1.7186637419   -0.0300074720    1.4853963170
   0.2356953888    6.3771936015    7.5015877781    1.4834986765   -2.1727498352    2.5925483745
  -0.9688254738    3.3328640754    3.4712679015    4.2157304858    2.6526412613    0.4373385319
  -2.4426128703    2.6337099479    2.7504623744   -1.2726360551    4.6691548754   -1.0654929599
  -6.2131155438    0.6587675786    2.2772484708   -4.0343900174   -0.4724164819   -2.7454251204
   6.4229672195    2.1002202056    6.8304704292   -0.6528679960   -2.0066511476   -2.6366083118
  -1.2115173759    6.1467854232    0.8737016078   -3.1704342649   -0.7710635795   -1.2091569449
  -1.9432173542    7.1749202584   -4.4455122085   -2.0125584343   -3.7003959954   -2.2399892145
  -1.8764992921   -3.1547306393    4.9796103180   -0.9498083994    0.0556355905    2.5218399381
  -6.4874163671   -5.5976849958   -3.1924637585    1.4061292687   -0.1603553701   -0.2168516807
   8.0927905261    8.3142474020   -0.7249837057    0.6150573753   -0.3837438546   -0.2958257623
  -6.9547585887   -3.0925443812    8.2646284153    0.4928371523   -0.9202555131    2.5843280170
   7.5373673502    6.2416636624   -5.4042801956    3.6837124709   -0.5559842660   -0.5047547890
  -3.1003131220   -8.0992084163   -0.4230725320    0.3558654403   -0.4631862858   -1.6771626448
   2.8198861364    1.6170422821   -6.9574370199   -1.0357036588   -3.2864569995   -0.2540605460
   5.3599233439    7.9982853175    7.6130078795   -2.1864775515    3.1764241808   -3.8401260428
   4.4455995921    4.4851260772    7.9431691482    2.7134985259    0.5041850064    2.6024075044
   0.3845855617   -2.0037735507    7.6933004773    4.7080718279    0.5588496497   -1.2123033858
   7.6218575459   -4.1141614141   -2.7700431887   -2.4933946151   -0.1110942976   -1.2938461441
   7.1294703901    4.8109918195    2.7794207304    0.5599573900   -3.0991499711   -1.2452533582
   4.5478820795   -0.5951138417    5.2851044293    3.2329290304    0.9102201779   -2.8722419051
   1.8319165580    7.2406518824    1.9981632685   -4.3068461024   -2.6192544295   -1.0151439570
   5.5572423497   -1.3923209980   -7.6393417505    1.9421183410   -2.3572115290    0.8303021159
   7.7732660726   -2.6578836672    2.0381394629    2.2055415500    1.6256295898   -3.9482491529
   5.8482790318    6.3513442710   -4.0075965221   -1.1194635773   -0.1662775710   -0.0579010957
  -3.2009874888    1.5469202266    4.9367366546   -2.1160689797    0.2920010473   -2.1342725051
   1.7854013375    7.9142145801   -4.4096323219    0.4804870043    2.5227959574    0.3947847555
   7.5548001888   -6.7593597818    5.2843727733   -2.0855158505   -1.4904904820   -0.8805636494
   5.4517266737    6.2420959192   -6.9199364834   -3.1541525969   -1.9542121199    2.0356287169
   3.5247979498   -3.2638126223   -5.7264801282    3.3954768756    0.7730929403   -3.8829816966
   1.5319922893    0.7824090776   -5.2676672364   -3.3297812894   -1.9092947489   -1.0118231378
  -5.7904813974    6.3002790551   -0.1455769886   -0.1137628702    0.3584156383    4.4916661827
   6.6938315912    2.3339325505   -1.9971682106    0.1108960329    1.4798678624   -0.4101116213
   1.5200220538   -2.1195561836   -5.4154782910   -1.2987735239    0.9633638324    0.2530971584
  -0.4645606932   -2.8549397182   -4.9000587019   -0.3524635535   -3.7325226712    2.9084283682
  -5.1172226652   -5.7767379850    4.7597182105    3.2836057901   -0.2832887249    0.8298804361
   5.8242443453   -5.5536207500    1.7850088364    1.5180106413   -0.4191868499    0.0772642057
  -4.0256107473   -4.5924242703   -2.9471448307    0.3363390332    0.4929176269    3.8491330178
  -7.6185939641   -8.2599560712    8.5204960923    0.4171379970   -0.5836207178    3.4273177518
   2.6323837057    2.5247891791    7.8967926532   -3.2015954570   -2.5074588458   -2.1176880265
   0.1291696883   -5.0793175262   -0.3820038629   -4.7109158345    1.3720532601    0.6324448974
  -0.7163218258   -5.6022696377   -1.5761880203   -3.0128866829    1.3750555337    0.3574995333
   5.8394828977   -2.5442560365    2.0166214969   -0.1694107172   -1.3861947355    1.5108218648
  -5.2957691608    6.9070280630   -3.1518593902    0.5379645990   -2.6582705601   -1.5337244834
   6.5796831722   -3.5573723630   -8.0321902455    2.8935802072    3.6637749926    0.1118357134
  -1.2115457411   -1.4645780930   -5.1922340257   -0.5907835222   -1.8507453167   -5.4803747104
  -1.2332356646   -2.7694103002    7.9775085132   -0.6084467450    4.8770171462   -3.2546591512
  -3.6507551064   -0.9298948234   -0.0588849681   -0.5552151162    2.9863651705   -6.0168983986
  -5.8081175985   -1.0714455984    6.8936484837   -0.0137951391   -0.8511042678   -0.0002682831
   0.3655491865    5.2305430250    8.3256094529    0.6683425572    1.7111741241    0.6157530037
  -0.7139234944   -7.0353581336    2.8698195585   -0.3406523719    3.9697044264   -1.1754672221
   7.7533974687    2.5181929768    8.1963459872    0.3460909146    2.8608146236   -3.1706161930
   2.6174802299   -1.5722371306   -5.3584849208   -0.2333283377    2.3078280677   -2.6894502811
   6.1013467241    4.2843983975   -4.6702007376   -1.2336257716    0.8912448538   -4.3459656161
   4.4123830110    2.5828902633   -2.8938062558    0.1387253909    1.4621071682    1.8516385968
  -7.4885147167   -1.5360009241   -5.6732249884    1.6678846141   -1.3547795426   -0.6149653694
  -7.9466907043   -5.8291057561    4.8382627416   -0.1888321016    3.7896660507   -5.0982644730
   0.2108798479   -4.4264204980    0.5912332670   -0.5792737382    2.9141247830   -4.6396354752
  -0.5787531635   -3.0265116161    1.9743521358    4.5472173886   -2.4633252560    2.6844558244
   8.4400373270   -6.0126260239   -3.0594160983   -1.4740784662   -2.2407029041    2.7672982184
   2.5246940923   -0.0446917352    4.2060709034    5.0417381801    3.6671698484    0.4591330064
  -7.1173428428   -4.4572299310    1.2186670886    0.9836866652    0.8909659014    1.1282133924
   0.6504864699   -6.4172776750    8.1048536378   -0.9845012407   -3.4850768522    0.7377067080
  -3.2552200505   -4.4560094851   -5.9595674574   -0.0190782526   -2.8548972479   -1.3123765382
  -1.8837380773    6.9538618481   -3.2170176242   -0.0612127205    4.5481068539    1.2063309393
   2.0349073449    3.1599399295   -6.0706469744    2.4791288988   -1.7030704665   -0.4751617120
  -1.9227611912    1.6804294593    7.5140719606   -1.3759637596    3.2324002249    2.8468781381
  -7.8152095675   -5.4795146929    6.2048028532    0.2575556368    1.1148927031    0.5514534673
  -0.6673143062    2.0086726117    0.1849995610    1.8467615031    1.3876870060   -0.8926375056
   0.5226429734    0.2973857704   -0.2335956560    0.8963829651    0.5883187302   -0.3671582367
  -5.7513978613   -1.8672174478   -3.5343375466    1.4225435089   -0.5437459902   -0.3927811263
   0.0385826918    5.9908151471    1.7539439848    2.4959283242   -2.7049173421   -0.7807447309
   3.5438591362   -5.3964486258    2.8154453614   -3.3886479702    5.2147701338   -0.5747439295
   2.5581984184   -6.6396542834    6.2339472982    0.7494380952   -0.8406403596    1.1868196883
  -3.9777879940   -8.1387802696    7.9095749583   -0.3418918863    2.4107915914    1.5545055803
   7.1395546872    5.4041305344   -5.8266597148   -0.4527110939   -1.0053651771   -2.6271644390
  -8.3473849601    8.3925980951    2.8333206479   -0.3232584665   -2.7066860600   -1.1863267355
  -4.1816444051   -6.6729392819   -6.7017015121    2.6820471880    1.4802146081    4.6498916377
  -2.8304254107    8.5352620151   -5.9991482404    4.8955437048    1.2715245258   -1.6000432085
  -3.0111602615    6.2217725260   -2.6380305064    3.1463516695    3.1832850799   -1.4392334733
   6.7368900015    1.3493256562   -6.8672087952   -3.0751146540   -4.9451932785    0.4753683742
  -3.0413666426   -7.5430255530    3.7308264123   -3.9588536423    2.8921581429   -4.1136644258
   1.3252534565    8.4921454293    0.5630770101   -0.3369000051   -0.8244744594    3.9043787367
  -3.0569186610   -5.5458414897   -7.3721964762    1.0415002994   -0.3121323731   -2.8705060765
  -6.7371767585    0.2434315492    5.2977348518    0.2621482632   -5.6379529674    3.1245613943
  -4.1159441874   -3.6104479059   -4.7720535994    0.5624234282   -0.7674560914   -2.2884683262
   0.1738615201   -6.1443461923   -1.2774234061    2.0149012599    5.1057393489    0.4976613202
   2.5684605845    4.0836545314   -7.7836980324   -1.2634947980    1.8896503601   -0.3030202846
   5.5829322742   -6.2338668640    5.5700272274   -5.9476406717   -2.9839044942   -1.8281371721
   7.7136477146    4.8580773461   -6.6588189737   -0.5974658344    1.0009854557    3.0068001861
   0.1261806019   -0.2262263782    8.5275233393    2.2658996887   -1.3551218608   -4.1997731106
  -6.2700250614    5.8403673636   -5.8704974978   -5.8072513864    3.7969572844    3.8823201090
   1.8764756692    1.7433836036    4.6909153402   -7.6002812652   -1.7076594452    0.8962497159
  -0.6040621207   -1.5171280988   -1.3185199652   -2.2886642474   -2.4871490900    1.6151603549
   1.9493640569   -0.6830271470    5.7821374099   -2.8201925661    0.4912395282   -1.2154681797
  -6.3564452645   -2.8983149175    5.7517113557    1.1154519271   -0.5840091370    1.4487636511
  -4.4201634666    6.2916990394   -4.9069144434   -1.2623440566    0.5165116643    2.4418168598
  -3.8665054093    6.4802564749   -0.7995146874   -1.5199822631    0.0980869799   -2.0429709240
   1.5539532969    4.1711936352    8.2512752467    0.1218898163    1.2255899724   -4.5326210542
  -4.1738105241    8.4760711253    1.1123170662   -0.1349807618    1.4751925637    2.9815245916
  -5.1556686428   -3.8391095983   -0.5718141929   -0.0863409543    0.9602509365    1.7336677682
   4.5879192437   -4.5091169926   -2.6974294052   -0.8526737700    1.6591148998   -2.4904779072
  -4.8658369807    1.3057923255    5.5035297137    0.1617303284   -5.3660797096    2.7247152870
  -3.8870119965   -0.7019808607   -8.1515954364   -0.0863060401   -1.8064181747   -0.2634147260
   2.9337246427    1.3019864788   -3.1313626316   -2.5649622870   -3.6335488467   -2.6348052445
   1.3234357378    2.6662380743    0.0663815554    1.2929691809    2.0797182767    0.0124016099
   4.6950060882   -4.1238393442    5.5625570283    1.9521748592    1.6811075606    2.9077930790
   4.6528080630    1.3234989785   -2.7784836152   -0.8023724895    1.5184037436   -1.0818361121
  -4.9622430699    5.4749755915   -2.9818882318    0.0540633833    0.4099456099   -2.2807234032
  -2.0825707017    7.1636494338    7.5540507420    2.5182122792    2.1341851558   -0.5259760593
   6.2736777694    2.3296279040    1.2286751985   -0.7006082672    3.5139865442    1.4798860093
  -3.2223166890    0.9840238145    8.3292036628   -3.4139505437   -5.5865118806    0.6810708141
  -7.1394274132   -4.2264588202    8.4838233658    2.2832763510    4.1634759520    0.1634546785
   2.4990636272    5.7461373312   -6.7289028871   -1.7461337075   -0.2852607105    1.8630629189
  -7.6408546809    6.9004859686   -1.4661997952    3.1288986765    1.9000515841    0.3019320430
   6.3343496846   -0.8458229497    6.5775477594   -0.0886920319   -0.3702656278   -0.6444000005
  -6.2815085534   -2.7224249007    1.6397172613   -1.5591846550    1.3321944137    0.8518956921
  -0.3886229380    4.1188699581   -4.6645550037    2.8918499566    0.7968634229    3.2302676427
   2.6316411829   -2.4289637326    6.3653680208    2.2639215059   -3.2608088010    2.8027616326
  -3.1494722978   -0.0786801446    6.4663465115   -2.6648155851    4.3154551724   -1.0259127277
  -4.1659276726   -4.7471918630   -6.4634650854   -2.3758407577   -0.2746565031    0.4030177382
  -2.1410819094    4.8999534575    3.9813631087    1.9947447021    2.0215361108    0.0723239790
  -4.1791547207   -0.1438819226    2.7231352095   -3.4187534533    0.9202310780    2.5723006950
  -1.5769379232    2.3488877570   -6.6255431567    2.8778220865   -1.0314132340   -0.2440517955
  -5.6797963858   -8.2363372760    4.9561692226   -3.7983782260   -1.0686978782   -1.6548473426
   4.8123484057   -3.4955174967   -2.5354001025    2.6719571367   -4.0295598976   -1.5037028666
   3.0475572960   -6.5015641863    1.9104724702    1.0357372640    1.1935345250   -2.3867798776
   2.7772336795   -2.6027203876    3.1513918134   -0.6091902165   -0.0186481253   -0.1321689306
   3.5744618006   -0.3729074295   -4.4414703312    2.2607050627   -1.2836951873    0.2499413687
  -6.9850166508   -1.9421671557   -0.2273993185    1.9191900830    1.3877905726    0.4666131687
   7.5035418504   -0.8560976244   -1.0537187213   -1.5482646134   -4.7097284686    3.0340804355
  -2.1230883882   -2.2810068456   -6.4021693778   -2.1514668468   -2.9063830933    0.6761913524
  -1.6948421845   -1.4746903757    4.5021772731   -4.4302948225   -4.3509245348   -2.7939107151
  -0.2243969274    2.0250688131   -2.6868618017    1.7235198280    0.5457013525    1.3403861051
  -5.1077591869    5.4315712622   -4.3431319779    1.5769759389   -2.4788743365   -2.9623403442
  -8.1269842210    5.8310705023    2.4552492532   -2.5513146797   -0.3741813271   -1.5700434924
   5.8987450406    4.3157415754    2.8448883296    2.0969237141    1.1372520224    0.2270328751
  -3.4463778039   -7.7401757142    4.8465318805   -3.5661848603   -1.0374082664   -0.8900890056
  -8.1431062954    1.7855771194    3.7534583819   -2.4068919006    1.3859298248    0.4298006601
  -7.4656242501    6.7731865635    1.0796096774   -3.1291202508   -1.0323856878    0.8863644733
  -5.0082636277    7.4653748854   -2.1695714927   -0.8206958675   -1.5582497170   -1.8644932979
   6.2867670581    5.9192800682    6.6340258161   -0.0416909528    0.5302197341    0.0744559855
  -8.4970270804    6.6148340078    1.7059576939    3.4464516822    2.7844368335    1.6264259413
  -3.1726701387   -5.4856299522    3.9874725072    3.1499036036    1.1639816339   -0.7149896432
  -0.2266598240    0.8227836188    8.0532817065    0.0265293187   -0.9858179391    0.7629771211
   2.0331418802    8.0543382123    2.4758420245   -0.2860900230    1.9193126325   -1.0473759443
   0.2708889213   -3.4963123655    8.2949579137    2.7008160970    1.1363790159   -3.6311229213
   1.0406321404    8.2159950260   -6.0940593940    0.5315759481    0.3284315770   -0.3043814777
   2.3067013793   -7.8813036945   -1.0381738836    2.6103795556    2.3540299739   -2.0483127573
  -3.9069219104   -2.1775933028    0.5543175075    0.5193911148   -0.7945799727    0.4306586353
   7.2178394777   -5.6993596001   -5.5462346079    4.5962662205    0.0421070111    1.4176177792
   5.6454447260   -2.0953041017   -4.3339517148   -0.1087887322   -3.2394985563   -0.0075370244
  -8.1438426616    6.0780022556   -0.8356320352    0.7317278456    1.9225871033   -3.0318387768
  -2.7171428094    4.1913350106    8.0233204735   -1.1109452228    1.6407202203   -4.0375580237
   7.2337293947    0.2933274084   -8.1361098986   -1.0172380675    1.8212071148   -2.2875611503
   2.0796481578   -2.0510561054    4.3077361061   -1.5535765821   -0.0718630971    0.1365282114
   5.6759833592    2.2957918803    2.6546565082   -4.3743636344   -1.7708991668   -2.5639622674
   4.5938634731    0.2040078108    7.4620805193    0.4975737619    0.7466060376   -4.5610803481
  -6.5955537318    4.6993782880    1.1153680189    3.0072301769   -0.8796316743   -2.3068066415
  -3.0233221495    3.5552109183   -8.1720151278    0.5988992870   -0.0557354707    1.9573290539
   0.3691821468    2.8187577613   -7.2928668486   -1.3453534788    3.5848582812    0.9092545742
   3.4978072390    1.0920593060    6.7320291878    0.2753607537   -1.1696063178   -1.1938500612
  -1.8439308962    3.8648476800   -8.4309857088    2.9581615026   -2.3326319389    1.7594423498
  -0.2528467656   -1.5732686571   -5.5242052094    2.2763756462    3.6622033088   -1.8174855852
   1.0239956433    3.5206506528    3.8910926227   -0.3525667791    2.8783403713    2.2341428648
   2.5148180010   -1.7296572355   -2.4956005716    1.2616132799    2.9120239539    0.0048435704
   7.2414618559    6.7316186618    1.9060647691    0.1239826951   -2.0815027372    3.5072347543
  -2.6136146542    4.4737538509   -1.5776875458   -2.3387969576   -0.6850558513   -4.8950168141
   7.1878812638   -6.3925890486   -3.2578160015    2.1019426885   -0.9870545475   -0.1339434896
  -1.0098117888   -7.0773087178   -1.4005900476    2.3657516485   -0.2961147268    0.6432364087
   6.9886994299    3.5934583109   -2.0392208288    1.5710622787   -2.5360844545    0.0652092843
   0.7532177802    5.7555993452   -4.4377190637   -2.3125547891    0.2823636776    1.1509967648
   7.6618053384   -7.6222356435   -3.4710167734    0.9256817302   -0.1098058648    0.5801085619
   7.3166436229    6.7153029056    6.3315332358    1.6544154855    0.1861078546   -0.6894854723
  -0.5984814025    4.7720525594    3.6181142971    1.4299839467   -3.9189905414   -2.4578818108
   2.3750924222   -1.6301203046   -1.4276632692   -0.0510216614   -1.8321566773    2.2457006596
  -4.1412288656   -5.9304499788   -5.2027898683    0.4297826422    1.1246662559   -2.6788925168
  -2.3067321736   -5.9785662904    0.8720540479   -1.3008232992   -2.9957611973    1.5068200767
   6.7988756755    2.6126495290    2.8830183511   -2.2509563086   -0.5696455520   -4.7449729723
  -1.3913897552    8.4911861590    7.8257963653    0.5793488990    6.0720457484    3.7354378134
   0.8841830339   -7.5018763289   -1.5805577788   -3.6152831647   -0.4158300245   -2.3893768276
  -3.5034596426    1.2737994144   -0.1607546770    2.5734524498    0.3381184262    0.5438337590
   5.1604996888   -1.1037459610    6.1292352549   -3.5497698193    0.2788362174    2.2548568296
   1.7373557287    8.4451521784    4.2629816108   -2.0593069195   -4.6810674425    1.2376336504
  -8.1403052695    5.9282773348   -4.3369581714   -1.6966534616    1.7117942401    2.8383406237
  -5.3237408608   -6.2109548819   -2.6705426363    1.6696887412    0.3267488853    2.1772156057
   7.9495680868    3.7351340647    6.7340189832    2.8994168590    0.8898623763    1.2668685057
  -0.2191739953    7.3606924915   -4.2659800332    0.3134443071    1.8540075991   -1.6407927282
   5.4718478789    5.5572323053   -1.5702557729   -2.4798854038   -1.6356766928    3.1754447052
  -0.8118699933    0.2522713135   -8.1197915643    1.2108567957   -4.1497555329    0.7135032049
   3.4758344729    6.7451132460    0.8325287826   -0.0395801777    0.4772378244   -1.9387045794
   1.3082932892    0.9142410245    0.3866375021    2.6115612242   -0.1438694378    2.4210229249
  -1.5495584370    3.9199491414   -4.6048203414   -0.4413533460   -1.4961805018    2.2896347749
  -5.2796113017   -7.3264235103    5.0228824626    0.4880464919    2.4203960656   -0.9830558121
   1.0566305816   -1.9683213280   -3.4759928322    4.0627718070    0.7344156696    3.9883018378
   1.8832892116    2.7001281311    4.3413237608    2.8337410759   -4.1231924880    0.5494519575
   6.5783211484   -4.8017258465   -6.9251788833    0.7297284558    1.3069046942   -1.4313923824
   2.8430643305    3.6695422961   -2.2413092610   -2.8812182937    0.2594682754   -0.6284181225
   0.0301243676    6.0066612552   -2.1913321275    3.6834093611    1.3794504316    0.3619602391
   1.4735661869   -8.1196762845    1.8400458132   -2.3347100047    3.1933220293   -2.1718077153
   3.9061872191    3.0829270627   -6.5668925337    1.2321762451   -1.9269382660   -1.6874118318
   6.3384184734   -0.4761403659    4.9344490769   -0.4313938249   -5.4156908512   -1.9938306923
  -6.4631854401   -8.3323191097   -3.5730026140    2.0592715417    1.3606698449    1.6726122247
   7.7910895824   -0.0809984134    6.2897619126   -1.0451085695   -0.1798152059   -1.6484801490
  -1.7529175140   -6.6298488469    3.9845973687    1.5701931865   -0.1635975579    2.7766772482
   4.4614059120   -5.3459267293    6.2412391938   -1.2244225902    1.3866988153   -0.1947695773
  -6.4373792461    0.9063984306   -0.5684708838    2.4924862615   -0.5948444527    1.2223445752
   5.3365287416   -1.2930639679    1.1056916683    1.4248060276   -1.3044433287   -2.7391697928
  -5.7752262784   -3.5983578658    3.2538105136   -2.2434519217   -0.1400122340   -1.7845547414
  -3.9111588808    7.1042186857   -4.1720879380    2.5242256010    1.2476977213   -1.4668909090
   3.6614277368   -2.0881655087   -4.4727478195   -0.5285577391    2.1631861817    0.4563957137
   6.2135982844    6.5608990715    4.9532672498    5.6097451551   -0.8637128950    2.2841161684
   4.2538149189    5.9150565205   -3.5736226802   -4.1398040627    1.7619092769    2.0053133024
   8.5308822093    1.8296464401    6.4945557584   -4.6007731167   -3.5193016425   -1.8684362115
   1.0143066170    6.9768308499    0.7270477360   -1.9226253518    2.4817592347    2.4259153600
   2.6544172320    8.1261150282   -0.6770389300   -3.7587104704   -2.2937958228    1.8531799929
  -2.6869159900   -0.1989403400   -1.1110172580    0.2898050236   -0.7545045244   -2.9777528282
   6.4237630692   -1.6316094736    1.5738792670    1.6810665858    1.2662275299   -0.4957903397
  -7.4055035756   -6.8929205508    3.3638383762   -0.6314547767    1.1077354082    3.3855963511
   5.5066545424   -6.1549571840   -0.0294403751    3.4728717725   -3.3595801646    0.5232280949
   3.3971209607    5.1921457958    8.5031564855   -3.2570896479    2.4843285222   -1.3403745171
  -3.6864593033   -3.0342693923   -0.0637258161    3.6215428503    1.1298471659   -5.4403541151
   0.7296850264    4.2022135802    5.6512398902    0.8578603082    2.4082456212    0.2365743919
   2.8484263246   -0.5725382150   -6.7550371004   -1.6396482848   -0.9034580877   -2.6973593741
   4.1036016150   -3.9226669889    4.4526199178   -0.3998250455    3.7221044912   -2.0982342973
  -8.4241695757    0.1958328793   -3.3971994923    2.6400547351   -2.1787423004    2.8863846339
  -0.3253025372   -6.3889548219   -6.5687196672    0.1428699239   -2.2999398164    1.0017179606
   2.7669151017    4.1913170386    4.9599072482   -1.2525143959    0.3100557848    0.1471411836
  -6.8007867321    8.3174314254    0.4448331347    1.9994603666   -3.6174272940    0.2253455167
   3.2734610028    2.7441034578   -5.0328090042    1.7550040681    1.3760668476   -2.6962851958
  -4.7679922500   -2.8102572852   -8.5196412906    1.6438762557    2.3627572593   -2.7391901441
   5.7709278879    0.8049789740    4.8937802998   -1.1740885289    1.0228991578    1.1843573801
  -7.4706114217    0.9866417269   -3.0826858824    2.0164333921    2.1602173305   -0.9658188756
  -7.7069848729    7.3532295875    5.3835074411    2.1327799968   -0.7774520618   -4.2079721903
  -7.4964456871   -4.1062833357   -6.4037686095   -1.9289345456    1.5992083363    0.3365486997
   2.7529281738    3.1711700718   -1.3292765971    0.6988983229    0.2021985950   -2.7240414889
  -8.3539373471    4.4129035305    1.4295534686   -1.5327131419    3.0814052872    1.9546500590
   8.1151111937    5.8157935464   -4.3163260893   -1.5045948404   -2.2236548576   -1.4432509483
  -0.9544830205   -3.9942202099   -0.5928455188   -3.4526595075   -1.4010869170   -0.8777354516
   3.1745028962   -7.2206934884    4.4629707085    1.4396743361    3.9989781563   -2.3326742836
   3.4049203997   -2.8523110434    2.2291410839    2.3836063037    0.0183750036   -1.2045358525
  -1.2325595164   -7.8499945985    3.4367069836   -2.9608987706    0.9445554434    2.0231591534
  -5.4912456024   -7.5558364905    3.6121154587    0.8789700493    3.1561145506    3.0451416959
   0.1476639481    7.3123971341    2.4909196891    2.5534266665   -4.4101846750   -1.9466303790
   6.5820642770    6.3734280237    1.2834088090   -0.4081592535   -1.1589152244   -0.8171366672
   5.1610571668   -0.5688335616    4.3166961558    4.4264626259    0.7719767421    0.1971637479
   7.9478051110    0.8074283423    8.1091050805   -0.3850199335    1.6881686730   -1.9864005046
   3.6153277099   -3.7447729233   -0.8890985249    2.3757107796    2.3005473120    4.9724248371
  -6.5545827195   -7.8081397295    8.2625957153    1.5354961179   -3.0084245202    1.1229587076
  -0.2427045476   -8.3392526631   -2.6926878896    1.5661096507    0.3398714652   -0.1736311553
  -0.6505816910    6.7640742963    8.1011228838    0.1425536198   -0.5104481546    3.4650235000
  -0.0736404845   -8.0984668970    2.7721918963    4.6536772497    0.9944116349    1.9105533623
   4.3545874237   -7.1147465307   -5.9344490175    1.3514686429   -2.2841938160   -5.3958806752
   0.4010951454    4.4845488614   -1.4712701688   -0.3452278972    2.6345445717    2.3667659758
   2.3329477850   -5.1823209322   -8.4159211937   -3.9686913004   -1.8134722281    1.7497830117
   5.3776034194   -7.3413643480   -0.1166621905   -4.4292126935   -4.5274605541    1.3798079863
  -7.9717005927    0.2138398682   -6.9137373672    2.6759330922   -0.4794781557    0.5564808151
  -1.7185246190    4.7274579536    5.8811834915   -1.9283873425   -0.9270858136    2.8433306310
   4.2355627150    4.5141848544    5.8823471408   -3.1980496503   -0.9496020398   -1.3467994573
   8.3661422638    6.6967874660    4.6040871708   -0.2732520473    3.4875204419    1.0416315728
   7.9880310831   -6.3743123654   -2.1235982090    1.9023510198    2.3933245160    2.7708563766
  -5.0712299978   -0.5108263845   -4.6537897395   -0.9135305823   -1.3022337277   -1.4445032021
  -3.3933422369    0.9666041042   -4.2988220425   -0.5002917169   -0.3924831987    0.3567434586
  -5.2018760073    0.1096655131    5.7680384741    0.7482102697   -0.0280923435   -0.0288150284
  -2.4791182649    7.9104590282   -3.7817289687    3.4714762181   -4.3611306239    4.3415451426
  -0.8246581913    8.3424837386   -5.3798195487   -1.9833371814   -6.2377094804   -1.6670925698
   0.8486527502   -5.1876119633    4.8205748298   -1.3799084176   -2.7805011340    0.6456703695
  -6.5734865730   -1.5124000989    6.2436891304    2.9517471767   -0.0077966693   -3.0362504672
   5.1269465251    0.8315242986   -3.7794424894   -0.0436343832   -0.4973460494   -1.4835472347
  -2.9727979348    1.5690159670    2.8070706835   -3.0217329015   -0.9753521448    1.3274618680
  -6.2466179020   -8.4931506555   -7.8256447683    2.5112622760    1.5896946448   -1.2695382400
   5.9519277887    4.7609770485    7.9317135709    0.3976488410   -2.2268062590   -0.0762479625
  -7.4875229648    8.2510361878    1.3989768605    0.2806015268    2.6425810062   -4.2689481514
  -4.9572003006    5.6981682335    0.8189269127    0.0926306198    1.6288516416    2.7171647231
   2.3482217261   -6.0443180640   -5.0632618810   -1.0222658678    0.6449491553    0.3484005181
   2.7013466478    6.8214720978    3.8639360324    0.1052445749   -0.0060575496    0.4053545137
  -0.8037406004    4.3178305108   -7.6019804107    0.2870890786   -0.8969004001   -0.9014257794
  -4.0089512862    3.6865044675   -5.0259779396    3.7996667604   -0.0793631478    1.7939349101
  -6.2485275439    1.4273993020    5.9296655177   -3.4350825436    0.9680847582   -0.3406694862
  -5.1113758205    4.8833530465    0.2060755060   -0.6705920885   -5.3817252425   -0.4768192054
   3.6159146503    2.1281047995    0.8672151247   -0.7327856901   -4.8214154680    1.6962040416
  -0.3686276533    6.1994100663   -1.2461597526    0.0647967389    1.3693267535   -6.3233290137
   1.2796779147    5.1510873349    0.2252490490    0.9496762366    0.8298993740    1.6036266308
   1.8874656285   -4.6627728206   -5.6144401689   -1.7744794424   -0.9131145454    2.6655704485
  -3.5739927087    2.8469744330    8.3544840384    0.8108922218   -1.1275029995   -0.8907040708
   2.2448735425   -2.9333764245    0.2722364496   -1.9094242267   -2.9810573793    2.6373561471
  -5.5000242735    3.5680339009    5.2852127134   -0.3662263802    1.3426172226    2.0212054896
   2.3366756267   -2.2242496029    7.9454665418    0.6943900614   -0.5374899818   -3.3282846377
   2.5273000570   -4.7354616360    0.5142875206   -1.0471513369    0.4971593677   -0.8991448076
   5.5209184078   -2.6845330678    0.9832730396    1.0930253484    1.6588944404   -1.2200074825
   7.9136357443    3.4988213362   -2.0450346591    2.1972131280   -3.9295455168    4.4079244167
  -1.0211493311    1.5372554122    7.6912541019   -1.9502514349   -3.6088283984    4.0944772220
  -7.0311427860    3.0282896681    4.1111049786   -3.8045910804    5.0324369142   -1.0713749024
   2.1041884304   -1.7085133942    6.4925739088    5.9510931798   -1.8805845788    0.3465362673
  -2.3388876383    4.1919904204   -4.0384755620    0.9654209184   -3.4326353438   -1.1261832922
   5.3193172499   -7.1281382772   -4.4024828453   -0.3287827556   -0.4350659104   -2.2521619361
   6.2936749764   -8.5427122416    6.2460110887   -2.6362522332   -1.0990409653    0.1164630018
   6.2674462443   -3.4505377486    0.0982432112   -2.6741813262    1.9165993163    1.4199199523
   0.7353375067    3.9900284052   -0.6495942532   -0.9203768787   -1.0325871101    0.3334237268
   3.8883496228    1.7059585710   -2.3102154694    1.5002558625    1.3732080965   -2.2482471814
   6.0428585350    1.3502166596   -0.5048028989   -0.0767629488   -2.4056151948   -1.0510714853
  -8.1721472075   -6.9091272347    6.9524008572   -1.0901465194    3.6492980873   -1.3788204443
   1.8482859064   -3.3690983415    3.8041036657   -2.9668919854    0.2027990546    0.7132508232
   0.7165741209    7.0455574028   -6.8908210330   -0.4013595006   -3.7641299829    2.4584029991
   4.4995924123    4.9717350978    7.0248770243    1.5791876388   -0.5790515794    0.3126428273
   4.5991099453   -6.7788881145    1.9718248503   -0.8064630020    0.8428249060   -3.0982951651
  -1.6733720152   -8.3425657620    5.9652022319   -1.8721461150   -1.2385115761    1.4058257520
  -2.4447279647   -3.4828589679    0.4389447517   -0.4251354307    1.5519128771    2.4089226866
  -1.1944945777   -0.8906720900   -3.5938746085   -1.5730584977   -0.4687100351   -3.1368194037
   1.8206178369    6.2655176031   -2.6744255038   -2.4312496225    1.5055778784   -1.5364621969
   2.6266464884   -6.3315633683    7.6868703695   -2.4349207929   -2.3135625718   -0.2212507057
  -0.1425432238    2.9229927917    8.1473507192   -0.6188764225    0.5265009214   -0.3749930419
   2.8656891847    0.6265934521    5.7556849603    1.7017634448   -5.7070037978   -0.1808226512
  -0.5392748505    4.5917148776   -1.0599875661    3.2291098200    1.3535912634   -0.3906463950
  -4.9282108800   -1.3544177840    7.3734037823   -0.0749235225    1.1546363822    2.2120490794
  -7.1219969950   -6.9652894185   -2.7686590560   -0.5139568212    2.3425814052    1.6674906840
   0.5389899054   -3.5465443468   -1.0033448521    4.7497765688    0.5508639016   -0.7494136127
  -7.0268550321   -5.3726973768    8.1731047353   -1.6418668934   -1.4982476701   -2.3819751743
   8.0570054728    5.8578281161    3.8640187274    3.2064190537   -1.4335860183   -6.7157737902
  -1.4012773370    3.2261004863    5.4697385826   -0.8844655180   -0.6019107748   -2.4012249732
   2.2535781574   -4.5651971626    4.0762895226   -0.2158018607    0.1676937257    1.9037294397
   4.7702168049    2.3503045581   -1.3716492771    1.8529926597   -1.9929980815    2.1126709228
  -1.9065552458   -8.1465411422   -3.2528337508   -0.6265378867   -2.8623731730    2.3405173257
  -3.9649628165   -2.5723819814   -1.6359784546   -1.0535199884    0.6857785523   -0.3859360047
  -3.4260888617   -5.7221445355   -6.4628418229    1.6078823503    2.4265498710    1.0084274267
   2.0314782828   -7.5041149429    5.7270533530   -5.7816066859   -1.0452497076    1.0998375865
  -5.8311293121   -6.4343995725    7.8706080388    1.2937310097   -0.1344030779   -1.5908431119
  -6.4685442534    0.0615562449    3.5004782739    0.2512657790    1.0286026244   -1.8453588652
   2.1606767209   -4.1687710501    5.7649397507    1.5962554250   -2.0960157307    0.6750197890
   1.3535440707    7.5378144908   -3.4471042366   -1.4224199732    3.7840711978   -1.8054443843
  -1.0477487340    2.8816188612    1.8085058083   -2.1001777944   -0.7416697485    4.6998995072
  -1.3604518252    6.7040178391   -6.8285456694   -0.2552340543   -0.9154591551    1.6625804855
   3.6194240385   -8.4613035244   -5.9398752163    2.2080477413   -3.1410803953   -0.4379379687
  -1.0351504717    4.7253028582    2.0577963337    1.3707687642    2.3404135304   -2.2972765095
  -5.4535295985    7.2933045799    5.0186462296    4.3361984646   -0.0775710260    3.0315895950
  -2.2817565149   -7.5971730921   -8.2974895639    5.0603105423   -0.6536818310   -0.8091739020
   5.0849342991    5.1106204290   -4.4074156227   -2.8249190289   -1.6115056822   -2.0733105916
  -7.3825930768   -6.3665244820   -0.8224279834    0.2625893450    1.4143424835   -0.5858071752
  -7.6105022215    5.5620376806    0.7661086423   -0.3633887479    1.5659377192   -0.2018099177
   5.0442823586   -4.1906276584    7.5974837176    2.2615590446    2.3917715347    0.0753088076
   2.1863582157   -4.9232256966    6.8215137972   -2.1188641255   -0.9991521164    3.4710956745
  -5.7852654583    0.6170403784    0.7110963981    3.2733678599    4.7939938940   -2.6492292700
  -6.3722355597   -0.1137555155    6.3385324189   -0.4736886500    2.7145677895   -0.4163063954
  -2.6448074417    6.4441015541   -7.1801471774   -0.7560133070    4.2513047128   -1.0651445919
  -4.8912478947   -4.0614004789   -3.0338407439   -0.2216580523    2.7326501324   -1.4821214619
   4.3211855488   -1.7544677790   -0.7791563531   -3.2763912169    0.8150318243   -1.3498615175
   6.5245098149   -5.3789427754   -3.1405091299   -2.7374953733    1.8263262106    4.4337359138
   2.6258954288    0.0828691885    3.0429141703   -3.1161978690    1.4396019524   -6.9522581846
   2.3675558179    4.3264566825   -0.9544730580   -1.1379507248   -2.5511461941   -0.9282058747
   3.4017712907    2.3517334030   -3.5725648140    2.3508456868   -1.5028715305   -0.7116783620
  -1.7914631691   -3.5768547907    2.3764484621    1.8232096795   -2.8130939257   -3.8347715759
   7.4626870511    7.1155028697    4.2143500073    0.5012672145    1.7120146329    4.4127399764
   0.5937235019    6.7467174705   -3.9004640473   -1.7246471898   -0.4903935550    1.4685763401
  -0.7133096543   -2.0324757618    7.5214030670    5.0443689087   -0.8467459161    1.1424899427
  -7.3424828773    8.1705892442   -3.0119068565   -0.2218043617    4.6627379667    1.7796365279
  -4.3589151988    4.0228403533   -3.3655083679   -0.9786140337   -2.3595635098    0.2500474934
  -5.8479572034   -5.6514902265    5.9802760994   -0.0254471438    0.0226770477    0.5086481156
  -0.7991472553   -1.2285151258    6.7188667184    2.7290277327    2.6425191249    2.5653873922
   8.4511387261   -1.7839461224    6.6343895447    3.3422069637   -2.5484214115    0.4986028194
   5.9304492123    5.1592350871    4.9597972992   -1.1506106262    1.5065356733   -7.1056756519
   2.3553003977    3.3438173378    3.7157221884   -1.8390254475   -0.4788787668    1.6386647951
  -0.2607769275    5.6118116948   -7.1289660978    2.8839065628   -1.4489494373   -1.5004649611
  -7.9151046385   -1.6011874680    1.6456758861   -1.6938401337   -0.6337323305    4.1911050888
   6.3037098326    5.6642186980   -6.4460461424    1.9264149501    3.7271688531    4.3592538304
   3.5160677139   -6.3595521143    0.0321467381    0.4353487158   -1.9801367650   -1.8785679214
  -0.3505517073   -6.1131642976   -7.7624885235   -0.3408085767   -0.8170970533    0.7963137293
  -2.2666035838    4.9001238727    0.5429388358    5.0203191930    1.0627801882   -2.2600800726
  -6.2100280503   -4.0235598175    6.3620713988   -2.5536843490   -0.7283395140    0.7904142332
  -2.1219338985   -6.9039051350   -4.0266628620   -1.7510837063    0.7201390465   -1.5722939723
   7.4715474771    6.9182140427   -1.3443989959   -2.8571479481    1.0222236326    1.9808469749
  -2.8405460330   -2.0536338871    1.2592831600   -0.8330701043   -1.3703929421   -0.3816362339
   6.8201092227   -6.5600362174    3.9066070955    3.0908424355    1.3935130296   -0.2027328936
   8.1689198212    0.5058227391    3.0401076055    1.3605999987    0.9321134319   -2.0512780156
  -3.1671013701   -5.8889784795    0.5363801701   -2.2534712869   -0.6500523948   -0.6358534379
  -7.9724737379    2.1329796261   -5.8165155820   -1.6082033680   -3.5747648092    1.2362834848
  -5.0558868166    6.0372394029   -8.1663194547   -2.3703500833    1.6998847530    1.6789607451
   1.0211135678    1.5521370808    3.3034063358   -2.5776883982   -1.3682659025    2.6197490371
  -6.5085486778    2.8005283057   -0.4945174753    0.0903112614   -2.3070535459   -1.7860036409
   1.0341337048    8.2139556071    6.0905307693    1.6573350164    0.9595915780    0.5931226804
   4.8056327095   -1.7309145667    7.4929845489   -1.7747870974   -1.1996342260   -0.8510329892
  -5.0633210347    2.9708644922    2.7113573609    1.4688096984   -1.2642793302   -0.7954066134
   0.1413452682    3.1428568712    1.7766262357    2.2364992456   -0.0487780877   -1.9807913823
   8.4894270508   -4.4157883258    0.5170280267    1.5519007321   -0.6858511446   -2.0837694924
   4.3012255688   -2.9021307315   -1.5415510226   -0.0355399171   -1.1906775105   -3.0999811102
   7.9278292540    6.5916213157   -2.5675750336   -0.4866498320   -0.3579170115    1.5720954559
   8.1753514044   -5.6651830240   -5.3031219573   -2.9375467451   -2.5612741446   -4.7328458512
  -4.1819451045    6.9775205305    5.4847795567   -0.6603282633    0.5964615149    0.6269331670
  -5.9879447672   -2.0300907367   -7.9566141922   -4.6174184161   -1.0269509563    2.4355683662
   4.6752745099    5.8381291802   -5.1568436535   -0.8616792249    0.5745688875   -1.3122951988
  -6.2413636647    5.2996185950    2.7461609389   -0.3927332243    2.0781214546    2.0685058974
   1.0234910937   -0.4810934325    0.5447153690   -0.8836752990    1.0010600174   -0.6032781278
   0.0455485437   -0.6555859700   -6.8169335731   -1.5209316369    0.3537583443   -0.6699217566
   1.9417345746   -5.7108281039    5.5262240380    4.9624484414    1.5623838436    3.5571931420
   3.6156647705   -3.7874866593    0.0104798404   -0.1487655863   -2.2177076537    2.3922934738
   1.7519805458    7.4509883704   -5.4686445074   -3.1684765761    1.4270279150    0.0206996438
  -7.2073334918   -8.2122927593    2.0968480672   -1.4181717028    0.1676229906    3.1147329594
   1.1638958736   -6.4260580827   -4.3828254007    1.7747887472   -2.2053970524    1.2857743206
   4.9129779131    7.2201768062   -6.4667139146   -4.5726438517    2.9510517210    0.6732063954
   7.3543629594   -6.3739430779    7.6832654691    3.1107329491   -2.9224665310   -1.8290818534
  -0.7720340170   -2.7785562756   -2.7287398521   -0.2269898774   -1.4623418513   -0.9827306516
  -0.6573649964    0.1207073908    2.8426857015    1.9228396887    0.4991006520   -1.7372688743
   0.3848021157    8.2149945579    2.0089104813   -3.0492461422    1.8650718445   -3.6800107366
  -3.2082007850   -5.1567627978    7.3042820253   -0.4012907004   -2.9137725709    0.0379945380
  -0.5315614284   -1.9833464986    0.2943991796   -4.3176242556    2.4010526384    4.1749389677
  -2.5641695738   -1.7562681371    5.8039489402    0.7997364340   -0.7711823275   -2.4059452330
  -6.5097687676   -1.5087172924    7.3042096418    2.1944002713    1.7301346692   -0.4944023868
  -0.0039862010    1.6276622863    2.5501042263   -1.8523125571    1.3537541138   -0.9421504390
  -4.0766331028   -5.1372826048    5.7363523657   -0.4998939259    0.7854318328    0.9140652629
   7.6096074689    2.5552904709    3.4933273133   -3.7572332140   -0.3170564704    0.6381503381
   0.7919335247    3.7553562010   -3.7592598536   -5.4466410611    1.5739035180    2.6282819041
   1.6413845009   -5.6801575567   -2.8581640888   -3.5789661922    3.4266515015   -3.7221224867
   3.3764222023    4.4222740951    1.6639779659   -0.7268788669    1.1166156302   -4.4052074474
   6.9425283311    6.1661082550   -7.4879777133    3.3537065921   -1.2294667360    0.7571954376
   0.3127040564    6.0116727581    0.5185598034   -0.7519010426    0.6887732823    1.4874494575
   8.2732183413   -0.7190638254   -5.4661211153    0.5024435145   -0.0470411495   -1.7815147615
   6.0288141796    4.6086320874    0.2947402341    0.8747198500    3.1352320882   -0.8040816290
  -7.3654987589    4.6478775685    7.1500523476   -3.3193837419   -2.5539750003    2.1985583737
  -1.3244466155   -3.3331601621    5.8716023071   -2.6980459471   -3.9194439390    3.8305178613
   0.5996787016    2.8408168447   -3.4858030133    0.3580916618    0.2954910847   -2.3248038038
   2.9316878125   -6.4427491465    0.8888657646    0.4521875820   -2.1050475410   -1.4032801484
  -3.1535254446    3.5370204219   -1.1527877209   -1.8564374086    0.6440058092    2.5222785539
   0.2735486887   -0.2397458046   -3.3159705289    0.0502502295   -2.1561376984    1.6274785705
  -2.6358274446   -6.6293841104    3.2545901541    2.2263286248   -0.9045426091   -3.5432697736
   2.0386678322    0.8944560720    6.7848659062    2.0638138341   -2.8051655110   -2.8379166946
   5.9196478281    5.7159342284   -3.1093356988    0.2175909030    0.7953016948    7.3747526036
   3.2534012052   -5.1934164148   -5.8671881272   -1.9842283158    1.2192488611    0.5464577256
  -6.1166767890    4.4249637966    6.4097754723    5.4161201085    0.5174517574   -1.8597420882
   4.8382733549   -7.4047321324    2.8400912085    0.1228231111    3.7107438406   -0.3518508179
  -2.7292853405    3.1833885780   -3.5247098913    3.7272548495    1.7685152954    0.2940931343
   1.4132305947   -8.2480972527   -2.7475141528   -0.1586932031   -2.7332757706    1.6330642442
   2.7425445237   -6.4682560278   -6.2094614915    1.9816396225   -1.3776446286    0.5174019981
  -6.9208829223    3.5799998587   -2.5200160083    3.8788255841    4.9121699621   -1.6309824944
   4.4702790452    7.0126064693    6.2811638678   -2.8034184702    4.2453185171    0.2375928482
   3.9004038603   -3.2979855665    0.8902681415    0.6779770451   -0.5233779444   -2.2477204283
   0.9143116037    7.3734253566   -4.9752348321   -1.8507260156   -1.8055578976   -0.9680818176
   7.3614501836    8.2325429203    0.2276966041    1.4360635089   -0.4797533520   -0.8544712825
   2.7602912312   -2.8916393138    1.1785654905   -0.4154744616    3.2375747226    4.1927704070
   1.6856389796    1.9913065046   -5.9362316235   -1.2373875542    0.0697771767    2.6565192959
  -8.1801561723    0.7950994719   -4.3277025998    0.8913514830    4.6306267898    0.5484897615
   7.7480498403   -5.9985963971   -6.5826254198    0.5942460917    5.0402035449    3.0043236973
  -2.0572515588    4.1851192466   -5.4576852639   -3.5216602652    0.5133889860    0.3920691726
  -1.8936477037    5.1585596553   -2.7113129158    3.0543717861   -2.3465270686   -0.7649642487
   8.2730875380    3.7436711187   -5.9033292215   -2.7024967525   -2.0442592507   -3.5218182060
  -0.2958042676    6.9940296800   -6.8474069312    0.1631203090   -3.9811397247    2.0633865691
  -6.8616509774    6.5950570836   -3.2977832818    0.6741605892    0.6872968150   -1.9074590268
  -7.2599013778   -5.2093938169   -7.7228421160    2.2617571239   -1.0547330359   -4.5356624127
  -4.6518118320   -0.2118438455   -5.7238554747    1.3318844605   -0.7707523970   -2.3260727404
  -3.6702293046   -4.7816180145   -1.8069065996   -0.5771908315    1.8391346453    1.3112967123
   8.0570839183   -3.2688378494    6.4188170062    0.2512166579   -1.5666312821   -0.8799103420
   1.2444536089   -0.6397656611   -8.0173001746    1.9880882496   -3.3901828503    0.5463271487
   8.1355058732    5.9212649807   -3.1484989306    1.1974662587   -2.8930533125   -1.0246615687
   2.3868587251   -4.9342177156   -2.7613285883    0.9875040206    1.4313346124   -1.5217695976
  -5.1324379901   -3.6013514743    7.4087815259   -1.5586857824    2.1578335719    0.4402531053
   7.2490520792   -7.8170847498    3.1499746054   -1.3351166675   -0.6178347796   -4.3575990276
  -3.3234460519    2.7146376020    2.4443958183    0.4327906272   -2.7770324846    2.0741717939
  -5.4978816643    2.5859787557    6.7931593228    1.2710880667   -2.1528923086   -1.5123041651
   2.0890725372    0.9796908969   -0.1548454953   -1.1291669585   -0.0609750414   -0.0412397593
   5.6693008710   -4.5283863882   -4.6347828785   -2.3104874116    1.8043150802   -0.2284580976
   0.2100374216    4.8255851433    1.2251884967    4.3783500873   -0.5219966036   -1.8037564337
  -7.2983797336   -4.2607134631   -2.7856659174   -0.1789638190    2.0003279946   -2.8139055391
   7.7437034092    2.2372051186   -4.8992350024    1.0430245585    1.3683973451   -2.5861470991
   0.9078165186   -2.8814476900   -4.9499977063    1.6560095516    3.5628127348   -0.7030613734
   5.6390333529   -5.0882278235    0.0358722513    3.0976483664   -0.3390310388    1.3717748488
   1.1456115129   -7.5458149324    6.7060605117    0.2498203440    0.3250201864    0.0271904703
  -4.6071527548   -8.0664244807   -1.8484826379   -1.1658178468    5.7460940164   -0.0048554548
   0.5297578735   -2.6552233825    2.3864857257    7.1484225161    3.9592520780    0.5943920978
  -6.5528852727    8.1658332184   -0.6443451508   -0.2225008714    2.3298659619    0.4657566444
  -2.3357756201   -3.4839486743   -6.4768106697   -0.2501159661   -0.7230471589    1.6331709484
   1.5548045092    1.8609838549   -2.2539733169    2.4661483024   -0.2748612616    0.0381421061
   1.1559427731    4.7305033627    1.9033201091    1.3384319145   -0.6928079391   -1.4526991123
  -0.2801704857    3.4754579670    4.9873611419    0.8057676696    2.6653008877   -2.5139251840
   0.8454180594   -1.0509754262   -4.2285140450    4.0937619548    0.0542003412    1.5963013945
   0.9749635948    3.8464063677    2.7336639202    0.0417367318   -0.4737166683   -0.3976154427
  -0.2384765820   -4.8900692798    4.0782642444   -1.6731263323   -0.4017392857    1.8621564794
   5.6563172288   -7.5597476126    7.9915384649    0.8744824730    0.3276153629   -2.9892426725
  -6.1784089387    8.3720938679    7.8192691461   -0.7191454800   -1.4753290232   -0.7609760061
  -5.5515852262    5.1713906188    1.9180169847   -0.6711879269    0.6357192022    3.3550443269
  -4.8457428834    6.9091320248   -6.8488380916   -1.2532557685    3.9642219102    2.1228284494
   3.9018621271   -5.3194129589    1.8283046513   -4.0280956210   -1.9675545553    4.1887073091
   3.6876212111   -1.5387828525   -1.8126795798    0.7832013172    0.7126783397    3.3279004825
   8.3323387489   -7.9261466612    5.0457603996   -3.2662382730   -4.7628677019    2.1418669880
  -7.2631695810   -5.4313285845   -0.0495929203   -1.5188498417    1.6183609058   -0.6739010439
   3.8062973748    3.7117522298    5.1617668077   -0.2387300400   -1.7171438965   -1.2527850882
  -2.8736324147   -0.9684172980    2.3749634002    1.1099941530   -2.1705074554   -2.6969904688
   1.2748743735   -5.1609865258   -6.7450319307   -1.9705268448   -0.9550018954   -1.2307486099
   7.0982848737   -5.1029619578   -3.8395242858   -0.8109741634    1.6314624548    0.2448109822
   6.8588580662   -1.9508300932    0.5821958741    4.5574643355    2.3059815724   -4.3000185487
  -2.1245850877    6.6349153768   -6.0233442009   -1.6855169471   -0.8568834640   -3.2680249493
   7.4617852206    5.4192022111    0.8747578253   -5.0638055172    2.0495418269   -0.1718634194
   7.3990610639    2.0812140955    5.0269653839    0.0262999939    1.5985856795   -1.1791656867
   0.2877040018   -0.8219353788   -2.4024609029   -0.8272476632   -1.8455376477   -1.2177089095
  -0.4935761375    2.0482492007   -3.9642464859   -3.9056185301    1.6515314837   -1.3844844492
  -7.2409662522   -3.2486268438    1.4817625454   -1.0351679240    5.0116143726   -2.1734359903
   4.2693341346   -0.8104507002    7.5576679696    2.1328706640   -1.3643648193    2.4488982938
  -5.4063898802   -5.8154118695   -7.5345931652    0.3055884378    1.2422500067   -3.9152447168
   1.2105174700    5.6682473795    1.1654480744    3.2577240486    0.5969122983   -1.5762015128
   3.1284223153   -7.9567868891   -3.7042128941    3.8531082565    0.4663163917   -0.8760308009
  -6.0591225152   -5.0394198270    2.4461411707   -3.6028532982    3.4382638457   -1.7030438144
   7.4278236298   -1.1414945918    3.8467739429    0.0946798954    4.1942952795    2.2299777180
   3.1178075640   -3.3332049168   -3.7627433884   -1.2108597223    0.6655561649    0.6511422530
   1.9476850927   -6.1043091026    1.3488560701   -0.8623448045   -1.7835819162    0.3137520976
   4.5200208860    4.3750056060    1.8911506096    2.2559531917   -2.8831907718    2.6834380105
  -6.4303314769   -5.2143529919   -4.7726552140   -0.4555282475    2.7299174796   -0.5300245579
  -0.7049448576    3.8105470183    2.1783101440    2.6278034298   -3.0611900529    1.3354179673
   0.2996315022   -5.6712541438    3.6702252783    4.2134263099   -2.6973325326   -4.1032620289
  -5.1847151505    8.4908317956   -5.5595644313    1.7302385430   -4.0246431236   -4.1575485768
   7.1286949492   -2.3574482613    2.5899124556   -2.1177171147    0.2761803917    0.1861220008
   6.3900197452    4.8514784871   -3.7444638136   -0.0094725801    0.5122776692    1.8811967135
   5.6446305494   -0.7715592551    7.8830384645   -4.5270642454    0.4890218014    1.1246375777
   7.6238557453    2.8098998408    6.8711931715    0.7433187966   -0.1759064937   -0.0978394334
   4.6750919928   -3.0911460367    1.5038859151   -0.8236001390    1.8552352940   -5.4958997732
  -3.4345634760    2.4207505240   -0.0086132918    4.5457242511    2.3271729323   -1.1954487183
   8.4389707084   -4.2104347464    3.8723441290    0.5267323123   -1.0690266399    0.7915818827
   5.3512056083   -8.1123889091   -1.0059712871    5.8354489575   -0.5240873974    1.4387276577
  -8.0383807530    4.3087757572    8.0173361964   -0.6954692536   -6.1673267978   -4.0482708000
   1.0613758651    1.9871792109   -4.7150907306   -2.3528574782   -1.4241365385   -2.5406644911
  -1.6135389366    5.8598818684    5.2655880261   -1.1834980432    1.3372398161    0.4122363505
   4.2428196739   -6.0520578654    1.1974162760   -1.9401942308   -2.2775035381   -0.9630302378
  -2.1355778169    3.0872994101    4.7769418844    0.8001386040    2.0539983802   -3.2288251807
   1.4988362764   -0.5343827705    2.0103894890    0.0725437328   -0.1620724445   -2.3125411103
   3.9678091998   -0.8458523638   -2.4965276073    2.0614874938   -4.2714652187    2.5070584500
   4.5471077451   -2.5740527322   -2.7588726163   -1.7788417654   -1.2400746280    4.0807727375
   1.7825966737   -1.7322447439    2.5552235382    1.1374544049   -1.1663223325    1.7032955679
   0.0328491145    0.9726761390   -8.1179300682   -0.1187900105   -0.8736926962   -0.8438406564
  -2.9094001307   -2.0000085809   -8.4482390572   -0.4996189674   -1.4916205422   -1.2059170051
  -2.9537843838    7.4946569748    1.3171048413   -1.9917514958    1.4376770573    2.6462727208
  -1.3568419486    7.6301997091    5.2406727261   -2.9974968463    2.6760327369    2.7171238730
   0.9911742739    8.0468614085   -7.1259752625    2.9042800474   -1.8219200557   -0.7844367635
   6.8563812520    1.2807962897   -1.3373600597   -1.6122488781   -1.3592076880   -0.5980355872
  -7.8169969384   -5.4856825627   -5.4243363298   -1.3011972591   -3.0419887069    0.9440432708
   2.8187670572    7.7554174928   -5.2020281045    1.1199832741    1.2718490370    3.2729105050
  -7.4037211793    2.4747341315    0.7449324139   -0.8129582176    2.9824753587    0.1301470035
   3.5086362340    0.4595834103    3.3993198238    0.0739087061    0.1071327754    4.8835704805
  -0.1916711206   -6.8976799506   -3.7551050538   -2.0583213329   -2.1210612445    1.3118476878
   6.3530607581   -1.7883198880   -1.9966305051    1.8036729816   -4.2282273670    0.3330673278
  -7.2765088119   -6.7222559106   -4.1259410714    1.9926071137   -1.6863433231    2.8117845787
   5.5136316234    6.9633198569   -4.9434335715    4.0873470808   -0.7716257464    1.8711505123
   4.8567360042   -7.8597800167    7.5736028463    0.2909247686    0.0726608918    2.9435466092
  -6.0581323134    6.3326801631    5.2201921398   -1.9245665396   -0.2725507462   -3.7824155362
   3.0599498108   -0.3480804057    0.4431831817   -2.0105149259    2.8147178120   -0.3086404177
  -2.6263903034   -2.4934513367   -2.8670100717    1.2307128595    3.2683541091    0.5613817190
  -3.2293851992   -2.7860371881   -6.4389407346    0.5216492651    1.8940166297    0.0077223246
  -4.7547599356    8.0137691042    3.3541064175    2.5318235002    0.7741391114   -0.0947014334
  -5.2723430639   -5.0395516198   -6.8289169088   -2.0835556477   -0.0680700270    2.3484544470
  -2.1785161229   -4.7251431992   -3.6711781233    1.2572537132    0.1722603053    1.0708738555
  -3.8603732062    4.6176507513   -2.4947480776   -1.6221948105   -0.1725652614    0.6998030382
  -7.5846937352   -1.0839972895    7.5883358585    2.7083068538    0.9529645322    2.4684378112
  -6.6685253790    3.3414956658    7.9907274422   -1.4149861923    0.9696806652   -0.2632953741
   6.4603388125    1.1024917214    6.6666136072   -1.0619502386   -4.8370023741   -0.2350378094
   3.2507378285   -2.1667069271    3.8187333042    1.6763941549    1.0383301346   -2.6183652188
   1.2589030842    1.8242175642    6.7031431281    0.9099763534    0.6029174428    2.2589805591
  -7.4918922279    6.8385846405    8.5072530361   -2.1364348093   -0.5298055184    1.2364673487
   3.1106171395    4.8450785366    0.6725127707   -0.6056701149   -0.1931110170    0.0201373820
  -3.0452833126   -7.2416463268    6.0608994207   -2.3013634198    1.0237666157    1.5388696717
  -1.4954807501   -8.1141226237   -6.1193161438   -0.1072091257    3.4688426926    1.3166458138
   4.2163106450   -1.2084566693   -7.4919533951    1.4259530461    2.2917174847    2.5238279567
  -0.1567283040   -5.4912834407    0.8977454611   -0.6637791513    3.1031368530   -3.9419494622
   3.9669199635    2.4008840258    4.0895965241   -1.5822401240   -0.3958102703    0.5684971185
  -5.5056775109    4.6142855354    4.8963570286    0.7183168439   -0.1610810272    2.2384788042
  -2.5597819145   -7.7247101171   -4.4784363173    2.2025477515    1.9058960738   -1.4690512542
   3.2289843655   -7.1994098071    7.8655306114    0.8929129291   -1.6623052726    1.1904282272
  -6.5305780496   -0.8202234971   -8.0028105114   -4.6996045897    1.5912018796   -3.0461912960
   3.6792769259   -7.2088058301    1.4485304813    4.4491528224   -0.6510370234   -0.7049455396
   0.1307184997    2.0874200328    5.5909251159   -1.1778276057   -0.9166550379   -0.0054713980
   5.8276031138   -2.9876671283   -7.9683967183    2.2184751210    1.0183110244    0.4683486974
   4.4525992702    0.2415758112   -4.4605062274    2.0532214548    4.0542649242    1.0805331254
   3.6828929986   -4.6495179704   -4.4568065809   -0.0233325046    0.3819904132    0.0110438180
   7.0201424638   -8.1710175353    1.6206632056    1.1347133228    3.2682290133   -1.3996341541
   3.3323028525   -3.8949410553    6.5536185467   -1.5441704779   -0.2530902788    1.5135072266
   0.5313284210    2.1049117346   -0.8227417397    2.3783425375   -3.9759926700   -0.8085514486
  -4.2742926301    2.6063703383   -3.1638729463    2.2027946452    0.9102047949    1.0937450943
   6.1227095652    1.2939062062    4.0078969614   -2.4851703659    0.7909479182    0.5989172653
  -8.4260410699    7.1427600663    8.5217039969   -1.0008566001   -4.5280685032   -2.2034621714
   2.8385807081    0.2343865808   -5.0233192869    0.1439265144   -0.1060228750   -0.1610646433
   4.4726441071   -1.3695771665    3.2713400999    1.3221797885   -0.7621756009    3.1452508141
  -0.7634840254   -4.9439762402    0.0003490947    4.0229401492   -3.1996892466    2.0652401229
  -1.5413644634   -3.0471302315   -3.8353650886   -0.5130183631   -0.3178963337    0.1378430899
  -5.2091661951   -0.7945595523   -6.8943299190    0.9857367639   -4.1914278759   -2.4795840223
  -2.2015507782   -0.5371476312   -5.4572399174    2.9398508218    6.9571673935    2.7293847506
  -0.1393506583    6.4831001634   -5.8641738678    2.1921034608   -1.2819563903   -1.4403527535
  -0.4214822426    4.2840082327   -6.5659262920   -2.9990088199    2.7605124519   -1.2513367757
  -4.1883186195   -3.2615493065    4.0427363862   -3.2854330701   -3.2600828030   -0.2223427067
  -4.8113444877    3.2849017840   -6.5471725007    1.2852397704    4.1134770407   -0.0524688856
  -7.6441301327   -6.0803789421   -2.4348818887    0.0970722911   -0.3788392890   -1.0486912181
   0.4854172793    6.6745927680   -0.4968912683    0.2776893487    3.5605882638    1.8931714764
  -4.3900016523    7.4959152409    7.8396370909   -2.2663364398   -1.9917523511   -0.7856154967
  -1.4583217544   -8.0641614964   -0.4870646834   -4.3465074821    0.5193552989   -1.2748656804
  -3.4484245526   -3.6509491232   -3.7861800639   -1.3876663608    2.0465534971   -0.8154476377
   4.8359867140    1.6514468269    1.2167707964    1.6153826467    0.9824764010   -0.9026210164
  -7.7790609392   -6.3427975700   -7.5114846894   -1.2872749165    4.5628561236    0.3903614927
  -5.1577806062    3.1434667415    4.2710187674    0.3877561899    4.4471907486   -2.2064486759
  -5.2927689013    3.1794816565    7.9169994667    0.9697604521   -2.0286557948    1.2214747590
  -8.1080262280   -2.1232425561    3.8898892627   -0.1530819008    1.0046016665    1.4955488292
  -3.5907922163    3.9072415049    6.2682062147   -3.4076825091   -0.9144210757   -0.0315681133
   3.4881536613    5.1364413305   -0.3609079482   -2.7778206279    4.7137933245   -2.4615338018
   3.6562585495    8.1872863814   -7.3215017308    2.2437278139    1.9495222449    3.0837184852
   5.6463194507    5.3774531553    5.8869852018    3.2582399212   -1.3868707174   -4.9513797655
   6.5193414055    3.3275847296   -4.2894302125    2.2441185688    1.1329513519    3.9205822487
   2.4827144824    3.9295754647   -3.9305673281    2.5453150168    1.0906634162   -0.1481125051
  -1.1945163459   -7.1458365018    4.8301238540    2.6925643312    4.6987449715   -3.8452671757
   6.6468323162    6.5896208509   -0.6169613257   -0.5536487877    0.3177393714    0.8577820350
  -3.6068982194   -3.5938417996    2.6796602631    2.0327442154    2.4348979715   -4.6865567249
  -0.0188853617   -3.4887290803   -3.3745909091    3.8683454386    2.2244964041   -2.4844587292
  -2.9646528873    5.5311862270    6.0762689020   -1.0247269522   -4.1830626223    2.5979886833
   7.7670057016   -5.8027414868   -4.2115663775   -1.7134246193   -7.8945217775   -0.9206833035
  -3.7583103818   -4.6843962187    1.3343446684   -3.7424432938    1.1934536492    1.8118961152
   3.2524121783    1.6803567059    5.0830084670   -1.7347091672    2.3539839998   -0.5216452095
   8.0118188295    4.6635471171   -4.0379130585   -2.3734356329    1.4769264571   -6.3014703894
   2.8712647729    3.1581421088    4.6313398983    4.0683525120   -1.3240432010   -0.8505827827
  -0.9698835859   -2.5106251028    3.6387610673    3.2786398418    3.8906051331   -1.0746242777
   7.8708566884   -3.5700231316   -8.4794393885   -1.7148991301    1.3808714210   -1.3286871448
  -3.9009462361   -3.9276214626   -0.7187048277    1.5541253738    2.8467154574    3.2596435058
  -6.8200461632    4.5505960498    2.5617254419   -4.6690557355    1.4648958814    4.3601752926
  -1.5537855109    8.3285804545   -2.0353296862   -0.0242793295    1.5600416545    3.7911003365
  -3.6219976583   -1.5911359635    5.4300607352   -0.1684377706    1.5075659033    2.8219471153
   5.9759599257   -5.3753544043   -5.1035601158    2.5105282409    3.8235921201   -3.1334357058
  -1.2979425110    1.2990111423   -2.7498911956    2.3927549403    4.8788314295   -3.9547046697
  -5.9928828763   -8.0771446005    0.2046396166    4.7707396345    1.5722894839    1.0730003573
   1.0050533659   -4.2585497891    4.1844644102    1.6888527120    1.5653347588   -4.2371688166
  -3.8288699901    7.4767691896   -0.0733908375   -2.7851309076    0.8149850624    1.2513094804
   0.2759352161    4.5654434881    2.3729561613   -1.5716274323   -0.0006994044   -0.7274916086
   7.5063244635   -5.3142005034    3.5830643610    2.5705195254    0.9201887785   -2.8932726542
  -6.4082586377   -2.7585401178   -3.7023998357    0.2645609457    0.1650835611   -0.6294849208
  -0.5192792312    7.9446377633    0.8635899751    0.7965160133    3.7235340873    0.8215364435
  -4.9128681461    7.6863300383    0.3784806724    0.0903424022    0.5571275175   -4.4551919708
   5.9809400815   -6.1053043970   -3.0053137664    2.8256787514    0.5041102542   -2.9064542899
  -3.0707734792   -5.6370933801   -0.4903009928   -3.8107482649   -1.4585151940   -0.7889063172
   5.6938617928   -0.3195802309    1.6520650670   -3.4844765018   -4.5458278622   -1.9588497685
   1.7456367086   -6.2561247622   -7.7123162013   -0.0889361157    0.1650457577   -1.0971062419
  -4.6454231840   -1.1576579371   -1.2325911033    1.1368075952    2.5914970647   -0.1727646552
   5.8027640295    8.5162811766    2.1002088940    2.4672530976    0.0908280239    0.9563787345
  -0.3866270653    3.5307682020   -3.6304764447    0.5386181591    0.4073709776   -1.6086559210
  -7.9000875760   -1.6954606313   -3.3792836291   -0.7184083431    0.8142042410    0.6376484915
   1.1062904698    5.2248802833    7.4824639925    2.4459822727   -0.3896946477    0.0283112611
  -3.6398710648   -0.7272597032   -1.6814797532    2.1604274056   -2.6412565162    2.8637548922
   1.4243208939   -2.1781313275   -1.6545059358   -3.3487758769   -2.8504705925    0.2770964811
   4.0120827923    4.7488734267   -7.0831206699    2.6790626695    1.6456677265    3.0027415516
  -7.4287056656    0.2316059068    1.8756613477    1.7928060397    0.4525976350    5.4664713236
   6.7051407386   -7.4397794349   -2.9549828203   -0.8931629577    1.2898034185   -0.1215732272
  -0.5279005292    3.1631937229   -5.3844945850    0.9946747413    1.5193985522    1.4541230902
  -6.2595840539   -7.8849251174   -1.1692144057   -3.4068109176    0.8827297799    5.1667886969
   2.8004561263   -3.6757316373    4.3892531769    2.2880915005   -0.7187419780   -3.6030290929
  -5.4704425031    4.5852201863    7.8392235747    0.4899474206   -1.9397586697    3.3060661207
  -7.7170762927    1.1444460453    6.2094306735    0.6386191733   -2.1640553803   -1.8903025553
  -6.8170110434    5.0851589171    4.5674558462    0.9091880575    1.9371331363    1.2430205509
   3.5945685524   -8.3850459952   -2.1173796397   -0.6439077967   -0.1899287769   -1.0062260997
  -1.2376878316    0.3096242501   -3.4695392875    2.8612745889    0.3982333222    0.5198081970
  -2.7199545189   -2.6431745959    7.8243722959   -0.2070088910   -0.7332468552   -1.0462739169
  -7.9539330300    4.0834037710   -1.0184120539   -0.3597095540    0.0371806513   -0.8890664884
  -5.9661873440   -3.3414570674   -2.5612703445   -0.6610466039    3.2947144347    0.8430168912
  -1.6089986653    4.0264022510   -2.5610716679    0.7098164236   -2.7392634026   -1.6824047390
   6.6994353661   -4.0390681349    3.9908502599    2.7494763334    0.5629697594   -0.7679083865
   3.7330022286    3.3607130508   -7.8809933140    2.8001966934   -0.2108967682    1.2384442829
  -2.6638844492    6.5544729364    8.1094642430   -1.6584438582   -0.8393129102   -1.6168584644
   8.4281968247    0.9681458418    4.8863060336    2.1464261121    0.1563145389   -0.2761860849
   8.1791665551   -3.5003986407   -2.1353719639    0.6216111277   -0.6706214533    1.8440014750
   3.0277929810    1.6656079431    3.8597930722    0.5310508924    2.5988537176    0.6163716857
  -3.1667772915   -4.4329818714    8.3714619236   -3.0800264316   -0.6891033626   -0.9037033632
   0.5436033423   -2.7318143467   -2.8922656033   -0.6945107568    5.4128020929   -0.0445672896
   3.1647748397    3.5319284693   -0.4948437929    0.9882377160    4.2785523522   -1.6103749368
   4.0200821580   -6.2972004854   -3.3218529160    2.2460325534   -2.3491514413    4.6792223436
   2.1616713218    8.5276460119    3.3831751803    4.6679822299   -3.2069799200   -0.6642474857
  -5.4058432804    1.8534842755    4.7388421734   -3.8373987147    1.1131143328    0.3760688916
  -6.0177074527    4.3539218024   -0.1200156225   -2.9857179078    1.4970773487    1.9386933841
   0.1548234797    2.8182709862   -0.0413518449   -1.4295171450   -2.7215493729   -1.1526410104
   2.7735567325    6.1940848637    5.6503889156   -0.8451507377   -2.0545188637    2.1302850421
   2.6398871319   -1.9349545722    1.1137941125   -2.2814949532   -1.8457717432   -2.1502978937
  -0.3066589797    7.2789824965    4.0825631948    3.4678304038   -0.2954327032   -1.7508048723
  -3.9967756624   -7.6972010430   -6.9776970011    0.5247831745    1.5784206180    2.9715745657
  -1.6832450324   -0.1891732108   -6.5587220535   -0.7081282411    2.5122783732   -3.0408547578
   7.9116746369    4.6892828150   -1.1878326471   -1.4262774855    0.6002130059    1.4255169303
   0.4597896796    1.2840864097   -5.2879242255    0.3597793206    1.0898311193   -1.2594971444
   8.2672835821    7.7410354825   -2.0976945626    1.9521018279   -1.1150565516   -0.3290328044
   6.6208928767   -2.1504887839    3.6108794168   -2.0536500654   -1.3894610942   -0.1258219959
   3.7204433444   -7.2965729589    6.5441141794    2.9707108701   -0.2273663556   -3.6750703277
   5.3065565040    8.2837049063   -5.1516703082    3.0407525919    3.3798579899   -1.1195203463
   3.1708752304   -4.7276535753   -1.0242008154   -0.7709226157   -2.0040060388   -0.1270672788
   4.2924160993   -0.0146926425   -6.4856573430    0.9509328575   -4.2981002612    1.4636988104
  -4.8556483580   -0.9021975545    4.3338588507    0.4540764467    1.1585999426   -0.0732658591
   7.8636676450   -4.5407871243    6.2543446687   -0.7104415056    2.0638069239   -3.3200910327
  -7.9127715444   -0.9348030794   -6.9457588317   -0.4729252017   -0.7964655134    2.4690025750
   6.6173174795   -8.0515110045   -3.9686091603   -1.2365322403   -1.2854056598   -2.6719455795
   5.9247296926    4.1855067844    1.3614832242    5.3052429047    2.3214818806    1.3265628141
   7.2014698630   -0.5881642281   -5.8363099570   -0.6044182704    2.5243928830    1.4286416730
   6.6766580508   -7.4841745498    2.3591588241    0.7913869243    0.1591202360    0.2480165729
  -5.7302804007   -5.1155596034    8.0638527627   -1.9223536516    1.4120914235   -0.5482735014
  -6.8076656050    1.3293240648   -5.1948614753    1.7689448743    0.5891791590    1.0946589871
   1.1185445293   -0.9020783265   -1.0634020415    4.3362411077   -0.0342615815   -0.7532337478
  -4.6688320500   -1.8905607728   -5.9039558771    0.5836875748   -3.1075364963   -1.6411490402
   0.0369419728    3.3375048105    6.5622693905   -2.6397332953   -4.8328720912   -5.6049426945
   0.2050235208   -8.4386541908   -7.5114461960   -0.7142386876    2.1964281992    2.7363019453
  -3.7973636266   -8.5299354876   -1.1638911931   -2.9000115687   -0.8402388961   -2.4258817381
   7.7624022614   -5.7309952831    6.9085632569   -0.3334082890    0.8373086950    3.9261141075
   3.2704874418    7.2619521994   -1.1421807780   -0.0265752006   -0.5940035219    1.6611742480
   5.4764426347    3.5022238037   -0.5595382085    0.1996147831    1.5517041280    0.4251459073
   1.7678062147   -7.9451689017   -0.2271808529   -0.0425998146   -3.3119987968   -0.3156047719
  -5.8245412152    0.7727388598    4.8506104197    0.3764818591    0.5817107530    2.3724760307
  -4.8104180902   -2.3924336161    6.0688581667    2.0897278543   -1.1364851132   -0.5371714360
  -8.4520092475    7.3886973165   -5.9641640899   -2.0348905510    3.3090063816    1.8604821310
   2.5182954251    7.4263158569    0.2595814339   -3.2670127615    0.2092032039   -3.6873552730
  -5.3544807334    3.0834385681    1.3431886932   -0.1269369543   -0.7505761808    1.3898315674
  -7.6076021765   -7.7854139082   -4.9630629381    2.4327693388   -3.2516242975    0.3736319794
   5.4095756569    0.7524753584   -7.2311478053    3.3214556830   -2.4984128873    3.5084096621
  -8.0755732447   -7.0496595995   -8.2365390777   -4.4083875268   -2.7782915033   -2.9481529328
   4.1164914701    5.5561613043    5.2618926440   -2.5584375090    1.5046889075   -1.2423666816
   7.5479471894   -0.2213098117    5.2157093925    1.8146802237    2.1375636676    3.0030221318
  -4.1599723520   -6.0861336045    1.5651753408    2.0126518878    1.3910923907   -2.6656042175
  -2.7741923318    7.2334881941   -0.6905215633   -4.3720441668   -0.3438479076    1.4669422280
  -0.2274882095   -4.7773612690    1.6315024582    3.4104939303   -3.1179794165    1.3429776428
   5.7349203120    7.7197736147   -2.0959823360   -4.5936447004   -0.6137041192    0.6183373380
   8.5184802740   -2.9367405151   -5.6354383770    2.5264014698   -1.1953789077    1.9192455564
   3.8712075412    6.1540074049    4.6123505861    0.4413482830   -0.5661780357    2.1344143473
   5.7185398717   -6.4181419153   -8.4837124010   -1.5455097538    5.1145210219   -0.3457410881
   3.7753623570   -0.4454324592    3.8179311568    1.3909697256    0.9546213841   -1.3267001579
  -4.7121357302   -3.2729922383   -1.6848392743   -2.3936528155   -0.4715496762    0.2402404322
  -0.8262201631    0.7178749435    6.9216528536   -2.0158327718   -0.5918901720   -1.6237729973
  -4.5602578970   -6.5178150482    6.3815281586    1.1422159342   -3.9564789593   -0.1390320226
  -0.0124312869   -7.4601170236   -7.4132802787   -2.8157470488    0.8069976077   -4.1980869606
   1.9024578285    5.3999724655   -8.1082400314   -1.1875953575    0.6211491870    1.5796987941
  -3.9475285790    7.9050690481    1.8332919871   -3.5625433814    0.9152640446    0.3851801697
  -7.5361545018    2.8018831257   -8.3091658224    0.0827255849    1.8057988370    1.3990110877
   0.2394791966    1.4401135905    7.1928301752    4.2188598098    2.9553852462   -1.2903071777
  -1.7185626533   -7.9129688600    4.3875857576    3.1170080533    1.3895591760    2.9149270166
  -7.2110130797    1.0274876071    7.4488875429   -0.8655669936    1.2880413433    4.9307740238
   0.3416531541    4.3070451954   -5.2935647257    3.2092037071   -0.4939669423    2.1007609949
  -0.2553826420   -8.0151412189    4.8545024696    2.2971864720   -2.3046966245    3.8097132056
  -0.9797281356    1.6337227181   -8.1484184205   -0.4837696013    0.4250002656    0.1490382010
  -0.4300606839   -4.1590166779    5.2745991162    0.0906858033   -1.3548468983   -0.2851987151
   1.3119925521   -5.1517138825    6.4964614064    1.8924453032   -2.4773201490    0.0975981447
   5.9496941808   -5.9712060908   -1.2850618743    2.6667893740    1.4233129589    1.5509787602
   6.0878903909    4.6299854084   -1.4509153594   -0.9034370023   -1.1587248238    0.1540696658
  -2.5118242132    1.9777745241   -6.3092397402    4.4013675612    2.6463912020    0.4270247127
   6.3165293374    2.2507534205    5.2870514181   -4.1503223762   -1.6650024978    4.1274080119
   1.5070220471    2.9533979958   -0.9761149169   -0.0990157207    0.6985942300   -2.7459088567
   4.4242709418    2.7275561489    7.6857549524    1.5628848239   -2.9277731310    3.9506862625
  -4.2230039779   -4.9543523612   -8.3384647089    3.3237833616   -0.3531382677   -2.6370067178
   4.0719860786   -0.2846296889   -8.0519943230   -0.0779846748    1.0058430662    2.1775161047
  -4.6987925654   -6.6048270479   -0.3140936342   -2.2410847690    0.2799748385    0.3946924985
   5.5730339357   -2.6781147875    5.2992734638   -1.9306801832   -2.8930407014   -1.5717910388
  -6.1562498869    7.2080587529    4.0535188072   -4.0445555416    0.9094249355   -3.8547001837
  -6.9414144390   -8.1856099086   -2.1112339983    1.5311301066    2.9916866418    3.6229473229
  -8.3158236267   -5.2735024991    3.9654677146    3.0572096798    1.6540933761    0.2215681169
  -7.3472907836    5.3586178954   -4.8835947850    0.2877260470    2.1352462410    4.1658239058
  -5.2190921539    1.6034886868   -6.2580490954   -1.4653418820   -2.9538601757    2.0103986461
  -0.6320579502    1.4508223721   -1.5219843793    0.1917541661   -1.7264079089   -2.1499505655
   3.4686578029    1.2913137924   -8.4181747590    4.7986743486   -1.1359567528    0.8695357030
  -5.0653149601   -4.2072101416    6.7150597667   -2.0427404235    0.5120253923    0.5827121113
   3.2267399372    8.5163097329   -4.6907471123    0.0646348139    0.8338704325    0.7394428545
  -2.6288060257   -5.9535802852   -2.1696259927    3.5679253551   -2.3762504755   -1.3018837435
  -5.9882252109   -0.4720424563    1.3077096819    0.2752165368   -0.9646739957   -2.3390620238
  -0.0547923301   -3.4499591629    6.6031359596   -1.2071741575   -1.7683774428    4.2272123448
  -6.9740554964    3.7331589111   -8.2812081638    1.5243988474    1.8257714388   -1.2064811679
   2.6306651156    2.3222768945    1.5859032620   -4.3533525583   -1.7450391474   -4.1547667810
   2.0424583813    3.5240857880    7.0568913650   -2.0962377627    0.2394948114    3.0853195961
   6.6063076303    3.9564209011    3.6533281589   -3.7664421575    0.7264525730    0.9127069348
   5.2361721568   -2.1581850613   -8.2151737166    1.7640442863   -1.1491410919   -4.0498460235
   8.0690445166   -4.0380628873    2.5208426356    0.4299847718    3.7362273129    3.3114173763
   0.3598497015    2.0668881308    8.3163482701    1.4491236022    0.6880560173    1.8343176574
   3.9650133604    8.4932335228    2.8633512053    0.3532064860   -1.5522245440   -3.3038634372
   4.0913340412    3.3275520393   -2.0383463904   -0.5604395058    0.4556200140    3.3749134485
  -7.6477764708    0.9512015548   -5.9398867127    0.6609965651   -1.4459767293    1.6410791853
   4.3514250722   -5.6577026167   -4.7307916269   -0.7618591036    1.2058647013   -0.1789956843
   3.9587519425    4.6108980645    0.2786602695    1.2425727584   -0.5670512258   -0.2317276283
  -2.2400362866   -4.9576955364    6.4593985080    1.7577023503    2.2815078350    2.0620769711
  -5.2069691404   -4.5845999766    0.9475053521    0.5215476547   -0.2323574331    0.9658793456
   5.2576736144    3.6435253125    7.5065603829   -4.4582938012    1.6380029765   -1.9241150311
   1.6588820572   -3.6736989487    0.2690591638   -4.5246712693   -1.1184178150   -4.7868359744
  -0.1166602627    7.3717956459    1.4877531809   -2.2906496564    1.8500046265    1.9629800952
   2.3325770987   -6.3729736903   -1.7587232120   -0.5120356487   -0.8450734573    0.1345221971
  -3.8327661509    5.8029959239    0.9893117020   -0.5290564265   -1.9812713123   -0.0414458617
   1.4576707724    3.6291365739    0.6365442567    1.2427029573   -1.3105702343    3.3419116824
  -0.1145126060   -5.4905541100   -3.4910110800    1.2470040071   -1.1149792134   -2.3074757318
   5.4326647133   -6.4697029014    1.5560327246    0.1647873113    2.3615319569   -0.5807532832
   5.8019149237   -4.5338179496   -2.1987543921    3.4049474516    0.7459718542    1.2612771979
  -0.9857017561   -4.2180020423    6.1212027698    0.5804438150    0.8700839093    0.7839372354
   1.7120110077    4.5399471580    3.6513067660    3.1316777235   -1.4899463142    1.1818897013
  -4.9490263653   -0.4230048206    7.8714096401   -0.2416490626    4.5943220710    0.9662954033
  -7.7298466066    1.7278784552   -4.4382332956    1.7402644057    2.9521013309   -1.0555189109
  -2.8573272011    2.3830351470    1.1673940145   -2.5868289924   -0.3731576226   -5.0938856375
   2.0414111295   -2.9449406303    4.9629081232    0.5255403239    1.2569525333    0.2669352356
   5.9547203273   -3.9203066020    6.7136411535   -1.7371132016   -1.9119050194   -1.7539098621
   0.2906892389   -6.0528086010   -2.4920818485    2.7257560878    6.2951199699    0.2272914204
   0.3362112609   -6.5053452315    4.5266162407   -1.0738153812    2.6586764937   -0.4563750996
   0.1662021864    3.8890343178    7.9513135463   -0.3543910052   -5.5592287101   -2.1839541310
   7.9348551769    8.0525477815    4.2287958593    1.3168592911   -4.2360936902    2.2787765558
  -4.0058626849   -0.5231892744    5.7365994814    2.8066437631   -0.6725902410    2.0652642872
  -6.0157001067   -0.6467626266   -1.5795531863    4.6146519530    1.2972788154   -0.6140795454
   6.4704170072    7.0621686590   -5.8976012393    0.2860649160    0.3818481326    3.3325613468
  -1.2138326720    5.7995772747   -4.8330768257    1.9449450485   -0.8472828018   -2.2903927387
   1.3146082707    0.5432750921    1.9474764101   -0.7127887349    1.5407217005    1.3014072929
   4.3321107036   -0.5780960625    2.4239943278    0.7206280667    2.3314454428    1.7775779211
  -3.1126970140    3.4152760968    4.7760852933   -1.7309850390    3.1894911674   -3.1654857282
   8.0646286291    2.5381791828   -3.2584264643    2.0382714973   -0.0016201104    1.9266743337
   2.2720234170   -8.2384717865   -7.0287091361    0.8678288319   -3.4134668238   -0.1568891123
   4.7030570288    4.7095313608   -7.7003145808    0.3327116784    2.9192571372   -0.5548513323
  -2.0139045674    3.0673022695   -4.3396772690   -0.2271465348   -1.1335052126    2.0527728572
  -7.7564336290    2.9550781026   -2.4846019512   -2.1509070935   -1.3755142382   -1.3055222010
   0.6874339101    7.5480225280    3.7713234066   -2.6522914657    1.5286199010    0.1941048419
   2.7038297032    0.4655780035   -1.4707765452   -3.4926611928   -2.5680575413   -1.3339281997
   4.1833802002    1.6492701821   -3.7114405623    0.9414998081    2.8969986274    0.0708533310
  -5.6716061884    4.1917089667   -8.0381895209    4.8314422229   -4.2387564093   -2.2506152256
  -7.9710776578   -7.5453038896   -5.9914842620   -2.3935706589   -2.3701641818   -0.2499609745
   0.4004506608   -4.9819852591    7.7043382590    1.4435183848   -3.1040819110    2.5048977090
   6.1877959773   -3.9541153974   -6.8023440467   -2.5726726301    4.0460367246    2.8964370074
  -7.9631364763    4.1160348441   -4.6427239202   -1.0474541917    1.4886641807   -3.1848198903
  -7.8156170136    1.6510504640    8.3636455025    2.7069208890   -0.1874902458   -0.2889476008
   5.0981399609   -1.8591669714   -5.6562097203    1.6920922588    2.2613397947   -0.4074556685
  -2.4736097741   -0.6619351580   -3.3079673643    1.6370151882   -0.6225142869   -4.9482047919
   2.2686376384   -1.0214545738   -8.2633717682   -1.6548174246   -2.0068755741    0.6612254827
  -4.3025037529   -7.6433947990    1.5358495452   -2.4734189798    1.4729611438   -1.3024948259
  -2.5043398035    2.9101817039   -2.4693103876   -0.5559290910   -0.8505352629   -2.7965175539
  -0.8347701871   -6.7002384431    1.4792840487    0.2287008588    1.6406716555    0.9779184118
  -6.5526640186   -2.1888535600   -1.3860586587    0.4912877087   -0.5714527635   -2.4864854218
   5.9410345221    2.5781989701   -1.0796789413    1.7016736347   -3.3369466030    0.8016240954
  -0.7167549351    8.0160722696   -3.7201818563   -3.6931348148    2.5441665757   -0.5259854189
   7.3666534246    4.5342800107   -0.2932363165    1.7040362972    0.1125004798    2.5141278119
  -7.0612170548   -3.9831708450   -5.4572037318    0.4575575254   -2.1338350166    2.7612295909
  -6.0844505515    7.5115331717   -5.3569490992   -3.1135976620    0.1139505867    2.0648614966
   8.0744005826   -3.6250850624    0.0341625457    3.1697746008    0.2072032262   -1.2844540640
   5.5505772580   -7.8298560481    6.5698806907    2.4497352805    2.7399763102    1.0241080491
   0.6104106505   -1.7415453239   -2.1212329917    4.6322946751   -0.8632535486    0.2968608844
   3.5417637037   -4.7649211177    0.9990707988    0.1329862056   -0.2483217853   -2.2170828610
  -0.3198527556    6.6491516484   -2.8512716418   -1.9299089238   -2.5860228717    1.1243036072
   6.6040987004    3.0257744395    6.5854806395    3.9559271575    3.8490778200    0.0259761681
   5.7254013824   -5.2241622528    5.8455180860    1.8257077355   -1.3934060756    1.8198410875
   1.1697186398    2.6962378343   -8.4213410937    3.7769087930    5.0299215462    0.7378270694
   6.4565063781    0.2712383091    5.9950077178    1.3211285322    1.6833052966   -5.7637210726
  -0.3844941836    7.5647804314   -7.6241462182   -0.6044899079   -4.6496239021   -1.0811421524
  -6.5155519290   -2.8101486512    3.0821387878   -1.0694835342    2.4397150316   -1.8373306449
  -4.0875626016    5.6718193891   -3.3565626418    2.7808653357   -3.7130135423    0.3941905413
  -3.6821350431    2.8593418596   -2.2904307941   -1.4269177675   -1.6062789292    1.8828701958
  -0.9014015892    1.1117617332    2.3195743736    0.7557971361   -0.5632875284    0.3568005511
  -4.6165689135    3.4537462818    6.9430235040    1.6278617964   -2.1867175492    1.7420842248
  -2.1589789367   -1.3000318145   -0.9279939248    0.5545850436    0.2001369789   -2.5943975455
  -4.2355489003    6.5539588033    7.6995190284    5.2115434474    2.4652489675    0.3002366825
   6.1857689056    2.0394609794   -4.7213412245    2.3332535643   -0.9425144682    0.5616390272
   1.8496963674    1.8951614867    1.9060406208    2.5463146238    1.3956111134   -0.7576097643
   1.8997734033    2.7232993193   -4.2448761708    1.5435514322   -1.2269219424    1.0884399618
   4.9488847889   -5.2389941329    7.0076559381    1.6235295150    0.7358787283    2.9909702024
  -1.6287718460    7.5228271855    0.5938820091    0.4304715162    1.1365220633   -0.7564642997
   7.7176651875    4.6883058783    5.4884619580    0.9572996680    2.4953841872    2.4600383266
  -4.7218683316    6.7113146668    3.1066051951    1.2811893466    1.0051000106    2.2494643346
  -7.0865306203    6.3867568906   -6.3514807063   -2.0332689099   -2.3434886561   -1.6832306394
  -2.4658368548   -5.5611747538    3.0616951184    3.9867716482   -0.7764986195    6.0671375407
  -1.4104300745    0.8806515871   -4.6330574209    0.0528477551    2.8942054472   -1.0733514531
   4.9354812261   -5.7234357962    2.9002577168    1.1603546051    2.5870358737   -1.1801050466
  -6.0442597765   -2.1655768836    3.9178905891   -3.2921984206    1.1803227675    0.2801015549
  -7.3522264097    0.7963766866    8.4600083217    0.8364889496   -0.8298799677   -2.3605550525
   0.9567358971    0.1071297088   -2.0055450405    3.2463792040    3.9300108344   -0.8665557796
  -4.6061713809   -6.4215149361    0.7149385992   -4.8210244915   -4.5769303134    4.6361121323
  -6.0929281474    3.5032739054    0.8087192364    2.2262457998    0.2044326256    2.3710410133
  -1.0563105378    2.4673815426    7.3133641832    2.9385506795   -0.8461272368   -3.3834924308
  -0.1006134451   -6.2969818313    2.7397074023    0.7574124826    3.1554040595   -0.1704939244
   4.6272798880   -4.0306889076   -0.0014938650   -3.2772950912   -1.6166169617    0.4358048301
  -5.3120975298    0.5062291448    3.1360447416    0.2525765677   -0.0285678413    1.8823875774
  -4.2530123623   -1.6762238136    2.7335503661   -4.8703524885   -0.2124026858    3.8421330428
   0.1842804250   -5.0662288094   -6.8654571530    0.2692890433   -0.3100940137    0.0504051408
  -5.4251962345   -1.1368525975    5.8022392102   -2.9202083571   -4.2967565712   -2.6797655520
   3.1347309635    4.1557411686    8.3460391113    0.6998087192   -2.7609891466    0.8727736728
   4.0447420237    6.1063228732   -2.5585500600    3.0052082782    1.3246165242   -3.4884252646
  -0.2874291793    7.2325304590    7.0678364949   -0.5227914289   -1.6389401908    1.0389902765
  -7.7132520907    7.2644098309   -2.5168083957    2.8928046564   -0.4354129339    1.8943366937
  -1.0809265018   -1.3163072387   -8.3177451019    1.9270832615   -0.9658708875    0.9558702032
  -5.5185616455   -1.7264071669    0.5945497846   -1.9780469367   -3.0976475813   -0.7583259303
   6.2679581430    5.6132926658   -0.5672122889   -0.1852079384    0.6338184873    0.3939348544
  -2.0659850584    5.0296794564   -6.9497386501    0.4247873205   -2.8533354735    0.7386559651
   1.2667789024    4.3277092603    7.0400667307    3.1036540992   -4.9047116154    2.5742270831
   1.2633555191   -5.8503107395   -0.0738859787    2.3435769678   -1.5611324946    0.7034447100
  -1.1111239183    7.9615952094   -0.2926736232   -0.5816492477    1.8501659956    4.2745398111
   4.1795242705    4.1541395489   -5.7172842852   -2.5165803363    2.6889058928   -0.7246226334
  -0.9020504545   -6.0702727104    7.3873694352    5.4540773319    2.5538780045    0.7017812472
   5.1442177529    0.0845101392   -8.2997483786    0.8883781270    1.3919457993    0.5220736293
   7.7501543671   -4.3078882795   -5.7890146820   -0.8501122822    1.3002420573    1.4920132661
  -3.3564636021    4.4880783542    3.6790506552    1.8140745648   -0.6023892589    1.9096375252
  -1.8466715916   -4.6574217210   -1.8864595596    1.9393280948   -5.4847815847    0.6542655716
  -5.1254130127    2.3734529412    5.7189701366    4.2904656595    2.2438224314   -2.6775252856
   6.9306238478   -5.5875167097   -7.1182742846   -2.4336790593   -2.8783644409   -2.3464025054
   4.4615667420    4.6388850747    3.5386609769    1.6692838992   -0.4649684105   -2.4441393498
  -0.5448836880   -6.3914054262    3.7976355050    1.9454930696    1.9524070885   -1.3286449060
   2.0720727460    7.4838265719    8.2429362439    1.3576925578    0.4453046361   -3.3489139569
   3.5706330294    7.6103787727    7.4290471002   -0.1408998732    0.1478770430   -0.1058265729
  -3.8188213892    5.2475543962   -0.4696358340    3.4200777717   -1.8457985929   -0.2285966576
  -3.6160438045   -7.1888000863    0.1815076981   -1.8486193983    0.7570579163    2.5711765906
   7.4313150529    0.7858742034   -0.5436836706    4.4882577081   -0.7459822444   -1.7143626420
  -5.7022483362   -6.4293927094    0.1859498712   -0.0600608957   -2.5158424835   -2.9910200778
  -5.9538515758   -7.1301103320   -1.7990443620   -2.5696936709   -3.0770568881    0.3855574915
   0.2069588224   -8.2839849890   -5.4033858995   -2.0999300590    1.5018775913   -0.6668290359
   0.6176418498    6.6495857302    3.3413652422    2.6627945090   -0.9142921172    4.7399305375
   0.6793841891    6.6965965612   -2.5858062326    1.7255912359   -1.2087572182   -2.4150815759
  -4.4445333579    5.1445284138    8.3501542584   -2.0093704256    3.2980334450    0.6681471882
   5.0636664213   -6.7725260643   -2.6734275814    0.8056421743    3.8854481116   -0.6152612064
  -8.4851039569   -2.4381591992   -3.4721328201   -2.5016547775    3.4579175636    1.3828238997
  -2.0755009806   -7.0985128880    0.9174052108   -2.0900520514   -3.6022780916    2.6932148887
  -8.0361702508   -1.7899543571   -1.7726145774   -1.8512618387   -2.9484614915   -0.4269957840
   6.5362360807    6.0410951772    7.7356590649   -3.6997157865    3.1114648843    2.2250597551
   6.6871220326   -3.8701539297    6.0552740300   -2.9457904706    1.5202255894    2.0353670498
  -7.2696211045   -3.2836904427   -6.9148211783    0.7037689700   -3.7362865256    1.6723228885
  -5.0055640833   -0.7574933480    1.8904677359    0.9126447815    0.1037827115    0.7803457394
   0.3713327295   -1.5974927187   -8.4271514047    2.8674167515   -1.0867142565    0.9388191246
  -4.1345108533    7.6035841299   -1.1584623727   -3.7646365039    0.6954089624   -1.5785022328
   2.6513883479    5.1867455399   -1.3508208763    2.6400033832    3.5571628070    1.6843752530
  -4.6585478548    1.7951108369   -7.8725482758    1.8898003192   -0.4782595539   -3.7857384942
   7.0694439828    3.0376063270   -5.4380008340    2.7325429010   -1.3190508266    0.3388814422
  -0.1572504231   -3.6648652131    4.1072966008    2.3883668363    0.9556072019   -2.8384382929
   8.0580082418   -7.4229987862   -1.5830748810    0.9038828828   -0.1719408674   -1.1512835797
   3.0144507327   -6.6483111663   -3.1054775894   -0.0277598607   -2.1155920991   -2.9994461766
   5.2826580310    2.9602859542   -2.8590127690   -2.3260293011   -1.4638016140    1.7862134546
  -3.1584342784    1.5005271825   -1.1274509057   -0.6409946457    1.6027099221    5.1381021040
