           1000
    17.09975947
  -8.5431380866   -3.1111480964    4.3591076968    1.0857742500   -2.9218657201    0.8029049812
   0.7698946803    8.4953083808   -6.6250589927    2.9033913232   -2.3055638323   -0.4504542531
  -7.0127086407   -8.3432673715    0.0104376105    1.0178945626    3.6353279844   -0.4032229609
  -2.4381489213    3.7306543260   -4.6277697911   -1.5978031429    4.2169898100    0.1250380356
  -7.3064279234   -3.9236400999   -2.4593734170   -0.7800966775   -3.4429875052   -2.3079451440
  -1.6369703133   -6.4191826644   -1.2709786236    0.6507935218    1.1452583044    2.0375872289
   4.0114302629    5.7584387905   -5.5495587482   -2.9541584300   -2.3450366671    1.3459921463
  -6.6344365448    1.9022988496   -1.5765939666   -0.3723597911   -0.3214677022   -4.1602780482
  -7.7265250082   -1.0250309842    6.5240133047   -1.7202784491   -0.5420872136    1.4217678597
   5.3805042769    7.2677406250    7.1099760023   -1.2278742017    2.9246940928   -0.5549293028
  -7.8781784812    8.0641387940    3.0774192795   -0.0750053576    0.6782829283   -4.5586837505
   6.4100037507    1.7196126733    0.2596885869   -4.4767302784   -2.1856163388   -2.1039522910
   4.9250017878    6.1132342972   -0.8445305029    2.0444076486   -2.1007438917    1.1482224114
  -0.7488888860    6.9363074422   -6.5549070503   -1.2123335798   -3.0207545499   -0.9091022505
   2.7140774572   -2.5388413761    4.9289786605    1.7709361894   -1.5680861493   -3.5392667739
  -0.4341553177   -1.9150593634   -3.4664041055   -3.2285145436    0.9345018670    3.9929078492
  -4.8406672530   -2.6835369069    2.0022920949    0.0343907025    0.6977238949   -2.4343426644
   6.1448859326    4.1029261388   -4.5618266407   -2.0630357250    2.0065441058   -1.2660439067
   1.2010055401    0.5245337906    0.7821533150   -3.6181285230    3.0114049441   -3.2574069752
  -0.8359885823    1.5226546235    6.2470196416   -2.3539919867   -1.1173357597    1.5925483196
   4.8478170778    7.2452023606   -6.8315063763   -3.0596707523   -3.0639725308    0.3996783220
   1.3038442576    6.3615673725    2.7320248820   -0.3269508024   -4.5042894572   -1.8114527646
   1.1440837842   -4.1515891959    2.6962391292    0.5987764027   -0.9052064425    0.1947947009
  -3.1623193120    2.1870307931   -4.1691163847   -3.1321032903   -1.4924341161    0.7305367587
  -6.2512997921    0.9584202945   -7.9155236092    0.0085304633    1.5175477537    3.4148785741
   7.4416306535    4.8580942070    3.7200416646    0.4156204366   -3.1955117215    0.8772853360
   3.1970872066   -4.1437028040   -2.0395683218   -1.4686785327    5.1016603427    0.0813912745
   6.9786410739    3.2572830031   -6.0605376089   -0.2862385207    0.7505027605    4.7453213687
   6.2703311081   -2.8398920844   -0.9761714189   -3.9680380569   -3.2587138553    1.1819868717
   5.5734934320   -5.2762533328   -7.5726985012   -1.1315771667   -3.5438185105   -0.2403673031
  -7.0868275764   -3.6180603907   -6.0506041189    0.5376924682    2.6610083374   -1.4372998026
   3.6316587486   -5.2088809565    5.8470071752   -4.2256047652   -1.0863405496   -2.4479371683
  -1.3598343432   -4.8317341931   -1.6947736200   -2.3360076068    0.8248737889    1.0812500703
  -7.2665886568    8.4029113342    6.7376465969    1.6527001848    1.8240360713   -0.6048726173
  -2.0866578354    5.7199134466    4.5166444785    1.4635420545    3.4809557827   -1.2297715108
  -3.4361120479   -6.4395074989    2.4068476954    0.2467080582    1.5654905822   -4.8423666443
   6.2007515001    6.1533332813    1.1710688074   -0.8786481556    1.0453707990   -0.1747777694
  -2.1316063813   -5.7414391553    2.5158275953   -4.6579307353    2.7267910385   -5.5807108340
  -3.3009252269    3.5791612366    0.1392076991   -1.8813769121   -4.0015687655   -7.0530087991
  -5.9601899859   -0.3503940609   -4.6028207877    1.4198502921    2.6068788459   -3.9736381609
   0.1928530932    4.6826685476    6.3729845986   -3.1426223448    2.6749764276    2.1776325480
   2.3538598828    1.9216212284   -2.8566294413    3.1924041897   -2.4854772712    0.4281829204
  -4.4696477428   -7.5730574549    4.5844802696    0.6012581606   -1.9273279151   -2.0610933004
   7.6538095380    7.3755146470    5.9042304203    1.0078517433   -0.7020935946   -1.7144514264
   8.0290339013    5.1072616474    0.1255561819    3.7865202190   -6.0191679249    2.4126522017
   6.6769763561   -2.7312801301    6.9864500040    1.7414006201    0.0242322380    1.9150876880
  -4.2484317553   -3.5082684459   -1.5252325970    0.4493294567   -0.5723900948   -1.7568453535
   8.2330604668    5.3774678930    7.2914810649   -1.3899039448   -0.3323722789    1.8059311831
   3.0366160972   -7.8523903850    4.4554470569   -0.3870784517    0.6462762334   -1.5170125382
   5.1059266197   -7.6128526971   -1.0500656739    1.1588228968   -2.3813710577   -0.2872557113
  -5.5119885398    4.9496964238    8.2383378792    0.3988012126   -1.7855378774    1.2965349919
   3.8155142708    7.7070320135   -8.4607513479    2.5371009846    1.5606578339   -2.4264365092
   0.0050527309   -7.8610131969   -2.8510329291   -5.1157731082    0.8743963800    0.5038986969
  -2.1700902571   -4.3440816298   -8.4274249275   -0.2998939313    2.1808181009   -4.1000187279
   8.3406400715    0.4695921039   -1.0623024621   -2.2289759010    1.0474613835   -2.4506136970
   3.9101407765   -3.2170841487    3.0205758150   -5.7333349757   -1.7427490888    4.9000847487
  -7.1792266113   -1.8120085960   -0.6981937230   -1.7064135205    0.4963048439   -0.0743001833
  -3.9039297178    5.5897977733    7.7428123833    4.4872655950   -1.4036829512    0.8737339703
  -7.7619573733    0.3201772353    3.6057773604   -1.3704826762   -2.5942101640   -2.6483706041
   0.7885173581   -8.3721571473   -1.5344317285   -2.7769409811   -0.7141767820    0.1955864396
  -3.7539907638    0.2385390583    4.8836399061   -0.8963159433    0.2607165409   -1.0720298850
   5.1020576199    7.8201227821    4.5516346187   -1.7624847023   -1.8669918917    2.2376752694
  -4.7775573970    1.3847336360   -6.3371162610    3.2079870880   -1.8675306851   -3.1234831786
  -8.5321777003    5.1949090525   -1.8847937271    2.8253870188    3.8290183295   -2.1716141767
   4.2063632639    0.4682989479   -7.5237033434   -0.0848574838   -2.1408894110   -0.6689790824
   0.4428545021    2.2789340945   -3.8730395109   -0.3592229096   -4.1948614136    0.2915386752
  -6.1276429839    0.0473622840   -5.8283709051   -1.2686830641   -0.3868316368    3.5504874096
   5.8384668943   -0.8024638646   -6.1567518947    2.3941486562   -0.9012579332    0.4586545113
   0.7540755462    0.9870419297    6.5760357386    2.7700537179   -1.3550336686   -0.9527696578
  -7.5397776147    8.2264970812   -2.2969970506    1.0812059671   -0.8034244190    2.8042535005
  -3.4656025302   -2.2143510512    2.4765775349    3.3279720386   -3.1996005204    4.7380127779
  -4.7910033743   -7.6579957454    0.8215136125   -4.3214588046   -0.6128681592    1.0827392204
  -6.2192463761   -0.6339594542    3.2110423722   -0.0684269489   -3.3591593784   -4.1781163847
   2.7245160919   -0.2203066173   -3.8319340448    2.8516173556   -1.4672915811    3.1136385118
  -7.8803063788    3.1390182871    4.0508170303   -0.1362815722   -1.4331464649    0.8836202106
   5.7750431698   -7.6041447305    4.8746814655    3.6051948767   -0.3552564152    3.6734002160
   4.7806157952   -5.8173217676    7.1516266824   -1.4636163345    1.2062300825   -1.6829955578
   1.4505937618    2.0580446937    0.1555700722   -0.2794046694    1.2226988668    0.6857587395
  -7.4255349855   -6.1910325605   -2.7446730171   -3.5757154882    1.0946218598   -0.6328668022
   1.3661211707    4.5885614368    0.1685487943    0.8338218506    0.9141487642    1.0660555653
   2.2098168598   -1.4281888589    6.8502092940   -1.8310249108    1.1644200374   -3.2253001724
   3.1793161991    2.9611640613   -5.4485184896   -0.8940222918    1.5710839920    0.3696503481
   6.4766089348    7.1713755257   -5.9070759042    2.4247848909   -2.0000422193   -0.6442267405
   7.5076167737   -5.8822378458    4.2459447326   -0.6633304620   -1.3135711913   -0.3454115074
  -5.3512606424    3.8447349301   -6.9009665191    1.9776764989   -1.0476246796    1.5922429720
  -6.4824168605   -3.6384956267    2.8905384397    0.4708543027   -2.7296382464    0.3776969782
   0.4320438836   -2.9208956673    0.9542299099    3.1169835582   -0.4313647889   -0.1107967254
   2.4744317381   -5.2333194278   -5.7099857564   -2.2879358056    4.2625085815   -5.6570756028
  -2.5216633798   -5.2840199970   -0.5485088792    3.0212821590    1.4398956347   -0.5429547556
   7.5137795606    0.1229805884   -1.6357287536    1.2873972493   -1.6605298469   -0.4544955330
   2.1013055747   -1.3975799484   -4.7681134123    2.7603474134   -0.6554525211   -0.2443505542
   2.5056657123    6.6347625516   -4.3809503667   -1.4542269918   -0.7352744031    1.5377526311
  -2.7742891870    5.1558856218    5.0119512674   -0.5969422123   -2.7962244593    0.3684872379
   4.0796203162   -5.8081383136   -7.5218318737    0.3136168512   -0.7405164485   -0.5709433317
   6.6567391367   -5.9918673964    3.3397850025   -2.7725346330    2.3131880591   -1.3571651987
  -5.1096229800    1.6544167104   -4.3510847008   -1.9308890486    0.9789627965   -1.3450325141
  -3.0319314214   -6.8110739332    5.7117233523   -1.1700251115   -2.5618489590    1.0507786329
  -7.4846031800    5.9032663941    2.6443019483   -0.7238884432    1.8954575941   -1.4418430720
   7.0205454800   -8.0028713796   -5.6538180737    4.5910834783   -1.9242778592    2.8461519471
  -3.4457268973    4.6427193823    7.0471752416   -0.9741493907   -2.5027471252   -4.6763737773
   1.5745958460    2.1622566902    6.4403444169   -0.6350844240    2.5536123706    1.8758211462
  -2.8506855520    5.6781758343    1.0945580743    0.3313677254    4.5104966234    1.8323823713
  -6.6308814751   -7.8882247894   -7.4221516634   -1.6945446121    2.5242989981   -1.0181883889
  -8.0087984632   -1.6551383150   -2.2409140510   -2.3400090139    2.3037301885   -0.3846426181
   1.8928649388   -7.4191893000   -0.7815115421    0.2190975705   -0.6862115614    1.5486499239
   2.1235680880   -4.0791719131    4.9761104589   -4.4206644988   -1.9802965879    1.0476626116
   8.3287258108    0.9269895147   -5.6154224600   -1.5371048736   -1.0076014279    0.5128724556
   1.7932342052   -4.6479732276    0.4798188936   -0.9601413580   -1.3610563715    1.2806245340
  -5.0449622665   -7.2558085100   -5.3335738115    0.0740332388   -0.0210124037    2.8468135096
   8.4802343839    4.8889817916   -6.7097031928    0.1634293652    0.9917373669   -0.5617981399
   4.5272964577    1.0565646767   -1.1780182865   -0.8959454217    0.6918209807    1.1976934580
  -2.6294306574   -4.9646248200    3.6948328766   -0.8255724181   -0.0598951354    2.7575995942
  -5.0070152951    1.7767110623    7.5034421861    4.1157308136    3.7818178215    0.6115744156
   0.2248367682    2.4127133426    3.2979098206    0.4374483469    2.2983774898    5.7274377118
  -4.2576070323   -3.4331866289    1.7450807844    1.5674473875   -1.1996703049    2.6837361097
  -8.0891886880    2.4805732209   -7.4804229817    2.3138241706    0.7732100971   -1.3346837908
   2.5447072391   -0.8221860954    2.5330568224    0.4625923114    0.1924961232   -4.3278517104
  -0.9131485512   -0.5757671253   -8.1050157478    2.2660482305    0.3961548949   -1.1829444824
   7.7623543714    0.0171208521    2.9062805723   -2.2657107494    1.3481188005    2.3884520584
   2.7856402664   -1.5443575404   -3.5325347818   -1.6252139505    1.7030421983    0.4665931943
  -7.7517661469    4.4690747145    1.1712126170   -0.4072890598   -3.6695856318    0.6986321483
   6.5456296908   -5.0453264525   -1.6094954980   -0.2198892366   -2.6053946946   -0.2720149633
  -3.9010224162    7.4966146468    8.3977689910   -0.3458415219    0.9319914515    1.6140603282
   3.8357749916   -7.2756593118   -6.7325649091    0.9354760161    3.1071503867    3.7323822827
   7.5656129274    1.0503219860   -3.9150463268    2.1166204155   -2.3503647106   -0.6569524847
   1.2946923540    1.4612104365   -7.2436749061   -0.0941778873    0.0748787577   -1.3979427277
  -6.5856645777    7.9852522036   -2.5852974273    1.1437841997   -1.4646011935    0.4631215085
  -0.1339065945   -3.5299158698   -1.7618179485   -2.6643624894   -0.6371640599   -5.9531490510
   0.6866987668   -2.6920375912   -1.5576009777   -0.8930173980   -0.5311282414   -0.6367609982
   0.6389334972   -5.6903629879    0.3718573061    1.9656426996   -0.5602632008   -0.2596650701
  -3.9323385141    1.9775747307    7.6851490124    1.8193840363    0.6712120322    1.3971460992
   3.1208872434   -8.0696810665    1.1414671960   -1.6402289177    2.0382811323   -4.1651992660
  -3.9264617539    4.7702380504   -3.8270026108    1.6207836099   -3.1937160690    2.9109892521
   4.9093074394    2.9713030806    6.6408540190   -0.5036607696    4.6306636616    4.5350927554
  -6.0969368746   -1.6369548380   -5.0869840780    1.0081142579   -0.5518582719   -1.4728845055
   2.8182679182    6.2941625725   -3.1822032150    1.3332525337   -2.1952924439    1.7997542091
   5.3168894650    2.3987871204    3.4361842289   -1.5795492320   -1.9235340108    1.4157841286
  -7.7516194340   -6.3184254023   -4.5775655911   -0.4205054223    3.7321225795    0.4897033221
   7.6364512637    1.2697682831    0.0875023553   -1.2392491081   -0.8967722311    0.6540628047
  -4.0778657173   -4.2632372387    3.4474049995    0.7371894695   -0.7544464448    3.7372073424
   3.2816350525   -1.2440734119    4.8658399235    2.0884532458    2.0916538923   -0.6369490022
  -8.4385297477    5.7398194392   -8.2104484566    1.0311388521    3.0233421521   -0.1100538363
  -0.9430115595    0.6097963870    6.9924642714   -1.4106880824   -0.0213885346    3.5247079239
   3.2406735047    2.8575785357    5.7761164627   -2.4346727420   -0.7951517756   -0.2323446016
   4.7122801044   -4.5170420470    3.4846977717    3.0231742769   -1.4138807013   -0.9645693185
  -7.3861197699   -7.0529115056   -1.3137926016    3.0444114242    5.7380944926    1.2815982734
   5.6719675722   -0.1329157866   -4.6057080427    2.3985744345   -1.2474259291   -1.0243384842
  -4.1958409388    1.5087899456    6.8054595881    0.1368666254   -1.6718202590    1.2443968201
   1.8935207908   -6.9895257984   -2.8387957300    0.7456254813    3.3577877555    2.1034278817
  -3.2726750044   -7.8617288651   -5.0285070880   -2.3481316884   -1.4581995120    0.4065160691
   5.0375523033    0.5200265903    5.4300623737    0.0814146943   -2.2107179178    1.5317814058
  -8.0838154848   -6.0098382842    2.1427152609    1.5651787670    0.9278581064    1.1518725071
  -0.3861466982   -2.0251334946    2.6803864863    1.2381083001   -0.1242383591    2.6416024502
   3.5505292440    4.1413644021   -4.7289451429    2.6388354506    1.5952383909   -2.9428568978
   0.7671707225   -3.6517332127   -6.1128533256    3.0016544662   -2.2205576972   -0.6646317701
  -5.4613291881    6.8861115770    2.2716624230    2.1254072503   -0.6021882451    3.7917141382
  -8.4423480175    7.1812924861    5.9209230908   -2.2968009721    3.2819928847    0.7343001603
  -2.8020535053    2.4888133768   -2.7648444983   -3.9957932420    1.8592560694   -5.5205793619
   4.5023433942   -8.1733340542   -1.9449238173   -1.9781201510    2.3351333901    1.7688569914
  -7.3441028513   -2.6800635687    5.0585880071    5.1447639911    0.1760742439    0.7643348888
  -4.0051691348   -8.2966714271   -5.9596515818    0.7651671092   -3.3493782981   -0.4573324711
   3.0500947106    2.8652427478   -4.5263091911   -3.1844464440    0.9284204742    1.2046651337
  -2.6733951388    6.3961085822    8.0769968225    4.5971444618   -1.2887023036    0.0092385934
   4.6104412709    3.5389292294    8.2550040967    1.8187247317   -0.6786866466   -4.5867208685
   1.0445017908   -2.2764978477    2.1588720627   -3.4510206081    1.9971704948    1.2154132677
  -6.3416685362    1.0411344064   -5.0552572590   -1.9466876846    3.2831688669   -1.3000139301
   1.6268916246   -5.2963973533    7.4034628654    3.2814707480    1.7176564975    0.8977550143
   6.7606708461    6.7157600432   -6.8170223145   -1.1523181117    3.4782978359   -2.7349140735
   2.0384254065    6.3304351447    5.7171518590    3.0728478526    0.9126806664    3.7862787583
   3.3649719219    1.3862703273    1.8238630157    0.2951943687    1.6759815921   -2.1749925422
   5.7447766892    5.1427171553    7.3127705703   -2.9104701750    1.7622419901   -4.0063405654
   6.4469295395    0.3095276250    6.9417946832    1.4165761015    2.6392103967   -0.4541871457
  -1.8414108012    4.6887893538   -7.2839572065   -1.1879569155    2.7640037871   -1.6410601466
  -1.5352796808    3.1068398079   -6.8600381154    1.1187152313    0.0991382009   -0.6584379274
  -3.4290912753    1.1415341673   -7.8678147178    3.5386859830    0.3879639524   -1.7535431287
   1.0528157764    7.8033788813   -7.6317578029    1.2152102786    1.1158695362    3.7733051032
   8.0486349712    7.3380710467    8.4493314066   -0.2974985077    0.1261057434   -0.7261139127
   0.3041202499   -1.9097595160   -2.4744987392   -1.2999341749   -2.7405978041   -2.0556009713
  -7.1449335073    6.8730046762    2.1124277798   -0.8065680959    4.9302521198   -2.8259162101
  -4.6975876102   -3.2284691184   -3.0956401252    0.8955082154   -1.3871166277    0.6426284794
  -8.2455391870    4.0246901623   -7.6068888384    0.0070885611   -0.5058871693   -1.8660737455
   8.0708262715    3.0637753336   -6.9241074079    6.1490403678   -1.4009692507   -4.1652977402
   8.2200100380   -1.4622355269   -2.8429822100   -2.0344097707   -1.3719454395    0.1196364161
   1.7935393964   -0.0785860449    3.4226985661   -1.9522471127   -0.2262488087   -2.0176369395
   4.1231042869   -0.2441107968   -2.2171664584    0.0859525881    3.0545641474   -1.0438295883
  -2.2966386002   -1.3032739346   -0.4859331096   -1.8425645469   -2.2088448259   -1.5316060174
  -2.1177082274    8.0021124252   -6.6260887391   -0.7786110187   -2.2080541002   -2.4886896385
   7.1080055868    8.3741128391    7.5797866813    1.1179264080    1.0373521438   -2.4156006558
   0.9138790084   -6.9820034969   -7.3086200376   -0.6146690652   -0.2406567982   -0.9281541346
   0.1419454843   -2.1853185214    8.1029740085   -2.4461383407    0.6391190790    1.0043204785
  -1.7877776022    7.6528160607    6.7361604760    2.0335906204    0.0898859471   -1.3731652778
   4.3766071257   -3.8607612260   -3.0988690088   -1.6372800995    0.2176003012    4.1136316242
  -5.1110188644   -8.2440025694   -6.5458358156    0.7413266805   -0.9063931118   -1.4768828499
  -4.3320431847   -3.3665606880    2.7657753403    0.0517077163   -1.1546599594    3.0380127772
   5.7510136064   -6.2890673117   -6.3120875328    2.1004371020   -1.4967994033    1.7278702641
   7.5265871803    7.3461730523    2.2853465341   -1.6366139412    2.8341236925   -3.4271413759
   3.7201786724   -1.2401019677    0.3973509417   -1.2074569508   -3.8825295740   -5.7486765854
  -7.3667797763    7.7255403565    1.6340476801   -6.0269877354   -0.2115535763   -0.4191925316
   8.3399068936   -5.3634515621   -7.9660785853   -2.1001756199   -2.7085249934   -2.1428500976
   1.9555498098    4.7287689861   -7.6358611669   -1.0110123047    1.9483053777   -1.1367246217
  -1.1802548359    0.4778329455    2.3635946776    3.1963486041   -4.3342252316   -3.0202919885
   2.9491811804    3.4198976716    7.2452522535   -3.4759401702   -2.4980063888    0.7953848143
   1.1073186040    4.1124522548    5.6638533769    0.4059428221    2.2709679560    2.3492855269
  -6.3184381042   -6.4445340338    4.4491390973   -0.2246494222   -2.4631123669   -2.2798285425
  -0.5967202326   -5.0340476417    7.1787924541   -0.0751800668   -2.0147205604    0.6092776311
   4.7462673160    4.2313654906    7.4450167306   -4.9423813494    0.7841301473    0.5507849447
   7.8807486676   -2.8047829390   -4.4264043165    2.2321596910   -0.2876359142   -3.2976951470
  -6.0802691559    7.5256043283   -6.0401298248    1.6338999210   -0.6096312241    2.2631852703
   1.7098846580    0.9577707255   -7.9393188437    0.9720851884   -4.1337741298    2.1862619985
   1.8948255876   -2.3404801211    7.4306908272    0.2816585327   -1.8894978200   -0.3604364409
   2.7694489928   -4.6087183092   -7.5746436905    0.6438257800    0.1469130917   -4.2315171415
   8.4833689963   -1.9400784092   -7.3604332654   -2.6400034220   -0.0911875200    2.0527788548
  -6.4396038645    4.0101613462   -4.7436608419    4.0309285649    0.0574491584    2.6944517683
  -7.9627769980   -7.6676107459    6.0853453492   -0.9887549957   -1.7386621377   -3.7176021279
   4.6502556964   -5.0762389274    6.2739844914   -2.1285809628    0.2632031955   -1.2745309938
  -2.0438438612    6.9961439466   -8.2778419520    1.5871385796   -2.4983662935    1.7756865149
   6.0372542749    2.6101889978   -6.2238534255   -0.0044211833    1.9914294492   -0.4693592106
   6.2445160421    2.7956608142    7.8504341435   -2.0310823673    2.4059866694    0.3209234656
   6.2312440112   -0.8800743487   -3.3744046919   -1.7623716520    0.8555542180   -3.7865307876
   4.9228618145    5.1171919970    5.8567168417    5.2352474918   -2.8614414773   -3.0949892940
  -1.1542178295   -7.7317468086   -4.2220472881    0.1847645873   -1.9213074118   -2.6706108944
   2.0930068948   -7.5256675405   -6.3941951499   -0.3678582648   -1.4475679050   -1.2033476626
   2.9477462653   -5.6592691520   -7.0994436205   -0.1996369206   -1.3399162726   -2.7532919999
   0.4038384880    2.4435970615   -0.9753470342   -0.1110639201    1.4649544495    4.7211649487
  -5.2579070783   -7.8056844295   -1.5564924066   -1.3403412073    1.2412951020   -2.0805273314
  -4.3433430730    1.5073303622   -2.6703388601   -1.8156561048    2.4377021225    0.0725531988
  -2.5231392982    0.3982454229   -8.4282506663   -1.2274408411    0.8315776066   -5.6653286111
   2.7938887723    4.0335858778   -7.2128271750   -1.7045225819   -0.6341420309   -0.6874102219
  -5.8744260310   -3.0940675505   -7.1305571294   -2.2293086091   -0.1093779590   -0.2940353290
   2.7222128419    3.6387434818   -0.5069977393   -4.0807006129    0.2050712672   -1.9545326911
   7.0049472252   -4.2830879774   -7.8703069129    0.1238496547   -1.4603507715    0.0296816111
   3.7517640348    0.0897932926   -5.7760834111    1.8655848847    0.7440410128    1.8673308197
  -5.7171100635    2.2715318561    5.7223379505   -2.3254010913   -1.2819094704    0.9021671319
   4.3884293076    6.3975370025   -3.5261066494   -2.7792090217   -0.8297825810    1.4572552277
   5.7964042093   -1.4297698807    4.9398332789   -2.1749208769   -0.0888047852   -2.3766903997
  -5.4208457088   -3.0745892211   -7.9095619980   -0.7014543987   -2.0643788345   -1.6652594839
   1.4891106871    0.6037779061   -6.7124191226    1.8097930136   -5.8323071844   -1.1991477818
   7.8664761945    4.6541568274    2.5503467884    1.0111987569   -0.4364578302   -1.4335320733
  -6.5244288372   -5.6133865072    0.7333275975    1.0389017916    0.3342214884    0.2553770303
   3.3672325545   -3.7866834689   -4.4943245790    2.1055656161   -2.4112499517    1.5170991783
   2.8779718711   -3.0956147215    0.8562859286   -1.1313517728    1.1348527196    0.6561685997
   5.2435038886    4.9634215659    0.9518895755   -0.6945422802    0.1709593693    3.8793469364
   5.5485562501    1.8030219529    7.3081653638   -3.2048152998   -1.2011544480    0.8764453025
  -6.5547010329    8.1238687587   -6.9316572510    1.0888662414    1.1287350302   -1.0517006328
  -2.1474763689    8.2980654937    0.6028380988   -0.1453369477   -0.8249207802   -3.8853270009
  -1.4874903683   -1.9212076605   -0.7654127040    1.1937482182   -0.6601039799   -2.7463401564
   7.1098556018   -4.9265188965   -2.8215216022    3.5264122132    0.8548027613    2.7066559847
  -6.7937097788    6.2932363710   -7.4750407720    0.1197033147    1.4497551630    1.5645278868
   4.5102013541    3.5101088933    1.3426571372    3.4556979824    0.6510169559    2.5649976466
   2.6010963245   -3.1851450140    2.2277839073   -2.0604127767    1.1220301034   -3.2780193838
  -0.3173671894   -2.6460581163   -2.5234663787    2.6430276641    2.6942250255    2.0704028225
  -1.4933004149   -0.7879020047    4.4131547539    0.3367144017    1.7414811120    0.5938179731
   6.2520101061    8.0927081648    5.2284260599   -1.4255502175   -0.8946337810    0.9393061569
  -5.6166173198    0.6193586529   -0.5875685178   -1.5897678233   -0.2168048047    1.5729541042
   3.3609199083   -1.0752041597    6.8383182642    5.3009381369   -3.6062137475   -1.1219750411
  -0.3927633917   -0.2588213024   -3.3958124879   -4.3350630051   -0.9576168006    0.7914105722
  -5.8207569267    6.2035759044   -6.6286420130   -0.3541148298   -2.5148493218    2.0440686446
   1.0920914886   -8.3650523450   -2.5276376346    0.1859463794    0.1694509614   -3.0155689876
  -4.8111508437    0.5474575924    3.3930730031    0.9110264693   -2.9954145834    1.0705589459
  -7.3881713468    6.5374552435   -6.2370374189    0.8765594011   -4.2366424793    0.4353250970
   3.2344097911   -7.3791098443    6.0384473594    0.9138105137    2.1267027763   -4.0324445662
   8.4057576041    1.6373552835    6.6377176005   -2.4423964987   -1.2224695815    0.4220409690
  -3.0879234108   -8.0349973440   -1.9495425809    4.2229827504    4.7716949015   -3.3080115368
  -0.4328560649   -1.4811237723    3.5363351815    1.8982479474   -2.4325498570    0.3230725592
   6.2178053576   -5.6571308239    8.2600433555   -1.2516232386   -1.8589112972    0.6942590398
   1.5643819295    3.0948398345   -0.4039386841   -0.1414572738    5.3999270397    1.5972545330
  -6.0998158181    2.2676812483   -3.0881047370    0.0823950358    0.6596043713   -0.7943282182
   8.2759725371    2.1592527097    8.0277297726    1.4693124093    1.9333414748   -0.5181750345
  -7.6833800306   -3.1203048536    6.8195254329   -1.1312000459   -0.4706583185    0.1779413263
  -6.2379864559   -4.7610151434    2.1584149567   -2.3764050035    2.3449589455   -1.4195113258
   8.0845785975   -6.2400422499    5.4213736251   -0.8139733641    0.0275938056    0.6554625318
  -2.0097811025    8.4105835171   -1.1957862200   -5.0729856370    1.9988457576    1.8593930063
  -1.7634367913    4.8765733537    3.4886342346   -0.4902168335   -0.8616171566   -2.7345666412
  -6.4861577956    5.7344143212   -4.6932638234    4.3557313982    0.1050178850    2.7562024097
   6.9878516841   -0.7610984411   -4.9268531224    0.7213896795    0.1599434145    2.3793542380
  -2.7351970268    5.5316969672   -4.3455577491   -0.8457697344    0.2315058467   -3.9531472376
  -7.0691712230   -5.1262525979    0.1226848380   -0.8002326302    4.0834608846   -0.5036832787
   4.8860284769   -1.4072634748    8.3854008892   -1.9958246311    2.8821923834   -1.0032303948
   2.1391867370    5.9098879359   -7.4619467058    0.1212823757    0.3328113856    1.7209369149
  -3.8217827154    3.5018536217    7.7563643334   -5.8215510640    0.6254887421    2.5272246524
   2.2713984611    0.9458212502    2.0431213163    1.2302435571    3.7021523443   -1.1770309521
  -4.4454368906   -1.9088954200    3.1133428134   -1.1423841875    3.2869563437   -1.5934457680
  -2.5880015457   -0.0735025514    1.6913188418   -1.2413293921    1.4812890527   -0.2118191575
   8.3088372142   -8.4972051343    7.1083260191    1.8915536054    0.1339600120    0.9233470520
   2.2079406537    4.0283674426    7.5778079489   -0.7011332260    3.0084454700   -6.2170541017
   7.5109350711   -4.1519127739   -1.8266162302   -1.8558020312   -0.4199380773   -2.3632967782
   2.2774183273    3.5645798159    4.7151000266   -5.2243808089    0.5803134271    0.0716028906
   2.3157704152    7.6524399773   -0.0641800220    4.0189857424   -1.1826284826    2.9998066276
   4.2838154704   -2.3245312677   -4.5483668305    0.6291535662   -6.7834293204   -0.5492432200
   5.1437253361   -0.8133081331    4.1876184234    1.6579861114   -2.5864886669   -0.6914772613
  -2.0833848569    7.8504784457   -7.9103997017   -0.9711921707    0.2336243387    2.0689916080
  -1.8335363928   -5.5865144736   -2.8169657862    1.2723669088    1.5590463732    4.3119085650
   7.7549486777   -1.3018116187   -3.8523924307    1.4532737975   -7.1635879971    0.1145034022
  -5.8332255796    7.9210203379   -7.8272332788    0.8403860350   -0.3759074549   -2.2889632926
  -2.8210993325    4.1102357513   -1.9109521508   -0.3991509010   -2.2287928070   -3.7007101139
   2.8722180941   -6.9517139032   -7.8790270246   -3.4102019315    0.2785513754    1.5884905960
  -7.5982504850   -2.7112524591    7.9131026849    0.1493381160    0.2357795654    6.5901263413
  -4.5687457359   -0.5664128678   -7.8457707737   -2.2888213797   -0.2731422187   -0.0155618250
   4.8762312699    2.6378596067    2.6942559577   -0.8613570176    0.5920147374    0.6015422400
   6.1355587242    5.8133695017    5.6523291119    0.2988298191   -0.5543003162   -2.1029187433
  -6.9789532858    3.9160885325    4.8995180993    3.4091169565    0.0633865956    0.4696198910
   6.2770670583   -4.8429749963    1.0213587087    1.1053099593   -2.2312376440    0.8838613774
  -6.4926205995   -3.0967352415   -1.8608557139    1.2000094785   -0.4810024268   -2.7907062211
   1.4217240148   -1.3798473123    0.1361634323    0.6196420974    2.4541870094    1.6819109166
   7.1548314295    3.2239754229    4.6443721500    0.9066375264    1.4569562501    2.0441884232
   1.2935057178   -4.0578276008   -4.2526118188    1.2843151056   -0.0405675395   -0.4394513262
  -1.4525923026    3.0677837853   -2.0618900862    0.2391774971    1.2798281591   -2.0997416828
   6.7833873797    1.0463499788   -5.4854687784   -1.9183755411    1.2181594883   -0.2684400317
  -4.5986384509   -1.8687867843    4.7890834061    3.3952370902   -4.0095856876    2.8674954175
   2.6113454167   -1.0761187462    0.0204189596    1.4979535411    1.2999248143   -1.7917644640
  -3.2884972402   -0.1882885227   -7.2796279794   -4.5884042195   -4.5388152154   -0.4443154273
   0.1147681905    6.1186865682    7.1969994484   -0.1520012905   -0.2928489134    0.6783384195
  -2.4632968461    3.6331443796    1.0212205303   -1.8185727507   -4.7156166459   -1.3663137152
  -3.0698432829   -1.1413816627    3.1457310394   -2.7135667518    0.1299773255    1.7754029338
   0.9761937464   -8.1668057521   -0.0890637542   -3.5070210225    0.2198276534    1.6620480769
   7.4826779026    7.3552153607    3.2877510174    2.6120317056    1.6602155083   -1.3791653258
  -7.5302640107    2.9461093039    1.8577787169   -2.7964743017   -2.7281914010   -0.9467807717
  -6.7731695380   -6.0019876193    2.1803416987    4.0513526913   -0.1259536914    0.9079667979
  -0.8113351285    6.8584422357    1.7214439024   -0.3250386996   -1.7842612381   -3.5843323681
  -3.0484228405   -2.6761592104    3.4995467723    1.9388915983    1.1587313251   -1.2006359651
  -0.0962893510    0.5226895355    0.9039517392   -0.4822646212   -0.4611017701   -1.5861901923
  -7.0868052012    7.3302832695    6.6313698525   -2.6057949930    1.9374506716   -2.9270897694
   5.6474024496    0.0063455383   -1.6690541883   -1.2075720270    5.2165420317   -1.2554209148
  -4.6689444404    6.0677666015   -1.6382310391    0.9152836561    1.3451849716    1.8133049681
   8.4704684299    5.9372692886   -0.3555631909   -2.0196241476    0.9800990055   -2.2367586970
   1.9367009391    3.0792926848   -2.9091311817   -1.1948909549    4.1125599644    0.5773638003
  -8.2417937336    0.4056992802    1.6838413730    0.1240554126    3.1823506421    1.2352776412
  -6.2551418638   -7.7697603799    3.1177633635    1.9273387407   -0.8078358356    2.3153434627
   1.6092565613   -2.7412048376   -1.0461309075    0.3105065210   -2.2198657810   -0.7881462037
   4.8548547100   -6.9473694123    7.7259701708    1.4393908752   -1.7580171137   -2.4208795059
   0.1956187956   -7.5248790789    8.0850140361   -2.2021353666   -0.6851341968   -3.0214385747
   0.5891251410   -6.3191893865    7.6322722143    2.0429711276   -1.1735382551    0.2342439958
  -1.6923319675   -5.8354209621   -6.1978223522    4.8035774157    0.6015219549    0.4693974428
  -5.0295403899   -7.7047318488    3.8426317363    0.3733509716   -0.3159801546   -1.8377571461
   0.6950926197   -5.6583406096    4.6560422528    1.5259104188   -0.0030501831    1.2236661860
  -3.9745438294   -5.0633628181    1.5104159968    1.1511572624   -5.5782933401   -1.4666995775
   0.1430537332    3.8027687534    4.7020073153   -2.6612929729   -0.3738427377    1.0337099184
   3.0485644284    1.9861528243    7.9401365062    3.6391144338    0.6898260328   -1.8837747574
   3.9688319091   -1.6799412137   -6.8657300046    2.9089798190   -1.9504022232   -5.8821751772
  -0.6270765382   -0.3704560048   -1.7066932866   -3.0016197859   -0.7388819025    3.4424819556
   6.6667805298    0.0206567771    2.3187234859   -1.7333969472    2.3578528221   -3.1785279148
  -6.2973056769   -1.2905019977   -0.7231230711   -1.0427527835   -0.0094371025   -4.5257525563
  -8.4562321755   -2.4926150020    6.0594355497   -0.9045003672    1.9309357665    0.2631523457
  -6.1455981084   -7.4520792893   -5.6656029757    0.8078624922   -0.3542543601    0.5555439313
  -0.6677036380   -2.8185416011    4.1673858822    0.1677365719   -1.1890415112    0.5824655946
   7.4391403020    4.0739256855   -2.8740323191    6.2748009502   -0.2522018072    0.0444495778
   0.3746746025   -4.8029632072   -4.7537784744    2.6516464602   -3.0453956863    1.0324202309
  -5.6278988327   -5.3425253141   -0.7010127155    0.2427010599    1.9831757446    0.8245133883
  -3.5766217107    5.2551460691   -2.3632563948    1.7552918117   -3.9956589716   -2.3406370315
   2.1377849783   -6.6481328010    8.5248718255    0.8862698947    1.6136714155   -0.4415180528
  -3.1581040930   -4.5426113339    4.4229783437    1.2744816323    0.7452214882   -0.1354074331
   0.6792917725   -1.9150541098    6.6617818517   -4.8763539532   -0.5407560719    0.1196138965
  -0.7736343430    7.8109346819   -5.2234459454   -0.2753737212   -1.6862957183    3.6697263576
  -5.4634331339    1.4705488408   -7.2741517910   -0.2785619726    0.2444825600   -2.5007158766
   6.1282271072   -5.4307556685    4.1690807989    1.9947939842   -2.1684679705    3.0980271591
  -3.0747893721   -0.7931495022   -1.6716965068   -1.6918438718   -1.9770970754    2.3101503677
  -6.8179868243   -6.9877141281    7.7985949274   -1.4807614987   -1.0153412046    5.2554622052
   4.4371892889   -7.3214069623   -3.4425726624    0.8502724302    0.7031276912   -6.1266799449
  -5.1305883197   -2.6597149490   -0.3715403191   -1.2229606803    2.0704070236   -1.7638414728
  -7.7554810553    1.1757139646   -1.7633525914    2.2388023918    0.0445293544    5.2407306671
   5.7635036651    0.6349218002    4.1587101586    2.3452316284    0.7030783527   -1.6515439256
  -4.3042814197    7.8350874576   -0.2982449647   -2.0696411688   -1.0232736618    0.0124964949
   1.8262399543   -2.7388058986   -5.4574370525    3.4812229983   -0.0764315738    0.5588069721
  -0.5638912566    7.3532829302    3.9190281327    0.9959395790   -0.3166364591   -2.7117245066
   6.3948887230   -0.9998168269    5.8410055129   -0.1751468942   -2.5153411418   -0.7470376800
  -0.2048518044    1.9899943242   -5.2801906248   -2.2466166066   -0.3958668560    1.0793925836
  -2.9049008704    1.1084737403   -6.5961584590   -2.0060491919   -0.6658001114   -1.7022221059
  -4.3566941146    1.2553247882   -1.3175420494    2.9061889898    0.6730592135   -5.9673942362
  -7.4857107328   -5.4690158618    7.3532338927   -2.0545747018   -1.4302308946    1.2693182275
  -8.4257238584    8.0987037243    5.9074057179    0.1713894176    3.1116536280    0.8274177230
  -4.4460279583   -1.8661501454   -6.9193463594   -0.2407506951    0.9841025468   -1.2554633448
   1.9342053197   -2.4603703175    5.5563812580    0.1974914027   -1.5001597769   -1.5516069153
  -0.0197145164    0.6411365791   -2.9215202438    2.8213954787    1.7012436919   -1.3633741693
  -2.8928349483   -5.3166775291    7.9172849706   -3.6032912073   -1.9986905111    1.3832581115
   0.0625857952    0.7384581973   -5.4519822977   -3.5460911035   -1.6881666144    1.6782014382
   7.1856507224   -0.4354446350    5.6009434190    0.2510992167    2.3876139794    4.0681445338
   2.5798576170    0.8674174346   -5.8682952728   -2.6341183751   -0.3155481312   -4.4485079357
   7.9493445163   -1.8039777754    7.0677731828   -2.4220775760    2.4463280667    1.0848924973
   8.2791545915    2.7699720593    4.5882702328    0.4621409144   -1.8398804016   -0.2833045762
   6.8380747798    5.1400495659   -5.8304031709   -1.4451699196    4.0349498625   -1.1626621585
   8.4736758483    8.0164585637   -1.4573519577    3.5768404283   -0.0909430831   -0.7218676250
   1.2243067418   -3.9632639599    1.4789183114   -0.2734586073   -0.1231983491   -1.7647104769
  -3.2140747787   -6.9747998652    1.4902916279    1.7464141636    1.5832765680   -1.9626830624
   4.3683587156   -8.1607733996    0.0287368498    2.4501560815    1.5465078783    1.7415994707
   4.4544200736    4.6245098517   -5.2957969639    2.8613970377    0.4278082977    0.9726792405
   6.7033380349   -0.8855854749   -7.6420630545    4.0157315349    0.8705166831   -2.0120850730
  -5.9909721017   -0.1217925481    7.1666390800    0.0214777649    1.8922184364   -0.3404067830
  -1.7471832026   -3.7879684568   -5.8010646668    4.7409049948   -0.5847986151    1.3460373243
   7.6194978831    3.1918648307   -7.7300266337   -0.7525703801   -0.3720466218    1.6574567561
  -4.6104098373   -6.4540232944   -7.7619855021    4.2261019693    0.2030969580   -2.5377548233
   3.8726072141    3.9925764663   -0.5813936017    1.9240929262    3.5781535311   -3.4910442910
  -7.9315083171   -7.5561632021    1.4355307265    1.3885273169    4.2889965076    4.3318880164
  -4.6348333826   -1.2001846219   -2.4867417535   -2.1349565436   -1.4302076807   -2.0398340882
   7.5446714026    4.8580255585   -6.6445074868   -1.8060922316    0.7212484807    3.6770645503
  -1.0876865178    1.7926961579    1.6572779078    0.8803061318    0.4729126305    1.7635547032
  -4.4811601184   -5.2977494464   -7.4919124782   -1.4187629727   -2.1111926476   -1.3348416876
   5.6252796166   -3.2148100018    3.0757702016    1.8406904123   -1.0485989061   -1.9666482429
  -2.9469117151   -1.3112974123   -5.5168274752    0.7406443713    2.4393952486   -0.4271983994
  -5.4801652647   -8.0909904432    7.7130981680   -1.8965593733   -1.8591048578    1.6922518988
  -3.9034502133    0.4769811644   -0.6772685724    2.5068326714   -2.8051304405    1.5906703918
   1.1615509917   -0.2812098553   -0.5503502677    0.8434924553    0.7130881897    3.2759264685
   5.6330919178   -8.3984032494   -2.4570269735   -2.2432716737   -2.1245759679   -2.8839495344
   4.2210534704   -4.6434255997    1.3200511310    2.1887351893   -3.4988417032    1.9761526064
   6.5793966020   -6.5968411455   -1.6787570222    1.1236575468   -1.3800754360    4.1735097631
   3.1125104828    2.9524083277   -1.6530835569   -1.5006263045    3.5985589842    0.5134514566
  -1.0463177439   -0.0204854361   -0.2080369769   -1.4722494712    1.5534182895   -3.0321708953
  -2.7074818712    2.1729285435    6.5381570157    3.0008969068   -2.8153712928    3.5083878722
   7.7501560445   -5.4088265841    5.0825029839    1.2871353540   -3.7735382990   -2.5594009888
  -6.4420959886    0.1854291390    4.3612755300    2.1968973192   -2.5783805302    2.3855705048
  -3.5783833271    0.3212937814    7.2753945326    2.2114631670   -1.3529581738    2.3256962359
   0.7716434351    1.6646763874    3.7131339008   -1.2484260981   -2.6952850756    2.9912221414
   0.1073567621    6.7019633676   -3.9269900691    0.0528534699    1.6050555915    1.9841998639
   0.4929079471   -7.4489015124    6.7308842041    4.7099978749    5.8868856947   -0.3219899534
   3.7991123924   -8.1011231988   -0.9578277202    2.0903670074   -2.1649071505    1.7033083819
  -7.4215589590   -0.3758201203    4.5006616799    3.0076054413   -3.3756601672   -3.9482459711
   8.3479232902    6.4732795847   -7.6871037964    0.5171307757   -0.8103050132    1.0185101032
  -6.6373477268    3.6009342322   -1.2105720844   -2.3611435221    0.1279156287   -2.5950321812
   5.6678771224    6.7131800447    3.5114089301   -1.6711840215    0.8513636095   -0.1675186844
   3.0918890447   -0.7415620383   -5.3193826650    0.7041259846    0.2688949533   -4.0293019695
  -5.9139130128   -1.5264750431   -6.1441907245    0.1773533442   -0.2097644238    1.9430344443
  -1.1425382814   -5.2243013287    5.8716782910   -2.8944804263   -2.9684315840   -0.2026389700
  -1.0275018923    6.5739116060    8.1472175865    2.1872395652    1.9038124516   -1.9662911047
  -5.5557005553   -7.1523885908   -6.2743349351   -0.3514926303    1.8454356505    3.6143509105
   1.9991604272   -5.2908805623   -7.0026879910    1.8349563367   -1.2894262426   -1.1856334929
   7.3357728848    2.8069166046    8.4415034970    1.5936386224   -0.6822037703   -1.8251632398
   0.2074085111   -3.9930249483    0.9899515549    0.0738452284   -1.1150890493   -0.1963845007
  -4.7240096342   -7.9634880431   -7.6754111921   -2.9493961948   -0.5202798326    1.1633538658
   7.5493314436   -7.1856869673   -1.1054941356   -2.9542356432    2.2052674778    0.5256897920
   4.5745229159    0.7193730021    7.2866754760    5.5936752193    2.8877799151    0.1996036783
  -5.3127153139    0.1353089172   -6.9884743520    1.4020725068   -1.1432198174    0.0589873845
   7.1913713789    3.6320995779    1.9960843862    0.0273130276   -1.4237478643    0.4247835002
  -6.1849629152   -4.4976315957    0.6591772277   -4.5076131919   -1.3270058852   -4.7455396162
  -3.8402422389    3.5510058572   -4.9315755224    1.4501987521    1.3928944150   -4.1319027146
   7.5542500704    7.1291240493   -6.4294920082   -1.4293223823   -1.3679985170   -2.5965229020
  -1.1870612152    1.1911250785   -5.0321202863    0.1513156418   -2.2626016644    3.4537440855
  -4.8792225639   -3.4767192809   -4.0014178007    0.9855602938   -0.7743138377   -2.6590716154
   6.2898828516    3.1519606796   -0.1152801691   -0.9047636700    1.6404967800   -0.9830313595
  -5.1572379592   -5.7411933560    3.7590661443   -3.7180130770    0.8318740729   -0.1290741733
   1.0793176043    2.5406962640   -2.2910890664   -1.3217577972   -0.1050633298    0.6452301271
   1.1596749419    0.5361021318   -3.8436228828    0.4777784805   -1.0707199677   -2.9436840677
  -0.9470000030   -2.5996786785   -1.1042186348    1.9192030537    0.6742577604    1.7582052992
   2.3074145899    4.8245341453    4.7227516548    0.6147049276    1.5270032049    3.1019198483
  -7.3787465175   -6.9925251102    3.9153806789    1.7613106830   -6.3780205733    2.8926383212
  -3.7895590300   -7.8782070521    1.2237761991   -1.0195137254   -0.1572196192    4.7621596023
   1.6948552346    7.2321153705   -2.4291483777   -2.5414562700   -1.0468217203    2.1579774468
  -2.9591146425   -5.6715007872   -8.2001063670    1.4304664652   -0.7099132903   -0.2964591846
  -2.2670903535    1.0307216669    5.5521088028   -1.1465090442   -0.5317151315    2.3070867746
  -4.0695206707    2.3217430105   -0.2211451164   -4.1541234651   -2.5483503501    1.2690455485
   2.1008655495    0.2116216366    0.7256453012    2.8729704904    2.2463751725   -1.7953893781
   6.4572906654   -4.1433488880   -6.5836245052   -0.5640856653    0.4843168852    1.2411232486
  -3.9354138062    6.0543019859    1.1339189737    1.8991462006   -2.9279973752    0.5811409913
   4.6930511251   -5.0990558597   -4.8868884297   -2.1316938774   -3.6920545494   -1.8625729390
   1.4443538027    3.0483743888   -6.5133875181   -5.5627982336   -1.7985917275   -0.8091364292
   6.7072266380   -4.9131342880    0.1666497858    0.6730048311    0.8180488866    0.7568914928
  -3.7104506780    0.7061306025    3.5699742838    0.6230812357   -2.0227042225   -1.7597841059
   3.7460120939   -2.6897014975   -2.3780990794    1.8548550977    1.6651689069    0.7339592293
  -6.0134775148    1.3383118506    3.4858126355    1.7721824677    0.6719097069   -1.3329036338
   3.2708932441    8.1023888895   -2.9219392602    2.8285838286    0.8760122678   -0.4262054977
   6.4532343994    0.8545935732    0.7585781257    1.4542680273   -0.3380366384   -0.4979251593
   1.3690556778   -4.9892040450    6.4031726020    2.5271060945    1.4131200255    0.2555970032
  -0.0807635042    3.0556412601   -6.3499992903   -0.9994469776   -3.5339711531    1.9948157420
  -1.3458908598   -3.9952149497    5.5143837059   -4.3230118825   -2.7491940262    0.4559772195
   4.3023720686   -6.6172248681   -0.0021089607    2.1595572444    0.3946723348    0.5344596331
  -7.3683471437    3.5626737268    5.6515338348    2.2939431643    2.2924662044   -5.4273208081
   4.3122112942    5.6718151144    7.5589681740   -3.0548144027   -0.8120884201    2.4607009525
  -1.0257946434   -1.5290638673    5.9793969004    0.2176652769    1.4406339081   -0.7981741315
  -0.1629351023   -5.1852394562   -1.9404390105   -0.6508610011   -0.1124204231   -1.2150164994
   8.0570688485   -8.4198578258   -5.4120902260    1.3883352695    0.3973364315    0.1340114352
   7.4307013033   -6.9987832030   -4.7737066418    0.4089480276    0.4315514774   -0.5578823807
   5.7511698596    8.4589087244    4.1706798605   -0.1895519001    1.9955417351    2.4931575005
   6.0581927479    0.1495499482   -0.4365771210    0.7658592874   -4.5040395430   -1.4565101742
   3.3711170430    7.4429750176    3.9166373511    2.7730840319   -2.3174117521   -2.4728986178
  -5.5436663751    2.8285341966    7.2928746500   -1.4578326802   -1.8571641071   -3.0405235261
   8.4906955812   -0.5436425986    5.3338137202    0.7235323095    2.6984331659   -3.3633864949
  -8.5450842889   -2.2719341395    1.2419419377    1.2370720041   -2.0017513558   -0.1438189134
  -5.0801912450    1.8439232763   -2.0418201340    2.1277689728    1.3935677092    1.9473456504
  -3.9396893074   -3.9526871862   -0.0198816399   -2.2669069783   -4.2446655979    3.8500888806
  -8.0525098764    0.3685372807   -4.3879732479    2.1749227924    0.9637322821    4.4265520999
   6.6216141291   -2.9285846773   -8.2585207381    2.0849886469   -4.1187065432    0.9737484996
   4.0467394046    3.3364153397    2.9486096744   -3.7389575033   -1.7858169541    0.0379727091
  -6.3033262267    6.3065627102    3.6595122887    1.9645692875    1.3832348513   -0.1348032939
  -4.4422382484    4.1598830913   -5.7890171223   -3.6393606005    2.0546572425   -1.4302553718
  -4.3443660537    6.2022776566    5.3325771880   -3.1050550091    1.3737141242    0.1117661112
  -2.7603835822   -1.3840328373   -6.7955184757    0.7882598124   -0.4875718648    4.2864163740
  -1.2662695919    6.9226146009    2.9112782663   -1.2170127901    1.7362963985    1.0945685015
  -0.9295105605   -3.5160927590    7.6319967237   -0.7492527083    3.2126782277   -2.4350684695
  -1.4644196982   -2.5363776065   -6.7538230276   -1.8173086470    1.0559360310   -2.5058822594
  -6.0859794356    4.5427936028    3.0289476962    3.7745325101    0.7287408275   -2.4965912937
   2.9812775330    6.8095827788   -0.0741726211    1.7528947778   -1.0176111382   -3.8826154597
   3.9714983357    0.7578138466    8.1761149442    4.6149551506    1.2993075601   -0.4374420510
   0.9489752235   -2.9560308093    5.9469423994    0.9075041437    3.4958275134    2.9203111527
  -7.1856178098   -5.0112848248    3.2804496567   -1.5573712314    2.4695708381    3.0853095154
   4.5873563161   -8.4812475101   -3.2591975398   -0.3727663564   -0.1202138493    0.9959820314
   3.8202098528   -3.3612400397    7.1754703335   -3.2315193800   -3.5248720762   -1.5466950845
   5.9485414094    0.3145297218    1.6128974208   -0.3373873356   -4.8274191770    0.3091422545
   7.4271506648   -0.9578504657   -2.2187561096    1.7255503485   -1.3218389213   -2.2762164866
  -5.5750090014   -5.9768577524    8.2412587319    4.6151981018   -3.2586620394   -1.8092576942
  -2.8238571898    3.7957399709   -0.7924544073   -2.3556764059   -3.4029869413    1.0941060025
  -1.4142722439    3.6244740991   -5.7219095551    2.1476145079   -2.1383812817   -2.7622271828
  -2.2787869032    4.8384096206   -0.5243150298   -5.1226472768   -1.9763858647    1.5470053516
  -7.3759192445    0.7852309209   -7.0843402903    3.4706510484    2.4930698063    3.9445944279
   4.3546106415    0.6298248506    0.3304059239    1.2712418337    1.1882700673   -0.7772419566
   0.8098748319    6.0758003879    0.1509192745    0.0469719977   -2.8850653180    3.0091638748
   0.2037439127   -2.5280685874    4.9794204619    1.7602872187   -1.5412717020   -2.4844030692
   3.7018988158    1.1392713794    4.4177412197    3.2295405222   -0.4147843477    0.8723259867
   2.1942569182    8.4219720993    2.7774847028   -0.7215638831    3.0353578350   -0.7682945686
  -7.9881512526    6.1228534913   -2.7690258205   -0.4060201929    4.8704478380   -1.7607778810
   2.8770102563    4.2548065995    5.3810775056    1.0115541730   -0.3588979109   -1.5532213650
   3.8243365131    3.0038320670    4.3363735915    0.1764911090   -0.8110740114    0.6726924639
  -1.7401941733    6.6025876923    7.5110792377   -4.0043812256    1.4463970134    4.6283630648
  -3.4678737889   -2.3218722915   -4.6106859488    1.6728811920    2.7617153421    0.5758185309
   2.7658974625   -0.5780951475    5.4255274994   -0.8894030198   -4.3096641660   -0.7733312793
  -3.1763498586   -2.2948124000   -1.5214408861    0.4097043928    1.5495544707    0.9014160078
  -3.5978170196   -8.2804240059    0.0791674488   -0.8445908164   -5.0599605019   -1.9087608784
  -2.7682945207    3.3055087504    5.5508311015   -1.3890741336   -1.6141465089   -1.5525237764
   3.2250178579   -7.0485638007    7.2386218453   -1.3063258972    0.8373486391   -2.2781920528
   0.6498352907    8.1407289247    5.4791154557   -2.4013684089    1.2189947969    0.2264134399
   3.9639819145   -4.1254360062    0.0175344874    2.2917367240    0.6262789851    0.1462366672
   5.3421429959   -1.8672434775    2.1957274903    1.6013160785    1.6001624847   -2.0221189256
  -1.3323143540    6.1058399069   -7.1162831587    0.8637270230   -3.0776836578   -2.5014620856
  -5.5855688873    4.6699230390   -5.4534017758    0.7436755871    0.5753481535    2.4425110970
   2.2972527476   -2.5933607847   -7.4043450176    2.6320189217   -0.6742850980   -0.5566521450
  -0.2736555102   -1.4426223055   -5.9320042543    1.6318014741   -0.6780131925    2.1066315460
   5.7706873840   -3.3281138576   -3.9719298868   -1.6346899776   -3.8762077977    0.7245153437
   0.9283216984   -1.9373083327    3.9483557540   -4.3659452900   -0.6414172763   -0.2068481643
   1.6139574500    5.2825965451    1.4780949276    3.6896626748   -2.1548574191   -4.8500069852
  -5.5166282605   -1.2583931079    5.4048610619   -1.2098588699   -1.4916582228   -1.6429538803
  -0.9019802962    5.6299769632    6.3280017498    1.3676318035   -0.3288943184   -0.9939366283
  -0.7816660340   -2.2893289204    7.6023216917    1.4896490870    4.1862491519   -1.6132803225
   6.1552994069    1.5562461130   -3.4219774275   -3.8901217241   -0.0012536298    0.4315385270
  -3.1578175190   -7.6031013962    2.5056432585   -1.4359602741    1.4544555365    1.8228388126
   8.3430777514   -3.7455962368   -0.5126162772    2.3996911796    0.0902203657    0.2006709598
   7.2837957688    7.9986838605   -1.3261442889    1.4101051337    3.1278431284   -0.7600279989
   0.4094936881    4.8124871302    7.5527881290   -0.0202032037   -2.0044866434   -0.9442655870
  -4.1194642204    7.9505016135    3.0920186253    1.8273160295   -0.9667840381    0.2451573033
  -1.9681291081    4.0020070570   -0.9130855999   -0.0730079708    2.4961851855    0.5859029148
  -0.7047135163    4.5279149531   -7.6677438212    0.0329894561    1.6503983173    1.8672678710
   6.9396595199    3.7388534623   -7.8563111435   -1.8555294403    1.8242531450   -3.9956582178
   6.5677876066    6.9122726603    6.5904406633   -2.7196710349   -2.6605522461    2.5298617246
  -3.0073708055   -3.6495318781    5.4126375127   -1.7120314039    0.7828652355   -0.0437318024
   3.9787089493    2.8437762753   -2.7110943033    0.3164459818    1.5312593374   -3.0059946052
   3.7218705206   -2.3464395616   -0.7375011302    0.5047479554   -0.8711233144   -0.1681597166
  -7.2548418101    4.8100951920   -0.6296221190   -4.1294720348    2.9894376393   -1.6916789590
  -4.7469433739    5.0126254388   -5.8389840817    0.2806492228    1.9433055364    1.2063393650
  -1.7322549582   -4.8237949994   -0.2559128893    0.1546141467   -2.7677848084    0.9204027306
   1.7901846571    0.4260798819    5.5531886100    0.8860247112    0.4351541018    0.8665154489
  -6.5121842133   -4.3437667639   -4.1001190796   -0.5260448528   -1.4016371594    2.4020102986
  -4.8647919032    0.1827195919    1.0325695860   -4.0139615825    1.0399650958   -1.6960037070
   5.0421507857    6.1232821819   -7.6240022704   -1.8485151407    1.4292211876   -1.1657035497
   3.3582713965    4.0082945058   -2.4157806287    1.9689431225   -4.1057267877   -0.4789106494
   3.1284758760    2.6272013286   -0.3422076266   -5.2134229681    2.4285410313   -1.5686490193
  -4.3466524955    2.4394221937   -4.6179639746    1.6594389903    0.8366642328    2.1078088107
   4.4012049978    1.0138178583    3.8264010362    1.7645073488    0.2640531064    0.3309965067
   0.0769573381   -1.8459103162   -7.9182412073   -0.3220480737   -2.5653114360   -0.9985629915
   7.5104804007   -0.0270560896   -3.6480833934   -0.4538663314   -2.9420826975   -0.6487136103
  -7.0357383917    1.7161530541   -3.5731216475    1.3524127402    0.9270864644   -0.8984008938
  -0.4736756646   -7.8472462067    3.8396899741   -0.9920517076    0.1312073606    1.5908394210
  -5.1899774805    3.6505913575   -4.3975687090   -0.2695075465   -2.3239169080   -3.0449903010
  -8.4664978832   -3.4063264268   -3.8300250993    2.0906260894    0.5038584873    2.1140134942
   5.2569864054   -1.2330574135    6.8857890512   -0.4011251382   -5.0437149038   -1.5696416443
  -8.2070960939    7.9453262555    8.1692138782    0.0761801948   -2.0771751855   -0.1492149260
   4.2380051141    4.9979010778    1.7560460615   -0.7277210689   -1.4089303459    0.8868640769
  -0.7549014823   -7.5835187612    7.4870510477   -1.4691882119    0.7547583288   -0.8008432874
  -0.9815491202   -1.8397947348   -2.6063642951   -1.9288509065   -5.5334123833    1.4854868894
  -8.0401567291    5.1998042134    2.5438803463   -2.8581057336   -0.7284816625   -3.7212074606
   3.3885537712   -3.3068600578   -3.4514674554   -2.5590106760   -0.2513750028   -2.9616283259
   7.8248668768    6.9141844393   -2.0315812774   -2.3740165374    0.3776062893    0.9611954095
  -6.0638483516    0.8265409198   -3.2680535232   -2.5320253561    2.7747793743    1.3093673654
  -8.0184146765   -0.6875634518   -2.0691017327    0.1496925537   -0.4361962625   -1.8720846084
  -8.3673896612   -2.5055219010   -8.4067750868    0.7313470149   -2.1802739152   -2.5916839821
  -3.9718950474    3.2937533117   -4.0573881372   -1.0346558714    3.4504653717   -1.2550265570
   1.2823415148   -0.5560565347    0.7496848350   -2.4634048980    4.1623050697   -2.1235066792
   2.3388977503    3.1611246887    2.8342886109   -0.4286149940   -0.6084215520   -0.3561594002
   5.3465106833   -8.2608608964    2.6648322237   -2.4687531818    0.5548546382    1.0158919873
  -0.4333675836    4.5289802637   -1.9855101698    0.7475511522    4.0323079936   -2.2715338412
  -3.6957747918   -3.7361023135    8.3664046286    1.0258244460   -2.0347180578    1.1599961013
  -3.8369207924   -1.8373497059    6.0996371227    1.1737489825    0.3698278454   -1.0001734218
   4.2163069422   -8.3885238540   -5.7198809725    0.3100969484    1.2666246072   -1.7538625387
  -2.3057610306   -7.4654111469    6.2814928377   -4.7011386641   -4.2129643837    3.8944140569
  -8.2116251487   -6.3278322245    3.9887178558    0.0702120039   -0.9723131920   -0.7355958677
  -4.6342318334   -4.2121242555   -7.4460909050   -0.0653769523   -1.8142011353   -2.2681384531
   5.6812857234   -3.9187087746   -7.3060384975   -1.1954803030   -1.9830251918   -0.6202826893
   3.6714920420   -2.5340883842    1.2823376261   -0.3575793838    3.9134554843   -0.1610514989
   2.0438052600    6.0054681630    4.5340621459   -3.3878147106   -0.1897346843   -0.0606474044
  -7.8934950127    0.1345559123   -5.4058714793   -1.2210112790   -5.1548197676   -4.2433666030
   1.2733006423    6.4844850566   -7.6913715344   -5.6051726220    3.1943678711   -0.2037070614
   8.1889809715   -6.1897164638   -2.7325667658   -4.4368267749   -2.0655523816    1.1788164007
   7.5812640951   -1.9040174257    0.6044066395   -0.3867494839   -2.0882014246    3.1467845537
  -5.5433455303   -6.0140337975    0.8878757415   -0.3124023706   -0.3351663807   -0.7275722289
  -1.6511616564    2.1418881527   -6.9159645132   -3.7439140447    0.5051094715    2.3239722708
   6.7125940821    4.5249560874    1.5513779912   -0.9136658615   -4.1632791519    3.2279805411
  -1.5815538996   -8.1940735045   -5.6487314821   -1.0587944041    2.1840880291   -2.7081424851
  -7.8462551318   -0.7759345832   -4.1547030678   -1.8230227790   -4.1105878925   -0.9788242552
  -2.6228925602    6.9919066162    4.4519740295   -1.9248746366    3.4519254968    0.2498686443
   7.0664252242   -3.6085926352   -6.1383008674   -0.1180292144    6.8164814287   -0.3555342592
  -7.6676298965    0.1213577526    7.0749646989   -0.1080169934    3.1523053856   -2.6024440987
  -3.1455940272    5.0195140373    8.4252418327   -4.1588103659   -0.6696116183    0.5779419124
   2.5228396354    3.3388474857   -8.5470109054    1.9440075620    1.5824566408    3.5466016559
  -0.5411720909   -6.5194683519    7.9871138567    2.7582438280    0.8445003697   -3.0069716102
   6.4055577353   -8.1390645885   -6.9970095382    1.0688254575   -1.4863565818    0.7258323564
   1.2104556293   -4.6987247196   -7.2183879647   -3.8676584416    0.7762104804   -0.0110544324
   0.6238273377   -6.4706180246   -8.4553579959    4.7971106105   -1.4855682196    0.4910641108
   4.6950565793   -7.7908451127   -4.6371962250    2.1387053755   -3.4619193103    0.6461781068
  -4.5094519649   -5.0182507962    0.0691738968   -0.4820311383    3.5493774230    3.2658683708
   6.6005639332   -4.0319247766   -5.4441105305   -1.3022284553   -1.0156312475   -1.8617884881
  -1.1506694666   -5.0167758779   -5.7376280989   -2.2302117065   -1.8378673802   -2.4075126215
  -3.1550378820   -4.2544463551   -0.8335918054   -0.0864130433    0.1353503695    0.7242205531
   2.3603975950    6.9167624933   -7.0191287047   -2.3428914948   -0.6322920509   -1.4742580961
   1.6784412022   -5.4148438454   -3.7632207457   -3.1805573589    1.3759225082    3.9983861706
   3.7252460104   -5.4852701045   -2.9237668661   -0.3436004267    0.5213858677    1.5837370500
   4.3226951336    4.7046967137   -3.4860756027   -1.8158788321    1.4391581540   -0.9426509274
   5.7437475893    2.0100114795   -8.2773812435   -0.3527325397   -2.3801103284   -3.2275079273
  -2.0688760109   -4.2237769541    6.4220858087   -1.9281525470   -2.7266445983   -0.8971402284
   5.0305083998    1.1765680703   -3.0272465802   -0.3116066100    2.4859017163   -2.8385412372
   1.5077441319    4.1734445384   -6.8382192965    0.6589166047    2.6082306959   -4.7057367300
  -8.1724758089    4.9125628789   -5.7505507250   -0.9668543175    1.9863253558    0.2333542037
  -2.3471057499   -3.0238195340    8.1242717670    0.2775572373    2.0070744496   -3.2180258406
  -8.4883495357   -2.2112098654   -3.7003493708   -3.9441794543    2.9065637938   -0.8445242097
   4.6960433640   -0.1822247658    8.5262486441    2.6182805571   -2.7227525067   -0.4271547722
  -5.9331217251   -8.1223773256    6.4453413853   -1.7099763633   -1.4885076664    0.7971884252
   3.8739366965    2.2785086093   -7.5446846301   -1.2414065757    1.3926947813   -3.7989312347
   5.0290345270   -0.1659382562    0.5395778654   -0.7129503897    0.3471882097    1.4988260663
   1.2198512269   -1.3214256830    8.0750777890   -1.1205892309   -1.9535030424   -1.5051229812
   3.0941854397    0.7419463955   -7.5370671734   -2.5212774221    2.6953823536    4.5968232042
   7.0029178848    6.3197095692   -5.6489287564   -2.6951456654   -2.1247451266   -0.8596805853
   2.4714388550    3.5158537014   -6.2382614754   -0.0972858577   -0.2671492836    3.6382990685
   2.7431531583    5.7532586291   -5.1987706004   -1.0683406289    2.7253992726   -0.0871871899
   1.3459740848    4.6244281806   -2.5768902797    2.9236441137   -0.4261525248    1.5597245406
  -5.7030520795    3.1611220779   -5.2798113326   -0.1584443430    2.6208142029    0.5828785940
   8.4695083775    7.7765450044    0.2407926111    0.5491354486   -0.1689481437   -4.5584718298
  -6.2769571766    7.2010137685    4.9684570853    0.2504395659    1.9357544165   -0.1154022634
   2.8418154323    2.9991293620   -7.7385968542   -3.9591332274    3.9388931659   -0.9543892783
   0.1442932498    5.4401500339    0.4134186759   -1.1583237841    0.6363263636    0.9921168814
  -5.4837321381   -6.6147340934    0.2669632868    1.6011881773   -2.9752367323    2.6055049974
  -7.1971703351   -1.2631669700    3.5292393930    1.1267272845   -0.4142707463    0.1631944689
   0.4546549225   -1.4196166814    2.1489249727   -0.1310686910    2.5553806590   -1.1238039750
  -5.1900113565   -6.1206473229   -5.2170912954   -4.0871067865   -4.0101021921    0.0002611554
  -7.1266755966    4.4090567795   -2.1528491734    1.1699549300   -2.2187125543    1.1017253313
   1.7244638188   -0.6321537593   -2.9778852754    2.7257413680    0.0257344139    0.8290562818
  -0.4776374551    6.9839674432   -2.7984279877    1.1674018610   -0.5118004684    3.3367076415
  -3.2442390485   -6.5542796053    4.4183614261    1.5936282258   -3.6632631865    0.3004393356
   2.3867446173    6.1461689372   -0.9191127489   -3.5570701636   -1.0197078783    0.3333914074
  -3.1366239300    0.0198048949   -2.9279747473    2.2506474569    1.6561436613    0.2810162150
  -1.6734415223    5.4082432251   -1.9848963873   -1.5865039641    1.6961575382   -0.9777194372
   6.2836726583    8.3980849908   -1.7404694703    5.0755566038    0.5407878593    1.2429430448
  -0.9496279114   -4.1576082795   -8.2747443072   -2.4463534916   -1.3876167454   -3.3181324696
   2.0287026499   -2.6655698086   -3.9029775125    1.6468186808    3.6299942874    1.9745854334
   4.9416636777   -0.9444182810   -6.8602146855    0.0064891542    1.0242259807    1.3699153241
   2.9307907974    1.4231879488   -3.8929375919   -1.0290614327   -1.7808027000    4.8923856787
  -0.7078890123    0.2257977883    4.7720551910    1.9819636603    3.6210140085    1.2736028449
   4.6413060045    7.9766594897   -7.7546760971    0.5490492217   -1.6017210183   -3.1178976748
   7.4983121793    1.7585119216    1.4310730867    1.3397949396   -0.4231210513   -0.7174830863
   2.8669282438    0.6985684492   -0.1471642960    4.2465015090    4.8125697881    0.4371538078
   8.2849514846   -5.9756720437    3.0233758811   -1.3595983499   -2.7193043147    2.3311699685
  -7.2331068316   -7.1224095330    2.6685675368   -0.7711302491   -1.2762232929   -0.7540969181
   5.4784292555   -5.4919451984    3.3018968291   -4.7053941386   -0.6115193983   -2.1956955973
  -1.3702104334    0.5176346200   -1.4178556011   -1.8973093132   -0.0927371248    0.9169714184
  -0.8464661877   -5.5376130773   -0.8233814261   -3.6730905167    0.2063218570   -2.3937612309
  -7.2935023086   -8.5410251060    5.1182511209    3.8513368187   -1.0143523161   -0.9696444567
   7.8928470492    2.4707140838   -3.9664191450    3.2350997714    0.1328191555    2.3855069351
   2.6244667633   -5.7181010924    2.1024776227   -2.8401641233    3.4946927895    1.0076559946
  -8.3374197197   -3.7459099165    6.0156560574   -1.0995140612   -1.1137709432    1.5001332113
   3.1931005279    1.5777002996   -5.2970556629   -1.9371950294   -2.7400887826   -2.2802900112
  -2.1360375703   -6.7843140776    5.4156116512   -0.7237708121    3.1872124501    1.8550809612
   2.5279130007    8.0261624382    7.3619721399   -0.3419610319   -3.5088730119    3.3911637909
  -0.1904816746   -6.6507941926    4.4671983998   -1.3210785537   -1.5700423203    1.7900017473
   6.5871058301   -6.7095143774   -0.2272370729   -1.0548724879   -1.2929506222   -1.7756087275
   5.5426342227    3.2529808600   -8.0259357746    1.7328007230    3.7181343150   -0.4332370541
  -7.0681025096    5.7251419722    1.5353201110   -2.4542159603    2.9664070499   -1.9811784679
  -3.1115734396   -3.4002758908   -3.2283171028    0.1982084640    5.3874577622   -0.4224467393
  -7.8672126667    1.6844423872    2.7044280901    0.1243340448   -0.1882102553   -1.8283503791
  -3.0989558022    8.3168173093   -7.9623523880    4.0271447697    3.3433765698   -2.7909256737
  -0.1723117577   -7.0981517405   -3.4693183164    0.8516349158   -0.1170603448    2.1054961314
  -2.2401286077    0.1362697173    4.5517747697   -1.5844231487   -3.2355726826    3.0769923889
  -5.7898527320    8.1377251537    1.7787189352   -0.1492614280    3.6696416683    2.5467447912
   4.7772489477   -5.1692470887   -2.7877409918    1.2727505448   -0.0827029282   -2.2196510717
  -7.3962577295   -3.6404075664   -8.0089705330   -1.3344730572   -4.9040124410   -0.4714901623
   0.3131217523    1.8844483657    2.2888873928   -0.5410589170   -2.2926419557    1.5711697688
   4.1816393847    2.1459414816    4.9909545249   -0.6032778133   -1.7715782327   -2.3326336716
  -0.4093861995    8.5401754430   -6.6138279896   -0.5091437842    3.5648120603   -0.6285607377
  -3.2095155417    1.8004983065   -5.1199694327    2.6810484711    3.6023262740   -0.1480734409
  -2.1861495398    0.3845339540   -7.2335909822   -3.6196129454   -2.1359276872   -1.9761010809
   4.9592470382    3.7137956156   -1.4458530222    1.5875273093   -0.0288211490   -2.9990269087
   0.1278546578    3.0044904662    5.3859774516   -0.6852216308    1.5264999038   -2.8199625547
  -3.5482023391   -6.8633920268   -8.0644319275   -1.7078653227    1.0856278996    4.0367485939
   2.1379832758   -8.1341391128    3.5485080992    4.0020810643   -3.9516948361   -1.8958808581
   7.2696104641   -6.6565224315    6.8465477425    2.9723042970   -2.7251555888   -1.0341927790
   4.4797434425    7.7212623030    2.1475717683    0.5195466790   -0.6572942956    2.0146356774
  -4.1842993793    7.2241771818    2.1381886691    1.5745896856    0.8680882278    2.2167745733
  -4.3902812635    5.8710692819   -0.0998631014   -3.0487368734    1.7002345437    1.2622274548
  -8.4451858591   -6.2695402141    7.6663427863    2.2091290372    1.1237514643   -2.6396308286
  -3.0887267106   -4.0299442257   -4.1403965046   -4.8446803413    4.2902478760    0.6456718496
   3.1788702512   -5.2568504736    8.1379623688   -1.6356302082   -3.8797382961    0.9885214216
  -8.3732423019    7.7115314991   -7.8031477793   -0.0954456618   -4.8957567660    1.3313711413
   3.3433467048   -5.9705741755    4.6846230295   -4.3254860886    3.4754948611    3.6611207568
  -1.6923480566    1.2081152892   -8.1094819263   -1.6763370991    1.8212035523   -0.4821279320
   6.3160222805    0.8222301615    7.8151020360    0.3175015547    2.4367411891   -0.2906688721
   1.0263934180    3.0175173555    5.7474287861   -0.9907205551   -2.6398444343   -0.9000427388
  -2.8527138370    5.0013084485    6.3252713907    3.5563111827    2.7447708502    0.0201657909
  -4.4890923206   -3.3530985069    3.8061146353   -2.3282662076   -6.3096212230   -0.8636727488
   6.4276331579   -4.0693900013    5.7103756866    0.0027342305   -5.3541129572   -1.5683285097
   4.6811554005   -6.5832646899    5.7863146357   -2.4559476006   -2.8480356496   -4.4893141733
  -1.5173352262   -0.6068517359    2.6275136322    1.5645340613   -4.0600950561    3.9629613838
  -5.9785612034   -2.2359800886    6.1016729447   -2.5909174335   -0.3789489805    0.3126711443
   4.9008480964    2.0017622524   -7.3043614724    3.3797485106    3.4266706366    0.1052430781
  -0.4391528335   -5.6683287784    2.2084311328    2.2140222700   -0.0297554060    0.3149750981
   5.4240009648    1.7830571716   -1.3230268765    1.9269446589    1.3420762034    1.7349686870
   1.7014619080   -8.2793298610   -3.9749779846   -2.2671709483   -3.4218338019   -2.0047378074
  -3.3561711578   -0.3357970951    8.4463808286   -6.4939784675    2.1192455844   -0.4806730322
  -0.2801851616   -3.8758169633   -0.3496396674    1.7623957907   -0.7504114732    1.2635218067
   6.5750804359    7.9222133691    1.5807735762   -2.0418594208   -0.8241815377   -0.4212258176
  -1.9440831902   -2.8049622600   -3.2090945167   -2.8731494105    1.0682857677   -1.8822313113
  -3.8778758189   -6.2522229046   -4.9191887120    2.0381965069   -5.3063767734    1.3607905099
   7.5819029992    0.1086280989   -7.3495716454    1.0140036705   -3.6606148563   -0.6533295954
  -6.0527583407    8.2200268674    0.7832990712    0.8992303219    3.1621571085   -0.1545169763
   4.1474699534    1.1913075508    5.7545501051    0.0363073880    0.7507308339   -0.7134794780
   1.9320214300    3.5311980475   -3.7673366929    0.1764373472    0.4481247062    0.2118615608
   1.1165814845   -7.4855172062    8.5450909325    2.2943126560    1.5187619683   -0.1120926708
  -7.4483118101   -0.2047756978    1.9987148987    2.1089683092   -1.7668650145    1.6480825904
   0.6596414847   -8.1640617304    1.2563405643   -1.0429117729   -3.9424957025   -1.0309844472
  -0.2798548493    1.5463505500    0.4071218975   -4.0678083331    3.0719101279    1.7765836591
  -8.2221330958   -0.5479935125   -3.3421396878    3.1946264244    0.7299104226    1.5121662460
  -7.0941681601    5.8177240956    5.6079314968    1.0500899032   -1.0726816554    0.6529044961
  -4.0464955264   -1.6312750519   -5.7963436947   -0.2657010250    1.6166057213   -0.8834264590
   3.8640314433   -6.8063841717    1.3594642887   -3.4800150477    2.5030731429   -4.1413741962
  -6.1831357186   -3.1814833566    4.6245342443   -0.2732075104   -1.3503961050   -1.7649739531
  -3.3812636874   -2.5085833082   -6.4703231558   -0.4048938361    1.0080546124   -3.0869856326
  -8.4553300707   -6.5371692387    1.3463158905    1.7628439018   -1.4301893058   -0.6218415128
  -2.1422252336   -1.2244658439    0.4789547011    0.3020290492   -2.0232738982   -0.8922624480
   2.5445041308    6.5594362852   -6.0992808062    3.2334339110   -2.5923701144    0.2491882136
   6.8158430887   -5.1173111603   -7.1936092065   -1.8904640612    1.5810936017    0.2282378393
  -6.6587746566   -2.6328701294   -4.0721447178    1.2107902341   -2.8780807814   -2.1568984590
   0.8616122408    3.0724637336   -5.1967322137    0.4086192863    1.2383889955   -0.5131266645
  -2.8654369436    3.3537662932    6.7198422593    0.3246161195    0.2125718608   -0.1536537784
   8.1614235641   -4.6947148024   -7.0382685938    0.9580184491   -1.7998056378    0.1984374243
   1.6823464103    5.1267839982   -5.1498493694    1.3256341647    3.6319646905    3.1914492909
  -4.3654790352    4.2802516793   -6.7796644199    0.2479769782    0.4644677080    2.8576078877
  -1.2660437913   -6.2086660416    1.3589968511    3.3619770576   -3.2419385251    2.6643869178
  -6.5258661515    4.4578143266    2.0694947853    0.2500395430   -0.0957279105    0.5411353369
   5.2071288300   -6.5911442789    2.1588575530   -0.2488448682   -0.6081767592   -4.4144672445
  -0.0562131414   -0.2875568325   -6.0764566076   -1.3940948255    0.0776777008    3.6404532837
   3.1237960239    7.2636170386    0.8745929949    1.2764231248    5.4982037382   -2.1536340797
  -2.8364403522    6.1542901048   -2.3718585226   -3.4412789484    0.7142450116    2.0561135792
  -4.8760415663   -4.6610400041   -6.4144428281    1.1480494323   -1.1120060037    2.2357847257
  -7.2611259128    8.1681141302    3.9508715378    6.4582895591   -4.9710088898    2.3733736653
  -8.2513116410    7.2864614159   -4.2596630781   -2.9597095500   -0.0315183753    1.6393700484
  -5.7349887391   -4.6882621994    3.3457462701   -2.7130043060   -0.3066172637   -0.0714222160
  -4.2020183671   -5.2273795153   -3.7239381741   -0.0461321447   -0.6191699273    4.0828604448
   7.3750818833    6.1942372626    5.6939778107   -5.9682554013   -1.9514918265   -0.3382388501
  -8.3627248286   -5.3268123882   -5.7723569589   -3.3022425642    1.5706350106   -0.3535102411
   6.8468750420   -1.1497721994    4.5750112341    0.2458116509    0.2396982632    1.4840938159
  -3.1575796528    0.9011964765   -3.9882196168    2.0283924175    0.5685071254    3.4719081368
  -1.9697908937    7.6868756869    7.8394684820   -0.3119242426    2.0244015942   -4.3241368978
  -6.3122002324   -1.9251214196    5.0020826971   -1.2879038530   -0.5818895187    0.2887651091
  -3.0665008866   -6.8648290541   -6.1857480667   -3.1192993877    0.2956679436    0.7309709785
   5.1523875790   -3.5243121300   -6.6740375421   -1.4029417661   -3.1788649622   -1.8899248232
  -6.5200289176   -4.8192557779    4.2825350796    0.2204087870   -0.7927737045   -0.0881221173
  -5.3175870733    3.2176542985   -2.4039187009    1.9380771189   -0.9534649846    2.7764786446
  -6.2756080495   -0.4940222600   -6.7152369875   -3.3856633546    1.8419022864    0.0589132336
   5.4697857913    6.9579315732   -8.5209194530   -1.8979595737   -2.0321740838   -1.1041672851
  -4.1275745347    6.4002141690   -3.0275291117   -0.3452542943   -1.0497218335   -1.0592921967
  -6.8618917713    1.9058243605    7.1426345390   -3.4750501698   -1.3318544367    1.9982750012
  -0.9614457432    2.7756661372    1.7124641610   -0.6853697584    2.6765940450    3.2750381237
  -0.4288133746    2.9876646785   -4.9241233139   -1.1143965754   -1.9305970624    1.6755131667
  -1.6207305983   -2.8821677998   -7.9383133397    1.9973420608   -1.2638881308    1.9341175307
   3.9607245659    3.5853607990   -8.1143593881    0.5844533751    1.5916505733    3.3731382180
  -7.2985664623   -8.4872465255   -1.4015346095   -3.1408798247    0.0669046316    1.4110675143
   2.4406862774    1.0538427289    5.0051160536   -5.1160689290   -2.4105326180   -2.2574762870
  -3.8135379535    2.1185887560    2.5120631244   -0.2799182941   -3.5207906124   -2.1972347157
  -4.1940259354    0.5265820635   -7.5229574376   -0.7544619147    3.5390971907    0.9951563400
  -6.7879982715    6.7499385774   -5.5478968847    2.2651141078   -1.7876586651    1.3717692465
  -6.9708057274    2.6307319256   -7.6612121199    0.3010063437    0.2815325251    0.7004643893
   2.1634138142   -1.6211156396    4.8861361170   -2.1207861090    0.7100680792    0.0444377552
  -7.0714956765    5.5699604242    4.3623482684    0.7114384261   -1.8144158318    0.2789616488
  -5.7527356823   -7.1892904679    4.9048168536    3.8784535829   -2.5791930998   -1.0199665450
  -2.5734169831    2.5657734028   -0.0904586419    2.3425350548   -1.7747982351   -2.3318586826
   6.8797993645    7.3968933291    7.2902009458   -3.1290931473    2.0929646611   -1.9384227841
  -7.4486609747    5.8946779742   -3.6735755742    1.9985972876    4.9326067494   -0.8784429674
  -8.2920133762    6.8947589754   -1.7939735759   -1.4094529510    2.2399576764   -5.6170877754
  -2.6191939161    7.8516690709   -2.1867578632    1.3133448300    2.8190117661    0.8510609372
   2.7403037176    5.6978479726    4.0191382700   -0.1802891705   -1.7916639760    4.2791134358
   5.7805372393   -2.0937191444   -6.6968601120   -1.4518131328   -0.2153403043    1.2683130898
  -8.3348154720   -2.0339932613   -0.3229005992   -3.9300001131   -1.4681344059   -1.8621155637
  -2.5352167529    0.6441912292    2.8092601698    2.7150217970    1.5777401250   -0.3637895866
   2.5697281242    7.6243600920    8.2111611938   -4.2538404097   -1.3726951832    0.1745640436
  -1.5789104203    1.3727777927    0.2069793635   -7.3851150524    1.3144680967    0.2025347714
   1.1590838021    5.9279540392    6.6934076554    2.6085482516    2.3573810148    0.1599363971
  -0.2396028819   -7.1459699289    6.1193917007    0.9698484905   -1.2903220033   -3.1373205812
   5.8405229491   -7.3974377159   -8.1486247712    2.2811151702   -3.2677841562    1.6404909563
  -2.9641522858   -4.5998277089   -6.6411444705   -0.6915991486   -0.8513081485    1.9274627812
  -0.7817697178    0.9619406018    3.5444452974   -1.2530201800    2.5077973553    0.6154842643
  -8.1872647184    7.4426399884    6.7954356170   -1.9893472619    1.8518777541    3.1380950924
  -8.5329529303   -7.4063018363    3.2907216642   -0.1752272179   -0.2799915258    3.8745684368
  -0.1529095517   -4.4927540923   -6.7520343279    2.8213031643    5.2866502370    3.4668750581
  -1.9996325350   -8.5190560191   -3.2651370162    1.5339278183   -1.2354505248    1.3666914853
   7.9731716069   -6.4555991882   -7.8361983114    6.1537621689    0.7971641131    0.4049670661
   6.7412215395    6.4948485569   -2.6982408664    3.1591063533   -0.9997320578    0.8429220373
   3.8195883449   -0.1454557124    4.8121720018   -0.4468576341   -1.8058306926    0.1446991819
   7.7315465012    0.9810189248    2.3191224406   -0.3265665334   -1.4573722447    2.2330600923
  -1.2515554269   -1.7241096526   -5.5667206745   -4.0595029960   -0.1967428538    0.5220595512
   7.0511911358    6.7096212644    0.7644184497   -3.5526946275   -0.5339557498   -3.8371774949
  -5.0934275446   -0.8415333862   -4.5166318388   -1.9884416730    2.3275541810    0.4394339999
  -1.9396891559    3.8646156747    2.7581779397    0.0374405010    2.0643809447   -0.9637155386
  -7.6796583030    5.8777164020   -6.9394104013    1.5038966466    3.4711123160   -2.5195303966
   5.5413843232   -2.4077425341   -1.6204881134    0.3866867382   -1.4843536659    2.8148901424
   4.2343483981    8.2988942451   -6.7915902951   -3.9789742226    1.7604305732   -4.4586720390
  -5.1758859919    2.3417103265   -5.3060343325    0.2440605917   -3.3895477722    1.0856620660
  -7.5943577434    0.3091218877   -3.3450130290   -1.8212380354   -2.2714598424    0.0196982180
  -5.8562734884    0.5964525205    0.6974493669    1.5197283978   -0.5918252421    1.8823905090
  -7.1389137644    1.2963551326    2.1002914188    0.5461099208    0.8723270514    3.7321243770
   6.4631927076   -0.2769911808    4.9194565485   -0.4597271703   -0.1374766940   -4.5353501575
   7.3017107283   -2.6479556288    3.7493220166   -0.5206342047    0.4021146765    1.8089738035
   4.7884804694   -1.0122223903   -1.7995770685    1.7508921350   -1.9214862296   -2.9012829607
  -3.5559118157    6.7083426229    2.8507082617    1.2269554734   -0.4990166598   -0.7810103895
  -6.7795593653   -8.2329119900    2.0147242812   -0.6368178396    1.0146766332    1.0263616986
  -7.6180274340    1.8709410435   -5.1458191576    4.0132949649    2.7576029251   -1.8539529029
  -4.1930680448    2.4582667981   -6.4940957932   -3.1614096774    2.6549664985    2.9126925970
   7.5165378674   -0.9663708613   -0.5136853665   -3.5357341278   -3.2639888454    0.2160425054
   6.6397764531   -1.1920498572    8.4772111587    0.4234852403    3.0088764302   -0.9309924874
   1.9940369533   -0.1878190514   -7.4581430139   -1.5995410395   -4.8540750615   -2.6063865235
   5.0599762003   -2.2014285188    0.2713623979    2.6780897786    1.5691948864   -1.9452602168
  -2.6914668824    4.5695331763   -3.7341034779   -1.1895071702   -0.4510404813    2.7774695571
   7.1220847553   -2.6107026549   -3.5503816131   -5.9906434293   -0.9456760374   -4.9829179457
   7.2159913430   -6.0998619746   -6.4900226996    0.3277226072    1.6089152118    1.7064560023
  -1.6208066291    2.6226656068    8.2847203150   -0.8672360022    0.5250026821   -0.1894620599
  -0.2839951384    5.7180433253    3.1346168500    3.7720351780    2.3070429194    1.1769407365
  -5.4705967368   -5.8786179428   -7.2994620888    0.1064291571    1.3563406156    0.2854062454
  -7.9419567815    2.5982587813    7.9547910860   -0.5882940677   -1.9351698981    2.2497406682
   4.7211840993   -3.8087868081    7.8164544055    1.4757423353   -2.9350373163    2.8080628112
   3.6005207459    7.9838763804    0.2588971327    5.2761523771    2.0096428488   -0.1243592779
  -2.5035824745    3.0349825139   -6.7239221717    2.3695715492    1.5622895654   -2.7157419735
   3.7326784480    8.1242082361    6.7383108580    1.8388468369   -3.5235665943   -1.4547562951
  -0.0406302725    3.4280582370   -8.2886677560   -2.3758281788   -1.1839776475    1.5133411554
   0.1956870751    0.1760618062   -7.2288267037   -0.1393415728   -2.3438752992    2.2859535416
  -0.5344710329   -0.8900210418    2.8602795072    1.3080427068   -1.3621016131    2.6597730965
  -3.9642932647   -6.0942163078    7.8050197789   -2.5317469908    0.4529354303    0.7896679087
  -5.4732148539    8.2767710263    3.0734093450    1.6054628637    0.1247769393   -2.1248882776
  -0.2789987423   -4.7091859824    3.6806477314    0.1604968867    2.3046851344    1.7470864474
  -7.5011823388    6.8882166691    2.9851309513   -0.0497027270   -0.7915346266    0.9386984267
   6.3734377840   -8.4852683898    0.1515987162   -0.0899589259   -0.0435401412   -2.2759221473
   7.4700393458   -5.3695497858   -8.1428156222    1.0182656977    0.8242254536    1.3379635936
   1.0235919509    6.3490535391   -2.2940877760    3.5683094249   -0.5586238602   -0.9894518441
  -0.0574716764    5.0045418281   -6.5696449209   -2.2477444458    3.3624012756    2.2944144316
   7.7005616837   -1.8436426542   -4.8031734809    1.6789766593   -3.8479347876   -3.0300774272
  -3.3376997433    0.2177257021   -1.6796930984    0.9476326751    0.4422934368    3.5859046446
   7.3366619522    7.4675831066    4.5511072721   -0.8758672164   -0.0257190475   -2.4972745015
   3.9070233449    4.6480300821    7.0339100701   -3.4348811024   -1.9465548309   -1.1083418285
   1.2443388621    4.0624790383   -1.7614128738   -0.6130016262   -0.2985567258   -2.7901838177
  -3.4675478127   -6.2821837934    6.6051603110   -2.0128332299   -3.5904852908   -3.4283763580
   3.8886264926   -6.7731904916   -5.8100092429    1.9285677328   -2.0918977614    0.4870414726
   5.9146338980    2.3512242861   -4.7982861386   -2.3350607917   -6.1838974498   -0.5372288430
   3.0158357064   -8.4900664641   -0.0738821409    1.2562169898   -1.4737927365   -1.0026260269
  -2.3434069715   -0.7017212773    3.9658771098   -0.2672369524    2.2009133675    0.7696124247
  -6.4968609166    0.5913472548    6.3214525720    2.9104714784   -1.1894522802    1.9354867696
  -8.4647158772    6.5807226624    0.9169680733    3.0821438371    5.7106199369    0.9284926207
  -4.3840529276    7.4570508339    4.7876491011   -2.5992772682   -2.0214654320   -1.0859029685
  -1.8305521101    7.2533175720   -1.9111727315   -2.7039262091    1.8734309804    2.9551270695
   6.5881682925    4.1585233460    0.5557757286    2.6910288478    1.7610418468    0.5150071213
  -1.0551379083   -0.3240206889   -6.2105117808    0.2713021107   -0.4341616939    0.5113569592
  -6.6238507789   -7.2286003566    0.9104080436   -0.6062474687   -1.5712228983   -2.0381959414
   3.2508551997    6.5487814159    8.4199764094   -0.2934987950    0.3858018465    2.9502405658
   1.7819221417    3.2308850896    7.7757986326    0.1501490122   -3.3510011439    0.1581036495
  -2.7083719748   -5.1619259373   -2.0907718633   -1.4132698532   -1.1427264817   -2.9202567306
  -5.9578864680   -1.8813404372   -8.2943382595   -0.6491291923    1.0055468932   -0.4671837520
   0.9351120236   -6.1005310714   -0.6960373637    1.9233726174    1.2042734233    0.4902022363
   0.9779447818   -1.3540295688   -6.5103242861    4.3742036867    0.1302102595    0.3980977975
   5.2586442644    8.2302343828   -6.1156856490   -4.9891698689   -6.4349330101    1.5980097949
  -1.4702478727   -4.8833887972    7.6970910982   -2.2287733822    4.3438216454    1.6492272628
   1.9007743415    1.7118544371    3.2006007303   -2.0261742643    3.6775725685    0.5231057211
   4.9931410757    7.8784801111   -3.8090571488    0.1429870426    1.6766524971   -0.2468564624
   6.9286402747   -8.2239960641   -0.6662026007   -0.6222410925   -2.1254219154   -0.9044883675
  -2.8942022185   -2.9571939550   -7.9513026159    0.4087188784    1.7333035439   -0.5211637905
   4.4003764631   -0.6640988029    6.5570887005   -2.1893573457   -1.3836956281   -0.3477622446
  -0.1948394596    0.1842611463   -0.7388877549   -2.0312812815    0.1053856453   -0.6068339725
  -0.0441621623    1.6890025367    4.3529156912    1.2580477775   -1.3978800496   -1.3459468115
   1.3092646198    3.0196423625    2.6940739294    1.6274648331   -1.2362169799   -1.0311932792
   5.9687831161    7.3730185277    4.3609775318   -2.5506661080    2.7138318613   -1.2414066978
   4.3573109501    8.3232655840    4.1683822012    0.2404870613    0.7222922918   -0.6343734982
  -6.1674298195   -6.8549584980    1.7856899156   -0.2124281935    2.1474175616   -0.0571816169
   6.2657274101    2.8274714725   -2.9675165006   -0.1586814416    3.1390756250    0.3369566162
   5.3515393873   -4.3068003814   -0.8502046283   -0.1686417831    1.7287173309    1.5180399303
   5.8292772285   -1.7099877778    0.8442334363   -1.1653291861   -2.7660044090    5.0046031564
   5.0642569764   -5.4778373094   -3.8856432648   -1.5965872251    0.6510659403   -0.9243926911
  -6.3362887191    6.7465607580   -0.8866025211    2.4809435559    2.5651077360   -1.3141600452
   4.4779475765   -6.8611802053   -2.5901418155    0.5480645618    1.8500879215    0.7250189393
  -7.9014255705   -0.4693354513   -0.0137621698    0.0376101848   -2.8932993422   -1.2861608616
   3.1819592885    2.1387861500    4.0409233210   -4.3195178874   -0.8750999239    0.2520595640
   1.5462733818   -6.4203742846    0.5802969354   -0.0070792776    0.0216158235   -1.2690397286
  -1.8279489380   -0.5755074382   -4.6559497488   -0.2104104666   -0.3252729551    1.3940064097
   7.6750101899   -1.8566404781   -0.5788098797   -1.3469619067    3.3726384064   -0.9995373554
  -6.2992790672    7.3800351392    3.3929980310    0.5085107382   -2.5920686377    1.9258252126
  -1.8506122981   -1.5693879281    3.8449262030   -0.2208315778    0.5876827439    4.6065629517
   0.2900831410   -2.6270875415   -6.4738138571    0.8170131582   -2.3828321491    0.0123201331
  -1.3806626757    5.8002329305    5.4904897976    2.6474837908    2.1349240613   -0.9922965621
   4.9804840167    5.8411664587    1.5846326333   -3.8522916294    0.0900508515   -4.7665027668
   5.6652538299   -4.1281074097    3.3342031215    1.4103459833    2.4043349639    0.5036668814
  -0.2902046310   -0.4389762978    6.9672799226    1.7871060546   -3.1143493157   -0.5036113539
  -8.0705080374   -0.8750443139    1.3518932789    2.7512486392   -1.8992300835   -1.7294617904
   1.3834646206    8.1225029133    7.4998167762    1.6935650426   -2.3318846625    0.0245572141
   8.1917212760    1.0483154866   -7.9183625627   -0.9958370859    0.9609413261   -1.6060624719
  -7.7405423695    6.2457911191    4.7155885170    1.0468958088    1.9353891426    2.5941421622
   2.1757040802    2.1158727538   -8.1333038477   -1.6153402466   -4.3596768594    1.1096752870
   5.5931926071   -2.1738311968    3.9690403909   -1.3048681309    0.8007858571   -3.1378032019
  -5.7827721391    3.6946807379   -3.3812852999    2.6607618430   -1.6156409935   -0.8099418711
   1.8444438787    4.0856616982    3.5095137977   -0.4979301937    1.3664818967    1.6095926231
  -7.4072578663    4.6156082399    3.7394385728    1.6325785400    1.7973494929    4.7840133766
   6.4139241094   -3.1271342350    1.8180062962   -1.6677704338   -3.4364789295    2.1486073190
  -0.9808341427   -1.3311352188    0.4948436764    0.2687169044    0.0853700450   -0.2223727631
   0.0388518234    5.5992853453   -1.8050382205   -2.3297128946   -1.5221892387    2.1140370069
   5.2132005857    0.8425657594    3.2398924218   -3.0581423718   -2.1794899287    4.8276501026
  -6.4170949383   -3.3517504417   -5.1454166588   -2.0787616404   -1.8394726918    0.0939668591
   1.7817791226    2.1997357413   -5.2431670164    0.4491431691    0.4135856977   -2.3854322398
   3.5178783501    4.9907691758    3.5590524592    0.2367455602    0.9516233402    2.0985443663
   7.0907936876    2.2993431920   -7.4129176084    3.1548496502   -1.1720913401   -3.6298966321
  -4.0273488471    0.7271046500    5.7518365678   -2.0389484609   -0.7991119353   -0.1927238516
  -6.0194175949   -2.1653827093   -3.2265747371    2.3477685906    1.1468702983    0.5679838460
  -2.7344844930   -5.7848799156    3.4292538123    0.6161056671    0.9400356719    1.5192364082
  -7.4408877827   -0.1975018245   -0.9539201932   -1.2748558572    1.9538194391   -0.0329485383
   7.5464844221   -4.5512329875   -5.0990680639   -3.3900005379    0.7140650198   -2.1985729524
  -4.7510038284    5.5459352683   -3.5230497232    2.2535051735    2.7330435643    0.6414271515
  -7.2536790452   -5.5530198119    4.3126006452   -0.9188181644    3.6183907008    0.2938933509
  -1.9518379075   -6.9864677745    2.7616936665   -1.1351029272   -0.3483715807    0.0957648484
   0.4652237322    1.9470478059    6.6678501754    3.2660592346   -1.6166334342   -2.8536259955
  -7.1414423982   -4.9908340638    5.9160427638    4.4455443853   -1.0585003940   -3.2319208616
  -5.4100702998   -3.7634736723    6.0012921806    4.9214198751    2.7614496922   -0.7272489299
   5.1658855136   -3.3880121318    0.0368166207    0.4503505259   -2.0805058672   -1.6979806752
  -3.3165060438    0.3315944765   -5.8844841721   -5.5686610155   -0.8985840859   -0.0851702105
   2.1848180632   -0.2048112063   -0.7548133952   -1.1011878703    1.9366037093    0.0234422811
  -6.7109450027   -3.4087143906    5.8667129498   -2.3535952991    0.5068412080   -0.3426742870
  -0.9840335286   -5.6579038524   -7.1579403692    4.1436339672   -3.6098588431   -1.3453164832
   0.9177286665    7.5164071375   -3.4299005045    2.6995824203   -0.6967660231   -3.1876957247
   3.0319818500   -5.9514471918    0.4471475000   -3.0420875780    2.6971729990    2.2665258965
   7.7594564799   -1.6918338520    5.6141031005   -0.4999220721   -2.2376379611   -1.4220805116
  -6.9192855867    4.7948225157   -4.8674803102   -2.4887977527   -3.5126155933    1.2623132878
   2.9088472526   -4.5492496417   -4.0222564576    2.0094331828    3.8974775748   -0.5505214283
   0.7986233698    5.6739923487   -7.3728878045    1.3987310758    0.8237709060   -0.6685772526
  -4.4410107079    5.4475559866   -4.8279025489    1.9625559408   -3.5117360755    1.0177923166
   5.8014476583    3.9492169587   -2.6297395699   -2.7447584418    4.1011731923    5.7208344650
   3.5801259678    6.9766367096    7.0507658402   -0.6756020527    0.7053801797    1.6876623726
  -2.0540464601   -3.0168675489    2.3789650583    0.5217130558   -0.6941872855   -1.2495235120
  -6.9810144436   -0.6453645331   -7.6404425580    0.2916627171   -0.6373393520   -1.5214138437
  -4.8034160832    4.1780623588    7.0091057560   -3.2654810034    0.7705601339   -0.7109736560
   4.0021670110   -7.7081890012    3.5449885874   -0.4613394244    0.0203631456   -1.3060238224
   8.3876676343   -6.4420440366   -5.2670103094   -1.6660914420   -2.1598964431    1.1856708924
  -5.6070475349    3.4825277115    1.4021607252   -3.9588156035   -1.3241484350   -4.3348856777
  -5.5233929095   -2.3231977956    2.8172093739    2.7866361591   -1.8436537348    2.1423369355
   2.7412323805   -0.9594550437    8.4990042822    0.9530133628   -1.8869810823    1.4580892497
   7.3951918340   -1.4150682016    1.6499213568   -1.5776572947   -4.0265591255   -5.3046374876
  -5.2624573264   -7.6082635865    2.6906542849    0.9813875672    2.6418088245    2.1875591847
   5.8157973930    2.2814782604    5.8064410710   -1.1233674963   -2.8346237095    4.2398570409
  -1.7256539100    0.2338106418    0.8170613637   -1.3808535142    2.5696597826    0.1008746734
  -7.7284434239    7.1106311445    3.8566504649    2.7749675809   -1.1049094317   -3.1373536731
   1.1954073933    5.7839103324    5.2815597668    4.4455991803   -3.0498054411    0.4430669298
  -4.6199812221   -0.4413049561   -3.5994974104    1.6969832811   -1.4191440490   -1.7114225906
   3.4190136275    7.4966090097    2.8832296615   -2.0626480041   -1.2308270594   -2.4556543518
  -6.6152811011   -3.9891803026    7.9234081177    3.0695152429    0.0662553340    0.9514866883
   4.5685722365    3.3271251400   -6.8026476808   -1.5299820971    3.1658465302    0.4375722389
  -5.2787649999   -0.6787539889    2.8106174610   -3.3796169949    1.7736877965    2.1969082389
   2.9444888303    0.0073368284   -1.3065118869   -0.1912214069   -1.5117123278   -0.1909620155
   3.2471995145    4.8785407240   -5.9317524126    2.8156570763    2.4148472975    1.5305800846
  -3.7653419921    4.1439294999    2.7043564092   -2.2992057621    0.3768444282   -1.1054803099
   5.5008136270   -3.1503141312    8.1918396517    1.7192650011   -1.1099544848   -1.2180232804
  -4.4889056048   -2.3558721797   -4.0698926918   -5.1536676505    0.9128587565    1.9628637221
   2.0226658300    4.2335135291    6.4618869383    1.9119084634   -1.2219633790    0.8828450669
   4.8120869298    7.6522571644    3.0666096112   -1.1555490553   -4.0109818714   -2.2779411574
  -2.7990831499    1.2993716064   -2.8772592027    0.5411932205    0.7930492459   -2.4459034321
   1.1552300354    2.1318838367    8.1266702667    3.2871161310   -0.0962426394   -1.4430183967
  -4.9442365716   -5.3029220920    5.3082564594   -0.8387797506    0.8849557971    0.1227183180
   5.7903316490    4.2329773210    3.6399005482    1.4381066025   -0.7187175573   -3.3012523593
   6.7735060799    0.8220861727   -3.6780369799    0.8697564204    3.8071651677    1.8020655683
   7.9819689720   -7.4133796024   -7.1852015782    3.8139768515   -0.0439960014   -1.4012405696
   2.8603979381    6.0254482116    0.6175186647    3.4025174564   -5.9669526251   -3.0116706474
   4.4942168422   -2.8777688218   -3.3681581194    2.5096432149   -2.0501921073    0.2688141433
  -6.1999496658   -4.4102586391   -5.9362221049    0.0447159794   -2.0758483712   -2.1676604803
  -4.4932184211   -4.8540356002    7.9997841608   -2.6208615645    0.7839118364   -0.0041797087
  -4.4959571903   -3.1049334468   -6.9964136380   -2.0489795759    0.0017192616   -2.1659474188
   6.6966890520   -2.3720156523   -5.1908130196   -0.5518586721    0.6131161620   -3.5839378647
  -1.2620784578    4.7883455264   -6.1729581664   -2.5511408225   -0.7651344247   -0.2907942612
  -5.5346462267   -3.1744141103    3.5465124826    0.7240716265    2.0612541173    0.5089775795
  -5.3215780570   -7.4163400312   -8.4162962595   -2.3661587451    1.1204879769   -2.6765340329
   1.1460115864    6.6706244201    5.4797238378    0.4013165389    0.0142266073   -1.3281693083
   3.9447486778    8.0795242387   -1.2720211403    5.0476125538    3.2518320283   -0.5701481016
  -1.6765031870   -1.8178204224   -4.2315678856   -0.7408689568   -0.9809017881   -0.8346917447
  -1.4929483261    6.2283439051   -5.7301154655    0.9680200464    0.1337655313   -3.3162440183
   5.2911520568    2.5865747525    4.5741722574   -0.1451464503   -1.7685388661   -3.0074342065
   6.6929855948    6.5936621554    3.6021221800   -1.4662224265    4.1664467496    4.1500698693
  -2.6313366769    0.8397781886    7.6246485844    2.7216106089   -0.6455821638   -4.8418762868
   5.5332429863   -3.5399684387    1.1865170612    1.9405054742    1.3797515512   -2.7419289829
   5.0604393741   -1.4272060742   -5.7727472429   -1.2203547766    2.8827558896   -2.8775323398
  -4.3832281101    5.4978821681    2.6677862770   -2.4768259685   -0.2317630552    1.0302740221
   4.8945417854   -5.7487996287    4.6979318123    0.1964362777   -2.1033641384    4.4611194653
  -6.5574002800    2.3387013488   -5.1016695290    3.6773605825    2.2724524568   -1.6299481419
  -1.6044889429    0.1959984350    5.3571919906    2.6729026683    1.1302924912   -1.0390452204
   6.6238654008   -2.7260418425    0.6521582571    2.6458382423    0.8348752039   -0.8738654172
   7.3334759932   -4.0362559931    2.2007539390    1.4110978196    4.5063749082    3.6319351324
  -3.4003385609   -7.2368704961    0.3856774583    0.8282975764   -3.2941610977    0.1940210703
  -2.5189806799    5.1406453801    7.1795957937    0.3539498125   -2.1778531954    7.4228315695
  -6.2577514793    6.8075511332   -8.4784923436   -4.4134660307    3.7403092679   -2.1533669557
  -5.1758517451    0.2728272071   -4.2279365890   -1.7941855489   -1.6230407666    1.4641743074
  -4.0023525931    2.0946925237    1.6114370598    2.6532840847    5.5809938878   -0.6940656296
