           1000
    17.09975947
  -6.5372795335   -5.6425944812   -0.1343137824    1.9155291541   -2.3447515222   -0.8548306494
   0.5413441227   -3.0884003856   -3.5110644440   -1.4902123449    1.8099444299   -2.7020735263
   4.6050741790    4.0475384411   -0.9175625642    0.2868481765    0.9562864388   -1.1243327189
   7.3909555614    1.6371892665    1.5616936280   -0.5679770408   -1.5865968903    0.4115215987
  -0.6128537571   -7.3299089863   -0.4645678558    0.4087790967    5.1326062808    2.1052869225
   3.8873156745   -5.6384382364    7.9255300733   -0.4005874815   -1.0432194969   -2.1529395334
  -4.6733917492    5.6221086761    4.8878491942    0.1283849822   -2.6888535656   -0.8060750221
  -2.4027099646   -6.6903162585    7.8037214668   -0.7297933954    5.7906717724    1.4192167838
   6.9731216422   -5.4281138961   -4.4951505600   -2.5744337254    3.3341196272   -3.8109698037
  -1.9737899891   -0.3233213162   -2.9386609465    1.6316544157    0.6890800802   -0.8788116871
   1.7081419713   -3.7981673435   -6.0967629072   -0.7460143303   -1.9054072582    0.9258945518
   6.0125201873   -5.8098158679   -5.1997336096    6.2389821402   -1.7570503214   -2.2468748567
   6.2287427358    2.0177220431    4.5161686027    1.5390234538    0.7327788342   -1.7110947496
  -8.4717508005   -1.8670460728   -2.6362860926    2.8055985969    1.8774425350    0.6537913135
  -7.5351193317   -1.5878999985    4.0766541302    0.9058436249   -2.6684644642    3.6612700224
  -6.8143227282    6.1119875560    5.2077579628    5.4726191599   -2.1248839922    2.7646373651
   3.1069166248   -2.6974878397    0.6611967260    1.3332015143   -0.9174802756    0.7642044749
   8.4953374416    5.3427169039   -0.0554011956    4.3535010316    1.9294991606   -1.0235029784
   0.9926200467    3.9444258962   -7.4490241036   -3.0970973356   -2.2997709890    2.4760845612
   1.1981645179   -5.1676695460    6.6701749598   -3.4534725339    1.2662003364   -2.7339266678
  -4.7063323034    0.9087750998   -6.7912667606   -1.7616924292   -1.7490956488    1.4254329929
   7.3023543196   -6.0336122396   -0.5407733989    0.5856045128   -0.1220301620   -0.5461213095
   7.7395842282    8.3754815564    0.6180702738    0.9464659057    4.3380166810    4.4533781961
   1.2548583644    1.2131249040   -3.8258977937    1.1666700941    2.7749761235    2.1703309697
   2.4076587319    2.7872442576   -4.9522201752   -1.5256965087    0.8627050548   -0.1606318003
   7.8906612073    3.8795034999    8.5246463988   -0.2770365187   -0.6941373838   -2.5567196966
   1.3523527315   -5.2542107844   -7.0585100434   -1.4200741416   -5.0884807395    3.9113237352
  -3.6807067030    5.8750514571    5.4998701931    0.9950015999   -0.1514839003    0.7013966294
  -5.9732018827   -3.7095370994   -4.9336534886   -2.7627090647    2.7592899484    0.2828680984
  -7.9273286940   -3.6336287748   -0.2787988757    0.0295799639    0.1970669731   -0.1037513278
   8.3217730305    5.9801155528   -3.4791996915    0.3123990040   -4.2745774389    5.5887006168
   5.6985022941    7.8648468181    2.5390028861   -1.6496148933   -1.6769272904    4.5653350081
  -4.8084663221   -4.9163128055   -1.2200112721    0.7458070716    1.0045084811    0.3555247276
   1.9709404210   -3.8235128795    7.9019902796    0.6554231772   -2.2242323418   -2.5848158066
  -3.4969164147   -7.5267193947    5.5679135193    2.7669190971   -1.4695923823    3.1756224824
  -2.6459416066   -2.9766900495    4.2588368805   -0.5582408127    1.4959372921   -1.6666614524
  -2.7151414329   -8.0917968042   -1.2665822005    4.2401411955   -1.1152817528    2.2504877672
  -8.0169035455    0.2695385498    1.3379949502   -1.3271722284   -0.8110715026   -2.3999997597
  -5.5861648426    2.8659424555   -4.9024734392   -0.0975791336   -1.5858549770    2.7164555201
   8.5173365494   -7.3498827285    2.7535066261   -0.4615935888    1.7507327235   -1.8567040675
   0.0674035605    6.9685225703    2.1445149223    1.8673599269   -2.8386451065   -2.7033230889
   7.4301266077    1.2339606957   -6.7746930939    0.6492865202    3.5283842595    1.6561420012
  -5.4144154321    2.4199085057    4.1883738006    1.8893176097    0.6359608906   -0.0706271413
   6.7114229911   -6.7263655036    8.1384637960    1.8970765644    1.8103008102   -0.6495181185
   7.8180847798   -8.2073740918   -4.1001602388    3.5656202081    4.5531527514    2.6629448353
   3.8827384343   -0.8332479272    3.7256192422   -1.7694325974    0.6498149019   -1.4493531467
   4.0902954841    3.4412431429    2.0636084414    1.1084240738   -1.2513403825   -1.0347665923
   4.6600126062   -6.6124953932   -5.9703765540   -3.0443251056   -1.5264115743    1.2978821004
  -6.5775735059    1.7576582933    2.5514879533    0.6117101088    1.6830830907    1.4876656351
   3.7545844405   -3.3137817162    6.1306223432    2.0965525995    0.5231981364   -1.2319329707
  -7.1836100231    7.1066139624    4.4805337603    1.2195072896    1.3670017400    2.2532672513
   3.0315395686    1.9720844984    7.3982634547    1.2089727221   -4.6410693118    4.3025532327
   2.5580833669    3.9621735693   -1.7401459265    1.8151269541    1.1802650866   -0.6027460038
   2.7316815394   -2.3647358212   -8.0903004802   -2.5539788723   -2.1582098360   -0.7465694146
   2.2838323108   -1.8057243322    2.3757695055    3.6731662283    0.1593734344   -0.2499977327
   7.7909373534   -2.8873624420    6.1731515180   -1.3943391500   -0.9355713987    0.4025412640
   5.7919517607    7.5946809062   -7.1361084539   -0.6802205730    0.8983710668   -2.8172740672
   5.5021054909    3.4131442658   -4.0214143420   -3.0266830106   -2.0738269208   -3.8051056897
  -5.7899034022    5.1033137820    2.3089535443   -2.1829112922   -0.1356905627    0.5450380532
   5.2859008201   -0.8737511973   -2.3368127086    1.7676859677   -1.0051007034    0.9868493661
  -1.7141535579   -0.0486554858   -5.6442676792   -3.2971738886   -0.3191532406   -0.0185328254
   8.1036153795    0.2539443537   -1.2153539766    1.6146898572    2.2143570759   -2.3597570818
   3.9882239905   -6.9380893541    0.2258532755    0.4814171375   -2.7933809793    2.2591051248
  -2.9557602341    6.3697735879    4.0424589565    3.7279138775   -1.1737803859   -0.5702314244
   4.9003106402   -1.0825776464    7.3586212781    1.1467046991   -2.5653257184    0.5016616648
   6.7371732608    1.1994491727    4.1769552600    2.9878748523   -3.9662277925   -3.2308960709
  -5.5069021033   -8.4647498524   -1.0326467876   -2.6435553145    1.8392869631   -1.6769115848
   0.5179569963    6.2177565541   -0.4922121095   -0.2818697274   -2.5971390065   -2.2165042639
   1.8265851335   -2.7130960633   -0.2984534395    0.6742981542   -2.1675583596    0.8269045701
  -0.5264346305   -7.7327163560    6.2288890998    0.6342270646   -1.8858633987    3.7018105358
  -0.6022793333    7.2202183187    1.0713795404    0.5080717551   -0.4485186949   -2.2228547947
  -2.3259045794    3.3463810736   -8.3875512678    0.9155809087    1.1259735735   -2.7376703343
  -5.2257840407    7.1796928272   -2.4386879513    3.3477913653   -2.8205035794   -3.8509159465
  -3.8363554610   -4.3573339345    4.4732623554   -2.0723827872    0.7759493177   -2.0876671755
   0.0116255702   -0.6834382055    7.1190215767   -2.5516512957    0.0684908338    1.7114704359
  -1.5392256451   -4.1688967574    3.6297961277   -1.2227759808    2.6503678841    0.4304193315
  -6.9321458387   -2.9698894706   -2.8431836332   -0.6629177769   -1.6506832940    1.5401850898
   0.0586544893   -0.0529895452    4.1651799725   -1.8009436829   -1.8180799147   -1.5083412331
  -8.4122976125    1.7266253360   -0.7605890038    1.7747405435   -2.7741299053    1.3737394239
  -3.2548371342   -0.8170897614   -1.4569418121   -2.2409604022    2.3189175770    1.4893452649
   4.9424259561    8.5205933569   -7.3893975111   -0.8574831182   -2.4256205131   -2.7448644490
  -0.4428800381    1.8468868181    6.8575754990    4.0310187070    3.8822860326   -2.6568757766
  -5.7221992194   -3.6726619583   -1.4462280429    0.9853212139    3.6177465270    1.9421192682
  -3.1918932278    5.4175979906    6.8297709832    2.9001153104   -2.3593969020    0.9108512352
   5.8722218347    2.2566031133   -7.6888483188   -1.5776585039    4.2065739680    2.1863265627
   5.8527451725    5.6566079001    4.8506321599    0.4614560480    2.5043089583   -2.1559007414
  -4.5322890325   -4.4063578497   -3.4053568979   -1.2990228182   -0.9591103367    3.7672676899
   3.7709035564    5.6155038035    0.1593288147   -0.1977159311    0.8676326066    1.4171883702
   0.0444365229   -3.2382434216   -7.8832460743    2.9095115393    4.6168936072    0.1298697587
   0.6636458457   -7.4953710519    3.0259250380   -1.5055938467    2.7417261583   -0.8965661783
  -4.1036458658    6.7122658713    0.9713848994   -1.6798476101   -1.6103361369    1.6229570708
  -0.2511365752   -5.4345666518    8.2116197231   -4.4262653328   -1.4274789305    0.2812425565
  -3.7217065128    3.9472545145    7.0908313224    1.5862322630   -2.4572342949    1.0182905828
   4.7872196189   -0.6823192975   -7.9020975705    1.1649579420    2.5067186825   -2.1117119410
  -7.5312029170    7.7884227372   -6.5298500579   -0.2893838180   -3.7931565803   -1.4836211855
  -0.5972124938   -2.8614454169    2.1824176016   -0.7549218061    3.1253681513   -1.3146472981
   0.5110865982    2.3903907663   -7.4398899319   -3.5503802346    1.1028046452   -0.7387941631
  -7.5012275147   -4.6056909240    4.6763055940    1.5395070988   -4.8432660264   -0.5208020546
   4.5532173357    6.6737307485   -4.9288882990    2.8948490275    1.7583239113    1.3710612815
   6.0673772779    4.2773511972   -0.6459177416    1.8037914247   -2.3643152938    0.6319688418
   4.9647695717    1.9113226645    0.7804900031   -0.9485316987    4.0828925992    2.3182415093
   1.7500518861    1.3819319091    7.8082021679   -0.0832857637   -2.0422889531    2.6157756592
  -2.8380782802    2.2459951536   -1.2698709583    2.8713300182    0.7525379878    0.8517582575
   0.2745782101   -4.3647451891    2.2310177580   -0.8465292376   -2.7607477420   -1.5363778280
   8.5143334514   -0.1282644150    2.5703324006    0.2864865991    0.0459122068    1.4055369511
   5.7389206760    7.3915004322   -8.5117985792   -0.7088180693    2.1031899736   -0.4965521654
   2.7746752784    8.0365210708    1.7994127223   -1.1819823315    2.9577405398   -3.7914918109
  -3.1033928853    4.1019297911   -6.4660449249    0.9078587964   -0.4675354886    2.7608491685
  -6.4742975875    5.9878624902   -4.8009172356    1.1626410282   -1.6731796911   -2.2906677427
  -8.1582081997    5.1449840772   -8.2076849281    4.3782900250   -2.8406114154    3.4456150899
  -3.9260039497   -1.2154188426    7.4940535008    6.5820601046   -1.6310392580   -1.0729511309
   0.7050652922    5.9038126516   -8.1772144753   -1.7164122625    0.9561206505    1.7404917676
   3.9814292610   -8.1131916697    2.1047619435    2.3296258971    2.0850727508   -6.5752097355
  -6.7279122501    0.2110717671    5.7539619755    2.1116878495   -0.1656549998    1.2972689605
  -2.8171971885   -4.4784338411    0.5980211113   -0.4354081533   -1.5970807011    3.8374112670
  -3.0366915605    4.9359038952    1.6188625814   -3.8700762665    1.9513814950    3.0592433751
  -7.0821325869   -7.6230807365   -2.2012940880    1.3163666681    1.0562448339    0.6395637717
   5.6471435719    1.4042967307    3.6520314550   -3.1044249960   -2.9963135109   -0.1486251257
  -2.2193273951    2.9305645668    7.5928229986   -0.4656176715    0.6405808207    3.7173354946
   0.2323678989    2.1234786684   -2.7026111939    3.5098108288    2.2752067183    2.3626014884
   1.3204504118   -5.8127523404    2.6217510807   -0.8295418317   -0.2936955046   -2.9786265076
   4.7653085292   -3.9000199336    4.8818052103    1.8463678091   -0.2524860945    3.5712476021
   0.7172758704    6.0845779338    7.7032710436   -2.0836658308    1.5006546336   -1.9249834679
   1.0082636507   -8.0644108364    8.5095285460    2.0161680413    3.3871381677    4.0282137689
  -5.6366161053    7.3996948106    6.9465916881   -2.4860729999   -0.0759782124   -2.4231426698
  -4.3991015247   -2.5544174888    7.2565790094    5.4507780298   -1.7065778569    3.0619625855
   6.0216307331    6.7155825971    4.4270002491    2.0888462348   -0.2084322110   -1.1706081570
   7.2007483748   -7.2413631370   -5.8948120948    2.7436142724    0.8808725415    3.0511573363
  -1.9638740966    6.8485369228   -8.4446489342    5.9662318183    1.2487660505    2.8991502674
   2.9343048625   -0.8593935706    4.3427446844    4.1713877599    0.4943930747   -3.4080814996
  -5.4527012068    2.9660180399   -5.7918336418   -0.7466112947    1.5396386473    4.1666342705
  -6.4382479882    4.3632276915    5.5361352543    0.2190507944    3.5095600141    2.1589574122
   0.1292454115    1.4691095827    7.7516607750    0.3684683924    5.9007171690   -0.0809325968
  -7.7214322601    4.9442364257   -3.2871646632   -0.6046382901   -3.6777902762    0.4820297993
   4.6084845010   -0.1319829717    8.2863693884   -2.7814266345    0.9757983551    0.6426712337
   4.6194315595   -0.5060313308    2.9833481802    2.5088178464   -2.2545742197   -2.1401888826
   3.4546360334   -5.3208935873   -3.7079512896   -1.1961768659    1.8387778427    2.1056315110
  -0.6797636718    1.7380037796    4.4151690470   -5.7796857570    1.6281949365   -1.2066449521
  -7.4431709249   -0.7514473687   -7.9265225330   -2.8024397402    2.8530314080   -0.1842519757
  -3.6257827580   -3.1736982830    7.5726652724   -0.5952721323    3.4142546506   -1.6854869213
  -1.1150104588    3.7137309093   -7.3413928512   -1.1911725251    2.6514067796    3.3366075331
   8.1213591330   -7.2678611076    1.4586761004   -1.2046662250    3.6285558990    3.8419344393
  -0.0950589652    1.9492338865    5.2200590506   -0.2118551559   -4.3701670582    2.6160314287
  -7.9331527838   -7.8227745518    3.3186438909    4.4910066610    2.5653726658    2.9110953618
   6.1886203252    1.3495511133    5.1809689219   -2.1150224057   -3.5925214790   -2.6290650649
   6.7799972685    3.3806165236   -4.8842378862    2.0048858172    0.4407333284   -2.7601050162
  -0.9149131626   -8.5246612574    7.0779524124   -1.7073055484   -3.2527565342    1.7571672560
   4.7126744358   -2.6039769554    7.4183237290   -5.4313942748   -0.7667865595   -0.4210900297
   4.6459642896    0.3200950036   -0.9303516736    2.1509770210    1.4656506060    1.5144530653
   4.3938909798    8.4863285926    5.8588406540    3.8624200047   -1.5795008946   -1.9811027797
   7.9875768974    6.5812493344    7.2403991769   -1.9462402030   -3.8256859177    0.2829587568
  -7.1990478022    8.3676098890   -2.9252108869    1.2387819963   -4.3280663877    0.7899575783
  -5.1300502098   -3.5413200943    3.9022908293    2.1064182864    1.2158966973   -0.0051036656
  -6.9221614176   -7.1001342258   -8.2877894662   -0.5025002497   -3.8454758985   -3.5677292416
  -0.2048719948   -6.4854063079   -6.0369771993   -2.4484584097    2.3886339095   -0.1194998024
  -2.7884797902    6.3367934148   -6.6463203203    2.2742100247    0.2112848291   -0.9665375552
  -5.3007869332    4.3544371350   -2.1847505206    1.4042840324    0.3521370986   -0.0758808819
  -1.6426085311    5.7474116727   -2.8711909423    1.3884547158    0.2655852513   -4.6352971825
   4.1991480866    5.7877723084    4.2028145969    1.8458424794   -0.1637339072    3.4719977857
  -5.5602152044   -8.4261727123   -5.3364129730    2.2112914627    4.7607622294   -1.9863414553
  -4.5062977048   -4.9699463412   -5.9474261689   -1.8401799750    1.7606421375    0.0122327333
  -2.8659563257    1.1030413982   -4.2097351930    2.9776095575   -1.9209209693   -2.3526194616
   7.4092075487    0.1816442825    2.1463258850    2.1218100272   -0.5049058043    0.9105528796
   2.9476898081   -2.6329524855    6.4455915763   -2.8376397657    1.8000996639    1.0787076681
   8.0750488136    7.2359519294   -4.8159885542   -0.0860722044    2.8407932863   -2.8995972760
  -5.2570346253   -6.7681606158    6.9263043816    0.3150703130    0.9555302105    2.7950579202
   5.9632501225    3.2363794404    5.1238234310   -2.8726554528    2.8451599721   -3.4102984961
   7.5111663004    5.3099692383    2.2762376567    4.3262991801    2.0672850934    1.4946836784
  -4.3391472686   -3.1007236566   -5.7702456606   -1.2208948822   -0.4793807419    4.5183744924
  -0.8787817956    1.9611427725    2.8702974251    2.2034890077    2.7106584252    2.1866477809
  -0.6219986287    8.3285025292   -1.8211013434    1.1114447269    0.5832048512   -3.0755979412
   8.2299776341   -4.9353947954    6.9609776054   -0.5751464472    2.0578047591   -1.9648458462
  -5.6350722208    6.4167778589    7.6109484331   -0.2049220652    2.8365174836   -3.4685211868
   7.2876899843    7.2595790234    0.2065455590   -0.1589702498    1.4363311299    3.1360987737
  -2.7060901837   -2.8340288643    8.4263894404   -2.9547898754    0.3449162603   -1.4569904545
  -7.4607761020    7.0403378884    7.9526070312   -0.3144153280    4.1738981086    0.8357824724
  -5.3468826351    1.9423693155   -3.9447333762   -0.3839930855   -0.8426042042    2.5418563945
  -1.1823962777    7.8180826014    6.3427489977    3.8198907176   -3.4483163346   -1.5105955928
  -4.3490635080   -1.8816843473   -1.5282312914   -1.4531059490   -0.4286637730    2.7688160179
  -1.5094393664   -6.0630545535   -3.0306457936   -2.6986761088    0.7088439094   -1.3189198438
  -4.4854322718   -4.8920899313   -8.1613805733    1.2558203553   -3.8509270785    0.3993876521
  -3.9074348660    0.2193879976   -2.3397257048    1.6429843080    0.4557808706   -0.5382115132
  -3.2281022767   -2.9160198207    1.9598546441   -0.3113712378    1.0195423165    0.5113915121
   0.4863002438    0.4181039052   -0.2867014319   -1.4433312300   -0.3124506109    0.9203028528
   8.0409692437   -1.5807328923    7.7399537752   -2.1152942971   -2.1326879457   -0.7241606114
  -4.7001797905   -8.0835013886    2.2495801300    0.9650444144    4.0557315383    1.3456860919
   3.9139809998   -1.3381241877   -3.8420626335    0.1735276147    1.6175981537    3.4665166609
   5.4039829312    3.5763716449   -7.9873780536   -1.3392378664   -2.9746653811   -0.6349392229
   1.4027545090    4.6048787218    3.9697989922   -2.6427448763    0.0342971982    2.5919050811
   6.5249387909    5.1001188669    6.8049546037   -0.2466585448    1.2032415433    0.6496050590
  -1.8171955685    5.8576691137   -5.5975712295   -0.0128248166   -1.4849312131   -0.8023243805
   0.9849878567    2.5629659423    4.8002495516    1.1861176668   -0.9477995428   -4.5109918299
  -5.9987043908   -1.3341178296    2.6969529576   -1.9282761177    2.4533568516    1.2940851125
   1.8142419464   -2.2790163479   -3.0312343914   -2.7592803716   -2.5079459388   -0.2571857090
  -4.8474033308   -5.1348073070    4.5593645920    1.4727527277    0.7208433497   -1.6737682504
   5.7797813002   -6.0536240058   -6.7123191890    3.0331536421    1.7405279178   -0.9090811779
   0.6734285500    7.8164455245    0.8968731014   -0.7832561253    1.6391961975   -1.7386023561
  -0.2157412263   -5.1530050140   -1.5367424187    1.1187992448   -0.2403996923    0.1325393186
  -3.6991570362   -5.5200032489   -4.5417056286   -1.3742350879    0.0490429410    1.2436863901
  -3.5035736967    1.8622602867   -2.7255583188    1.2323110346   -0.5389100515    2.4618198720
  -5.5474043640   -5.5798831402   -2.2701955009   -1.9884184698    1.7662838827   -0.2308449499
  -1.2405798397   -3.8859544904    6.2878847746    2.5651713886   -2.5681301631    2.4180331000
   2.3024717823   -3.5299269356   -7.5988486709    1.3882564381   -2.3754688235    1.9305623580
  -5.3713152840   -3.3948155784    6.6577776246    2.4858900901    0.7134400718    0.6108818622
  -2.8698486404    0.9521455842    6.3338506188    0.9880583496   -5.1341211671   -3.2142647738
  -6.3548717961    0.5917604236    8.0914049055   -1.6087450634   -1.0099267884    0.5858597549
   5.6573277731    5.1589293787   -0.5708035610   -0.8030169695   -0.1651489326    0.0594645773
   1.8284344076    8.3133694117    0.6600836105    2.3628958456   -0.8785877517   -1.7824337011
  -7.0647946655    1.8675223903   -6.1359636597   -1.2820051532    0.0068044915    1.6224521552
  -7.5356951639    4.4025474960    6.6509532638   -0.7816153538    3.4677771360   -0.9041993567
  -6.3379869397   -2.1409878535   -6.5140237410   -4.3597298107   -0.4101366887   -1.5569704967
   1.4195886002    2.4616170247   -3.2667147692   -1.6252270528    2.1037239947    1.0307505078
  -7.8803382795    3.9600204600   -3.1931104332   -0.4717704274    0.0533236904   -1.3970314953
  -3.9462064881    3.6760091114    3.0933718854   -0.7807503598    1.7096759480   -0.8506921329
  -6.5210139671   -1.7687498048   -1.5518246722   -0.7363196095    2.2060462312    1.5473348927
  -3.4977204911   -5.5313903760   -5.8912038115   -1.3774717455   -1.4858313343   -1.4862924436
   5.0032967376   -5.0822939485    2.5422874738   -3.1922225046    1.0423189259   -2.0612896272
   4.1040880895   -3.4802414096   -4.4126099379    2.8150833921   -5.8275104383    3.8989445230
   6.3949825740    6.4649284052   -3.2140332073   -1.9433571732   -0.4648399402   -5.8078298290
  -3.2633804172   -8.3997540041   -8.2443956981    0.8296873242    1.7571166274    2.9861025727
  -1.8543375039   -8.2950400754   -0.2567603339    1.7282740478   -0.6823582578   -0.0922626031
  -3.7792444786   -8.3349720703    3.1561747992    0.3259035264   -1.3444910586   -0.2799874556
   4.6169924023    1.4261903452    3.7849648195   -0.8455411598   -0.6880090801    0.4226512755
   1.8359927239   -3.0136415099    4.4859259869    0.8695210718    1.0327707718   -1.8227732028
  -5.9985363785    5.0594175883   -5.3895400366   -2.9291676357   -0.5325957986   -1.2467855472
  -1.1689871674    4.0803029218    5.3318874884   -6.8329123585   -2.4724634279    3.6313472684
   3.1339221308   -3.1935318837    3.5025805122   -2.1332143388    3.3470972236   -0.3436143250
   2.1153195847   -4.2064664527    3.3880530559   -2.0035961739    1.5159233244    0.0075647859
  -4.0710892778   -6.5104644972   -6.0226254838   -0.2159368257    2.0465438273    3.0948354376
   2.8866608266    5.0593966295   -3.9320207446    2.2851698264    1.8627939089   -0.7668718597
   5.1127644640   -7.4181448253    7.4536636160    1.9773116443   -0.9616366572   -1.1265269742
   0.1011961027   -0.1537140701   -1.5348832214   -5.1753637667    0.0211725687   -3.6433532930
   6.6813276452    3.3004055365    0.8832961395   -1.6642877626    0.6800093782   -2.2425183971
   3.2201062232   -2.6454495351   -5.8036647092    0.5363247104    1.7165996522   -2.2330920225
  -0.4969139341   -7.8721875069   -5.2165726130   -0.3513376613   -2.7598576533   -0.4463022368
   3.1401270717    3.7108843713   -4.3439611474   -0.4152670361    1.6509601843   -0.6300804663
   4.7120739099    2.1771428711   -1.7490477315    1.1085872375   -1.4953654850   -2.4986585995
  -2.8242963197   -4.0946398180    1.6247790688   -2.1430986322   -0.6929255267   -1.8395109526
   0.1187310796   -1.5959828862    1.3577975803   -0.9492259441    3.3271613536   -4.9234920038
  -4.7676622785    4.8142828746   -6.7770033950   -1.1460685095    4.1596444652    2.6326304830
  -6.4932563857   -4.1512976709   -1.1490258777    2.3779719067    1.3056320630   -0.9096708448
  -7.0158777524    6.1557548686   -0.0315051987    0.7230647683   -0.7640144408   -1.9093156897
  -5.0503944554    5.4288925339    3.9351259796    2.6358678168   -2.8815842307    2.2719506985
  -0.3985213786   -3.1039238804   -7.0788412223    2.5116174560   -0.6225271642   -2.7406302551
   6.9987900238    4.6105706988   -6.2742647765    0.5539326317    0.7545131239    1.4611053907
   1.4610345840    4.2113376601    5.9874036999    0.1150074322   -2.5041997381    5.9197468001
   3.2319831097    2.2238855235    4.9087837581    0.6123572728    0.8697983607    1.1755342880
  -4.4244054987   -6.2506704145   -0.0312596214    2.8557265182    3.7858935639   -1.8967511105
   8.2383860743   -5.1506556925   -6.6334929757    2.8118694135   -3.8417580595    0.2292962198
  -7.8277924534    0.7029894701    8.5298968001   -4.7258133376   -2.2376526579    1.4399905587
  -4.7862074018    7.5352842735   -7.2821710656    5.1510346819   -0.6251820879    1.0002578415
  -0.9629037826   -5.0320379595    0.7094612161    3.4207070507   -3.0585770007    0.5403167638
  -6.9144655741    1.7618635658    6.1114864283    2.6181950041    0.2149169675    3.9222659980
  -4.8876958687   -4.3459170122    2.6256207476    1.3639238857    0.5289775868    1.4971933771
   6.7755476739    3.9603099947    1.5713588547    3.3835595870    2.1983436773   -3.9599317211
  -6.3466435049    3.6747055723    2.2893364334    0.8168455584    0.2618522194    1.1244408389
  -4.6352737949   -7.5833323949   -6.6690070649    1.2746821800    1.2445928729   -2.7961697143
  -3.9855758700    2.6377394999   -1.0339065163    0.2753573885   -3.0289198384   -2.2289729591
   1.7352428844    7.1913117981    0.5638193230    1.9225701859    1.7089600665   -1.1784069171
   2.9043490149   -6.6378239651    1.4449891770   -0.5256140415   -4.7851970555   -0.1219488604
  -2.3549326230   -1.8518477902   -6.2474879921    0.9156051607    1.7172866352   -3.3544368257
  -1.2944028107   -4.0556101423   -2.4161607987    0.3024329807   -0.1877523375   -2.0967664101
   1.7632890401    6.0245523705   -3.7124036681    0.7375520349   -0.0926748477   -0.8847790918
  -8.2876510337    4.4706215843   -2.2548894999    0.7805592097   -1.8572185253    2.1570872022
   3.6583272994    5.1810210350    6.0921352436   -0.5016922407   -1.1637105205    2.8174500877
   0.0725126896    7.1151689983    0.0006766965   -1.3079419915   -2.7544840699   -0.5811283937
  -4.3152796028    4.6759716070    6.6911381690   -1.3123100287   -6.0012578923    1.0602727908
  -6.2724580557   -0.2933833315   -1.8635117071   -0.8809246808   -1.3380498355    0.0741989268
   0.7469605809   -0.9460824472   -2.1628686702   -1.0644330922    1.4411130303    0.2716521437
   1.2855555287   -5.1846547295    3.3686260161    2.1860600436   -1.8872522782    1.2716300646
  -0.4234353695   -4.6295234106   -4.9393654322   -2.2850437684   -0.9273819431   -2.5161273500
   4.7266685599    0.8307976599    4.5765413649   -3.4124396657    2.0341890091    2.1576276579
   0.5697425017    1.7726589951    6.9556899642   -3.0335629961    1.9410002644    0.5916107752
  -3.8269911924    1.4538182765   -7.5758348263    1.5872542477    1.8561106217    0.3824928328
   7.4429536764    5.8075503913   -0.2385281116   -1.6845095508    5.0511456353    0.6168968494
  -5.1572598768   -7.7120351393    0.3037003330    0.0795999255    3.1147870818    0.8916443374
   5.8283148046   -2.7682800905   -6.7877248323   -0.3119553824    0.2641849602   -0.8469788283
  -2.9755233025    7.7526512992   -0.8182347006    4.3321764316    1.7526206751    4.0612142493
   1.0755659616   -8.2037254812    1.7000130302    0.5946595987   -2.0661888750   -0.7679267529
   3.3545822831    3.3183234446   -5.4187939029   -0.9112190360    3.8984173594    3.4695961184
   7.5628060410   -1.7668504978    6.3019547844    2.7253340093    1.8400346838   -1.0094028309
   8.3143859054   -7.6371914832   -3.1360107085   -0.0815293399    1.4766518568   -0.4123944523
  -0.7021569820   -0.8365043194   -4.8457120931   -1.7651275373   -4.4093714392    1.6191223198
  -5.6591259521    0.4463190901    7.3190458211   -1.6893656052   -2.8958749524    0.1508807682
   0.9462892037    5.3212183041    6.3775567710   -5.7768294741   -1.0814358185   -0.5632085154
   4.3413435887   -0.3700458972   -4.5610564792    2.6575251604    1.8624022691    0.0912364731
  -5.6557272929   -0.4158464556    4.3522491873    0.4269199270    2.5394270790    3.4037871315
   6.6829781734    1.2438705188    2.8710310790   -3.4975193928    3.3558987734   -1.9489690404
   3.3406649298    0.0111774420    1.5506600466    1.1945911027    0.3789718802    4.0220780892
   4.7445835980    5.7196698085   -6.5412856938   -4.8492481807   -2.3829360432    3.7752087274
  -6.3211011282    4.0521200123    3.5860424219    1.8452127627    1.1357186655    1.2133403030
  -1.3546532414    2.7768665133   -8.4563104506   -1.6030031369   -1.5112632110   -0.4630711861
  -6.5595331932    7.6791788220   -2.2034616929    3.3901632535    1.0501454002    2.7400325341
   4.2054602412    0.6443830856    7.8073494748    0.2688768623   -4.1941685883    0.5093178654
  -4.2638710056   -6.7957909080   -4.5377827615   -2.1185998915    1.7915345545   -3.7261690814
  -5.9351871084    2.2754305810    0.9566643751    1.7659352541   -0.4947113805   -1.7937144014
   4.6378960034   -2.3245678903    5.4550876364    1.5631170006   -0.9126829901   -0.2066796823
  -3.0269435559    4.4321665848   -7.5044095794   -0.1932739114   -0.8680146559   -1.8387887254
   8.3733355299   -6.9990919541   -2.3664177580   -1.9570339915    2.4549280565   -4.0593031197
   0.9150286623    6.6238104436   -1.5273926844    1.8016477109   -4.1070892932   -2.3901884602
  -0.0608014774    3.8935363170    8.2775780125   -0.0977773865   -2.2917674804   -3.4136149313
  -7.3183286288   -7.7062152370   -3.5278490943   -3.3009920604    1.9925051895   -0.7642438333
   0.7930610370   -0.1336687368   -7.1225566918   -3.1996082690   -3.0343197339   -3.7035578683
   2.2711751654   -5.6702433707    5.8453911604   -3.9005995004   -1.4628563132    0.5907994275
   2.7794499916    3.2256874799   -0.7953669541    0.6091314661    1.5728347255   -1.2765980339
   2.1247650913   -2.5116881141   -4.4015890924    0.4605304646   -3.9478243387    2.0670267751
  -2.3589706295   -8.4744313787    3.1073851818   -3.9144050601    1.5546250700   -0.3614777819
  -3.0038649133    5.3989786840    0.5722573881    2.6892555983   -1.6009238555   -1.0951079966
  -6.1076582123    5.4579683038    5.8988992343    1.0348847028    2.3490190124    2.2784064234
  -1.0114298946   -1.5200136157   -7.7978237386    1.1228746309   -0.8626015848    2.3750814327
   3.5570789529    4.0330432161    7.2474256310   -0.9128912327   -4.2939101685    5.2326184848
  -1.9789334874    7.8743201089    8.1347000473    2.8810849002    0.6742106359   -5.5870639501
   0.4403809739   -6.3032040437   -1.2984756838   -2.3555075341    2.1845809162    0.5636401656
   5.7284073654   -4.5864455644   -5.0643528412   -2.3940246371   -0.8172765858   -1.5471626531
  -4.7981638722   -7.9725232949   -8.4751332810   -3.3297455250    0.1052484518   -2.8475946245
   4.1021170847   -6.5941196369    3.6439432943    1.0454830610    0.2166452827   -1.5492944745
  -7.2970717869    1.1456752729    3.0145244784    4.1054024765   -0.3356412157    2.9641556429
  -3.3846752569   -7.3869227694   -2.6114853838   -1.0572331357    0.4688473322    1.3172254802
  -7.6343908221    7.5165216917   -1.1058529386   -4.9514288790    4.9464530033   -5.5461331581
  -3.9744968445   -3.0879277092   -3.0466665006    2.1149153667   -2.1582544941    0.0616085545
   5.1183316624   -1.5778544514   -7.6806267785   -0.6961898545   -0.3961029712    5.1610289390
   4.9302271298    1.2411721373    2.3111988637   -4.0495344328   -0.0194914715    0.7080702732
  -1.3107108272   -1.7702419466   -0.0735372333   -0.0302773041   -1.2373846568   -1.4372721140
   2.0151767368   -5.6330366789    1.5834561262    1.8286649963   -2.0990308771   -1.3326147357
  -2.7625951284   -8.0028303528   -7.2824263723   -3.2197143776    3.6023378728   -1.4194024087
   0.7463467656    8.0183922518    4.9080552843   -2.2870449141    1.4339703180   -3.5697238709
  -6.9445637440    2.0523071502    0.1406788078   -1.7487477231   -6.8792072984   -0.1543879167
   7.2479723132    7.4283130217    2.1911075332    0.7745582386    0.1090007760   -1.3216441915
  -3.0676437247   -3.8782615573   -1.3800550998    1.4015622931   -3.8109867799   -0.3921944134
   1.5410961374    2.2869482612   -2.1852192142    3.0988046433   -2.4177166996    1.7754424833
   2.9860200310   -3.3989126572    5.6279571001   -3.2297569249   -1.4193964790    2.8120494984
  -7.8975164154    5.3803319161   -6.7197807333   -0.3186050541    1.3028639147   -0.2010130617
   5.8805553561    7.1079649714    0.5391756992   -0.1993477914    2.9885325944   -1.5904678372
  -6.8393369332   -2.4946931746    8.5148085288   -3.8873626810   -0.7171436408    0.7209219521
   6.4385725969   -0.3975471214    6.2298196852    1.2159176337    2.1005118556   -1.1293808585
  -7.2553899909   -0.7658864793   -2.9176018258    1.9319945354    3.0898766007   -0.1358986165
   1.4965680750   -7.1762730247    6.4632907422    1.4879749209    4.7997543898   -0.2351572169
  -5.0783196401   -5.8259906903   -8.3132216901    0.9073742691   -0.3132274767    0.4303871472
   8.1656665451    6.4274621158   -5.8450628038    1.5165335421    1.7929851748   -0.0823500812
   4.1988049333    4.4588037062    5.4153404754   -6.3322869403    0.1567177367    5.2350174656
  -5.2541158598   -5.2292715932   -5.3158497883   -1.1045165179    0.4237407577    1.9522788388
   3.6175950441    4.5113703171    8.2206495571   -2.0786737421   -5.7543631549    0.8139313612
   4.3703299536    6.1839705151    5.1014248359    2.6058745182   -0.1699682120    1.6216658747
  -3.8042591967   -8.2537824349   -4.4038751879    0.3763970770   -0.6820357206    0.6563911539
   4.2305976055    3.0358158229   -5.8431665487    5.4093713101    2.9480286456   -0.8896693854
  -0.4550503864   -3.0822311987   -3.6301785510   -0.5658774454    1.6148855453   -0.1855868713
  -8.0659722092    6.6735200412   -8.4464701066   -2.7652414116   -3.4664789311   -0.7330103829
   7.2397270597   -5.9622562001   -3.0916975556   -3.0410019211   -0.6402391567    2.2133331398
  -7.3234184296   -2.0876099425   -5.6226827376   -2.2214876023   -3.0443559262    2.1010471979
   6.5466442086    4.8172591269   -4.1482753550   -1.1244286035   -0.3504093784   -0.2312384528
   5.4994027190    6.0403563034   -8.2738399403    2.5861921614   -1.8601470498    2.6571724980
  -3.6757983608    5.3796932262   -2.7183335215    6.4559044308   -2.4729658833   -2.4704392808
   0.4675277224   -1.9573648750    3.8694953991   -1.8523439388    1.1503615318    3.6810449853
   2.2122727874   -7.5710414019    4.1635585073   -0.8086262938    0.6630998883   -2.1778277426
  -1.7928590225   -3.3941612276   -1.8053386634    2.0740483501   -2.0050695370    2.0148216901
  -3.5980682948   -3.4584508060   -6.0972405950   -2.2169404743   -0.4993238668   -1.2792910979
  -2.2688925599    0.2311091009   -0.2894495277    5.0998740760   -3.4366916253   -2.7081418089
  -6.4430420940    4.4311325866    0.2285442965    0.9289416478    0.2326982112   -0.9714086809
  -1.4017226607   -7.9039591337   -1.1544224325   -3.3071504001    2.3234823584   -0.3611401505
   1.0435995948   -6.7635130546   -2.2438647281   -4.5218553554    3.2670582763    2.2127141842
   5.6480525128    5.4657033190   -6.8424893312    1.1532637427   -2.9057295019    1.4905162215
   3.7544387483   -3.2397332356   -2.2640196084   -1.0899942115    0.7664265932    4.7886588568
  -6.8072960622    0.6964277312    6.9670751207    0.8387076431   -1.8044025498    2.7932107727
  -2.0090801501   -5.0945136986   -6.9280257891   -2.2625843489    1.7107949951    2.0579517751
  -0.2244864683    2.9123627018    2.7448533595   -1.0859254537    2.5984666845   -2.1254151599
   5.7513534485    2.8732117134   -6.5809413202    4.7500253179   -1.1029179991   -2.6169565023
  -7.5473388784    3.0239362963    6.2646724994    2.3949831614   -1.7875665144   -1.7935896143
   1.4223419709   -6.2588232837    5.6879543667    2.4800237843   -1.2454093487   -0.5697410733
   0.9902485373   -0.0733578486    6.4998037949    1.7339267019   -4.0366150750    1.8988574701
  -1.3137912073   -0.6181540142    2.9137246350    2.4859051381    2.3409655728   -1.8779674258
  -5.1869119809   -1.9568611414    0.3326014456   -2.1575715065    1.6151373536    0.0797759875
  -1.5649525031   -2.9425318308    1.1178128183    2.2167552505    1.7853726115   -1.4814878907
   6.1197668440    2.6488520646    2.4697118331   -0.4781674971    1.6530151780   -3.1703940549
  -1.1455306100   -8.4528088949   -7.3537086359    4.8133115665   -1.4845529015   -4.8301360837
   2.3414215544   -5.1771661103    0.1364700734   -2.1970909193   -1.6200372636    5.8088887797
  -5.7306857771   -0.8397591277    1.0178292671   -2.8727777575    0.2427700386   -0.8460163951
   5.0198363279   -4.4838477732   -7.3478231709   -5.2274413760    3.9139064442    3.7068841525
   5.5658105466    0.6176790880   -7.2863275119    2.0742202427    0.1296459159   -3.3104341728
  -2.0274503515   -1.0187054960    4.6595611660    1.0880812901    5.3413003173   -4.2338858242
   6.5500349505    0.0402515981    5.3668668343   -0.1013179421   -0.4070813111    1.1944910732
  -4.0523606635   -8.3727718528   -5.7926696268   -2.5286852764   -1.1363185243   -0.7924821479
  -8.2391423786   -8.1524062846   -1.5666054245    2.1107280994   -0.5548753966   -2.1319653764
  -4.6968704279   -6.0488320953    4.9418741850    2.9135364567   -1.4975772343   -0.4646773820
   1.8238223003   -5.8937369940    4.7065378689    0.7608957526    0.0962215341   -0.2841233503
  -7.3598848307    0.0651435983   -6.5587441208   -0.2180857386    1.1639072685   -2.4975729498
   3.1632290917    0.4751339608    4.0190601117    1.8067300665   -0.8726822683   -0.8028592979
  -1.7413844594    2.3627567589    4.5747802478    0.1984854859    2.7939699437   -1.5624143322
   2.8722362097   -1.7749926351    3.6901909808   -1.2214977331    1.8166175226   -3.7871862459
   4.4064845473   -7.8742916387    4.0786380316   -0.3725997327   -1.1830585430   -5.7646896455
  -0.1123717045   -8.1561132299   -7.1755818068   -0.1861193798    1.2997910465    1.6883248692
  -5.7968257821    0.1154102506    5.4913748863   -0.3553220774    1.5467581839   -4.7367979826
   6.9060259862    5.1686276187    5.6188361644   -3.2381392947    3.6416518676    1.5897683584
   5.6591365053   -3.2388488638    0.1882755771    0.2333371971   -5.9970156741    1.9586557594
   2.5881923132    0.4666271436   -6.3675951804   -2.7883428969   -1.5430386965    1.0992072963
  -0.7628594597    3.7611800492    6.6901923733   -0.1274013156   -1.3688258585    0.5284072058
  -3.8601140616   -0.4129915674   -8.4094683744    0.2984211708   -1.5011824588   -0.8856544660
   6.7474955760   -1.4194760495   -2.9484435477   -2.1883397693    0.4423261156    0.5466680238
   8.3213778867    5.9313864557   -7.2145829323    0.1852436117    1.7295542855    1.6058244515
  -2.1541275789   -2.7587871665   -5.4622848925   -2.2043207948    0.5819190782   -0.4685823457
  -8.4400000256   -2.2167754762    4.9208347404    4.1284813775   -2.3853635821    1.8461963042
   4.2054065218    5.0596994620    1.3611283015   -1.9976797562   -2.5375565782    0.3205000991
  -3.7212162410    0.3752389126   -4.2223954212   -2.7510092666   -0.0882733213   -2.2472027114
  -6.1996146013    3.7792449027   -7.4840365080   -2.9607415199    0.9249658178    0.5122057663
   1.8820463533    4.8664557802   -0.5408099873   -0.8568095534   -1.9778782262    4.5903538758
  -7.9407874018   -3.0129496002    7.3035944368    1.0951555886   -1.8433131775   -0.8040063572
  -1.7295913866   -3.6566914942   -3.8057888495   -1.0384331357   -2.3250394155    1.6457741854
  -0.1564166219   -7.8707438136    7.6955648896   -1.6162227075    1.9248091972   -0.6916627125
   0.1061839951   -1.6579428868    5.6352984072   -3.5137885623   -0.3276546940   -2.4445141741
  -3.3458096799    4.8797110291   -5.1294059056    1.0438695047   -2.4473604708   -1.7153391443
   6.9685856200    2.5039949067    2.9744455929    0.7192748131   -3.1494871354   -1.2197096822
  -3.8603396117   -6.2847049281   -8.0671981174    0.8465778057   -0.4102420716   -0.8466831677
  -7.4114550008   -5.6833278157   -5.7262436210    1.8870968214   -2.1413244317   -1.7914146374
   0.5218272112   -3.9227659120    1.2969386946   -1.2120696369   -2.3466310635   -0.7605242094
  -5.0250340015   -2.4479468898    2.5278654176    0.5361595184    1.8442750232    1.8184156112
  -5.1127917347    0.6984867613   -0.4278467862    1.0270691758    1.5231569467    1.8086701762
   8.1235927683    6.4566497553   -0.6156725465   -2.7018627401   -0.0842202288   -1.1312438612
  -2.1233153959   -5.5540157706    0.2709888812    1.2413376972   -1.7785609883    1.2554629998
  -6.0129250075   -5.4369061876    1.3502585201    4.8424452773   -1.0674396809    3.2508542452
  -7.5891568981   -1.9832968496   -6.8400710090   -3.1919808372    1.2302143598    1.0209859551
   7.1681910965    7.4190114021    8.1466876046    0.8104791222   -0.4903465288   -2.5684623145
  -5.7528040424    3.8689801859   -3.0265013253   -5.2609140507   -0.5092802363   -0.9324787136
  -3.1750413345    2.8208941457    1.4783701970    2.8982891494   -1.5385829432   -0.8661485688
   6.3572472586   -4.4509170799   -1.5081060243    2.6718813656    6.6145167583   -0.5788852525
  -6.7389295983   -7.1423589079   -0.6675160944   -3.3996314372   -2.3316815473    2.2746987693
   1.3413579391    8.4801441240    3.4288746570   -1.5028978539   -2.2667273522    4.5778234732
  -0.8628380862    7.1272669555    4.4904762942   -0.3363407058    2.0217268322    0.2991100902
  -0.2332698081    5.2531962699   -2.8303452085    2.1359957743   -0.9707583046    4.5424373401
   3.5771231794   -1.6544232545    4.6910537663   -2.2291946874    2.1024026416   -3.1907291922
   3.7224408107    1.1618284798   -0.5696198749   -5.4631472972    3.2328685121    2.2537728780
   1.2755512304   -0.3776752603    1.1523121499   -1.6262500777    0.0936366803   -0.9087306499
   2.6473606509    4.0125815394    7.8928328963   -2.3537997042    1.8617939671    1.8632235118
   3.8862827262   -5.4144722106    2.4012551171   -1.7664845840    0.0042329867   -2.5019641289
   1.8106323395   -7.5695145069    5.3128897166    0.4430859182    1.3550159380   -2.8826524722
   4.2368086745    3.8840354081   -3.8006164051   -2.0457339266   -1.2732046601    1.1157423385
  -2.4435247370    4.6392796998   -5.5024793184    2.2705734862   -3.6368521530    2.9407272310
  -0.3689195284   -1.3925906283   -1.6702874251    2.2375744893   -4.7520049797    3.5079929795
  -3.4239804070    4.6357412604   -4.1038738600    2.5473774879    3.7832920543   -1.1268337209
  -4.1875990487   -7.3951542686    6.6611852220    0.9604966818   -2.1067902519   -2.6734572630
  -8.0329875511    0.3800828141    4.0273839471   -0.9409486383   -0.8778544340   -3.4358082644
  -8.2397381624   -3.8502765119   -7.7861085673    6.4275805310    2.2326183583   -3.5961624097
   3.5886679188    3.9493909185    4.6250080308    2.5804921252    0.6166489443    0.6657536799
  -2.4272865342    6.0896233322   -1.8509222310   -0.1625886628    0.3825772091   -1.2946178524
   1.3510831222   -2.6670075517   -6.4162334391    7.2565224395    1.3048069709    3.3066258331
   6.2810572615    8.1585375310    7.5714523196   -1.3659580979   -0.7478103285   -2.3050757814
   2.5001896595   -2.1258341036    7.0807585959   -0.3362949691   -2.5875048196    0.7980255662
   4.6356959659   -6.4030524282   -3.0636451803   -1.2996224167   -2.0055451648    1.4554241675
  -0.0634821715   -3.6950354038    5.5118628799   -3.7915628652   -0.0299386050    3.6239430287
  -6.5392156419   -0.5397266565    0.4931248831   -2.3160180584    0.0661402379   -7.7510304363
   3.1887984351    0.8838969444   -1.7463542814    1.2531002238   -0.7409676421    0.0980346244
   8.3684926653    7.4503456184   -1.5215874163    3.7978022344    3.7565494921   -2.0999835682
  -8.1760238282    6.4052426577    3.6628779924    1.8555095062   -1.9931090568    0.8790921781
  -1.0719996265   -1.6149958064    1.7546182055    1.0933727636    2.2170129193   -4.6172124277
   4.6353897950   -2.5344523424   -4.6999963822    0.4431720448   -0.1653162380    1.1100972202
  -3.1173447976   -7.2427830775   -5.3464927118    0.1766300701    0.4891563143   -0.7239397477
   7.5653713497    3.3774664992    2.8434044002    5.0882243960    1.4402732154   -1.2204103042
   6.3665920267    3.8596830451   -4.0255620193    0.4448808114    0.7926415829   -1.2904753612
   1.4433988499    1.6798154712    0.4517467109   -1.5381882705   -0.3952010476   -2.9222059752
  -7.8813010987    6.5633486955   -3.1353551778    4.4908234084    2.8742889317    0.0269324209
   6.8300845829   -7.4106356076    0.3081135621    1.2245502772    2.7236727514    0.5913491116
  -0.8070589103    7.9337558516    8.5245409937   -1.5184146126   -2.4136958823    1.3554779852
   1.6989697603   -3.5488553049    1.7455699512   -3.1484993795   -1.7909136036   -1.0123273379
  -2.1709693198   -4.5110260055    5.8263488443   -2.2044509654    1.3168246912   -1.5123533222
   6.5082114710   -4.7478839172    2.5718483211   -3.8211359434   -0.4784458267    7.1769902841
  -2.6957802151    3.2206455335   -6.6984247549   -0.5559250863    2.4936555879    0.9474839217
  -1.8860274566    6.1742965370    7.0091150294   -1.1218632428    0.5512793187    4.8794864012
  -6.9790674032   -1.2504333764   -4.6791867410    2.1973572216   -1.1434366803    2.7518920501
   8.2912076598   -7.8993448364   -6.6296093919    2.8097161946    0.9815325162    1.9430824151
   3.4214481248   -0.2148739310   -5.6750597595    0.2973584841    0.9540655307    0.4875507311
  -5.0724321882   -0.7281639695   -5.0107448056   -1.7574570928   -4.9285401369   -1.0360190503
  -6.1474099348    2.9137226185    5.9366304411    4.8724030843   -2.0323180086    0.1523313330
   7.0409604548   -4.6522669503   -5.1711061739   -1.4467270598    1.0982703603   -2.6732760317
   5.5543910644    0.2860946996    7.6661041987   -1.0721801715    0.0062685992    4.2156643695
  -7.8882754968   -3.7002402873    4.8864642995   -3.1797692332    3.5678045291   -2.0478752970
  -7.6185376445   -1.5283526502    1.6441801492   -1.2278536586   -0.6084602923   -2.0987996718
   8.0788426717   -2.3496224907   -1.8698422831   -0.2808634235    1.0829043910   -2.3581945059
   2.7198065521    4.1905497168    1.4041998896    0.4207045124    1.3484845614   -3.6851926343
   5.6621034932   -2.4195126180   -7.9972145992    0.0397998370   -0.3534421263   -0.1591508362
  -7.4794232479    8.4174115915   -4.2889716224    1.0804852677   -1.6088473762    1.0277343093
  -3.3031365046   -2.6232008892   -4.6447170972    2.9972306901    1.6758397759   -1.5385594622
   7.3139286524   -1.2396239351    3.0233830416    0.9472611751   -2.0519531077    0.7852302159
   7.1186180260    7.4672047898   -5.0383290766   -0.9583875999   -1.9147446607   -1.1580925013
   1.9695973471    0.9360200987   -1.3877648881    1.1336744049    3.5724072758    1.0541612549
  -2.1837786226    7.4903734256    5.3450449964    0.5355245081    5.3474600722   -1.2527728762
   0.4934715886   -0.4551119671    3.0775554134   -0.8969395153   -2.0625552191    0.6431727854
  -1.8389016319    2.1964823879    3.2079344336   -1.1147110761    2.6882999995   -5.0959692071
  -0.3693597340   -4.4535080799   -6.4789128053    0.0806337428   -1.6861523682   -3.0085255460
   7.1454972803   -2.4395300938    3.8619457861    2.6360333464   -3.9756402421    1.5807571274
  -3.5922518270   -5.3722605952    4.6543336323    0.7916283421   -2.7239773124   -0.6019824339
   2.2388363088   -8.4626276041   -7.1010867429   -4.8124957998    2.3254873998    0.7723219210
  -1.7840419525   -6.9477308313    5.8624123202   -0.8649379849    1.6070073308   -0.4124558900
  -2.6986655022    2.1813918772    8.1032917082    1.6227384700    1.3431047163   -1.7691434133
   7.6088254025   -2.9304678293    1.7223588518   -0.2052549304    0.3084833624   -2.2427274919
   1.7914389320    6.5102079917    6.8607361483   -2.3039458473    0.0853302438   -2.3061151131
  -1.0892720739    8.0850924813    3.3933707744   -3.4031856385   -1.1168078770   -0.1568605501
   7.5295817831    4.4335689704   -3.8044769407   -2.3201552113   -2.0414453579   -3.1507125633
  -6.4622637751    1.2416671788   -7.1841553194   -0.3153659278    0.2079118551   -1.4656197425
   7.3625492991   -5.6889677018    4.8015374044    0.5309748961    0.7554525624   -2.2892360920
  -7.8577897767   -1.0750839199   -0.9050488085    2.1834186386    0.1105875022   -0.2772997619
  -0.5994693368    6.5866693099   -5.3972038103   -0.4922877327    3.6404427455   -2.7650620344
  -1.0632040698   -6.9674995907   -1.2391621270   -2.2446649362    2.7902490625    4.8803436951
   3.6425532026    2.5678869910   -1.3954814271   -5.6388621962   -1.7143918269   -0.7084589052
  -3.0744957737    4.0512347332   -4.7220827466   -3.5721629092    0.5235565542   -0.6478396120
   4.4793084619    7.8180577638   -5.2691467470    0.3164691322    3.3961312562   -1.9624244034
   4.1202283046   -0.6023212855    4.9878930861    2.2705361211   -2.2992101418    2.3551419712
  -5.9609518065   -3.4060055335   -3.4779802325    2.3305937758    1.6928202758    0.7593733228
  -1.5597528053    6.8970665294   -6.5119700807    1.3366258613    1.2656315016   -2.7206485536
   5.7723022672    4.3076807435    4.2144127893   -2.8342800905    0.8900862820    1.9215823273
   6.1654468317    8.3048450406    0.7885597221    2.2964187990    1.5831590323   -1.1866678368
   8.0231946836   -3.6588634816   -6.5026764347    1.3765073114   -2.7477752207    2.7545700521
   3.2589775632   -3.2890595740    2.4210814028    0.3584046471   -3.5582484375    4.0332184463
  -0.7376185553    7.2986450085   -1.8130083507    0.1818629265   -1.1645162196   -1.3223759518
  -5.5653286817   -1.6245909808    4.2097583312    2.7717172085   -0.9514548947   -0.1255314412
   0.1950220935    4.7743088616   -8.1116646661   -0.3830973128   -1.7470192293    0.4575199000
  -3.4259476950   -3.3260247990    0.5254400384   -2.3961969867   -5.3367646969   -4.3143485705
   0.0980058755    3.1854524898   -6.0453870725   -0.0322263107    0.6927757153   -0.1461783514
   5.9351757203    1.9446574153    1.4567557371    1.5036182547   -1.9761240174   -0.0171675222
   1.0239118043    2.3176202891    8.2572916040   -1.5629655976    0.1305404563    3.2153090252
  -0.2025456127    0.7493870690   -2.5427887617    1.3208678537    0.7015082587   -1.5732893878
  -5.3514768912   -1.7076913756    6.6953389373   -1.5268928026    0.8534563833   -2.5729357784
  -2.3516564383    6.0541171545    0.0230821232   -0.5480093578   -0.1355768414    0.0088757799
   0.6081569906   -2.2233708174   -2.5980328390    1.5385747258   -0.3825096675    1.2688630980
  -7.8069857092   -2.6452096257   -1.3461926019    1.1288942056   -0.6139502269   -3.1197966047
   2.6420113934   -0.6534559264   -4.0729344408   -2.2894994306   -0.0909203544   -3.1087046522
   8.5342161321   -6.4592924112   -0.3329936192   -1.6322605547    1.0735908445   -2.4908982305
   1.3109062247   -1.3918918796    5.3816764319   -2.6131308485   -1.8828270127    3.0253100301
   4.5269599629   -6.5812600841    8.1318601992    3.1797892188   -2.1077230915    1.2842365467
   6.5428613332   -2.8106682507    8.2754897707   -1.3451203160   -3.4099961037    2.0327174503
  -5.5629212318   -6.4687316970   -0.0629249789    2.8287404513    0.3636523095    0.7423602859
   7.3762146608   -4.4220118019    0.4042546043    0.8515389301    2.1974046899    2.8935224327
   1.3430093053    4.6493367297   -1.7221088940    1.0926996095    0.2941304165    1.5814172286
   0.8855439888   -7.6061403222    4.5609060189    1.9724800764   -4.0732168831   -2.0606718385
  -6.8936784591   -8.2571301159    4.4076304702   -0.6502375490   -1.1475334150   -1.9741267804
   4.0566268680    4.0983694923   -7.6341723471   -3.4932523609    1.0756596930    0.2361743216
  -0.5682753638    1.7008068234   -7.3861548077   -1.9714647763   -2.1766767425    3.0635484320
  -0.3473341883   -6.9980663353    5.0559730942   -3.3708464794    2.7852073142    7.0988789029
   2.1831678662    6.9686694236   -5.2604138559    1.3264713079   -1.2720679188    0.5021426354
  -6.0245414129    7.6541627425   -8.3976119657   -0.6152288047    2.3237550222    2.0869023227
  -4.5016031536    1.0113071240   -8.1385291499    2.0883172980    1.8066443474    3.8440811657
  -0.6762217588   -6.1433313620    6.7444609520    0.7220278201   -1.6026623321    0.7338730345
   4.5096771349   -8.0647494398   -2.2183875199   -0.7911833842   -0.0258427509    1.5124401126
   2.5475951884    3.0405338780   -2.6507506779   -2.2761308157   -0.8853766182   -3.5383339279
  -7.1928860040   -7.4174725394    0.3470836457    0.7170224241   -3.8001441007   -0.2224373587
   8.3140304201   -0.5025029881    6.4497400209    0.8186131316   -0.4988248953    0.3644347747
   3.2879328932   -6.9709306733   -1.1961441876    0.6330758215   -2.0291757998    2.2367534109
   6.1745488332    7.7796887602    6.6201208653   -0.3900276790    0.3505285399   -1.2336572671
   0.6347513805    3.1543055284   -2.7213314012   -1.5934387910    0.9074802575    0.6453891464
   0.9657421190   -4.3215045608    0.5804360230    1.0762850079   -0.1588816880   -2.5615089232
  -7.4143542061    5.5302470048    4.3590440987   -2.5752079686   -1.2238564589    1.1851830234
   4.2194580580   -6.6201255640   -6.8491473116   -0.2646936465    3.0480558193    1.1369961317
   5.0480814195   -2.3277152417    4.2333349355    1.8115253846   -0.1258430997    2.4911327951
  -7.8893728200    8.1471966413    5.0562645978   -0.1144009403    2.9984138993   -1.8026283527
  -6.2315271301   -8.2564898242   -2.2350407121    0.0173679933    0.2161801710   -2.3022175185
  -8.2701060873   -6.2226354417   -5.4714630293    1.5396281033    2.5708295332    1.3421851910
   6.4814227224    3.9622710702   -3.0821701053    1.6085385278    0.2301720913   -0.3790715604
   2.4257575553    4.0947311441   -3.6479103226    1.4343173694    0.8199852422    0.2943657543
  -6.6236387236   -1.0799261242   -2.1979595437   -1.5724349820   -0.8512964016    1.9351043149
   2.7107464432   -0.8788972259    6.0488621668   -0.7791214938    1.2935756906    2.4190194532
   5.5113252465    1.5434906110   -5.4930201118   -2.7253983193   -3.4287321883    2.6856663319
  -1.0785969435   -1.9356349267    2.8186216925    3.9694522213    5.8599030935    2.1558311197
  -6.5064524652   -4.1564129731   -4.0851041436    0.1362916202   -2.3594401081    2.0879108389
  -4.7365711356    6.3628431680   -5.6735334261   -4.8588282997    1.3185575690    1.6170488082
   4.4087653257    5.8088478248   -2.9113281819   -0.9846338619    1.5979152926    0.2212264261
  -4.6686146187    8.0153722603    0.8058021861    4.2228523270    0.0955432782   -0.8349494808
   8.0763993991   -7.3524240587   -0.4660869711    0.0450157463    1.2378572326   -1.3495170413
  -6.0075286993   -5.5739284625   -7.2552232047    0.9851879420   -5.2361504352    2.6222394424
   4.3172140446    3.3456815437    8.2626010033    1.1164146258    0.3012373890    3.1804370265
  -0.8708585048   -1.5802911013    7.0892647951    0.6100139527   -3.8524710811    1.6683767535
  -2.7627752954   -2.5693196333   -7.4792589354   -2.2026691414    0.5058718134    1.6394712414
  -7.9967490317    4.0896060401   -0.6082916293    1.6687816518    0.2398531637   -5.4517364783
   0.8027545596    7.8927870117    6.5481537526   -1.3732472956    1.6753293484   -2.4170714742
   0.8698963898    1.9263456341   -1.2464335633    0.9345626209    2.1282475714    1.4412222288
  -1.7632974228   -4.0795022379    0.8272212581    0.8480811328    2.5746144751    3.3957128047
   8.5192396480   -0.6364646296   -4.4538087972    2.0496583478    4.0175819476   -1.0365469543
   4.3387553372   -6.2368831652    6.4565889581   -5.3628701104   -0.1962871305    2.4579690972
   7.7300281847   -6.7814240792    5.4330396425    2.3473217319   -1.6246111406    2.6641277692
   7.8326428216   -3.2754699546    4.9208224397    1.5216246807    0.5392530730   -4.0341311977
  -3.8046117917   -5.7428805213    7.2842775635    0.7190324991    1.7778925308   -2.5449633997
   3.8087249664   -5.1691348366    3.9554534361    0.0461849594   -0.2961341336    1.2755843511
  -3.4644063367    5.4156848731   -6.4925658959    2.1746852880   -1.6051740948   -0.0360935471
   0.0546406730   -0.5375717201    1.2203559647    1.7831160100    0.4191864339    1.3312221722
  -4.2752100244    2.2762705276    2.7252861687    1.8480063166   -0.3019212843   -2.0383878461
  -5.8269512873   -2.4798295909   -4.0338789845    0.1289120349   -2.5421080288    2.3244212902
   3.5723192262    3.7975888139   -2.6493660022    3.4636670413   -0.8310895747   -4.6250670065
  -6.9049921222   -4.9649232177   -2.1692261665    4.0539501457    0.6937986016    1.5392263805
  -1.9102744505   -7.8213372952    7.1921569414   -3.4665077663   -1.8809666305   -0.7782661187
  -1.4373263821    7.5390962957   -4.7622488300   -2.1114364912    1.3150894721    0.8145894017
   3.3917944857   -7.1303640474   -6.0193279338    0.6757190606    0.2211357813    0.1312628104
  -6.6477919220    0.4896455518   -4.3887343972    1.4382260760   -1.7739443459    1.1536606727
   4.5405636838    1.9091312663    7.3218149618   -1.1068226554   -1.4489925012   -0.1480343283
   6.9060030247    1.5022112279   -5.0049794602    0.4351168029   -1.5609617848   -3.0018724138
   7.9039410666   -0.6240278274   -5.9962038749    3.8266371104    1.1693174819    1.3934193637
  -7.0483391564    5.2397323745   -8.2410284408   -5.9587914114   -0.0835693374   -2.3103524807
  -0.2330267591    1.6368477997   -1.2212867494   -1.5463755817    0.1881078487    2.7905641761
  -5.0843529257   -7.8832765825   -2.7853972434    2.5235168624   -2.3606438649   -5.6294258013
  -5.8283015756   -2.7750552822    7.5199595359   -2.3926489874   -0.6883364013   -0.3553346069
   0.9173077865   -3.0527417226   -0.1120055527   -2.3980974459   -1.0033090228    4.8754105807
  -1.1661690245    6.3671326587   -0.4146090098   -3.3154917742    3.3800632095    2.5960726130
  -8.3365929084   -4.8182774907   -7.8191725232    1.8124699002    2.6519486464    3.0639511378
  -4.2027226181    6.6828332555    5.2932545589    2.4078440277   -0.6331825430   -2.6893212255
  -6.5730100529    6.1535007709    0.7936618354    1.2371651460    0.4112602940   -2.8526471192
   0.6543194993   -7.1410950568    5.4732396754   -3.5313943721    2.3832235424   -2.3936460370
   4.6527272583   -4.6054827234   -4.4585627719   -2.6490216496    2.8271777571    2.1291363120
   1.1122897887   -4.1329720469    3.7693867471    2.1060331704    0.6983036074   -1.4038501297
   8.2861910733   -0.5991584468    7.4495627120    1.5153693613    3.1970707395    0.7108709931
  -2.2791892235    5.0804158973    5.9023678282    1.3705832815   -1.2887634584    0.6152889298
   5.9179007672   -3.1839461278    4.2074919214    0.3140582690   -2.2826172061    1.4832110857
   5.0636338527    6.7330159897   -6.1928672255   -1.5535304150    2.3565668366    3.5564603542
   4.7566236673    2.3388446334   -5.0735204941   -1.9014011513   -1.4631441134   -0.8333944118
  -5.4651818351    3.3378196612   -2.0387399782    2.3872544498   -0.6987209954    2.7923794949
  -4.2738128824   -7.1307541541    5.3271031196    1.0814628960    2.8404787601   -0.9064836936
   5.8750016803    6.9861575758    3.0338367228   -1.9903988125   -0.0374026857   -1.2211684360
  -1.9696404568    1.9506929357   -8.0467977619    2.8757006471    3.5515653288   -1.7023186347
  -6.6041501228   -2.8049800656    6.8135066346   -1.6270732349    4.7984728619   -3.2399630704
  -2.4952397290   -4.8785570056   -0.9155030588   -2.7256724054   -4.4577327090    4.3835004585
  -1.7166375197   -1.9774679790   -4.2759872270   -2.8918597966   -0.2408964826   -0.1894016137
   6.4210848969    5.5175738753    0.2981489283    0.8398549165    1.7757245696   -4.3839360406
   5.5965527324    5.6105263523    1.5254759812   -1.3235298467    1.7654288484    2.3890960003
   2.8234167578   -1.4970481171   -1.8913599550    0.1018372594    0.3470727168    0.0621910061
   3.2570003793    2.6818943091    5.7685454381   -2.5297956378   -3.6940911024    0.1834554456
  -6.8211765722   -5.1787141995    7.1458672680    1.7528976189   -2.1949738444   -0.2862297548
   7.2454391625   -5.7667608117    2.9623252542    3.2461683398   -1.6478725663    1.1192789893
   8.1401203958    2.0097543227    8.0577715460   -0.5747377444    2.0033163201   -3.5001442602
   2.5784707852   -4.9859385157   -3.2846995551   -0.6797586794   -3.0190063184   -1.6912038773
  -3.5419316023   -2.3149709241    5.4576687711   -0.9427051753   -1.6482853345   -2.0788918956
   8.0749483621   -5.6928128910   -2.3945436415   -1.7920875669   -5.1571121534   -4.7127038477
   6.2512833089    6.1751265771    6.8370017658    4.3608995431   -3.2732634079   -0.6595707628
  -6.7909340498    4.6597862345    2.5435030605   -0.4936992946    0.0327769126    4.3856618961
   5.1651824030    3.1763200765    6.0058971366    0.7937531603    3.2031469830   -0.7110334164
  -7.9579894276    3.0755581884   -3.7607038780   -3.0859766413   -4.3015390704   -1.7516413641
   6.0834602650   -7.2612293200   -6.3549998581   -3.1303629100   -0.8893086518    2.6795995339
   0.6721809200    7.9734481844   -2.1798918741   -1.9400945654    1.5446797909   -2.7589138515
   4.5835277782    2.4901584347    5.3751151797   -2.8348178594   -1.4200778915   -1.3687766358
   4.9627595916    2.4384854213   -7.8918523863    0.6230270510   -1.8840152905   -1.7877932366
  -0.2831929973    5.5258570135    7.1143399588    0.6906066465    0.9856007408    0.6213843462
   2.3329119609    5.7298543051   -0.0281482827   -3.4208932955   -1.3509614998    1.6869101486
  -3.0359099127    2.7924308943    3.0004742758   -2.8498143117    0.5592601615   -3.7453913197
   1.6468443543   -0.2969224240   -8.1096393947    0.5616720447   -2.5954826954   -2.7770660691
  -4.4682993297    7.6950925293    8.0135954859    0.3128794902    0.1083940654    1.0351017302
   0.6379191114   -2.4924851072   -0.8643142436    0.4594086344    1.3080610283   -4.1997978594
   0.9042866781   -1.0664307055    3.9066413184   -1.0164132468   -0.0921809841   -0.9817106321
  -5.2359411044    4.2728274883   -5.4866497831   -1.1037609793   -0.8766112770   -3.5283439887
   7.8376575924    7.6290698328   -7.0657770414   -1.5841187736   -5.3371892804    4.2330799984
   1.3916967991   -3.5516084639    0.7607282801   -2.6053441045   -0.0261021752   -0.5229837465
  -7.3245999627    4.8967148510   -5.0137963724    3.1348523358    3.9029069702   -4.8333517400
  -7.9520341597    0.6721812048   -1.1168288944   -0.8636565361    0.5915008829   -4.0526942188
  -8.3002182364    2.4207618999    4.0548441816   -2.2226927936   -0.6117676139    0.7953563045
  -4.1719929803    2.3144830511   -5.4370404333    0.3837178253    1.0570733343   -4.1954366324
   0.7048926709   -0.5570567258    0.2329670463    0.5027584061    1.4693086611   -2.6748341792
  -7.4311673001   -6.4541005404   -0.6134237475   -1.9786476794   -1.2344021108   -2.3708068704
   4.9249746868    3.3511495233    3.2979384059    1.3785778746    1.6492776931    2.6114265824
  -4.5936260660    3.1735038410   -8.0007776100    0.7204222105    2.0745097740    1.5443266523
   3.9448314771   -0.5312639530    6.1120261349   -0.1425373791    1.6277106590   -0.5846866928
  -3.0272635386    4.9467227715    8.3278395253    1.4470894150   -4.9008609436   -2.5901206039
   5.0438562536   -3.7241985041   -1.8532022568   -0.7523578483   -0.1232200248    1.8226985624
  -6.1774756716    6.0818610022   -7.4252968094    3.3568133492    2.6205221871    1.9604369960
  -0.4064726725   -1.2551182082   -2.8515993329   -2.5051347906   -1.5299179229   -0.5648615204
   6.5951451018   -4.4985716583    3.7370179572   -0.4338537525   -0.3694975622    0.6211958834
  -7.9992483787    5.7334117682    5.3176749974   -0.1021111469   -2.7941771954    0.6381342497
   7.6996773783    7.8004784313    5.1774553312    1.0603511498    2.4693270285   -0.9312096208
  -0.2863626936    5.8267816418   -7.8925680093   -1.7479677914   -2.8206877392   -0.5209204290
   3.4931530066    5.9578141353   -2.3994275497    0.1634633710   -3.4597779743   -0.9564645454
   8.1453596504    0.2409730445   -4.7434626221    0.8928793889   -0.3542416435    1.9047468942
   0.1282001718    1.1289663593    0.3776959505    0.9659916698    2.7231938879   -0.8883856008
   5.7555335269    5.6899132576   -1.9519122633    3.3193021067    1.8399988806    1.2431401787
  -2.0242081840    4.8129820954   -0.8234429577    1.2760909850   -0.3289282775    5.6373577632
   5.1976455552   -3.1381103043   -7.3198308451   -1.5866845591   -0.5577794500    1.2043035749
   6.8764970089   -5.1056128609   -2.0349983849   -4.2853031264   -0.1285365660   -2.0575419623
  -7.3767722483   -6.0661851218   -7.6010913043    3.1863509545    2.7675272637    1.0267621710
  -4.7249225646    7.0543624979    7.3569573487   -3.5623874022    2.9583689169    5.5758367494
  -7.4475417761   -2.8374920308    6.1801731186    0.1218237091   -0.4263544024    3.1742393763
  -8.4153655080    2.8325023754    7.2705225299    3.4065811968    0.5018804244    0.9782449938
  -4.0636734976   -7.3835235500   -1.6444052836    0.4282008437    1.0876109247   -1.1674302256
   6.2720153523   -6.5320111255   -2.6249544260   -2.9605763300   -0.3308579442    0.7913527248
  -6.3709724343    7.6059043893    0.4102156408   -1.2090914155    3.1097535756   -3.2463724039
  -3.5407291760   -6.6551147207   -1.4305620324   -3.0570880004    0.9452287457    4.4744191545
  -4.1611251568    4.7864270010    3.8129451706   -0.3131412811    0.5881790485   -4.6748787256
  -2.9212509124    8.4980107735   -5.5826120240    1.4266368403   -1.2557505841   -0.1556050655
   4.4564571980   -4.7303889862    1.3190567810    0.9550435028    4.1051256515    1.1950456624
  -5.8222634449    3.5793479726    4.5156146361    4.3416349486   -1.1317504659    3.0663361721
  -8.1290656782   -3.5306330336    1.0863535535   -0.4074416608   -3.9217381530    2.0378990428
   6.8455516567    8.2405511320   -2.1990923132   -0.6638005377    0.4039102939    0.5235959442
  -7.0501648047    3.6715692045    5.1637408999   -3.3410776108   -1.0680393414    0.5685952988
  -5.7572651637   -7.2807636502    3.1491146140   -2.8736163812   -0.3621875988    0.8572000244
  -2.5992449609    7.7921497028   -7.7563930565    1.8362724506   -1.0415266964    2.1040041592
   0.2281782019   -5.4022948274   -4.6024945937   -2.6323742003    2.2130098619    5.0429400011
  -1.9006668097    0.5031657923   -7.7833309199   -4.3793761260    2.6982296247   -3.0480517730
  -4.3607459150    3.9017734357    4.4445900496   -0.8718292783    1.3893305582   -0.0233031054
   2.0540050625    0.3596809207    4.0828193848   -0.7567352673    0.4606195700   -0.5451508688
  -4.6933478799    1.8220727550    8.3581641423    4.0921341361   -0.8233780242    0.0992035895
  -7.7569877970   -0.0553684204    7.8028944286    4.5124363624   -1.9710141037   -0.7040711504
  -5.2215147773   -2.9068549003   -5.3648293942    0.7488386215    4.8035948924   -0.0333958230
  -0.2832737678    3.1598582871   -1.4484224203    4.0549115467   -3.3855021465   -0.5397094827
   3.8506009623   -2.2869736617    6.6065148829   -1.0837955833    0.2976679401   -1.1029454341
   7.4349465512   -6.1760925399    6.7453123219   -2.8847058752    0.9067379905   -4.7159770998
   8.2840992169    2.2708089476    1.1629659734   -1.2681404202    0.8393806942   -2.8165746576
  -8.3661061712    0.9366473371    2.6000667342    1.8841190139   -2.6515304842    3.2384567045
  -4.3025756419   -6.2304231625    6.0356708202   -3.9943198468    0.1666418885    1.5948799836
   6.1318584919   -1.2705808204    0.4966838092    0.0269238660    3.6367478186    0.6883654097
  -2.9285509573    1.5190435658    2.0398480609    5.9330186278   -4.2058098713   -0.0738084498
   8.2101297370    6.4587505221    6.0382592190    1.0163066648   -0.0102083918   -1.7812049419
   5.5739640566    2.8742717353   -1.0545187879   -3.9733077856   -0.5740805692    0.6618578071
  -0.2835183868   -6.8218862304   -1.9024082930   -0.0911150263    0.6362169790    0.4830305374
   6.2690209479   -2.2547905018   -7.3830386439    0.1406379242   -1.1499671184    2.2511464765
  -6.9144951200    1.4197063854    0.8984877720    0.0550183974    0.6096436109   -3.7111683657
  -5.3478117109   -2.4188302027   -7.8907911242   -5.0131848559   -1.2372555945    1.6486304606
   1.1981165529   -2.3515327127   -1.7626781612   -4.0446579188    2.0137925164    7.4783361318
  -1.7438274798   -2.5494459678    4.0955983714   -7.1236904153    1.1305509786   -0.4335198380
  -3.4990854998   -5.9845391554    1.5439432080    1.9080364810   -1.0999724771   -3.4537271374
   5.6448606181   -6.4977493322    4.6022480659   -1.2733188777   -0.8458331627    2.5270015532
  -6.1024528845    5.3509907622   -6.5002855890    4.0161259374   -3.3623939639    2.6250466303
  -0.6684059872   -5.7854493832    4.3958269613   -0.0140465028    3.3395163621    1.3065521985
   7.3153874787   -6.8100993448   -2.5066227392   -0.3297213675   -0.2421185430   -3.2600704130
  -0.1485839387   -7.5935731725    4.2326789416   -3.8019907061   -3.3659101101    2.1812617804
   4.9663995141    2.1855393886    4.4680070871    1.9569141670    0.4261118043   -0.1074397055
   6.0055130721    3.6316901455   -5.8285683226   -7.6983017616    1.6505228421    1.8465168252
   3.0462479427    6.7588359769    4.7638741835    2.7869781586    0.6270960899    0.3485143954
   3.9433513350    6.4217396992    0.6790774371    1.0650542556   -1.0472889253   -0.4329509142
   4.3525923390    0.2268608086   -3.5123231655    3.1030674241    0.0217130633    0.9718238299
   0.6660048728    0.0022813014    2.0394076369    1.5644706025    0.0166840549    0.0965983462
   1.7664275627   -2.7647858038   -8.0401031870    1.0215597059    1.1388356213   -1.3271548679
  -8.1758850507   -2.3474094554   -4.3730096248    2.6054169274   -1.9008002170   -0.5774685352
  -2.2596714009   -4.1592488983   -6.5534848297   -0.8209126014    0.3386826910   -1.4931577471
   4.6077548274   -4.1046826666   -8.4389135273   -1.3041637709   -2.6391135687    0.4667544872
  -1.4361299411    1.0433423367    0.1723663763    2.8508422920    0.1449758126   -4.2819688075
   2.8033873853   -6.5109348135    6.3308631755   -1.2427571277   -6.6422345157    2.6612819266
  -1.2873039050    1.9552712933   -5.7212470865    0.0960907545    1.6601761971   -0.3789272685
  -6.8113368751   -2.9685083915   -0.7247513396   -2.8899224954    1.1962008416   -0.4597898868
  -6.5442482080    6.2834533379    8.4520159524   -2.3378765939   -1.3807361395    0.2700987322
   3.4020148663   -4.9120566202    0.4893697261    1.1625950867   -1.0417674105    0.6940500577
  -2.7218756039    2.0823192769   -7.0472140284    1.8987184951   -2.1862460182    1.7293156116
   6.2872871232    7.7128976559   -1.2569168015    0.3026784425    3.2430488485   -0.0929143562
   4.0242515990    4.0795640307    3.0998182575    1.4064738065   -5.6525229338   -0.6810544043
   7.7537180006    6.4861073369    3.7900790102    1.1971409311   -4.9178424542   -0.7009714217
  -4.7285761574    2.2495905766    0.5072757276    1.5402835376   -0.3700255909   -2.1847467226
  -4.7794610616   -6.5897310536   -2.4394343846   -0.1457544585    2.8010103817    4.4604190464
   6.9266868355    2.9341443370   -0.7653553862   -3.0019504893    2.2276815991   -1.8957354732
  -1.6954573503   -6.8375312659   -2.5104270585    1.9373693532   -1.1177203250    2.7024428549
   0.0936444472   -6.4188571161   -0.2353554939   -0.3794408791   -1.2542489918    2.1239689002
   8.4612714670    8.1710127584   -0.3663504316   -2.2477437253   -2.4167659001   -1.3725956470
   3.8675310273    6.2987956482    2.2607397974   -1.5137376960   -1.4046311588    3.3031580860
   0.9745059518    2.7570636120    1.0854131164   -1.0856353509   -1.4660329300   -0.6498268518
   1.8132814030   -3.4890596985   -1.8535362394   -0.3798210978   -2.1864781256    4.7500588031
   2.2773368698    3.0939561348   -3.6337626382    0.2235776843    1.6471663300   -2.0305138715
  -0.1014010648   -2.1752520768    8.4567310495    3.2903820013    1.5868873580   -0.9528729705
   0.1476541283   -1.6276816866    2.9697483343   -1.1338698452   -4.5052124097    0.1100901085
  -6.8923898067   -2.1631840665    5.7709322925   -1.2336978992    0.3781694022   -0.6172017307
  -0.1514241690    1.4467652822   -6.4713514332    1.0404143827    6.0606897574   -0.6696006957
   3.8528485426   -1.0645048771   -0.1761765309   -0.4266111799   -0.5618016634   -1.1483123983
   4.1059466156   -5.1941369918   -0.1809860483   -0.4526643187   -1.1777082900   -0.9402848365
  -1.4330458452   -4.9691284844    5.2133957778   -0.4363957073   -3.6008380458    2.9302147361
   7.9356540321    4.8728687101   -4.5644495957   -0.3992854916   -0.9238489650   -2.3077204272
   5.3615358198    0.6472491293    0.7398717267   -7.9651463333    2.5412502455    2.0106819760
   8.4973030628    3.2583357733   -1.0842483269    0.6673649330   -2.0472194760    1.7906114318
   4.4822802212   -4.6248111420   -5.7871938278   -2.2100510904   -1.6130709136    3.6400272716
   2.3404961852    4.3010225526    5.2318377276   -0.6663723193   -0.6953062567   -0.0095659973
   2.1159210235   -4.8428115782   -4.2926293336   -0.8158291973   -1.3110585640    2.0679992408
  -6.3769666033    7.7750194257   -5.8075629706   -0.5761028329    1.1055924132    1.1926298018
   2.4497944129   -1.0349715143   -7.3483625341   -4.2134446716    2.3678059776   -2.5172958269
  -5.5427635101    0.2423409789   -8.3357434724   -1.6995427105   -1.4915762108   -0.5307481692
  -7.6964430759    0.7833119322   -4.8910154621    0.7894670618    2.3569901657    0.1697869630
   2.3583435394    2.6666302671    1.4216668905    1.5126791174   -4.9326101529    2.2538717764
   2.2170992355   -3.6112699372   -4.4233022855    3.0955281052    0.5847298443    0.3186212147
   5.1127459280    2.8038029660   -3.2005190128    0.1714085785   -3.8479466415    0.5885452416
   0.7262085090   -4.3454188867   -6.7878656289   -0.3770815929    2.6232685256   -1.6552519746
   2.6832844069    8.4758574904   -2.2295421372   -1.5719685241    0.1335430919    3.7034959622
  -3.8400059582   -0.2184391868   -6.9459218149    3.4398619825    2.2610385046    0.4969048958
   5.4288819809   -3.1456572778   -4.9529643576   -3.2387175652   -0.5101187047    0.2505195562
   4.7520149244    0.8705515755   -2.1042360135   -0.6064243087   -2.1168328479    2.4744879238
  -6.0130075231   -2.6274554928   -0.4474819074   -1.6164685847   -1.2224644446   -0.4408503681
   2.7015226840    6.8324771512    7.4781641139   -1.2945225228   -2.7820702447   -0.0557193861
   4.6108398447   -1.9463441206   -3.8426630028    2.4485560852   -2.5634857816   -3.3866245544
  -2.9278130969    6.4148487812   -3.2539603869    2.3571961100    1.0159796238    0.7396980816
  -7.8595583364    7.6373772033   -7.7143022606   -0.0220437549    1.7875803506    0.3026967658
  -3.0415548040    0.9926296787    1.1712765378    2.4614394302   -0.5744409667    1.0655963984
   4.0692516952    0.4481810937   -2.4818630274    0.5307900892    1.0826018578   -0.7621784725
   1.4452610492   -5.4348926292   -3.3780406466   -1.9312146386    3.0666246067    0.5093319701
   4.2092132671    1.2961000131   -6.0109201016   -0.3360544103   -1.8172324905   -0.7807739607
  -4.8784804431    2.5909692502   -1.8009743985   -0.8106953990   -2.0663223069    2.6654917212
  -5.4412344530    1.9129607217   -8.0730437105    0.2243801067   -3.5707933386   -0.0570777642
   4.9668352745    5.1572804166    3.8925015835    0.3687504860   -1.3565624193   -4.7103150844
   1.6722809301    1.7811819008   -5.1630664064    0.0018175834    2.9141777504    3.2085904290
  -5.5734787085   -1.3216341095   -2.0741779370    0.4580103262   -5.4459687396   -0.0533926819
  -3.5188913139   -8.1140666854    6.4271802826    2.0372326379   -3.1238177356    3.5487805082
  -1.0711652010    8.3755684164   -6.2482177174   -1.4127086725   -0.1296522461   -1.7885542891
   8.0493450354    4.8128858994   -5.9631854032   -3.5693178596    0.8192489140   -0.2454121784
  -4.9372826582   -1.9010131097    1.5671406700   -0.3178277039   -0.1729835417   -0.0598785066
  -8.1101682056   -1.3265541129   -5.7937925362    0.5162183341    0.7685442362    0.4513844002
  -2.3523540041   -3.1924509825    2.4851606631   -0.2080987478    0.3647221526   -1.9212655582
  -3.1914153039   -4.7869795624    3.6290890968    1.3410025894    1.2719075254    0.6515767815
   3.8272225723    2.4807192274   -8.1342027138    1.7986828003   -1.5132342301    5.0705520056
  -2.4440992931    3.2788290584   -5.3166721333   -1.8105100907   -4.7928143603   -1.2484012218
  -3.2155554105   -6.2999845247    0.1270457917    0.8935316628   -2.1254225441    0.0585136207
   2.8902079374    3.4745488892    0.7554970143   -0.6468285013    1.5207482914    0.5933694309
   2.0027003203    2.0458514654    7.1823652477    2.5129661427    1.3802446622   -1.3233326576
  -1.5291196540    6.5669373470    5.3334069219   -2.8749025873    0.8175739060   -0.2372224477
  -1.2116811580   -4.9696802928    7.2084076575   -0.6346502961   -3.6109585512    0.6374785108
  -4.5175565977    0.0222099181    5.4452930816    3.7834710398   -0.4194590512   -2.6183752294
   2.8260423401   -1.1328587702    1.2693255195    4.3599477632    1.6991976538    0.6531087835
   5.8110761846    0.6257273112    4.6642114940    1.1563857046   -4.3012186651    1.1998654681
   0.7922980173    3.2815898375   -1.3229267835    2.6435632235    2.2433549932   -1.1573444924
  -3.6707993929    3.7772196339    6.1656509314    0.0083236552   -1.0181582697    0.2634376714
  -3.7071651960   -7.9198196920    3.9512658829    0.1571853216    1.1923650204   -4.2182188432
   1.9583213812    4.4911376150   -2.6507339659    1.3111137287   -0.2424077398    1.6779440674
  -7.1776201355    1.5841679410    7.4291263118    1.2356206685    1.8222605232   -4.0023426063
   6.4222745059    4.1593361796   -6.9105201319   -4.5846558930   -3.9745743132   -0.7475220735
  -1.4768022344    0.9263059709    8.3123693737    1.7606193905    0.2366806015    0.5716211611
   6.7471190715    6.7979003740   -7.0978721843   -0.5556740805    4.1571330797   -2.1826487067
   7.2920607608    5.7061464569   -8.4088157277   -0.1217888406   -0.3817522611    0.4602409212
   3.8768173416    7.4525309814    2.4011062341   -1.7320684880    1.8970902676   -0.4316777577
  -3.9156848356   -6.1029742735   -3.2000234015    4.1479942585    3.7576394930    0.5117588845
  -1.0985980105    6.4807018655   -8.0932365607    2.2118094632    0.8445077271   -0.5451640712
  -8.3067476653    6.7046109215   -6.4539353436   -0.9434974060    1.5509542490    0.6676390987
   7.9386723628    0.4198309403    6.6267715731   -5.8086050132    0.5128023792    1.3638047119
  -4.2259358313    3.7400393124   -3.7851401628    4.0996191126   -1.0222279485    0.5971568160
  -0.9060424744    0.6678237644   -3.8718447010   -1.4768566868   -0.7973824926   -2.4962242663
  -2.9575024426   -0.9294597265   -7.1462639840   -0.8563450249   -0.4366634516    0.4616934833
  -0.0381495048   -8.1829551919    2.5546145277    0.4838894779   -1.3014398044   -0.8587086927
   3.3861440260   -7.6114433183    7.3468407821   -3.2587137798    1.3050639513    1.0158612163
   1.4840092959   -1.5874852738    4.4084953343    1.3614122185   -0.0183746554    3.0900116565
   5.5942048760    1.9274727970    7.2556675168   -5.3067730475    1.1364447902   -2.6531596081
   4.2820922755    8.4448632817    1.0706225989   -1.1785745286    3.0344071677    0.5146217418
  -4.0404578267    6.1287047268    6.3571484487   -1.4445042393   -4.6004461401    1.7440096520
  -5.6174172904    0.0830169586   -5.8592986971    1.5981933087   -0.5826275655   -1.4588729686
   4.9935952119   -4.8491101096   -3.0739956452    0.4218436708    2.8200571399    1.3747993539
   1.1697838303   -3.7872197750    6.7048613125   -0.1676843105    2.1990780002    1.4762507447
  -4.0169884010    3.4086430099   -6.1651948839   -1.8203327149    1.5096461546   -4.4992259460
   4.2103450011    2.5163429583    1.0743204448   -3.3945606353   -0.5686638050   -0.7919680482
   8.5416100296   -3.9670663637   -5.6881458884   -1.2832263814   -0.9990845015   -1.3913533817
  -3.0858364197   -1.6149886498   -4.0964525829   -0.4163292647    0.5241690137   -2.0769446310
   5.0513286901   -2.2382751711   -6.6736460306    2.4615442701    0.9530334786   -1.1932577304
   2.3604959828    8.2383478150    7.7916945702   -1.1685634734    1.5035913768    0.3635399093
  -4.2787339470    1.4560163429   -3.0955349708    3.4599817979   -4.4218976600   -0.7848021783
   6.5046399221   -4.4806314793   -4.1846929812   -0.1343914418   -0.3350090774    0.7446353542
  -3.1117776732    7.3190012967   -3.4767685468   -0.7195111222   -1.6496197199   -0.3043371352
   5.7959739616   -3.0843140494   -2.6638206341   -2.1687166368   -3.8602743914   -4.2779893165
   0.6168921717   -7.1754025829    1.1297675447    2.6278736462   -0.5449976205   -2.8070009694
  -1.8704947631    7.6163076817    0.8725922257   -1.3299637556   -0.0420456185    1.5484571196
   7.8363461021   -0.3916261289   -3.9378590478   -2.9222648426    0.7989845281   -4.0289796136
  -0.9769319720    5.0689972359   -5.1609262746    1.3660877541   -1.6153545673   -2.7780388978
  -7.3275971164   -2.0073702423    6.6972522392    1.6618494366   -0.6212995052   -0.4845726913
   1.4370853018   -0.5913690955    4.6133076001   -1.7634193818   -0.5152822380   -0.1803812241
  -2.8291692721    3.3269406079    6.5867608208    1.6135229870    3.3833558847   -1.0274104634
  -1.9674964395   -6.5782487711    1.2777809165    3.1624837644    0.3736901340   -1.6375065925
   7.6505747873    3.9638137737   -6.7870181895   -0.0144001308    1.5864690553    3.4289062951
  -7.6728701370   -0.2864906207    6.5608387965    1.3760244971   -3.2808227571    0.6507390350
   2.6684886693    1.2965541517   -7.8494830534    0.4646784524   -2.4566934390   -0.3199901928
  -2.7676354635   -8.4539089471    7.8565819558   -4.8245255669    2.3794311166    1.6212663315
  -3.7707834427   -0.4007756440   -3.0120223811    2.6191004815   -2.2756989926   -0.5702204667
   2.1982934839    4.3669692607   -7.0988626944   -2.8197393521    2.0124455468   -1.7584420743
  -2.0185074812   -6.1713132339    4.2529165907   -5.8918639189   -1.9998298482   -0.7109559235
   3.2980851533   -0.2940679479    7.3506843929   -1.6307078977   -1.8742890652   -1.5760026793
  -4.9241229816    0.7621588537   -2.2627557185    1.0244011440   -1.8381343832   -0.2682570887
   0.4572567168   -1.2196511447   -0.7702936308    6.1522568218   -0.2274603354   -1.6036089958
   8.3389220288   -2.0649643959   -7.2862098824   -0.7154495609   -0.8399342664    1.2517346546
   3.6361386092   -4.2811691174   -4.5724920707   -4.2551007486    1.7234194815    2.8624565663
   2.1871981401   -0.1472445532    4.9899412864    2.2170402452    1.2327735619    1.4029852992
  -6.6269229676    6.8405169019    3.7245216711    0.4563777125    2.9674063930    3.3880263366
  -8.4523027970   -3.9979038139    7.0483362767   -1.0238814962    0.8647045218   -4.0135620421
  -4.8360248489   -4.1192504528    7.3502950765    1.9964383386   -0.1370545970    2.9553523150
  -3.2428001287    6.3583767792    1.1303609751    1.2342402198   -0.2081462013   -1.9695047932
  -0.9682215320   -8.0317124497    4.7279757522   -9.2983137302   -1.3224229586   -0.1682432154
  -1.3276220268    3.7283226062    1.2022127000   -0.3364224257    1.9764158210    0.4386921550
   6.6204964419   -5.2713277498   -6.1173523897   -2.1349156189    0.4707535541   -4.7967886076
  -4.3666988381   -4.2075976455   -6.9608032393   -3.1885328845   -0.6711496839    1.6658448432
   1.9043141543    8.5265600434   -4.2487544676   -0.1467441654    1.7618261820    2.0247505299
  -1.6956149632   -1.5877096303    5.5378405226   -1.3731559037    6.1356854782   -0.3405746180
   3.2020957261   -4.2881756860    6.3661964805    2.9342208273   -0.4134204196    3.7130039323
  -3.9251005648    5.2529052848    7.8906952268   -0.5635352620   -0.6280886355    2.1478778825
  -0.4642050223    5.6387204369    3.1970424697    5.8428837437    5.9514859494   -0.4319652271
   4.9244567511    1.0492935124   -0.1597785797    2.2859461213   -1.3889987065    4.1120416429
  -7.7705276012   -6.5612102543   -2.5192029875    0.8808674035   -0.4827318873   -3.0034315271
  -2.8847505133    6.8949255844    2.7615941423    2.2082461333   -1.2857217006    3.6244752037
   7.7107622632   -2.6252377275    7.5729701881   -0.0839034517   -2.0531346195   -0.4524222925
   0.2512066149    0.7183389020   -4.0507090457   -1.3416379397   -1.1536970679   -2.1107731858
   2.6893034691   -5.9136235224    2.6832816616    0.0858151107    0.8331003054    3.8479289110
   5.6398630114    4.6068489221   -8.1030707131    2.4130616302   -1.4640377358    2.8137873729
   3.2039869517   -7.9975764714   -8.0948574964   -1.7241987534   -1.4756685566    1.2950653538
  -7.1931180056   -1.1591881625    7.7259696577    1.3383828412    2.6870162677   -3.6217671551
  -3.7049182242   -6.7908083993    2.8536763850   -0.7888072097    1.5912177644    3.0818054889
   6.7011866152   -1.2284566842   -5.7195851694   -2.9204184482    0.3831476601    6.0268796051
   3.5534515788   -0.8375110643   -7.7954168076    0.2875535971    3.2403541774   -0.4909788863
  -0.9735752820    0.0435260702    3.6817781821    2.5830853979    1.9713637961    1.1716870128
  -8.2630349808   -0.2874247477   -0.0026024914    2.1701444234    0.3648604124    1.1696920956
  -4.3249395734   -3.8062781647    8.4346171258    3.3568722557    0.1374249579   -0.4159549206
   6.9633777108    8.4725313217    2.4947343069   -2.0596491186    0.6941793343   -1.6331261514
   7.5895464851   -6.9248793142   -1.3913866539    3.5003594617   -0.1766887584    0.6626376355
  -8.1931742049   -1.6538444204    0.1444398378   -3.0038135420   -1.8387538535    0.7866893235
  -2.6164075672   -5.9346066226   -1.7087860258   -1.3851033564   -3.6506809363    2.6660978792
   5.0639009997   -3.1818393203    6.5322759205   -4.2286640223   -1.8697805757   -0.0389465698
  -2.1504924073   -4.5845771765   -2.5669237465    1.0242443657   -0.6837733059   -0.1475863477
   0.6214260625   -6.4781800720   -4.4511403569   -3.5716368717    1.1734142852   -0.2931467723
   2.4159821456   -5.2657509494    4.9782488382    0.3194911905    0.3431100101   -7.0689857491
  -8.2618509098   -3.0428399264    5.7033977400    1.4800465337    0.0903325016   -4.0012871857
   7.7357043655   -3.3871790727   -4.8206581339    2.7995289979   -1.6281708942    1.3814840229
   1.8473185763    8.0769382916    4.2788488880   -0.6621920858    3.2580777462    0.2912451583
  -6.1546591864   -1.4544104039   -3.4923032446   -0.3431625185   -1.0134078219    1.3891581238
   0.0528905943   -0.1786214400   -7.9058285038    1.6425724493    3.5618975218   -0.9565423269
  -2.8887716198   -5.3038705021   -6.7928937075   -1.0513391258   -4.4812873732   -0.1869553188
  -5.7875417640   -4.5054297666    5.2348474149    3.1047193913   -0.8276713313   -1.3033235060
   1.9301977762   -7.1859993108   -0.2796909594   -0.5923922715   -2.0372395187    1.3789928423
  -3.0890051692    6.6278901846    7.2344312351    0.8900067821   -1.7793467010    0.0200637945
   6.5159728758   -0.3416062810   -8.2090828899   -0.0193162323    6.1680042081   -0.3652024007
  -3.5452922690    7.3645856987    6.8436792039   -1.6279673695   -0.2197204354   -1.8588969418
  -5.9885660750   -6.8159336490   -7.9090778645    2.1667107620   -4.2248827191    3.0107724287
  -2.5407640795   -7.9994782472   -2.7635035735   -1.1637727300   -0.1133992458   -0.0657949619
  -1.8793909200   -8.4392398929   -8.1241643155   -2.8929839145   -0.9665298686    1.4364298361
  -2.8078114252    7.4863102066   -5.0876976513   -2.9407429738   -0.7342027743    2.0777253337
   5.9698188224    3.5957348354    6.8829599551    2.9926654577    0.3029386575    5.1623126392
  -1.4141476346    3.0494712239   -4.6394995972   -4.0808027289    0.9452001877    0.5733922251
  -5.7622967289   -6.8364758305    1.3171968149    2.8711659895    3.3599866903    1.1444380000
  -6.7864577567   -4.7316144650   -5.1227823703    1.5891079156   -2.4445193261    0.3190342276
  -1.3623338185    3.8301601039    2.7053643701   -0.2454426754   -1.1703585803    2.8512567864
  -1.9402434323    8.5243772682    4.9334816541    0.3808524280    1.4642135410    0.6957456102
  -4.3669345520    0.6600789766    1.8040450718   -1.8170386515    4.0033245385    3.3965386159
  -1.3389642611   -5.7872347376   -1.7077795727   -1.2684589212   -2.9094431796    2.1585309974
  -8.3744790642    8.4556497421   -5.1488914117    0.3198502809   -0.3904078448    0.6684131687
   3.4091374674   -4.5423149914   -6.5899321469   -3.3613612172    3.9573021732    0.2825257774
   4.9490445952    6.7501611196    5.8030619341    3.2782648240   -1.4350105619    1.3762435717
   1.3680384587    5.1310451850    1.1472329333    0.7303068650   -2.9218416090    0.0905466378
   2.2030553445   -4.6012638204    7.0067401052    2.3046601164    0.0656917272    4.5531654414
   5.8863326363   -8.0849358068    5.2575452055   -0.1156662408    0.7165033416    1.2396798788
  -7.7545546124    2.5791231558   -2.7659022845   -0.9109586651   -0.8103845823    2.3746209484
   3.8729336928    7.0650161396   -7.1438606545   -1.9622323086    1.8144536628    1.7644549224
   4.6528711985    1.3079645391   -6.9039408283   -2.5882429575   -0.5668306468    0.9603020087
  -2.7682236140   -4.5229717580   -4.2896619116   -0.2768865795    0.9517820783    1.4729823761
   7.1824267091   -6.6547316504    1.1456175020    1.4557299485   -2.0484630888   -1.0925866383
   2.1229844015    5.8365958214    4.1114532650   -4.1149510834    4.0567876325   -1.9986918834
   0.5081011015    2.9704476567    0.2319990803    2.1128268333   -1.8451061180   -2.8004523420
  -4.5683523705   -2.6859714742    4.3306020011   -1.4422388802    1.6839133918   -2.3890410726
   2.1720042191    0.3446896984    6.4361588210   -0.1197576138   -0.7397942271   -0.9815357570
   2.0368956936    2.3311465464    4.1084533197    0.5413207138   -0.9248465665   -4.6641733376
   0.0491553141   -6.6486078309   -8.2587570810    4.3158671699   -0.5171200161   -1.1312455743
  -4.7299770053   -1.1579764489    1.9618855038    2.4456962192    0.5536106270    0.9746464766
   2.4839479194    2.0363656937    2.8920082881   -0.1127936776   -4.5956960419   -4.0204573155
   3.2041496057   -3.9310619721    4.4094104920   -2.7867117549   -1.3461227104    0.1071326080
   5.1413099480   -6.4268212057   -0.3027670070   -0.5666394663    1.9931735965   -1.7788072786
   5.8965630514    6.5391546017   -4.8842797698    2.6833373618   -0.1705524137   -2.0090406007
  -7.1424092531    5.4904868322   -1.0136291737   -1.9802295595    0.0625948521   -1.0257534037
  -7.0650850516   -5.6614766013    2.2422201316    1.9473168904   -0.8052399858   -0.2385232026
  -5.6612755195    3.6918788213   -0.9174976246   -3.5190271634    2.4843835599   -0.1573965370
   2.6481341821   -1.3674028970   -8.3655258381    2.8749469806   -0.8281605492    2.9881892177
  -3.0789908471   -2.5346138501   -5.7566346499   -3.8508932717   -1.4736834367    0.0443018016
   4.5304824417   -2.4023124985   -8.2897176839   -2.4497168974   -1.5753061266    0.0774446240
  -5.9564156299    1.9536864230    6.4093500071   -3.7440121786    0.6102261632   -1.8180071714
   6.1388650264    4.7365042834   -1.9097415266   -0.9310740248    0.1031254978   -1.0882418688
   3.7470920338    0.6230433655   -8.1797138402   -0.1454726981    2.2218704932   -1.4983344020
   6.5111517757   -2.1089500004   -2.1365985663   -0.6565795745    2.7185349683   -2.4071898699
  -2.1256399238    0.7233394128    0.9660018739    3.0832712142    0.8649048113    0.6254617578
  -7.7282428028    2.9245735118    5.0704051257   -2.1216216923    0.8349253412    0.7559147683
  -0.5974745552    4.1551007571   -0.7657451600    7.0107904662   -1.5339867666    1.5101539207
   2.1967941858    4.3903131301    2.6557204357    0.5920286750   -0.1399884532    4.2439301046
  -0.1043701216   -8.4983376097    4.4084315179   -0.5431323535    0.2611156981   -3.5774662995
  -6.8516975708   -8.0922216718    7.0896095723   -2.9146987003    1.8821802066    0.1121786691
  -6.2349686862    0.5968812257    2.5227485640    2.0192910437   -1.2376126273    0.5229548432
  -2.1452710367    4.9153573487   -3.4726763980   -2.4192088775   -0.6619706769    3.1120875111
  -2.6749513632   -3.1335658572    0.0087839310    4.4214417888   -0.7498013777   -1.5231676494
  -6.0018528811    2.9408502539   -3.1972065031   -1.0140825471   -0.3887241310    2.0838526778
  -8.5368450146   -5.6137275637    5.0353989670    2.5296331524    2.1425657620    0.1558337778
  -5.1221731435    0.5427707611   -4.4132551215    2.3088572526   -0.2954514041   -0.0640982613
  -6.4853417487    6.7937812949    1.8456275794   -0.8979542092   -0.5420150202   -2.0420280370
   7.8470245390    5.5448711833    0.9052878329   -1.5052978473   -3.5982576043    3.1518981205
  -7.1532540359   -8.3607636395   -1.4256108227   -0.2871491792   -1.5316796932    0.5240111220
  -0.7139978817   -4.9401670121   -2.4660811166   -1.0734393179   -3.0339803789   -2.1454355144
  -6.3149901813   -2.0284294428   -7.7918820426    2.6856743977    0.7018542087   -0.6666820807
  -3.4697684371    1.4916967641   -5.4406631951   -2.0355407238   -0.8187438857    0.0674855498
   5.6780193977    3.6106943590   -2.6842952210   -0.7892022193    0.5317772168    2.0899199778
   6.0319361173    7.1731642855    7.3718617952    0.4550956333   -1.0546022690    2.6701617974
  -1.1023580038   -6.9411865810    3.5925371250    1.4349126820   -3.6303319933    2.2861688867
   0.6756863694   -1.6943526505   -6.2935516146   -2.9444414815   -1.6104116582   -5.7667796517
  -3.0567916293   -7.4175115286    3.5970068122    0.0604992834    0.3948726499   -0.5277413337
  -1.9877596858   -0.9285256928    0.6751817292    1.4085261719   -0.0946090162    5.8922742263
   0.0181682059    2.3700029804   -0.5062145999   -2.5715276237    2.7994774527   -2.2927219689
  -8.0848773405    5.4935263466    2.1114827282    1.4296801420    0.8132548598   -2.0723517524
  -4.9381493543    5.2300203633   -7.6320632715   -0.0737179757    1.9999050905    0.4502785842
   7.0369650891   -3.0825203794    0.7696382727    1.1255570833   -1.3058425363   -3.0259336614
  -0.9271695281   -2.7409691066   -0.1528769356    0.6487849496    3.1653933507   -0.4802922720
  -1.6374250949   -7.9624194479   -3.5217038958   -4.2273579062    1.2522239222    1.2055536126
   6.9488146852   -7.3881546880   -7.0038869728    1.5767602950   -4.3573166705    0.8268112514
  -6.7207016478   -6.5200477913    7.5393265007   -1.3827400208    1.2145683173   -1.3502284231
  -0.3512826351   -3.5654075374   -2.8644646131    0.2770399247   -3.1666489407    0.3387068398
  -3.9004420450    0.6420200583    4.5723898248   -3.9161979078   -0.6775991403   -0.1492743796
  -3.1764361921   -1.2452503903   -2.7907139322    1.9046664233   -0.5928622053    2.3347155426
   5.6220206629   -6.5200087232    7.7480963531   -1.2999393998    2.1592429925    1.6384254081
  -6.0945707243    5.9657080462    2.8665996311   -2.5160480001    0.7808659141    2.9628399651
   2.0480942948    1.5489017621   -0.7117666500    1.2556361990   -1.2046479102   -0.7724607029
  -0.4526085749    0.4190716519    0.3136210508    2.5816126340   -0.2048779343   -3.4400742774
   6.4906352891    0.7337889523   -3.2716014580   -3.0684396427    2.0473623238    3.4650309724
   5.8763298286   -4.9073443024    1.8053915742    0.9388604825   -2.6794435313   -0.1104019377
   1.4970702580    5.6029475604   -2.8134667578    1.0787355088    0.0932786668    5.2980886718
   7.7081113312   -3.5422705570   -2.0987104426   -1.8364095801    1.0283597951   -1.5292408763
   3.2529074038    8.1499062003   -7.6427102558    0.3056082261   -2.6289633963   -1.7474862141
  -4.1496823489    3.1979086824    0.4317130920    2.8255906202    2.3296210458    0.3148696294
   6.0174261911    1.2696056035   -4.0321045615   -1.1868063023   -3.5571589740    0.1181394122
   8.4593821851    3.8469442947    0.1925137525    2.2908276698    0.2967924205    2.1245862813
   6.4101813707   -0.8013255761   -1.5811227255   -0.5299277239   -1.0450634990    1.4234358775
  -6.7665578494   -2.2729121199   -4.8357962587   -0.7309660479    0.8944529016   -5.5109462452
  -4.4769566799    6.1472488622   -2.3299365998   -2.7705638455   -1.0952533951   -6.1931769876
  -6.5854857863   -6.4234952080    1.5689797073   -1.5513226480   -1.7348698882   -1.1560598086
  -4.0794646424   -8.5483188072   -7.2871743292   -0.2538353698   -0.5287720316    0.9602517587
   6.7028745831   -3.3256428517    3.2125639037    1.3732603288   -3.0732207056   -2.8648952620
