           1000
    17.09975947
  -0.1673763538   -4.9971963401   -8.4980039741    2.6940512269   -1.6539890879    0.8307144827
   3.3625749378    1.6974726840    5.8888654028    1.8704242226   -4.2754839447    0.9564096892
   6.3889056557    5.1151349898   -5.3289475574    1.8570474783    0.9933385585   -3.2251985595
  -4.6080397775    1.1897129526    5.8445788644   -2.8398225281   -2.5355123559    1.1726638997
   0.9412503853   -5.1364927850   -0.1949539779    0.9458813646   -0.4294006437    3.1269310051
   3.9017350529    3.3902801998    0.6820173290    1.3974340524    3.3139041964   -1.9830621195
  -8.0082939131   -3.6845407075   -4.2484293249    1.6206303714   -1.9459747255    2.6978906526
  -7.2912150582    6.6233720684   -1.4452390512   -0.8739888327    1.9087186923   -1.8948556224
  -5.3833259727   -5.0824391650   -1.3749104663   -1.0033268542   -0.6900734634    1.6141742674
  -4.0508686584   -1.9336203362    1.2734210984   -0.1215224126   -2.4142856636    1.4074484079
  -5.2358536670    6.4004997442   -1.2691235308    3.3496563485   -1.0935869575   -1.7510292107
  -6.0049131933   -3.0399630181    0.7890732683    2.0462877167    0.5219207153   -1.0325164662
   2.6080355403   -5.8733236208    1.6656654680    1.3362784206    0.7627431106   -2.1268446758
  -1.4738175336    1.5636504583    4.5357753386    3.4690517749   -3.1119574654   -2.6740869393
  -0.5964101937    2.2481543191    0.1393305900   -2.5026637249    5.2356085735    1.6876668672
  -8.0650619075   -1.9099018899   -5.1749773235   -3.3793001019   -2.9153797001    1.8685924421
  -5.4168554794   -0.8201230746    2.5506736649    0.8674155941    0.5920505293    1.0017601651
   3.0708366027    5.3351065901   -8.0944051759    0.6434422246    4.1629463642   -5.4882400988
  -6.6999427791    2.5065897493    4.7012464034    2.5232431885    0.7028824237    2.0553556550
   8.2643621362   -2.9360016670    8.4275161673    1.2644328360   -1.1220583206    0.9839955174
  -2.1052706939   -6.5936657324    5.3217212942   -1.7554221012    0.3289262455   -4.1761954642
  -1.4724198975   -0.8381108954    3.3691234430    1.6936004207    2.4420533910    2.9845226307
   7.8165661326   -2.3821605642    6.8056134743    3.8972265584    1.0837176977   -1.1434966889
  -6.9627421126   -6.9910508508    0.7193316057    3.4187255976   -2.8186276454    2.3098792028
  -2.8458950229    0.9054823818    0.3638443716    0.7857219047   -3.6526401223   -3.3549211791
   2.1972856570   -0.2983756452   -1.7183378654    1.6382920965   -0.3343038095    3.9362977660
  -2.8957799532    7.0236815978   -2.8026595679    1.1052129161    3.1397641408   -1.6621895736
   7.7930242962   -7.7956459090   -5.4202095839    1.3953350191    2.8277477598   -1.2443653202
  -7.4648429094   -1.1714412106   -1.8644331356   -1.7509525286    0.6100504990   -3.1250744815
  -0.9503318338   -6.1925244670    3.3254560554    0.0187943808   -1.1888485013    0.3823814569
   2.1256839463    0.5267193666   -1.0270432124    2.1705030987    3.1381782115    1.3902293576
   0.3066754141    7.6549408286    6.3811764307   -0.0700454451    1.5673717781   -1.5106632080
  -1.9417995309   -5.2803499749    8.5304860173    0.9563456116   -0.8414789953    0.2530679578
   6.2679953441    6.9184906830   -6.7419579687    0.0463946638    4.5397040054   -1.6573169639
  -7.6511777090   -0.7188615694   -0.1437879768    2.1792629792   -1.1745951738    1.4204985980
  -1.7006643918    4.3164479679    0.8166455285   -1.5698771603    0.9178363472    5.5236342652
   4.9734938095   -5.5988753672   -4.4411213003   -2.4889096994    1.8689800639   -2.0349042950
  -0.9921397321    6.2802653311   -5.9638108244    4.9976034582    1.0510109350   -2.7486723875
  -7.2502132360    3.9983756360   -1.2619802109   -2.7862865389    1.4942436022    1.1101775335
  -4.5035137780   -1.6005450945    5.8217194681    1.8772137992   -2.2468067564    1.3805876753
   4.8855560331    6.0637390403    8.5215188528    4.1349376508   -3.9331884312   -1.6277998599
   2.8679849596    1.1361808035   -5.3387924575   -0.3095737331    2.9480702947   -0.1535371684
  -0.5382269249    6.4248154260   -8.2797242716    1.0959570479   -1.1947514565    6.1043937180
  -6.2136494616    7.1559153138   -7.4238007411    1.3045836917    0.1581679730   -1.8574829033
  -7.0098701139    2.7671677074   -3.8870033601    0.9934870868    2.3935939878   -0.6273483860
  -7.7175431064    0.4905707957   -8.4413550570   -1.3228518805   -2.5173684968   -3.8101977481
   6.1516175209    1.5549428259    5.2771345553   -0.6464205180   -0.4814566915    2.7634329603
   8.3909684430   -0.9029395801   -3.6882022109   -1.1796161655   -4.1135166303    2.9784984428
  -0.8816393275   -6.4473284822    2.2421677438    5.9179583225    2.0657034921    1.0248700044
   8.3271779062   -0.0307511201   -4.4892822604    1.4738840614   -1.2467737906    0.6404165612
   1.7621365624    6.1562335454   -6.1643182307    2.9549467351    0.1844178744    1.1715193567
   0.0194968064   -3.0071495373   -7.2275578510   -1.9952093557    0.6713047793    0.9042588283
  -6.3822911563   -6.9764053005   -2.0661208316    0.6306494304    0.8794398392   -0.5338493521
  -5.9702310507   -1.7262073894    3.9186296557   -2.6775624432    2.7748624854   -1.6146408349
  -4.5403853057   -5.7154381453   -1.8194679912    0.4633694249   -0.8982801025    1.1398956210
  -6.8629807309   -8.2857792702    8.1546191343   -1.7932663778   -0.1593343232   -0.4878902397
  -5.8589086003   -6.7084367106    8.0151876821   -1.2934922773   -3.1496403802   -1.9559129983
   0.1161797312   -3.8942377046    1.4633650465   -1.8630017593    1.2235172105   -2.9384930947
   7.0512353848    0.6588515268    6.5451454820    0.5862089723    3.1597597575    4.4382697861
  -7.3141523293   -7.6334085264   -4.1842398084    2.5753510557    0.3442303117   -0.6385441292
   1.1737527483    8.5233090963   -4.7415144647   -4.2440363652   -0.1064914237   -4.8239517560
  -3.3563280724    6.3614336076    3.5687584471    0.6335569741   -2.2281780045   -2.7233191378
  -7.1747593205   -7.7370053739    3.3461009951   -3.0867568637    2.8028075303    2.4972504845
   3.5011103979    4.7216628505    6.2061808406   -1.5126388154   -0.8638571616    0.3543113627
   8.0216225483    1.4819477104    0.6080961558   -2.7478162112   -0.6503880879    2.6926074699
  -1.1838448658   -4.3661958983   -3.4540019068    2.7130117559   -1.0914419893   -2.0757166773
   5.3232886109   -4.5243315199   -6.7038408194   -0.2990806858   -2.4550244139   -3.6633072082
  -2.0550590033    4.5311399234    7.5577030146   -0.0519999830   -0.3378205750   -1.0769142752
  -2.2905085388    6.9768516472    8.0577045720    2.6602201244    2.5116459416   -0.4423343889
  -4.2381615922    7.7692650321    2.9515421312   -3.5166800312   -1.0112709154    1.0997989349
  -8.3945489780    6.8388311258    2.5263743451   -2.0640941222   -3.6094663340   -0.0275636805
   4.7028579334    6.9382252558   -6.3585440862   -4.7761534973   -0.7347204862   -2.0380337453
   7.6265817708    0.0781651410   -1.6352668619   -1.0935353925    5.3475743541   -0.6009129498
   3.9973655498    4.8312005813    1.2171798751   -3.3527804052   -0.4325805323   -2.0010309137
  -4.8907836831    7.9821236079   -4.4411240179   -0.8661332382   -0.2271270824   -4.6021768588
  -4.1644556639    0.3261920148   -1.0176071291    2.7431969135   -0.2883781005   -1.2831029774
   0.6053388934    4.9392518248   -1.7547880234   -0.8196321848    1.3475160421   -3.2264758100
   5.9259171115   -0.1718559856   -5.6068812322   -0.4078013012    0.9431449886   -3.7967565118
   4.0664880254   -6.8274708194   -5.2708025556    1.2873067222    0.9907627987   -1.1566839261
  -4.4611639391   -4.0130646812    3.1001122177    1.7143610481    1.2664570550   -1.8060035680
  -1.7371510281    4.3100935577   -2.2455833635   -0.9106794168   -1.5261220400    0.5297973401
   2.0660891817    1.5583776159   -6.0175922272   -0.3387414994   -1.5370076507    1.9039011607
  -3.1040728865    4.4788889986   -4.8412307808   -3.2081972168   -1.8825698537    0.6058433647
   8.5068233262    7.3415325220    4.4189488515   -1.1563127092   -2.1269067708    1.8403631982
  -8.4159076543   -7.4454804583    7.8522605078   -1.4025046587   -0.8441613396   -0.5351801079
  -2.7247644028    4.2779499929   -0.4006437988   -1.3387377485   -0.4782998491    1.0006391854
  -2.4264362745   -1.5051970826    3.6805605082    2.0928426157    1.4984281432   -0.4745377801
  -2.4827958851    1.8953611857    6.2372109809    0.6904504363    2.2411379243   -3.0999172026
  -6.9524760962   -6.2688473552   -2.7786710179   -0.4835798461    2.5329524434   -6.1955383289
  -7.1319998718    2.3504793625   -0.0139923912    2.8382565275    0.5730856950   -3.3800712126
   6.8475467539   -5.1129389325   -1.7425800400   -1.9427708987   -0.5169989402    1.5123164306
  -5.1237435785    2.6203949083    1.3448099709   -2.6277833291    1.4077710572   -1.8391106782
  -0.0777093279   -4.0706885221    6.3387047416   -0.1289639739    0.8193268682    2.5221911892
  -2.8311962231    5.5736672961   -7.9183126136    3.1554882278   -2.7514373289    1.7850497926
   3.8538719126    7.6189664318   -0.2756177401    1.6345897191    0.6494865327    1.1041949417
  -2.8838338688   -5.9317735224   -4.3677772999    4.8088062149    1.7235043874   -2.9630079012
   0.7934218378    3.8798487566   -4.1118025522   -1.4593448041    1.0713059630    0.2037422558
   4.7704376795    1.7587831671   -2.0583365334    0.2297725505    0.1250180138    0.7832292529
   7.7663192572   -4.3285224928   -3.1475204012    0.1459975040    1.8762549939   -0.6222401610
  -0.1062760862    5.9761110012    3.0219480891   -1.6335303717    0.2489411131   -0.9336398886
   1.1070485781   -4.0013327367   -3.8602966259    2.0043225919   -0.9130495227   -0.8259408708
  -2.3146001726    5.8180899738   -1.6688270765   -0.7622676919    3.0613288569   -3.0931024962
   5.3557197608   -1.4513696939   -5.2669167607   -0.1205581253   -2.7155606884    1.2870981913
   7.0845667802    2.7996543489   -2.2857513274    2.5097319203    0.3222776955    0.2561564133
   4.0144028013    7.8720744584   -6.2879585009   -0.8501781950   -2.3423239774   -1.3049125587
   0.1296037181   -3.0401259282    3.9240876176    3.4634900400   -3.6064439815    1.9852040835
   3.1361927545   -7.7242913874    0.7625805963    0.9597820890   -0.4904211627    2.4357243732
  -8.0085044677    6.9538563622   -1.9150644756    1.1715133712    0.4212764035    1.3140858649
   3.2415829989    6.4695290311    2.3135294676    0.4828835320   -1.8939851507    2.7023745105
  -7.1263651186   -7.7657359409    1.4496871408   -2.4049192963   -0.0363425703    2.6337388803
  -6.4211043280    5.6098418628    1.9070383274   -2.0091796521   -1.9430180550    3.7669402122
  -6.7986486000   -2.7500370465    1.6284572828   -4.4484450734    1.2462708504    0.3011578798
  -0.7360749955    3.4888630380   -4.6987884536   -0.8838717621    0.1124511356    3.7052499329
  -0.1768905833    2.2529464023   -7.6763822436    1.1477493124    1.8348433870   -2.1866229238
  -2.6301829931   -7.9855329462    1.2066570963    0.4199462406    0.1272867590    3.6190455579
   3.2593928930   -1.7321139395    6.8012025435   -1.4047019644   -2.1049548382    0.0204418974
  -0.8883685714   -4.8434813544   -6.4966168167   -2.9851507732    1.3348504854   -3.0407471351
  -4.7924041317   -2.4043994181    6.2581508492   -0.5576431176   -0.6641545378    1.9600753417
   0.9418749570    5.2653260405    4.8266040062   -0.8403170132   -1.8939733489   -2.5587297282
  -1.7642828628    6.3186845127   -2.6228989930    0.5997773723   -1.5352562287    1.7919036333
   0.3124636588   -7.4398326151   -3.6073806400    0.9272328602    2.1143002308    0.8329462931
   6.7923984844    8.3564198528    1.7736773074    2.2076087602   -1.5804981930    2.1471641594
  -8.4084336403    2.8570446946    6.3703168850   -0.0587948880    1.7950707466   -3.8095260595
   4.5077717020   -3.7531527166   -7.6373936558    0.8260919437   -1.1190609488   -0.9679096544
  -6.7098252561   -7.7398734500   -2.5492341494   -2.3522989309    2.3523389903    0.6003238751
  -8.1526746049    1.1699878982   -5.4330017249   -0.2405007669    3.5168065224   -1.6591400293
  -7.2797143908    2.8856736084    1.3514268114    0.6315176898    0.4598415391   -0.9529654980
  -2.5487314036   -2.6044909692   -7.1505492866   -1.4055792355    3.6613817665   -0.6736812167
  -7.9698022017    6.9933296268    1.0784256160   -0.7740376149    1.4235893135   -1.8939607658
   3.0357508843   -2.5086536420    6.0736336991    5.8758761621   -0.3437732082    0.6634778004
   1.0972575510   -3.9637375789    0.7666147875    0.0594926590   -0.9696371447   -6.6027144698
   5.9726807771    1.5758546758    4.2727438182    0.1968438105    0.6383938777    3.2726905275
   4.3950245711    6.2518859836   -3.8294735754   -3.2198492084   -0.0541524618   -1.6095407542
   7.9312977849    6.1850138407   -2.8515548845   -0.1002730723    1.2904995250   -3.7787651019
   3.1110216616   -5.1241487107   -3.3714824160   -5.5667759175    1.8283448660   -0.1011785100
  -7.9139105878    5.8128236955   -2.5519682615    0.0747556223   -2.3348587514   -0.6300399482
   0.5338939195   -7.4166015052    0.1779077592   -0.6579190150   -1.1635890071   -1.5407188504
  -1.8928291201   -3.7635525886   -4.0992278357    2.8921933078   -4.8133558614   -0.9584602597
   4.6353257799   -3.5708652264   -5.3107297060   -0.5187231992   -2.5395317865   -1.2910254307
  -1.1603920599    1.9388181697   -0.9288331964   -7.1678417716    0.5793645147    2.8489546786
  -7.2768623144   -4.0258095977    0.9525262338   -2.5611435360   -1.2020253908    2.8152268545
  -3.8250679593   -4.6348647149    5.6086077153   -1.4798718721    1.0193435094    0.2913947415
   4.1259348990   -4.8404801807   -3.5587082750    1.1349632033   -2.0010218039   -0.6930216554
   0.0565553410    0.8771561947   -0.7003069371   -1.4810298273   -2.5324238528   -1.4937984387
   4.6727864794   -1.4626499302    5.8455817693   -0.6973902468    1.3428265455    1.8599368737
  -0.4026222275   -6.1238315313   -7.7947683848    5.8577813771    2.3325510905    0.0647723010
   1.6094258134    1.9919841951    1.8829210532    0.3841660845   -0.2127463961   -4.0507147719
  -7.0840241933   -3.5280029201   -6.1012648082   -0.4642041987   -0.1975496286   -2.8817695952
   6.3894513108    0.2077562568   -0.2151387683   -0.8058795957    0.6494335681    2.8146474587
   7.3604260305    2.2127684542   -6.5834173223    1.6059239147    3.1782575455   -1.0798277071
   4.9057962943    6.5133094534    6.8608336529   -3.5410973026    4.1571673676   -0.4073370444
  -3.7975531557   -5.8194632951   -4.1513188502   -0.5363153701    1.2710912829   -1.7213535334
   2.6404169152    4.6472079912   -4.4573046560   -4.0866748475    0.9068936290    2.1290370669
  -2.2326235138    6.3429597355    2.4649804886    2.2357034524    4.9782773704    2.2193142980
   7.3024930725    5.3819255502   -1.8813357545   -1.4720355099    0.2517559879   -0.0634195264
  -4.3954602823    7.7117873052    1.7988015578    2.6244824183    1.4397035842    0.6689496980
   2.2249618763   -5.0073841957    7.8831830596   -1.2072436349    5.4580124763    0.2848963973
   1.0447776575   -3.5228492727   -6.8205955559   -1.4105274355   -1.4916662450    0.0416962745
   4.1868549507    1.7615990031   -3.8438397023   -4.6384653504    5.7590461273   -2.0325950936
   0.2703304567   -8.5430689391   -8.4359204841    0.0208397328    0.1172047134   -1.0367843885
   3.4274565666   -4.9463011459    0.4595887324    2.7731509977    0.0531826251    4.3815303645
   7.5434483260   -1.8820792726    7.6922487437    0.6568336886    0.0620976031    2.5039245030
  -6.8421522488    4.8111554107    1.5835569158    0.1853348092   -1.4717638124    3.9690861611
   8.0053373539    0.5512110096    6.9388157613   -1.1499995454   -2.7162079186   -3.4722349558
  -8.3696354050   -0.9889815492    1.2285190799    0.3971360131   -2.9424387300    0.7135900343
  -4.2917302775   -4.8923939434    3.7262169524   -1.6864397790    0.5944359682    3.1107827864
  -7.3438867774   -7.9259531328    4.8888645391   -0.0470569068    2.7436065136    0.2100169451
  -4.3609362755    3.6417290702   -6.3901541492   -2.6692846109   -2.5374164313   -2.4502976875
   7.3343128197    6.1949844759   -5.9736494463    3.3684462285    2.2610775516    1.1531392297
   7.4453254165   -2.6474834702   -1.1811480749   -0.6673479220    1.8697230350    0.5012859471
  -2.2909917654    7.1935578717    1.1511201123    0.0430427500    0.2787953660   -1.3120932012
   3.3373528286    1.1639985198   -3.0976786897   -0.4478379073    4.0041575830    0.5577395702
   2.4403466237    7.5345393596    4.2186640988    0.3798570399    1.2520085150    1.9013131313
   1.0157542156    0.3177965150   -6.5014591499   -4.0707401554   -0.4734359596   -0.4946335895
  -3.9298322494   -5.9433654271    8.3062548876   -1.0684490874    2.2183798004   -2.1860438693
  -5.7113034838    4.6420074692   -4.0244471794   -0.6460567091   -1.5690324317    5.8004628845
   4.0878778771    3.3658345641   -7.0933061637    1.2607018916    0.2325444005   -1.3163752848
  -3.5648402146   -3.2089789390    5.5928954243    2.2395937803    3.2273468892    1.0535104954
  -4.8540359299    2.2733561657    2.3919345630   -3.5671733705   -1.3216695018    0.5630242177
   5.7814410800    5.5348305327    1.8965521473    2.5289008341    1.5668331047    3.9353357824
  -4.1085524028    0.0850484649    3.7509957080   -3.5673157760   -0.5609625815    2.2643668837
   7.4535116843    7.7025727726   -2.2965676530   -2.2747081312   -2.4888100236    1.2861688108
   5.2547799175    8.3594698801   -6.2785587058    2.6019568440    2.4471946177   -1.0966920353
  -4.3055976637   -3.4725189845   -0.0946779608    0.7958036030    6.4995269289    3.6586451457
   2.2234414097   -2.9113295392    6.3784884324   -3.6829089055    0.7494262494   -0.3870700323
   4.1595765014   -1.3421786676    8.1019437960    0.6879142645   -2.8657299402   -1.9423090094
  -5.2995443143    7.7034154841    5.7518841708   -2.3094640961   -2.3494493170   -0.9259528251
   1.8107935517   -3.8823459546    1.6464508349    0.8815495668    0.0731113227   -1.1911012913
   7.2364789826   -7.7631011732   -6.9279238834   -1.1439067203    1.0898725375   -1.8196970588
   6.6409666103   -1.3332914935    6.8439516830   -0.1871283923    3.0666111124    0.5594375316
  -1.8111359034    5.2158034301    3.0220058753   -0.7681633746   -0.2188984118   -1.2780484909
  -6.9740258754   -4.6740801748   -6.7314606137   -3.3728096684   -3.5744276194    4.2046229382
  -8.3381755031   -7.6964605047   -4.6235561223    1.2775124667   -0.5312453704    4.5879740273
  -1.7568584794    5.3742895628   -0.8646175218    1.6901775079    0.4504535188    2.7601239742
   4.8313113078   -7.8081141727    5.2946308967    1.9896796248   -0.9252797294    2.1220643995
   7.6141297886   -6.6406221822   -6.2922544007   -0.1275633393    2.2383590964   -1.6609323011
  -8.4243728943   -5.0732293371    4.2147854803   -1.0508797688    4.8102928414    1.3094494735
   7.9363574287   -5.2050167154   -1.5512867694   -2.5256571747   -0.4596431638   -0.0067848375
  -2.8055974181   -3.1437696784    1.4213245478    1.3371413287    0.6129069550   -0.3028858785
   1.2489520381   -5.5156093702    1.7703709251   -0.7690428351    0.2694186533   -2.4590926847
   3.8763304124    1.6581910100    0.4581412797    0.4443498950   -3.2333284940    2.2152421630
   7.5061082737    4.0336128163   -7.8811713649   -0.0664418811   -2.1037651891    2.1762721036
  -2.5029715084    0.0780135291   -3.1843578832   -1.4725420186    0.8462788399    5.5767936672
   3.6857484535   -7.5654073142   -8.4005471648   -4.4615960233    0.7915334694    3.6845971474
  -7.4329572035    1.4192191055    2.0195087540   -2.8099967322   -5.0882957146    1.5614103367
   0.9169108962   -1.4519987118    6.4422440960    0.9837455218   -2.3141132056    2.3553066459
  -4.2382604519   -3.7020710977   -3.1634141271    2.6661098250    4.1559643274    1.2343736402
   0.1139954245    3.9645079189    7.5984211998    0.1184542861    0.8601365964   -0.6256290658
   0.8343873196   -0.1048226966   -1.7156058900    0.3087691203   -0.4688255787   -1.6977916141
   1.2280889431    2.0514973045   -7.2914610386   -0.2178337641    1.7369170542   -4.2359334832
   2.7585356110   -4.8496973563   -5.3586850400    0.6136518455   -1.3195097907    2.8268095779
   5.6080135330   -2.9897658466   -2.7553876702    2.1399413622   -0.0824541197    2.3521541350
   7.4259585416   -5.3425649224    4.4870101378   -1.8381754437   -0.1079919933    0.2312554614
   5.4079744593   -5.6144398524    8.1301766205   -1.4705671281    4.5864078386   -2.9593878897
  -5.4518953267   -7.3384155594   -5.7615347662   -6.8215941152    1.7029728997   -2.3397468550
  -8.3468203069    8.3361786144   -0.8278971773   -3.5133292984   -2.0858728496    0.0376673153
   5.3042714808   -0.2784941709   -7.2669808827   -0.6091410952   -2.2275230609   -2.2918544662
   4.4790004468    1.9675477998    1.5749799766   -0.2485020654   -2.0595018830    1.4325950215
   1.0067924099   -5.2917062567    3.8893601095    1.3671591365   -0.9211723821    1.8713008786
  -5.6188227749   -2.8303929656   -4.2896251251   -1.5100819193   -1.6420740738    0.9315419181
   6.0667678493    5.0438959675   -7.6597811288    1.5357592922    2.7955831049    3.1654252662
  -8.2652504930    5.5941900798    2.3904546836    4.2671555073    3.9734085434   -1.3466677642
  -0.3019766491    2.7376959762   -1.7331296686   -4.9376917164    3.0871499904   -0.5505774045
  -3.1344576923    6.9394444039    2.2108352745   -1.5435988109    2.0404567832    1.7657493298
   5.3795556300    5.2528820717    8.2510212162   -2.6686638977    2.8252375884   -0.7479181662
  -6.2908058948   -0.1563872186    6.4909287258   -0.1184464960   -0.8194513587    0.3290835341
  -1.5508740915    4.9447210777   -5.0622837418    0.4929685967    0.8363382715    2.2146637662
  -3.9372468918   -1.1002571211   -3.0464855030   -2.8707044955    0.6102968431   -2.7937849599
   3.4827434315    6.5034517670   -6.5181993641    0.4767316883   -2.8365501986    1.0926544870
  -0.7551332488    5.8424650723   -1.6685443267   -0.2020252800    1.2385362723   -1.5782192275
  -6.8240420391   -4.5746453790    4.9558472548   -0.9903210755    3.6390368005    0.2061166125
  -0.0688320929   -1.4069456960   -0.5191951974   -0.2343125734   -1.4479999864   -1.4317939447
  -0.4529883409    0.2149053016   -7.6956049094   -0.4721817964    0.2607514073    0.3195505498
   7.8181300158    5.2192366848   -1.1171423812   -1.9096660942    1.0838895633    1.9708405922
   5.5894445163    2.0962519631    7.0396271732    5.2796060654    0.5135988673    0.6766691890
  -8.3624473444    1.1276096259    5.2519054135   -0.5559448390   -3.2281888183   -1.1920715515
  -4.8997196686   -6.2369519312   -5.7447453746   -0.5354715102    0.1568352252    2.6648050118
  -5.3820624845   -8.5129328254   -1.0885651389    3.3414873943    1.0031949366   -0.9690796824
   4.6094532343    8.0242244101    6.6034761556    5.0170391407   -2.9123143849   -0.2754704975
   3.0234697532    7.6892977665    3.4092611815   -3.2291225716    1.5410770455    0.5137414223
   7.4372554587    2.2527699130    6.6792040621   -1.5713439589    0.5863249180   -3.1665836979
   6.3361708528    6.5058768281    5.1541818754   -0.7163701888   -0.1190805174   -0.0109905880
  -5.7534364197    0.9429470649    6.0994968051    2.1887461235   -3.6695578493   -1.1016394444
   5.3767300524   -6.5109471998    4.3851080988   -0.3665687648   -7.4613148441    2.0761117653
  -5.4558023881    6.9432009798    3.7688361457   -0.9954134657    6.1600304910   -0.8870638541
   0.1108467492    3.5949139751   -2.7479941719    0.1313358516    0.1583063195    1.9803644514
  -6.5888670333   -4.9968126151   -0.5574692933    2.1245820331   -0.1141359235    2.2295918511
  -2.7254058804    4.8195780429    6.3891196458    2.8642569315    2.3299507023    1.2974904150
   8.4917232800    2.9958637902   -2.0659650693   -4.4079544375    0.4144710417    1.8951460750
   1.6037274406   -1.2815438874   -4.5279291238   -2.4632964519   -2.6808864855   -1.6321883063
  -2.0019500398    8.0303965584   -5.2345824162    4.5195017021   -2.8994326926   -1.0302915678
   1.4794330856   -6.5279964245    1.1158292768   -1.4736551603    1.8070810425    0.3129873653
   6.6899237814    2.5060809879    0.1914218604   -2.1733574238    1.2318719618    1.3965633160
  -4.9852389648   -3.4047970294    0.7825699331    4.8219807484   -1.1408763843    0.3911840652
   2.8868667660   -4.9758323088    3.1450202522    1.2535683425   -2.4278547578   -1.4741498541
   3.6170426348   -3.5456017158   -6.3842342994   -4.4775316224    3.5909760176   -0.6311523243
  -6.3728225701   -5.5174177032   -2.2060501056   -0.3831369884   -0.8701434990    1.1369645409
   1.8099993127   -7.6943403774   -7.1655150660   -1.6079242572   -0.0769352187   -3.1259328612
  -1.3591039352    7.4552638342   -8.3876025882    1.1645430850    1.9339037537    3.0207680522
   6.6204204488    1.6213361861   -4.4761257329    3.4909026529   -2.9810689362   -2.5505125410
   1.8853342287    8.0223562747    6.0401761040    0.5771162989   -0.4850373505   -2.9545610316
  -2.9864861067    3.9390327501   -2.7144109207   -2.1220072986   -1.7761739549   -0.0584399816
  -7.5584351869   -8.2748290491   -1.0156821915    0.5998247285   -1.1547855380   -0.1844553761
  -0.8600956259    7.7836638696    4.5112536864    2.5865248987    0.6838997658    2.2837688947
   3.1359884898    0.1218784018    4.7095926075   -2.6753838042    1.4572942688   -1.3332408019
   3.7601754339    0.7269200336    2.2092614905    2.3932013783    1.6851517623   -0.8382303011
   6.2860259377   -1.6925761899   -1.8674195959   -4.0683784289    1.1459286041   -0.4991994468
   5.6783557916   -7.3226600581   -7.2791207187    6.3497474572   -0.9878913194    1.3562661875
   6.5822590715   -4.2352004968   -4.2516004372    2.1575237752   -0.4518056145    0.5689136288
   5.7419758123   -1.8945002182   -0.0046097425   -0.8674501760    1.6359605151   -0.8243738402
   3.5494074064    7.2531065419    6.8238348350   -0.9517774693   -0.8193671933   -0.0533718116
  -1.1813626987    6.2161312731    5.9349688289    2.2579411846   -0.4519708008    1.0120765926
  -4.6158319855   -6.1000076724    6.5759999823    0.0798487456    5.3367129487   -1.8897353341
  -4.7050543172    6.9043583963   -3.9443391567   -0.9795800874    0.0313581041    4.1299981629
   7.0224275583    3.6821970536    8.3982126625    3.5695729846    2.2730444430   -4.9825760071
  -3.9086340893   -1.8435270403   -4.2759292346   -2.9504659358    2.0438547546    1.4865600541
  -5.8694432420    2.3761338156   -6.8179615662    4.9170316571    1.9346143877    0.4928867015
   7.6471560021    3.4621948486    2.6667353312   -1.2532008685   -0.2856468275   -1.3682079423
   1.1737390914    6.1854179698   -4.0844654732    0.7499610097   -0.5128607143   -2.3020339333
   7.5916466343    6.3346549197    3.3312033664   -0.6421750894    2.0340901032    2.4757841348
   0.2162532513   -7.8524256181   -2.7054197078    1.0104882855   -2.7333402590    0.4589790507
  -4.4444352630    6.2021275822    0.3789959385   -1.0319082140   -1.8077284444   -1.2223435832
  -2.8893759812    3.1221560820    3.9363983575   -0.5915882297   -4.5183485753   -2.7070891606
   4.7917365215    1.8714303391    7.9719056701   -2.0691698532    1.0504358219   -1.2128619012
  -2.8217380023    7.1570196821    7.1176495549    0.6518847054   -1.8396095822   -2.4445554023
   3.6435238858   -3.1272103699    7.6371675029   -0.2564061351    5.1191227171    1.4638282039
   1.8263333476    0.8200667884    7.2312757877   -1.3853421181   -1.4933756812    2.9433918173
   7.3907930923    4.1576683939    7.4620219509    1.6912427368    3.9639440218    2.4828481498
   1.0514120072   -8.2063505908   -5.6992424203    0.7185926482   -2.5790329627   -1.2988021681
   8.1694586163   -3.0132655362    5.2923368726    2.7775983479    1.3651955920    1.3408309245
   2.6682708094    2.6775874256   -7.4286218083    1.4943709926   -1.0516566919    3.7560566131
  -8.4943904309   -2.0383228778   -2.7306681630    3.1941184529   -0.7986492174    1.0985767523
  -4.3396941549   -0.3175826063   -2.5117787508   -1.9571951018    1.2175737933   -0.0470604316
   7.6235144927    7.0743243341   -0.4367865246   -1.3136795808   -0.8162965466   -1.8263420094
  -0.0789456007   -7.6901705992    5.9281605985    2.2118659553    0.2821241273   -1.3865993884
  -0.4927537203    3.8966847392   -6.6841727674   -4.4955159683   -2.4066962498   -2.3675973449
   7.9969214099   -7.1516005561    3.8071609873   -3.3694859496   -0.1233446352   -0.4373745403
   6.7438833409   -4.6984938048    8.1541476704    2.2906424287    0.7709065515   -3.6559098667
   4.2524968006    4.1235797652   -6.2806339950    1.1132446154   -0.1134710846   -1.0136535255
   5.0280505229   -7.3191689641   -4.1456272272    0.2315417362    0.2168595687   -2.2824465929
   6.1125742965   -4.1015096025    3.1268428202   -2.8087493274   -1.8067810512   -0.6691729180
   8.0943740379   -6.9922431730   -1.9820133271   -2.2045799573    3.5215020167    0.4265819574
  -1.8764204907    5.5934289411   -4.2844667690    0.4364747752    0.9639257497   -0.1805751472
  -1.8951289696   -0.4314691320   -5.2770902581    0.0845322750   -2.7602017767    4.9838599767
  -8.2307401025    4.6480793173   -0.6586990417   -0.6649378730    0.9952311065    1.4358619428
  -7.8686561483   -6.7852487223   -6.3784703156    2.1784144592    3.5454429340   -1.8522014944
  -7.1829508287   -7.7127626536   -5.2452378958   -4.2233905969   -2.3832615802   -2.1267494376
   4.6724088294    2.0543028055   -6.7387922551    1.2143064897    0.8109019513   -1.3473580114
  -3.1650184305    3.3382210664   -0.8807673818   -2.6883910927    1.6926542961   -1.2975833062
   6.6347320719    7.9049251989   -3.4977668904   -2.6984312394   -1.8995530531    4.0749479869
   7.8529264552    4.4487107118   -5.6448368914   -5.7142206362   -2.4294983049    1.5780180561
  -4.5113832659    7.9532253244   -7.4684055098   -1.7036983673    1.4985529971   -0.7302712716
  -4.4734064242   -0.7283447097   -4.3355584402   -3.6955484123    5.4595927726    2.0031050449
   3.9901951822   -6.3817399875    4.1611588779    0.6025042446    2.9186326009   -0.4270570783
  -1.1564012009   -5.4481933901   -3.4536743783   -1.7803176645    8.0625549592    1.4974174400
  -6.5281080155    7.8223438861   -4.1301155583    0.5026941036   -2.7794335103   -0.7563475618
  -3.8096751824    6.4037768833   -4.7473108268   -2.6359192640   -3.2971879469    0.1249577637
  -5.4329723802   -0.5448725382    1.6218460713   -1.2918362662   -0.7856775784    0.7720122165
   4.1800614320    8.4422704858   -3.5259482168    1.5409899041    1.4144724298   -1.9236779180
   1.5727022066   -4.8897875670   -6.2970521667   -1.1445132400    0.2113946315   -2.2919331136
  -4.3675242547    1.2737576105   -2.1415834011   -2.0866396314    0.2277493019    3.0843403173
   5.6835773014   -5.6597439539    0.2462500221   -1.3886190463    1.2722002844    2.0270023329
   2.0679670872    2.9212776707    6.4662788271   -1.4358576763    2.2837357026   -2.2769342145
  -1.7618624366    5.8541406674   -8.0007732689    2.0099204264    4.7507452499    2.8322468454
  -6.2908231336    5.1121412228    6.7138570883    3.1176339394   -2.7859046460   -2.7430189333
   1.9079079171    6.3755908756   -5.2021536653    2.3552634911    5.2169113704   -0.7013932863
   8.1427927050   -4.2976269436   -4.0040486633    1.6984910030    2.1208569332   -2.0050239863
   8.4312577475    8.3408811005    1.8817290229   -2.7746114243   -4.4035373689   -0.0327358354
   2.2643789984   -3.8743098108   -4.5003856538   -3.5583571070    0.1449976031    2.1255056744
   3.1076495906    2.7664294309    3.3775009554    0.5644143682   -0.2653757933    1.2599877102
   3.3058779254    3.3490224692    6.4731652112   -0.8888141450    5.1749658005   -0.3512589814
  -2.8912690109   -3.5032980963    3.4647075907   -1.8600793469   -3.9708994356   -2.3693904876
   0.7626286187    8.3601052745    4.9333907731   -4.0893901048    2.5125248847    0.5382202335
  -6.3048196931    7.6378466643   -5.5289463349    2.6525322094    1.5881470623   -2.9611747016
  -4.9976355517   -7.4848529145    7.2852334854    4.0142084272    1.3120839116    0.6871868398
   1.0528427972    0.9569201589   -2.4505297652    0.0614060202   -1.1828873295    0.3852567100
  -5.1289064056   -7.3585997733   -0.9362748910    1.1940174108    0.5220024840   -1.8959411363
  -8.4263474597   -0.2037041040    4.7814045690   -2.1271314655   -2.1084046833   -3.0521024343
   5.1574096531    0.1129888982    7.9137019535   -1.7088971434    3.3698201456    1.0121675999
   2.6329372620    7.0967139345   -3.3272180642    0.0922713702    4.9375791457    0.4399745402
   5.1935047568   -0.6664428966   -3.8865301562    0.8340950626   -0.1408038518    1.8217848890
   2.6438402667   -7.8957954542   -0.1192976615    0.3874135706   -0.2809748637   -4.6197230753
  -2.2409738564   -6.7238216455    3.0288754766   -3.8110466828   -1.2949086973    0.7827424855
   2.3595220744    5.2966392798    8.0953730274   -1.9477033836    1.6012347289   -1.2938685345
   2.2180146144   -2.4402838190   -8.3571931521   -0.4012304898   -2.7572529549   -2.2418275926
   6.0092905804   -1.4579321133   -3.8404114019   -5.9556820203   -2.4356910853   -0.2086319778
   3.7412800197    2.6307149834   -5.0036117663   -0.7356959647    1.8165957642   -1.9525255761
  -4.9383133271    0.7103180975    6.5922444018    0.3719064505   -0.3588545324   -0.2680802705
  -2.5791952500    2.7398786808   -6.9058352333    0.0781360192    0.9299823441   -2.2190180460
   1.7493214737   -0.0033553141    4.0975788543    3.0930098348    2.7086169955    6.7015868072
   7.3847354859    5.5337273472    6.8383556861   -0.1107252122    2.0257701156    1.8596436358
  -7.9602290249   -6.3872735308   -0.3157892784   -0.2810751421    0.9091504111   -0.8095544531
  -5.6779307223    1.1101993072   -4.0229948932   -2.9749295092    2.3373342287   -0.3596412911
  -1.0154891605    1.4486876037   -4.0503394378   -1.0933577824   -1.8572278858    1.8030070554
   6.4167298645   -3.1459667453    6.2540718015   -2.2633012684    1.3152840381    1.9909722902
   0.4520091510    2.2004025169   -6.0607160813   -0.6164645519    0.9617035781   -0.9479382784
  -7.1658462921    5.1710052214    7.8211346970   -1.3399843156   -1.8964294812   -0.1993431608
   1.0238102434   -8.2450070465    6.5573697028   -0.2124018554    1.0751466212    3.0976156261
  -5.3102251582    4.6068552329   -5.2142298793   -2.1380047108    1.0817919618   -0.7217296064
   5.6626664644    2.9939081911   -5.7066985178   -3.7280170771    1.3988787825   -1.4564701739
  -6.7735472555    0.6958284657   -6.0969408189    0.6890265147    2.8966137873   -0.4893594641
  -0.5083828896   -7.5985843451    7.3292056372   -1.6899407423   -2.7724452525    3.0635651112
  -8.1204013308   -6.2340439416   -2.5210717407   -3.0699220834   -1.0436851330    3.1949091650
  -2.1101308268   -6.9436383115    0.0504096392    1.0599093412   -1.0496583997   -1.3902894005
  -5.2698389768    2.0683389582    4.6478535256   -0.4516330455   -0.1917572479   -0.7136653747
  -0.9225389215   -5.5819110340   -0.7307960911   -0.2386370382    0.3342064447   -2.6658146620
   7.6599674416    4.9100765111    3.9799207593   -0.2263260476    1.7462264113   -3.9164105695
   8.3102687674    2.0401820681    4.1615143152   -0.0468163290   -2.5251610347    1.1879283466
   6.1782515435    1.6554751620   -5.8964432938   -3.5000307076    2.0059747239   -7.3275194919
  -8.0496587433    6.8473168406    6.7017969333   -1.9339002380   -0.3376836169    1.3770664934
   0.0966904811   -5.2625108874    2.6766494341   -0.7621228883   -2.0446903283   -0.7049807098
   0.1300972949   -4.2603640935   -4.0971345074    0.2319578367   -0.2918877886   -3.4977301471
  -8.0605511678   -0.8128415450    6.6407997766    0.4882057953   -0.6543448731    0.8390144448
  -1.8290137351   -8.1794176022    0.5136475186    0.2776652745   -4.3418335398   -0.0628212638
  -8.4552311670   -5.6387053260   -6.5560407681    0.8847341253   -2.4216094396   -1.3237115422
   2.8655187563    4.9398915913    2.1154453406   -2.7553361573   -4.3577644003   -2.3148589579
   6.0619797176   -3.3056099565   -5.2982700802    1.6138341152   -5.1747185423    1.8537716919
  -3.7818575013    1.5572194807   -4.9590074384   -3.2261900020    3.4116378791    2.8858681741
   1.7471496569    1.0156899616   -7.2759528170   -0.6786441602    2.2585775184   -1.4848489132
   1.4197970617    4.7022995785    6.5578583993   -0.4053033114    1.3074121844   -1.8561800971
  -0.3542202772   -5.8268244522    3.9633092435   -2.5717398770    1.6756260015   -0.7871328002
   5.6498630887   -2.9201231300   -8.2985167242    2.6068422000   -1.7970355342   -0.8154188283
   2.8792232270   -6.2796518474   -5.9554496184   -0.5338850080    2.3400115118    2.0404786712
   8.3041643534    6.2199761434    8.1111945184   -1.3352380550   -1.3822187150   -1.0463829275
   5.3835267492    6.4953073347    3.7219513525    0.1469268023   -2.7950233856    4.3797210303
  -3.1025581500   -1.4320859685    7.6918160087    1.5420449977    1.8661769468   -3.1221203107
  -6.1352485701    2.0502771556    1.3348589736    0.6797141418   -3.4947605267    1.2435509240
   7.8717533698   -8.3316618537    8.0630926217    2.0883918869   -1.2015950052   -0.6035101854
   3.6480915773    4.8150073268    3.7759672665    3.4232845087    2.3404403549    0.0871518982
  -0.0974980883    8.1005014431    3.8674236429    2.5849379670   -0.8815826796   -1.6643317818
   0.9298903326    7.0973772664    2.7171242986   -1.7131426070   -3.5441285747    2.0434585708
  -1.5732978673   -8.0954344205   -4.8306532178    1.1278823134   -0.7180054542    0.7050798784
  -0.2696372358   -6.3638486763   -0.9178089410   -5.0337395066   -1.5563826543   -2.1284401559
  -7.1189048124    5.6363618091    6.8262446512   -2.5436352281    1.8157444179   -1.0235746362
  -2.3307975121   -7.5047707750   -3.9835308893    0.1325038489   -2.3252038654   -4.5218454449
  -3.2461645941    2.0505754162    8.1947113609   -0.5504835810   -3.3515456303   -2.9241687240
   0.9423558207   -8.0775900009   -0.6398158751    5.2972840969    1.3785684101    3.9811774154
  -6.6565498777   -3.8864037482   -7.7317747022    0.4918551324    2.1450702668   -1.9861128524
   1.5093231290   -2.8694468753    4.8619840962    0.5540470756   -1.8789582904    2.8322228577
  -3.6700807969   -0.4536561726    2.7485185474    0.8730607245    5.0542835856   -2.8997317874
   1.0414781869    0.4455895781    8.3702623282    0.3166528843    1.8120891180    2.4036427364
   2.6274563089   -5.8712096375   -7.1633806065   -2.5425829554   -1.4767030803    0.1074400520
   5.3480935110   -4.8938392405    0.8618443606   -4.6046754627    0.1999352129    0.8451343977
  -4.2844382151    7.0103095802   -5.7970478913   -1.2525178725    2.3940334279    0.3709934356
   0.7209083118    7.2095994624    0.1576725941    1.6688715897    2.0983771441   -0.7462577044
  -4.0818271909   -1.0746941851   -0.0175703027   -2.7371851329   -2.2450690266    1.4782987597
   0.7891083917   -0.9987697955    0.0434927075   -2.3732680219   -0.2621619377    1.8293582394
  -0.0947313658   -7.9580072112    0.9386393097   -2.4951721157    4.2404605578    3.9493472016
   7.0574684124    0.8804439195    1.9738302559   -0.7025094499    2.4296142085    0.4121631453
  -6.4995497167    3.2936301459    0.4842327341    0.8488421008   -2.3089285350   -2.9405139913
   0.7767242182   -0.3708085933    7.3493511079   -1.2592938827   -2.8681832644    1.8244783841
   5.4139152089    7.4983377699   -7.5875881889   -2.6366929539    0.4317374514   -3.7108849033
  -6.4320621010    5.7410229054    5.1798211557    1.0090984604   -1.7907872388    0.5358033385
   2.2087108067    4.8154967113   -8.2672820068   -0.5215965563   -0.4442871976    1.5431139331
  -6.6209474557   -1.3738062276    4.7509371792    1.5241419925    2.3138929276   -3.1305193543
   6.0978448709    6.9833222669    6.0716262499   -0.9238870133   -1.5010088668   -0.6939465894
  -2.6069245428    4.4554560679   -1.5821133945    2.4444615615   -2.3395470382   -3.2549175592
  -6.5362984881    8.3494716425    6.5635677463    3.3481880858    3.1603669657    1.6238784130
   0.3776523638   -6.4026344440    4.5311753319    1.6060024623    3.5420967089    0.0601753054
   6.8107888738   -1.3612144472   -6.0547637638    3.6103233249    3.1620796044   -1.5214634118
   1.8039230022   -0.0814282039   -5.1612196338   -1.7362751621   -0.6426617509   -1.5084518826
   8.0970291290   -7.3676603394   -6.6247448111   -3.0368802195    1.2241366077    0.2380050825
   6.8795778785   -7.0523306662   -2.5263577711    0.9904644669    0.3646471479    0.4834565125
  -7.5220978852    8.0161370911    3.9936185181    2.5485242571   -5.5955544638   -1.7800996914
  -7.0305248492    6.5413668595    1.2688302101    0.0202603164    0.5211755880   -0.3640315733
   3.5238241611   -6.3416172460   -7.0796905673    3.8100325343    1.2986858514   -0.2616716335
   7.9691757850    3.2647004388    7.1113521699    4.1860781020    1.3717561612   -5.8087547627
   2.8329222675   -3.8026285653   -1.2125373460    1.2145798003   -2.0625829527    0.3729076076
   1.6279089909    6.4910677586    4.0156182342    0.6314758851   -3.2364140280   -4.0627970785
   0.8074559613    5.7777770422    8.2534937359   -3.7956733359    2.8304669955    0.7596444745
  -5.6034434344   -4.2041789417   -7.6894107976   -3.3368055585   -1.3290098769    1.5237240160
  -8.2729736275   -0.4277833142   -1.7725250455    0.4345621880    2.0859845308    3.7757009143
  -8.2196333056    5.1809476847    5.1101503065   -0.0111412187   -0.1419434155    3.3171754927
  -0.8940721307    1.2361546503   -8.1813191464    0.1629934933    2.1993059024   -1.2979109218
  -6.1408594200   -2.1470624673   -1.7321486874   -3.1549854081    0.8105177038   -1.1442240488
   0.9565818220   -6.7880800416   -2.8878666959   -0.7178167797   -1.6810927852   -1.0599256804
   1.8061363148   -1.3531806079    4.3886870427   -0.8609034609   -3.8833393717   -2.3312427629
   7.0349322326   -1.1542675672    1.4505335075    1.1533407428   -1.6899903803   -0.2576632668
   1.2752076439   -7.4622415703    4.9730960822    2.3461287029   -0.3294261892    1.4765644415
  -5.8004767154    7.7575699953   -8.3334528547    2.3625013909    0.8129271365    0.1953481354
  -0.3016649989   -0.9797228782   -8.1389853147    0.1518930141    0.7744607604    0.8921045355
   8.2810040678   -8.1958275841    3.7856499906   -4.4625917374   -5.3723118353   -1.5648385707
   7.2122781660    2.3117095769   -0.8063278906   -0.8843586658   -2.8003033011   -0.6604578756
   7.7627117777   -1.6226239548    5.9646501445    1.7678036461   -1.1592050471   -3.2218648044
   3.1920816740   -4.5436557000    4.4474648165   -1.1158668574    0.7450608336    2.3580613399
   0.5359660052   -3.5420365861   -4.9508849698   -2.9273029062   -2.2683496266    1.0184281206
  -3.4756959584    4.0573945030    6.4101737277    0.9776786773    0.2389682143   -0.1592297976
  -7.6676588803   -6.8728727956   -4.9019026613   -2.2096835088    3.9432019151   -0.9443715296
  -4.0476680777   -7.6839465750   -4.9679540480   -1.8136076617    1.0718255374    3.6985939838
  -4.5977105060   -1.7632815925    3.5597250478   -4.2957411920   -3.4987192759   -1.3841425396
  -2.6275956052   -5.9917536091   -0.4532181211   -1.6120684918   -1.9095396464   -0.7432894240
   2.8304971791   -7.2216194743    7.9982448885   -1.6626343187   -1.5814784044   -0.6822212771
  -4.8294113699    2.8838444161   -3.6213516088    1.7050688533    0.3824404471   -0.1320268201
  -3.4315622555    2.0682636201   -3.4101659552    2.0606674987   -2.9149469304    1.2980208885
  -0.2132475216   -3.8164211838   -1.3933379249   -2.2912900755    1.4979144320    0.1262855268
  -7.8849582872    0.4966407840   -0.9263827638    2.6707458186    2.2998590605    0.0517592276
  -0.3642439034   -4.8044719339   -5.1585447249    3.0239700441    3.4939379917   -2.0661431720
   5.5551423936    8.5399153671   -4.3990047551    0.4851870803    1.1769458894   -0.7330858108
  -5.9188455348    7.8459559693    2.6254207269   -3.0241808845   -1.5467397677   -2.4009415829
   8.5365774789    3.6608881262   -7.6124834118   -2.0985112818    2.4165384496    1.6413245670
  -7.2426009605   -2.6617236161   -2.2436723867   -0.6340561567    3.8619652355   -2.2281359657
   1.2438292495    2.3979226411   -4.1718974719   -1.8852463498    0.2613428201   -1.0789551241
   4.8079168416    7.4885701371   -1.8776247971   -0.3741732121   -1.6240407777    1.1753339824
   0.3369226350    3.1372986276   -6.4675548641    1.1843921030    4.7268364579   -2.5342588047
  -3.5173586621    1.3584018805    5.8013651559    0.3732937624   -0.7320532569   -0.7106880927
   3.5645363415   -8.3510870912    5.6481586620   -2.0740377432    3.3289787298    2.3279373763
  -5.2581277894   -2.9487155430    6.8803320231    5.0660587648    1.1933333585   -2.6248559921
  -2.1038826085    2.5048055705   -5.0204940813    3.5060678700   -1.2275238689   -3.3608377846
   8.3330362093    1.8453237115   -3.2935578717    1.0377209852   -3.5621512786    2.2034654233
  -7.2851052795   -6.6638193628    7.3460155777    0.9811010808    1.0187655621    0.2695769336
   1.4915684914    4.9271811822   -3.9060773851    0.1219740904   -0.5381737275   -0.9410299842
   4.2116795976   -2.0066910898   -4.9634775019   -2.9694734925   -0.1701745761   -1.7083116506
   4.1841652549    5.1058122957   -0.7128590062   -3.7463376667    1.6079116452   -1.8127436912
  -8.1567692106   -2.8250628663    1.3873928940   -0.3860241092   -3.4844893228   -0.3118227913
  -5.3508433732    0.4287109063    1.4304782759   -3.2350914687    1.7391553390   -0.1087956579
   2.7426238503   -0.9336541849    2.3259317993   -3.5531108964   -3.8486049732    2.2714765589
   6.7743721590    5.2476009765    1.2468050734    0.6480264374    2.9235323995    2.1140000587
   1.3340417187   -1.3511550075    1.6474186833   -4.0807148658    0.3495686438    1.1877373690
   7.4087182635   -7.8080874929    3.0545733318    2.2602157083   -1.5688205634    3.7609375531
  -0.0094557956    3.5803128442    3.9666206342    1.2796617720   -4.3206894291   -2.6759949718
   4.5485125468    4.5043769318   -5.0071652789    0.7140060002   -4.7095383130    1.5419329259
  -8.1981529436    2.9668951930   -0.5065990780    2.0085043338   -2.7607942842    0.9347110067
   6.4586112715    3.6587174982    5.0200488368    4.5456741478   -1.5616667834    1.7602765486
   2.1049747777   -4.7953605096   -7.9064259029   -3.3476316043    0.9228727161    1.3055106138
  -5.7391619853    5.5245506428   -5.1228769389   -2.8157848174   -0.8474740126    0.7782639646
  -3.9989593813   -1.8541363949    8.3490497689    1.5466704196    2.9045950085   -2.0818140423
  -2.5273415864   -4.9501432700   -5.6312742943    0.4040429012   -2.1791974733   -2.7484589009
  -3.3091570248   -0.1185081978   -0.7452333752   -0.9070928226   -1.6520640110   -1.8491746470
   2.5000500248    4.2899073970    3.4266298860    2.4118553916   -0.9239087143   -0.9232671724
   8.2751314074    5.9161013264    4.8168797287   -3.1515494430   -3.5885179429   -1.0379551968
   7.1426302875    6.7583761230   -2.4439031919    0.5305900772   -1.9272051134   -0.0079309846
   6.0262131337    6.2006057565   -5.9418882883    0.0631072982    3.7546253950    2.0029624172
   1.5606606688    7.7020728454    8.0003432680    3.8584460255    4.0302593727   -1.1748704959
   7.1263468811   -7.8396368504    4.4507883638    4.8424373903    3.2019176104   -0.4375147541
   8.0130106283   -2.6173609178   -4.8946923026   -0.6625352005   -0.8500628138   -0.6324414234
  -6.0780156791    4.8650893061    3.2647513596    0.2562145362    0.4357042257    2.5362012934
  -4.6628896863    4.4965855354   -5.9490530922    0.7514020753   -0.5141858778   -1.8548343369
   8.2480698368   -0.6185553429   -1.1001235850   -2.4527153124    0.4904439261    1.8135936145
  -4.0114263293    6.0552870604   -6.9583614796   -1.8751810913    1.9552805864    4.2193668860
   7.0302295325    0.6105485712   -6.7276061630    0.7378200701   -0.1836164626    1.7765859360
  -1.1616767999   -2.0352417641    0.5941744053    2.4566678182   -0.9137010871   -3.8133172667
  -7.0609803334   -1.9522593634   -8.2818103236    1.1399713496    2.6532829394   -4.3336817933
  -3.6500984371    5.8370710941    2.5544152452    0.0000122163    0.9090946940    2.1146532228
   4.6020538817   -2.1149450310    1.2034892042    0.4137505259    0.9590092388    1.8609806242
  -2.2721845598    6.8549398479    5.6691208709    2.0558325762   -2.2963180217   -1.5365506988
   3.7130256509   -0.8304706091    7.2070262627   -1.3574555402   -1.4998613731   -0.4362712792
  -5.2792353877    3.9269160820    4.3228716910   -0.9076767678   -0.3630047207    0.4318468616
  -7.5009188279    1.4946739307   -0.2355767109    0.2327861436    0.3542422808    2.2429036102
   1.6132872171   -3.4306777380    3.2975028716    1.9948683032   -0.7602311511    6.6879140949
   1.7058704673   -3.8897428271    4.3127087893   -4.8380924523    2.1807876159   -2.3182353553
   6.9512765326   -2.9874763592   -4.8504148380   -2.2610477334   -1.6404214302   -1.6785385291
   5.2837650873    0.8821848108    4.3427688962   -1.8619131220    0.4978133635   -4.9512013294
  -3.6025160955    2.2630643424   -7.8691496146   -0.4811642427   -0.6369215831   -5.0916106196
   8.0044013777   -4.9704774444   -2.5244779073   -3.4787769340    2.7625431005    1.6648665789
  -5.3804405797    3.7238502229   -1.2200473880    2.3901748929    0.2016683938   -3.5573408808
   7.1985752142   -2.2626398635    2.1329753099   -0.3009372987    1.2765031725   -0.9821044980
  -5.5040875139   -8.1444576012    0.4450065158    1.2956940738   -2.7038203761   -0.2053688007
  -4.6662389542   -2.9393942171    3.2075637385    1.1343753748   -1.7241258184   -0.2893919616
   1.0832512582   -3.3752631245    7.2555618202   -2.3034419542   -3.5541985034   -0.7809276382
  -0.1951626078    2.2297165028    2.0479723776   -1.2196868691    0.7013572168   -1.2688603599
  -3.4191430469    4.2376079260    0.6276701149   -1.2549457222    3.2505747233   -1.6078645300
  -8.4990331754   -6.8495174930    7.0316536222    0.3547991565   -1.8732490447    1.0535160464
   1.2378559345   -4.6086500935   -7.2175782307    1.7274362288    2.9547135333    1.4331298249
   4.5530345644   -8.5131762702   -4.9298843437    0.7546968609   -1.1663265868   -1.7557759815
   2.0130283050   -2.6946379132   -0.8308350566   -5.3325718670    0.1694824404   -0.8079530116
  -2.4711235537    2.9808452295   -3.4690332185    0.3135141935    2.6596697489    0.1045103321
  -7.4148451723    6.1632866577    3.3664796134   -1.6554673452   -0.7901851634   -2.4019947097
  -4.5839158655   -0.0016201148    0.3145781202    3.4599093912    5.0000002496   -1.2215231756
  -5.2073843713   -1.4329914892   -1.3050939035   -3.3935398626    0.5489313050    0.4819383383
   4.4196580635    0.5392374113    5.3263372121   -1.2946414106   -2.5820994073   -0.3890217420
   7.1906463106    7.5912453090   -4.5813078594    0.2455784531   -2.6261829820    1.8902891440
  -8.2134436455   -1.7744053517   -3.8640109360   -2.2537779477    5.0114447913    2.5801725755
  -6.7051926545    0.2090553784    0.7505491199   -4.8110071569   -1.5185830103    3.0674251296
   8.1773256891    1.2453553737    2.6391934921    2.0245532020   -2.9219721984    1.6722721548
   1.0402226056    0.6670422727    1.7171170697    0.6446270209   -1.5692872050   -0.0052741597
  -2.3342517132   -7.0195114472   -5.5712020016   -1.4996840389    0.0799129368   -5.2414822891
  -5.0603232121    1.1131661325   -5.2777321735   -1.2015002446    1.0146413226   -2.6750455960
   1.2482658771    2.4387316884    4.6315730379   -0.0958058673   -1.5736789690    1.4471708332
  -7.9461872803    1.6858911216    6.4676962202   -2.4831649907   -1.4611167865   -2.9395607831
   0.3279485042   -0.9132052611    2.3216285667   -5.4179159777    1.5097078752   -3.3486821198
  -2.7722010941    4.0170204788   -8.1716836135    0.8786609777   -0.9977727602    0.9146737599
   7.8536669790   -0.9072039008   -2.1427472215    2.7177506682   -1.1143038942    2.1306366339
   1.1575945830    3.1128051709    5.6167026519   -0.4073852340    1.3243185965   -3.8627220861
   6.9906360279    4.4183438662   -4.5283497257    1.6279175740   -2.0475301218   -0.2965966368
  -4.5277488359   -5.2378626674    2.2437257505   -3.2103842183    2.7228396663   -2.5221771379
  -4.5758053379    4.6173212904    5.7972533711   -0.8164198732   -2.2397995285   -2.8583048326
  -7.3382312208    7.6632503510    6.0869891839   -3.5344770243   -4.3589261360    0.9023278928
   7.8456049232   -0.7084573233    5.0222117714   -2.9258798879    3.2830490546    4.2028739191
   2.7226161428   -6.8680519086    4.4369476554    3.8202794196    1.6571050705    5.5776267293
   3.7875929200   -1.3909606358   -5.6431402858   -3.1513462943   -0.4782478461   -1.1436549385
   3.7551791144    5.5859622824    3.0847590252   -1.3789611791   -1.4785059206    0.3386415812
   1.1282972750    0.2879136622    4.9889399837   -0.0019205030   -0.3524391264    3.1261815721
   0.0731233439   -0.1433278318    8.4361655076   -1.7243489326   -0.8816627980   -1.5206164218
  -5.6344009247   -7.1868881581   -7.5860314506    3.1330282125    1.8149095598   -0.9618402384
   7.4503762777    0.3741840969    3.2674685533   -4.1403270410   -0.0330888110    5.7451784437
  -2.7353978343    7.9563318169   -7.4238787430   -1.4577431259    1.8315448639   -2.4510827920
   1.3884356054   -5.8522673982    0.2215110885   -1.8012647977    0.7318638695    1.0225897908
   3.3803482743   -0.0209355562   -5.5381545346   -4.0362900977    2.0452983570   -6.6599295724
  -3.7731414959   -4.5430483271   -3.7486153878   -0.3063266955    0.3222480265    1.5885319670
   6.4282053324   -5.8187379595    1.5540697856   -1.3693088961   -0.8373698678   -1.5156541889
  -2.1280306636   -6.9821056447    8.1994740543    0.6464852075    0.2074904970   -0.6724598887
   6.7299251138   -0.7917543196    3.5272797383    1.7507460953   -1.6140815645   -2.0091631220
   6.7396064614   -8.2501604096    6.9224354464   -2.5310329504    2.4269051116   -3.9421971601
   4.8904533307    5.3871047069   -5.9511116332   -0.4924273451   -1.2951687180    1.2272723017
   0.7294883141   -4.3310793321   -1.3985730925    2.0774410857    3.5466119296   -0.0377677594
   2.2659633747    7.1599472662    2.9229275515    0.6926649380   -4.0058235258    0.5449277505
  -7.4963655484   -2.1197797908    0.7227207548    0.8017492083    0.3402253989    0.9393278860
   4.2134680881    1.6367144199    4.9251546276    2.8050821763    2.4935433261   -0.9366584734
   7.0044994023    0.1705277700   -7.8521869332   -3.8661084338   -0.3132639378   -0.7956944490
  -5.7151737631   -2.0245257068   -2.7643087214    3.1274914528    0.2068148491   -2.0485354274
  -7.7901674394    8.0714726006    8.4933449716   -0.1064767552    1.1955771068   -0.3971959743
  -5.3636524110   -3.2790598950   -2.6780294047   -0.4986575629   -0.9137310804    0.1974361986
   1.3626851777    2.7060995656   -3.1727575768    2.0127075545    5.4030487362   -1.0252061142
   6.8482481180   -7.1624975206    0.6980216339    0.8460217548    0.2638719242   -4.1281582153
  -3.3918319813   -7.9307233842   -3.2792302395    1.7036313347    2.1753602440    2.1656250397
  -5.0684673877    1.7014618232   -6.8558584256    3.1646949030   -2.8296704088   -1.5929333985
  -3.5018922525    1.3313220894    3.5987481054    0.7672229032    1.2216932618   -5.5552530148
  -1.9209055867    5.3763277021    0.0446962959   -3.7471382145    1.9852329139    0.3928190420
  -6.5804180587    0.6743880031   -3.5722064059    0.6380021258   -3.4942792214    1.7782076837
  -4.6371011431   -4.0966902891   -2.2651422039   -1.6786749638    4.5143922781   -1.4470333799
  -8.2772415168   -3.3634147662    7.4936356893   -4.2421972399    3.6892273158    1.6591888177
   0.5876019331   -4.9355599523   -7.7740584836    0.6485937958    1.4481010608    0.6307925448
   1.5020205448    5.1856458442   -0.2989665647   -1.6955092239   -2.5358076855    1.3116607109
   6.2057939459   -8.2234359786   -0.9218080022    0.8434455496   -2.2071271736   -2.4304707032
  -8.1065019596   -3.6680090879   -2.7372754949   -4.3692491609    5.8760865828    0.7052450640
   3.1674975822    2.2708206350    1.7052558878   -2.0651493133    2.6055682263    1.8066068941
  -5.1297363210   -5.0311007851    0.9155210182   -0.0689578655    0.1844464749    1.3782058486
   4.0918577522    6.9541692553    5.4776207068   -0.4759323313   -0.4330018421    0.1542967635
  -2.5239899869   -5.2252172782    7.2818032377    1.2508871045   -2.0287936427   -1.2959826217
  -5.6376836289   -5.7217031257    1.6277830680    1.3751985632    1.6297992652   -1.0649222389
   5.1408264233   -1.4667212651   -1.6090012393   -1.2113124208   -0.6652546834   -0.1933808173
  -4.8552374213    6.0301012608   -5.7731670161   -0.3859116812   -4.0113554846   -2.5479722210
  -1.2455666902   -8.3906499405    3.2548103370    1.4844354439   -1.6459287568    1.9590734230
  -7.2733336088   -1.7738743366    2.2528172091    1.0906810870    0.3770050610   -1.8013841871
  -5.5480870871   -4.8209315401    0.1142595348    1.4906853000    0.4478103361   -2.2618613071
  -6.1953978781    6.4803184809    0.2027794843   -1.3037984222   -2.4457928686    1.3371739789
  -5.9755282347   -2.1410137235   -6.2257465076   -1.7297577776   -2.3724394461   -2.4485737243
   0.9813887674   -7.8395566767    8.2074863070    4.5687514327    1.1897556945    2.3050314495
   7.5025111786    8.3297623570    3.5778351143    3.1028137242   -0.4004894233    2.6928912687
  -8.0953732054    0.0250836812   -5.0768533046   -1.0638240469    1.7659684506   -0.2401709697
   0.3968447688   -7.0066310407   -2.0492335692   -1.0293697597   -2.6227082577   -0.7913938603
   2.4209395337   -4.8933690977    1.9759755971   -2.3543292588   -3.1338673511    0.9872761580
   1.0017596634   -7.9985966238    1.0945157513    1.8369073641    1.8676788806    4.1257342865
  -5.9823395375   -2.8517860267    6.1084831209   -2.0018582203   -0.3583800654    2.5017093764
   7.4350343477   -5.1617600384    3.5479010189   -0.4607976863   -1.9221490947    0.8594874988
   5.2256464250   -6.9260156388   -3.0226648705    1.8598462753   -0.1539147595   -0.2591275050
  -5.7619509505    7.5217509564   -3.3497450211   -1.1206203549   -0.4715675571    2.0362437492
  -2.1183831266    1.5987462565    0.4130021222    2.1822903539    0.0154394164    4.3971351440
  -0.2269291891   -7.9100695646    8.1448033251   -1.1241669692    0.9043724710    2.6645594496
   4.1758640275   -4.2715550112   -4.5800005916   -2.9131455481   -1.4900420954    3.6367487267
  -8.5483790908   -1.2211686392    0.2128670997   -3.0126523748   -1.3645558209   -2.2972025929
   1.8873577898    0.1657966515    2.7862909037    0.1200519218   -1.2861059990   -1.0021658308
  -1.6129095550    2.1910140824   -8.1452674691    4.2075053774   -1.8715773844   -2.3535352294
  -2.0766602195    4.7997080831    5.6395886269    0.4360562299    2.9597535623   -0.7674563403
   5.1323354512    2.8328260773   -6.7202162574    2.0647613649    0.6758621855   -6.0566398245
   8.1392992442   -5.4912555089   -7.8611071254    1.4784372650    5.1668757384    0.4001572205
   0.1436638746   -4.2374476206    5.1776141330   -2.6684192364   -0.3060217169    1.3167965841
  -4.9966226696   -0.4070220593    7.3145414240   -0.3275606339    0.8032474218    1.3935168745
  -7.7888730783   -7.1217112954    5.8672799823    0.1202938376    5.5543913161   -1.8973895881
  -4.0435934434    4.9808245686    4.3757302898   -3.6620322418   -0.5050056272   -0.1761003282
   3.7136109293   -4.5268248626    5.8522254955   -0.3868817664    1.2882282625   -3.0213171598
  -4.6222567127   -7.4841219606   -3.1299612118    0.6133854088    1.1506809232   -3.5122496405
   3.1362135138    3.8735752604    1.5309589440    0.7715337050   -0.3004247530   -0.0795812003
   6.8674103883    2.2016807444   -5.7066084069   -0.2393658348    2.9694497537    2.2737425007
  -4.1654877380    7.6906016558   -2.3809021438   -2.9638215189    4.4332297389    1.7306107867
  -5.6466890604    1.3217489385   -0.8503077260   -1.2947226611    0.9383600912    5.2067351711
   3.2799568048   -2.6177576229   -6.0049206063    2.5429626356    0.6960053598   -0.6654067607
  -3.3900134264   -5.9291980679   -6.9826510618    1.7857830128    0.9640633062   -0.3269195463
   3.8269996821    1.6934273370    2.4949046433   -3.0228506684    0.3982796160   -3.2719994033
  -2.9156320164    1.2791000340   -3.8658011700    1.2296121179   -3.2182658701    0.5144224153
  -5.2805152481    7.9834904469    1.8623907970   -3.4005327164    0.5225808149   -1.5219459059
   2.9459828435   -5.5263567652    6.8870494246   -0.9589944181    1.4700261429    0.2536505964
  -1.6601245933    6.8740435300    6.8612991929    0.2573263203    3.8589776331    0.0238912352
   6.3787850535    3.5260247633    6.3108960433   -0.8268600688    1.2227249357   -0.9252712786
   3.2779001921    1.6774885687    7.6038485988   -5.2662910483    3.7112035329   -2.9853753416
  -3.5461106020   -8.0058870701    2.2242993681   -2.2781522076    2.1011848414    4.0012597671
   4.7045237292    6.7705933009   -7.6959186768   -2.7636733750   -4.3761241439    0.5991106372
  -4.0901123611    0.9546914887    7.1446817609    1.1099336476    0.5595644760    0.7006210270
   2.1449552224   -3.2262990722   -5.5013812879   -2.0866704276    3.1228807228    1.8585313850
  -0.4799325184   -7.9185860660    2.5469740229    0.4184210295    1.5741589233    0.5572336254
   0.1074824775   -4.3717347447   -6.8177940645    1.2771553953    4.8523218415   -0.3633641932
  -3.9696764580    6.7316884802    8.3178770502   -2.1039477745   -2.6987241846   -0.5270369446
   2.7128018919    5.6575419605   -7.0220857890   -1.4854901877   -1.2012538971    0.4968957099
   1.3903812862   -0.5868440663    3.2994187798    1.6034856146   -1.3965895393    2.4324253924
   7.8377961368   -5.7360894592    2.1055272752   -0.1675382229   -1.9051536489   -4.5001926869
  -8.2877794161   -7.0819306955    1.8431861058    0.5722149270    0.5819448620   -1.0464519874
   6.6463798444   -5.3509715565   -5.0357618082    4.0355520740    1.2231163535   -0.7168340252
   1.4274070743   -1.3647802003    8.5465124502    2.0881742428   -1.8360242414    0.5450740598
  -4.0429014347   -0.2321634586   -6.5711717883   -1.2135661929   -3.6708727756    0.6458525067
  -5.2542885590    3.9800858593   -7.0745099029   -0.9587235548   -1.0709052356   -1.2767632400
   3.2823596758   -7.6645082915    4.8446417016   -1.7203070725    3.0118779852    5.7278875336
   6.2093366854    3.8149063119   -0.0272987474    0.8243573050   -1.8921084404   -2.3785760155
   5.6951238512    0.6627389850    1.2316696593    0.9409180452    1.7547469763   -1.8251987387
   7.5165952844   -2.1908002985    4.4597927021    3.6798575071    1.6691621787    0.2763381906
   7.6103220625    3.6907647534    5.7460162930    0.0194457589   -2.2542095133    1.1743120880
   8.1946007691    2.5907127904   -8.3572896422    0.0297434807   -0.9395091482    7.2632450330
   4.7595758934    6.2169718250    5.2056823910   -0.0755661609    4.4956881254    2.0777454540
   4.3142414670   -0.8516499936   -7.4439028018   -1.4410298608   -0.9425679970   -0.2245570473
   3.5329885942   -3.3815552823   -7.5097069262   -0.6074477081    1.8111027056   -0.0247252547
   3.1934476265   -6.9106633777    1.9509229387    2.3911817847    2.2314973163   -3.7220056590
  -0.5668935826   -0.8825145363    4.1597923672    1.6689918641    1.7767627099    0.9229551717
   8.2926453309   -3.0454631366   -7.0134871423    0.2479629551   -3.9713991932    2.3033548056
   0.6358666332    5.2891245334    3.8722942519   -0.7059977961    2.1664454641   -0.5635193934
  -4.9630335666   -8.3451227784    1.4060548163    1.1400982782    2.5244292027    1.2954801311
   1.8744928031   -0.2595201422   -0.1740240745   -3.5420405542   -3.4437200176    2.7679624627
  -5.0851429256   -8.3038564762   -2.7143398229    2.2768301882    0.6315221335   -2.5361354561
  -1.8294234558   -3.5257074215    4.0853343648    3.1963966695    0.7175421964    0.3716950446
  -3.2743461081   -6.6377414686    6.8531192295   -2.7265226175   -2.4140647518    0.9663984940
  -0.5265911862    7.1222647137    0.0388279634    0.9321820090   -1.9478706321    3.9401412470
  -4.1244813527   -6.9372997308   -1.8079598696   -0.5167857367    2.0625825066    1.2912821417
   7.0614668541   -7.9516150446   -2.7595942574    0.6396838378    2.4876352973   -0.7899097622
   7.8628430003   -3.1523954683    7.5978181059    2.9666967889   -4.8814277868   -1.8127454062
   3.5485482786    7.2366103552   -3.9119058004   -5.3391497604   -2.2112297641   -5.0320699521
   4.8695766001   -8.2138952416    7.5321478650    0.4459753342    1.2027627739    2.0398321310
   0.5303912292    6.5793587882   -5.0985762460    2.2654564228    1.4469311036   -1.0547200189
  -1.1827639343   -4.5454749904    0.6021673360    5.7399014612    0.8444710424   -2.6715822410
   7.7180523121    0.4999134126   -2.6086939728   -1.5528654096   -0.4549896422    0.7552852502
  -2.4698906871    3.5881055252    7.6750247606    0.2290389578   -1.1215657448    0.5261655772
  -3.2268040990    4.3592420117    7.4634976588    0.0983201858   -0.2215871731    0.6483385857
  -6.5697440068    1.2637007287   -1.3314681665   -3.7391930058    0.9157408621    2.4218048476
  -4.8545887345    6.9013300633   -7.5574299857    0.0688619767    1.1897126439   -1.2890634588
  -7.7368920743   -4.0394813784    4.4818085089    4.4839136600   -2.0784094982   -0.1248023720
   1.8472025693   -1.3954308674    0.2208457715    3.2151714943   -2.0478342195    0.9230523255
  -4.6892651572    5.7031766531    6.5369826736   -0.6980812008    2.8533632437    3.4934435361
  -5.6601565741   -2.8891775303   -5.4486888456    1.4379617381    0.0140410586   -0.6254009770
  -7.8993513821   -5.6656592097    1.3183314228   -2.4389065264    0.4244461620    0.0670996766
  -8.3252427780   -6.1620943659    3.8874334000    2.1348869309   -2.4376300057    3.1002585238
  -1.7463339927   -0.3228407879   -7.1396095808   -2.2846022894    1.7070815789    1.2336532493
  -3.6899890218    3.7888646901   -7.8275397130   -2.7179187640   -2.6320512192   -1.3694537551
   4.8606431493   -6.5038533794   -2.1611990337   -2.7715503519    0.4416419561   -2.3962389611
  -8.1973744766    3.1416130742    0.8490721780   -2.9072125064   -0.4465324876   -2.1100649031
  -2.2391508096    3.8340869430   -4.3523859530    0.0975822532   -0.6376951033   -1.9657514154
   3.9680681148   -3.3365649091    1.3970301986    7.5230854374   -2.4386787342    1.2305173111
   5.6541651074   -8.5306857308    3.0787969309    1.7916179530    0.0433610129   -0.2597789037
   4.8611565878   -0.9385650858   -8.2108357632   -2.8992855060    0.0452170966    0.1152966951
   7.4868239156    0.6268304703   -8.4746065588   -0.5816656166   -1.2863311384   -2.5656637315
   3.3566883701    1.7184117557    3.9924348728   -1.8703603788    2.2159123110   -1.4487048367
  -4.9308359805   -1.3696021628   -2.5536534066    2.1617656892   -4.1169502288    1.6526377499
   0.0495686706    1.3134649406    5.1805139482   -0.9691957877    2.2043566374   -0.8962042853
  -6.2802687126   -7.4299537256    6.0159750223    0.2943303111    0.1835874319   -0.1560584512
  -3.7126056489   -7.7873615703    6.5585007653    0.8153852782   -2.5335754694   -1.7742982912
   1.0319485890   -4.1916217956    2.1259771969    2.8284378563    2.7529269222   -0.6793791351
   2.5784262119   -7.9296283600    2.6499306546   -1.8476938810   -0.2846379983    0.9315796906
  -3.3560824238   -7.6077880826   -1.9110102609    3.0292189920   -0.6406344448   -2.8561348034
  -0.4342259413   -6.3921833861    7.7482801253    0.2902140356   -0.1536483338    1.8686338915
   8.1254428031   -3.4371362237   -0.0282735564    4.2232757064    1.9695435830   -2.0897940634
   6.9843760702   -7.2803683431   -4.4095447493    0.3933118144   -2.8587527489    0.5259123177
   3.2976725389   -6.9724331784    2.9576380960    1.9641802454    2.3019765423    0.5059651535
  -5.5065006251    4.4355034001    8.1053860004    0.9134132979   -1.3729611043    2.4780600173
  -0.2158545346   -8.4119601134   -4.2195842073   -1.4228887449   -0.2546210522    2.0340084000
  -8.1968062889   -5.4583460600   -3.7844393945    1.4627916213    3.3188479441   -3.8841897066
  -3.8186805872   -2.8606354938   -4.1182518155   -6.0389828989   -2.4919362357   -0.5568736774
  -1.5245289497   -7.8568865614    8.4495545509   -0.8717925455    1.5846154327   -1.4242217304
  -2.6818449408   -3.0439524047   -4.3316926097   -4.2231646194    0.7247751238   -0.0508819581
  -2.8214681951   -0.5887152506   -5.1219148340   -1.5881119773   -2.3125533469    2.5931629053
   7.9032935828   -4.0718475448    7.3448165353    0.1211464449   -0.2095972654   -3.9346358980
  -0.1752363423   -0.9560290227   -1.8948447949   -3.9533803593   -0.0639357672   -1.4169841605
   7.0276775794    7.7995795770   -1.3891030553    1.4142485698   -0.5909320875   -0.0443193785
  -1.5985960150   -5.9446120973    6.3833234533   -2.5804893551   -0.6844630867    0.2447947275
  -1.8021140291   -4.6229599379   -6.1073964904   -3.4003410131    0.9759472554    0.0372547432
  -1.1084734943    2.8616958683   -2.3253514279    0.4315710689   -0.9703975142   -0.1609610248
  -2.0261833930   -7.8121280570   -7.5742180691    2.1952262815   -2.4872092048   -1.2118594770
  -2.0918861956    4.3173552483    2.8100151051    0.5532562908   -0.6210006671    0.5076694703
   5.3728738673    6.4061471930   -2.3063579310    0.9547599363   -2.6712050115   -0.4792244032
   1.0205430093    3.6004785448   -2.2806309407   -0.6514304379   -2.2316246487   -1.9774224359
  -1.9516043933   -7.6551232571   -2.9694834943    2.3822362533   -4.5351036385    0.8392787333
   1.5497146872    3.3543772371   -7.7694552544   -1.7530714165   -2.3920522467   -2.7185335995
  -6.6990591742    5.9389710580   -4.7131846791    2.1824050141   -1.8124368670    0.3040589329
   7.4888920060   -1.4339363410   -4.5640043884    1.2742432039   -2.2396883444    0.3603657052
  -1.5435046474   -5.3778110299    3.1848669421   -5.1502515849    3.5362380689   -0.6677318810
   0.9033159122   -5.2506371487   -3.2015417875    0.5715579836   -0.4773583618   -0.3983583489
  -3.4369461058   -2.3528352596    5.1085836903    1.6976067374   -1.7020163485    1.4831813735
   4.6436888765   -3.6041937241    0.1084891139   -0.7419209616    1.4458283521   -0.5706112097
   1.6995263814    4.5662238742   -4.9754565793    2.3851235519    1.5085322948   -1.4468990288
   6.4673065174   -4.5819830167   -8.0005402702   -1.0333823198   -0.7496845520    1.4756385689
  -4.0671678851   -6.1853644427   -0.8810709061   -0.6541457926    1.5202660048    0.5922528508
   5.3195236592   -5.0109169228   -0.9065999636    1.0896423531    0.6030509653   -2.2758873164
   4.1477155345    4.3178464872    4.7149169442   -1.8217880626    0.7813561867    1.2626278559
  -6.3737338728   -0.8528163946   -6.6918393444   -2.5537083469   -0.9260600845   -3.8234840129
   7.0753386878    4.0843626667    1.2796248382   -1.3678030858   -1.6652194244    0.4410610965
   4.6466393547   -3.5256957882   -2.9668391679    2.9766734896    0.8314712990   -0.9127131895
   5.4966630162    1.2495469896    3.1652376974    0.6795881342   -1.0083322052    3.5747568887
  -6.1615349974    5.7925067050   -2.5759129899    2.8565714660    1.7777865701    1.3275618458
  -5.3991630274    0.8231600852   -2.0306953668   -0.2521808622    2.3970472280   -4.3579493009
  -7.8113785811    3.3694774949    3.6139208054   -1.0094840121    1.2072754494    3.9465354555
   7.0115131296   -6.1276128998   -7.0265483198   -0.1180138972    1.2175456900    0.0810994247
  -7.4330151467    0.5548346435    4.1504670796   -4.1115210876    0.9470121622    1.0982749230
   7.5781006523   -7.4733696653   -3.4571615366   -1.6449122895    3.3785307432   -2.1871581151
  -0.8650907253   -3.4900109269    1.2576416819    3.3385185440    1.0849606665    1.4693929836
   6.5483952056    0.3836935271   -2.7455430823    2.7594017881    2.2738337859    0.8598922636
  -8.2854996059   -0.6287267685    2.8532156463    3.5553236314    0.2842736342    1.6240850203
   5.3442680643    2.5753175354    8.3116130523    0.5105403163   -1.7894494175    1.6382189434
  -1.2213400314    2.9407035661    7.2554759962    4.3074911086   -2.3124310532   -0.7075798346
   7.3288791040   -7.9970435098    1.2155068291   -1.5150779406    1.0597891331    3.2224227065
   7.3434545038   -0.4659009573    7.1103284699   -0.3100817455    1.1819614961    0.3793786812
   5.7457799502   -8.4120749017   -2.5305952856    0.5975430702    3.0513375943    0.7905709189
   4.0077558534   -1.5824419616    2.2985607444   -1.4565258973   -0.1151658071    1.1006751720
  -4.4617690691   -2.9866455395   -5.1407476228    0.3733077176   -0.8612014067   -3.2740486966
   0.5511548836    4.9546402878    6.8499214117   -2.0833769438    1.2070586810    0.7778408019
   4.2895526269    8.3533600224   -0.7429143934    3.4248724840   -0.1944116704   -2.4939975023
   7.8312192620    7.1989514944    1.7818029033    1.4190123484   -2.2740888519    2.1203897756
  -1.0638620572   -8.0468426278   -2.4508701642   -2.1973784179    1.0411045872   -0.9396766195
   4.1432818688    3.1517491144    5.8742146649    3.6738486651    2.7785666206    0.1916020843
  -3.0334873940    4.7466069727    3.8291062092   -1.4316289249    0.6564023185    1.2009982516
   2.8740748598    1.8844971872    0.3858771846   -3.5815525137   -3.3004321923    5.1544163832
  -6.9711669269   -3.7277737467   -3.6522905525    2.0187660131   -1.6606511117   -1.6922993333
  -3.9386513758   -6.7080236953    4.1452194825   -0.9765462572    1.3512240026   -1.5146951903
   2.1621765636   -7.1913840893    1.7573941272   -1.8397399350    1.9551158986    0.6096963681
   6.9300315869    4.2680958142   -2.5567082551    0.6613691498    0.4587074438    0.8846017986
  -5.7592244013   -2.8617964057    3.9984069048   -0.5089535546    1.8427211305   -4.6580954323
   7.1913125434   -2.6420098648    0.0142701552    2.3608111582   -0.5685175112   -1.3085591430
  -0.5849454941    3.9695017826   -5.6008041540   -2.3441090193   -1.9597083855   -0.9345975367
  -4.3371695818    3.0508542576   -0.7303852168   -0.1325092547    2.8732671029   -2.7521199397
  -3.3426129361    8.4996420580    3.9346338399    1.5499022647   -1.3153775464   -0.5839972545
  -1.4241806528   -5.7886194618   -4.3478541156    0.3170608941    0.4914443707   -1.1546260070
   5.4662428467   -0.0284568384    2.6889234792    1.7178228198   -1.5487014120   -3.5508015622
   0.7166316600   -5.7742668912    6.8086737125    1.4911638419   -2.5692156649    0.8797678839
  -0.6113605529    0.1157739690    4.8492835124    0.3776013299    1.3394671364    1.8636316744
  -5.0158391029    1.4610246457    2.9374756664    1.9233066173    1.1448899358    1.7094201001
   8.4187224388   -2.0106323797   -1.4610115257    0.5202875304    0.8670094284    0.3667134059
   2.4831283946    7.1755306585   -5.1351419830   -1.1095426044    0.7991896043   -0.9450752402
  -4.1437587447    1.1689172044   -6.2232948095   -0.6481656938   -0.1967759065    3.8107869956
   7.4077608046    1.2229259027   -6.0779106181   -0.6466560923   -2.3262595807   -3.4368903767
   0.3284997487   -2.6122366505   -6.1661670934    4.3156489689   -1.0693197176    3.5982175145
   0.5170627018    5.0386628385   -5.9066718410    0.5373013050    1.9410504597    3.6003822132
   5.5451060215    3.9609620130    7.9022181072    1.8675226169   -1.6979641930    1.8079413556
  -2.2276999574    1.6387742442    3.7558641874    2.3038491760   -3.1852146646   -0.7646558361
  -3.6544969434    7.7290148398   -7.0541524021    1.2713105419   -0.3470728359    0.8761676165
  -6.0906358973   -7.6180467283   -8.2957281457    0.7876019793    0.5925774286   -0.3274586869
   1.3956298830   -5.7851466186   -6.8752064538   -0.2602569865    0.5643955061    0.0725624408
   7.8314548877   -1.1806220114   -6.6476191649   -1.7110093803    2.7613196233    2.9551228526
  -0.0351238136   -4.6260176138    7.1130252815   -2.3891841992    0.0407418393   -0.4112407988
   3.6509902063    7.4903277639    0.6922639926    2.0782844946   -4.5945175349   -1.1949121814
   0.1675249526   -3.3494272143    7.8897900747   -1.7041242430    1.7851695676    0.6137099393
  -4.6608771693    4.6295857767   -0.8611215615    1.7097872017   -3.6795775171   -2.1725998466
  -8.1988865629   -0.1066202619   -6.4748943114   -2.2362241386    1.4835229588   -0.7557695800
   5.0793492908   -4.6903538342    7.2899411213   -3.2234017199   -1.4029719268   -1.5580655683
  -8.2453052586    4.8717488596   -4.7835979516    1.9507707733    2.0272783917    0.5041896259
   0.8223043297    5.8973164597   -7.2112693534   -2.5084628667   -3.0795074670    5.8661996852
   1.5710349764   -2.6786215593    0.2337502696    1.1239459430   -0.9242674896   -1.2152996721
  -4.9223926084    3.0438545991    3.6818181651    1.1411300106   -0.2065178939   -3.4200013474
  -7.4267436996   -4.6077584405   -0.8134857130    3.0102545180   -0.0403056788    3.8087019993
   5.9734852935   -7.1160720895   -0.4257595559    3.5205122430    3.7026697134    2.4975700872
  -7.3444508054    5.1396816143   -2.1569233643   -1.6352562652    0.0132561207    0.2914657036
   1.4858446087   -0.5779086835   -6.9820005317   -1.6099229574    1.0575319587   -0.3377226983
  -6.9670900853    3.2774502833    5.4176251995   -2.9511960124    1.1148616665   -1.6001589784
   3.7174272254    7.4460085793   -2.8949096565    2.0799590147    1.2018077648    1.5489535437
   2.9120717185    3.5591413801   -6.8380132920    0.8703643497    0.2612686004    2.1613616673
  -6.6137606931   -1.1801590266    7.6569655267    0.5638994260   -1.4511907936   -3.0609014782
   1.5248589455    7.1156434275   -0.4020502759   -0.8522034061   -1.4475859333   -1.7428698156
  -1.0510820793    0.7011762357   -1.0585821132   -0.6522480486   -3.0010635451    0.6056898488
   6.2012657740   -5.0328452165    7.0900599980    1.4132530931    1.0117030124    2.1131359778
   4.6318599675    8.1665306668   -7.9464959291   -4.5003418493    1.8834114815   -4.7356981532
  -0.2830516735    8.4962589270    0.3374221328   -2.7546046109   -1.0882269257    1.2252083625
   0.1137726902   -0.2045151224    0.7218442102   -5.3897526167   -0.8405921107   -2.9135908119
  -3.1356342041    5.9303897061   -2.3543819652    1.0403546221   -1.3154571422   -2.2356456572
   5.5836036281   -0.5366250689    0.7322536335   -1.7691246530    0.8322752267   -2.5581276301
   6.5225983766   -6.9115078916    4.6953454500    1.9936901855    1.1740413918    1.6781974379
   3.8394429391   -8.1573057611    0.4245844508    0.0803459445   -6.1699151347   -2.5176429899
   2.7996056973   -0.9642373944    6.2245893987   -1.5245315992   -0.2178875140   -3.1365354752
  -7.3827055833    3.8170989173   -2.3485888611   -1.5296655152   -1.8615954329    1.5725545108
  -4.0203094575    3.8405659999   -2.7782478835   -0.8142016516   -0.2261890932    0.7885485090
  -0.4215789990    8.1469017615    7.9670200518   -0.3636788342    0.4434687430    0.1177914714
  -6.0058348496    4.7374493375   -1.2492818941    2.0966331759    0.0987067515    4.6222422447
  -5.2963954937   -4.8332356276    8.4055480658   -0.6816883661   -0.7355931046   -1.4244629051
  -0.8863875738    3.3706236790    8.2613340772    1.2398327305   -0.7386375461   -0.7750134143
   1.5568644803   -5.5115767896    5.5119403043    3.8013878207    3.6325072437   -0.8489350338
   4.6287385117    0.7325673742   -0.3993047818    1.4116889010   -3.7761596656   -1.7410233857
  -3.1216589166   -4.7633771955   -7.4708504815    1.2015842438    1.1210533140   -1.7833054554
   6.6336377042    6.8413118453    1.2073044525   -0.7258104993    0.5267293177    2.0923724310
  -7.6829363926    7.9407872696   -4.6049896454    2.1641227155    2.8426331006    0.5915948008
   4.4601408322    8.3632198222    1.0766227323   -0.7556147375   -2.0568827621   -0.1299197327
   1.4626014721    1.9715441858   -5.2441790310   -0.4399481373   -1.3577492043    1.6830738762
   5.2703089968   -5.3132896096    3.4132814625    3.1601787691    1.7677099770    1.7403642337
  -2.2659688323   -2.8257249909   -5.6457864258   -1.5164925546   -2.8280283369    1.7506986865
  -3.5045382016    7.9591728974    0.8838604060    4.9206385654   -0.6132658326   -3.3337967418
  -4.9276985088   -2.7245382032   -8.4403627034   -4.5722939254    2.0862321968    0.9819002694
   0.3177890469    5.3395505078    5.9123580677    3.8523746090    0.8729051636    0.9429794175
   6.9212408333    5.5996745647   -7.1400079790   -2.5956149858   -2.1054994849   -1.7890114818
  -3.2103060770    0.4560986005   -5.0189579766   -1.9177817574   -1.8994696589    0.4457313919
   2.2815970958   -4.1638920641    6.9003986380    0.4571992119   -3.5012147101    1.3293618876
   0.0019807564   -7.0775362664    1.5545438194   -3.6485635918   -2.5176472027    1.0708912323
  -1.3321655105   -7.9181817332   -1.2360817220    4.5914922314    1.5984865772    1.0018702816
  -5.5043825657   -2.7877972940    7.7835788584   -2.0032510468   -0.1332243648   -4.3842280884
   2.2135055072   -4.3870676032   -2.3616890793    6.7805831961   -3.5964544513    3.0306654059
  -1.3792406650   -0.3817091625    5.9846479339    0.1541403515    1.5838130406    0.4303844824
  -2.6661764831   -4.4234167887    8.1690652091    1.5002172532   -2.8340705758    2.2668895477
   0.9775376735    6.0928886158   -2.9290421489   -3.0065951933   -2.7530185761   -1.6883769792
  -4.8028764679    5.3261881872    0.7036748787   -2.4795072225    2.2508022616   -1.8208588637
  -3.4251451504   -8.1702364254    4.9395045547    2.8907960574    3.0477918803    0.9574901331
   4.4449928505   -5.6442837919   -8.5013263959    3.5294531315   -3.1910394412    3.9910555883
  -7.0927843107   -0.9393970915   -5.6442827835   -4.7867857297    0.5975875605   -5.8538303035
  -0.5661016620    4.8327211581   -0.4115885465   -0.8177970282    1.1914276236   -0.1036973733
   1.9834819157    4.8608408319   -6.3710035984    0.8710295397   -2.7224324852   -0.7820574553
   2.9499915279   -8.4760415133   -5.1483670989    3.2282115951    1.2433783204    2.0829564808
  -4.5334778966   -3.1222211670   -1.9568396074   -0.6549915879    1.3164905410   -2.1706413697
  -8.2261952001    6.7179245447   -7.9325105272   -0.9191978490   -0.0502273601    2.6227888980
   4.9493247292    3.2979551662    1.3156354687   -1.4141607746   -5.6857258789    0.0395513073
   6.6066869625   -1.9779407080    3.6866261746    0.3300076576    2.9595122153   -2.1681491309
   7.1727765588   -5.5126233612   -6.3588168658   -5.0944262281    2.6028990545    1.8643672691
   7.1918273235   -5.5574799991    6.5794553503    3.5253801393    1.5488743104   -3.6117286049
  -7.7795015975   -2.1976265761    7.0230363026   -2.9639616639    1.8452838954   -3.1789948714
  -5.3883579114   -4.4000471148   -6.7173276365   -1.1206435482   -3.3765224567    1.3898161094
  -0.5793723323   -0.0024652920   -1.5841497377   -1.1092054199    0.1819189657    2.1028086910
   0.4469825653   -7.5197654522    6.8027675203   -4.2217287239   -2.1446804485   -0.4825991344
  -0.9403744605    6.5893634370    4.9104777141    3.9541494307   -2.2499202755    2.7128653127
   1.5743820630    8.2764239212    1.8869153708   -2.0551415976   -2.2629406370    0.7744281208
   3.3300748754   -8.3010553674   -0.5943048911   -0.7643241313    4.0601317336   -3.0628718923
   2.3899060469   -7.7030156997    3.6909218246   -0.0974031468    3.3100898829   -2.5649603365
   7.6015817134    0.9253617315   -0.4610154425    0.3050078641    4.7285124399   -1.8438168143
  -2.9266010827   -6.8345292473   -2.6734785466    1.8191464160   -1.9614008376   -1.4051382381
   4.9146682837   -3.7673381083    3.8100231817   -0.0184661895    2.5452871428    0.4594006487
  -6.2359222747    5.8445168835   -1.3783406058    0.5728252131    1.0394154136    0.1698270817
   0.6202759744    4.2441185591   -6.5824522106   -1.3177082499   -1.2710978164   -1.9689561975
  -3.0010560228   -5.0701902120   -1.7594654599   -1.3376465702    8.5244127034    4.1605714868
  -2.6272359766   -1.4284012005    2.0314590375   -0.0472566609   -3.3693924190   -2.4260034910
  -7.5177239826   -4.4916028723   -8.3598181281    5.8235649569    4.7958811437    1.9929676869
  -2.7416694581   -0.1110234493    1.4493933421    0.8858929943   -0.1310150797    4.0804860988
   7.9114580393   -3.5490515382    1.2008817985    1.9423753607   -2.4737319172   -0.0595480995
   3.7836517017    6.3031862562    0.2911374955    0.1193372576   -2.4923565698    0.4322790781
  -5.9365052454   -4.8838254551   -4.1437758387   -3.6168093929   -1.4684138192   -2.2373909459
   7.5569774912   -0.4104547353   -5.3696908811   -0.2011798097    1.0314252226    2.6842293563
  -4.7628858263   -6.8715703733   -4.2619833868    0.7314054594    1.2882640633   -0.2651916187
  -7.2916266466    3.3951918147    6.7898114283    0.0287556531    0.6891729629    1.7643699835
  -7.2359794953    1.0169724328    5.3476865324   -1.7984483008    2.0926060492   -0.6805010732
  -4.1900876520   -4.3566309058   -7.4031578532   -0.0079141909   -0.5853976726    0.3615864869
  -1.5552135465    2.5156107871    5.2637035292   -0.7685619869   -2.6095893640    0.3535218344
  -2.3589200358   -4.9260440572    3.6236771868    0.4070336521   -0.0817780848    1.9909501943
  -1.9933603806    2.4503262338    3.3366302075   -0.1919949732    0.6883561295    2.7551693649
   5.0053202299   -7.5713931556   -6.6616038388    1.4660394528   -0.6579625017    5.4214461974
  -6.4474537137    8.0941772476   -2.5800961873    0.1622316079   -1.6858590394   -0.6772853792
   0.8845929221    4.4252553758    2.5489511433   -0.0149513017   -1.7292627309    0.2904230869
  -4.9316461243   -4.0806128408   -5.8139526298    1.2615742552   -2.5077062413    0.2304185363
  -4.0207136289    5.4407298569    3.3803830212   -0.0053132307    0.9333537341    2.6392603337
   1.8504788581   -7.9703938636    0.9940211646    0.2629273360    2.0681305666    0.9085237592
  -5.2403216148   -0.8394234312    5.3850710951   -2.8947528096   -0.5144658961    0.9544979621
  -1.5330154722   -2.8622615648    6.4314756088    1.3176240168    2.1248593772    3.4831830609
  -4.2429709568    2.1609520955   -1.6169824723   -1.1214636879   -2.4296726258    2.3027259371
   6.7389650770   -5.9737718989    3.5274503885    2.1342452633    1.4887185828    0.8977361375
   7.5894147935    6.7948643943   -7.4746854603   -0.0903056829   -0.0855127258   -1.5962858000
  -4.7438781386    7.2958652211    6.8236336645    0.4390658641    0.0450044127   -3.3288955473
  -1.2975228229    0.5128489504    0.9103820613    1.3624507470   -0.7157782090    0.2191307665
   2.2285174820    7.8010252497    0.1349091021   -6.4986100335    1.9621764014    1.6282126116
  -0.1205975358   -2.8282900551    5.4526073554    0.4086971181   -1.4258527415    1.4597374524
   5.1388457830    6.0793352379    2.7685092323   -3.9185463236   -1.4539442401   -4.7336140584
  -5.3881588043    7.4254454213   -6.6969717521   -0.7140620125    0.4900825104    1.3201695085
  -0.1305856201   -3.5689215400   -0.3165731292    0.8145150527    1.9235174526   -0.1334213026
  -0.5271210231    1.9017411761   -5.5913978383    0.8307458614   -1.6851685614   -2.5053667448
  -5.0558029103    7.9139326750    4.8171382107    1.1439197655    0.5438933312   -1.3613069214
  -1.7160767116    1.4674369371   -2.4397253315   -1.4648867879   -1.5308252753   -1.2335950562
  -7.8464045582   -6.3647434095   -8.5434953892    0.2557332991    2.3884993071    0.9971251028
   8.1051292920    0.8770268685    3.7713945432    0.8445032827    1.4674316574   -3.9050668776
   5.7378272736   -0.5305227197   -2.6754956315   -0.4194107265    2.4267526430    1.7194265959
   4.5461508745    0.7895277451   -3.3176087153   -0.5199873411   -2.2308956963   -0.4829002411
  -6.0932179986    4.8399239896    4.4342509886   -0.1634709664   -3.1350574325   -3.1191274706
  -6.6806088790   -5.5181942288    1.0881588516   -2.8009185844    0.0076617969    5.5375191103
   1.0577870509    5.6702162270    7.2185827613    1.6773299580   -4.1580288195   -0.1620263807
  -3.1780875334    0.6585614577    4.4665914421   -1.7640795913    4.2241763212    3.8791790437
  -5.5716686603    6.5768881009   -4.1806852040    1.8822403802   -1.3632725822    1.3322696774
   2.6817526978   -6.5591593105   -1.4692101044   -1.0244910084   -1.7093942058   -1.5057391864
   4.2567005456   -8.2926466431   -7.2376673334   -2.7227180705   -3.2058222176   -1.5355163249
  -1.9561144140    1.8697283146    7.4936820000   -1.0233219383    1.6783346113    1.3631415676
  -8.4971961319    6.1386985420   -5.1465184092   -2.9721668407    4.4650138257   -0.1957619437
   6.5049566634    5.2926915132    4.7032658516   -2.6246471705   -2.5847720283    0.8891621338
  -1.9700350684   -4.1469026151    1.0305346119    1.0112274625    0.4372508270    3.8769781252
   6.0300097685   -0.9129380097    6.1528972936   -0.7911956461   -2.2096672943    3.5358760121
   4.2136328101    0.1484288159    6.2767876715    1.2722829282    1.2873511228   -2.2065646607
  -2.5578191891   -1.4294513653   -1.2084702093   -2.1802035712    0.7157146471   -1.1427676070
  -2.6685129978    7.8624785908    8.0694479789    0.8494171696   -0.0860172026   -1.2606031557
   4.3217530118   -6.3754601699    7.8887537014    2.6191489978   -3.0169560958    0.8881318276
   3.5547861085   -7.4570439029   -5.7316289024    1.8416601602   -1.1292242108    2.3210963196
  -7.7650924187    4.0167601711    2.7251226117   -1.7304382807   -0.8148798483    2.6092075831
  -5.3285303113   -6.0595427508   -2.9482366438   -0.2728481118    2.9241539108    0.5190980103
  -4.7700647796   -7.5533920765    0.1016368405    1.8337890349   -2.6266581509   -1.0752355883
   0.2619346338   -5.0275553444    1.6485686726   -0.4795541906   -3.2292566700    1.8795867513
   1.5503150790    0.9586788433    4.0446625748   -2.6343402683   -0.7764648158   -1.6150105120
   1.8700891823    0.0057678023   -6.2526996688   -0.1551501112   -3.5962396303    0.9242977148
   4.6200321035    3.3375189154    4.0366598671   -1.9567397825    1.3664569013   -0.4320393835
   2.7253171268   -5.1040588538   -1.7831563389    2.1791050385   -0.2564976351    0.7630845896
  -7.7109495739   -3.0126228174    5.8024335533   -4.8874169564   -1.5628977556    3.3344890039
   1.3488071195   -8.0963408787    3.8711853435    2.7254679458   -1.8621398199   -0.2295087690
  -7.1407274157    7.8110330016   -7.7101069562   -2.5971045810    1.0819393368    3.7653966034
   0.0682968207    0.1177915407    4.0970999795    3.7047372984   -1.6601897140    2.4497098938
  -6.3631591357   -3.0497847538   -8.3729204034    4.3149032553    0.4284305928   -0.4584789630
   6.6873699865    6.8418567386    2.2669484968   -3.2233310289   -2.0407842583    2.8530350489
   4.3812229078   -5.2864632836    0.0501526769    0.5362202829    3.1615198347    3.1288644535
  -7.2846916440   -0.8507721263    1.5595602776   -2.8036468376   -0.2742151679    2.5407678081
   2.5594781162    3.6740888102    5.3994652753   -3.0180207722   -0.6209189184    1.8661468025
   3.8849267234    2.8113768269    2.1238702583   -0.5315487742    0.4214292063   -1.4235021531
   0.1008457012    4.6491742722    5.3092309720   -6.3772513932   -2.7290154787   -0.3770081034
  -1.5174749502   -1.9876013675    5.3286888592   -3.2120576178    0.5802485054   -1.1054320177
  -1.0694836688   -1.0951690113    5.2357100173    4.9823597435   -0.3265565049   -1.7145244193
  -1.4424648711    3.3732002521    2.9604742420    1.7325475465   -2.9594931930    2.8673409463
   3.9660356865    3.0100368189   -2.5090588594   -0.9532063504    3.6543163539    0.8689489579
  -2.3781678134   -2.2593429222    7.0844028515   -5.2473583012   -1.8770325829   -2.4593486066
   1.3287927943   -6.4807066736    2.3529364805    0.4725868257   -1.8101966713   -0.9454529012
  -6.2221312153   -7.0053560084   -4.3037531493   -0.9435376850   -2.6370426910   -0.3795454042
  -4.1920168757    7.0364092988    4.1766861515   -0.9133297985    1.3051938648    4.2470212320
   4.5234344449   -1.3525533614    0.0247957080    0.2048097010    3.0633821330    0.5364717853
   6.0326025947    4.7300938613   -2.5511434020   -0.1793512341    1.8386469095    1.2097205390
   2.6196356728   -1.3763700043   -0.9456161819   -0.3447506989    2.2203424824    2.0658638632
   2.5210521705   -7.0325260701   -8.1818087371    0.1989693644   -3.5671756510   -0.1446077832
  -6.1968909774   -8.1546001732   -6.1531793991   -0.0989210242    0.4982139890   -1.6062121389
  -0.9055144157   -3.2286796524   -1.6263703034   -1.2524055902    2.7179702198   -3.6621646769
   5.1750034251   -8.0995793990   -0.8395542075   -1.7277617138    0.4571483461   -2.9712734603
  -3.4623546735   -5.0184912595    1.4465731799   -2.5682158561    0.0364714713   -0.2557694110
   5.1598907117   -1.6338002257    7.5361475768    0.4767618882   -1.1235275377    2.4176081922
   7.1215207068    1.5150438536   -2.7991992096    0.0491697703   -3.1182853574   -2.1722511655
   3.0229181173    5.8155379290   -5.1150430689   -0.3180610667    0.4111334962   -2.5741828692
   5.5134352571    0.9026659526   -1.4476022033    0.8560400825   -3.9707142404   -1.9883020192
   1.2864872262    1.5103237873    8.3490778981    2.1918854041   -1.1453824297   -1.4962513782
   6.3312419127    1.8557820975   -7.2302999984   -0.0234658569   -4.1292198671   -5.9746135817
  -0.1307884254   -2.0067745656    6.0614329336    0.7799611649    1.1976854884   -0.9271030776
  -1.9616748002    5.6400556780    6.5178239507   -1.4423892376   -5.1170426668    1.6325799811
   2.4528957847    1.8483015201   -0.9839466772    0.7493482352    4.3441710780   -0.8214168784
   6.4540220864    3.6036459067   -7.9136988587    3.4718110043    0.3914527877    3.3466493496
   4.6253231008    4.1006186976   -2.9639800861    0.5746892761   -2.7512363917   -3.8637217873
   8.4158678288   -0.0857639765   -8.0179860977   -3.9574632752   -2.0593306061   -1.6258232478
  -1.1862684154    0.9737461671   -6.6966220998    0.2659862042   -4.9628766651   -3.1668716250
  -3.8717388663   -8.0213342048   -7.9380099865   -0.3035101794   -1.8556467554    1.7566018133
  -2.3600815031   -0.0698027049   -1.9923932542    1.1841680320   -2.7175921102   -2.3513920258
  -7.1154996976    4.5158920088    4.8321437286   -5.3216479012   -3.1737470794    1.6236901151
  -6.3098665386    5.6986604619   -7.2383158281    3.1368201534   -0.8591822301   -3.1629937434
  -0.7029709934   -8.5368716786   -5.0693919681   -5.1621416385    1.1547785106    1.6232188319
  -0.1956168090   -1.7247810639   -5.4494636189    0.7355044518   -0.1594436619    1.3163837250
   3.0258502619    2.2039992353    8.3600245858   -0.1840197041   -1.4098547940   -2.6360907938
  -1.9422909018    7.9357355854    3.7642623084    4.3712138738    0.2781453728    1.2340831679
  -7.6503646036    1.4882536865   -3.3208263762    0.9946287047    5.4472165132   -1.2433740875
   5.8035931209   -4.1673602087   -4.7831454199    0.9807510028    3.2667726532   -6.0398348809
   3.0114363288    2.3144367079   -3.0698650427    4.1577662037   -1.2516592367   -0.6387243217
   3.6027721274    1.3555809673   -0.4590022861   -0.5879552053   -0.4650030230    0.5056549315
  -0.8416791748   -6.9842395689   -6.6759771074    2.6703216260    0.2257694852   -1.0066661439
   3.9866320750    0.9099431241    3.6604644978    1.3382444883   -2.2441542620    0.9313323987
   2.1264230650    2.6230314288   -4.0839924109   -2.0699138698   -1.4203904802   -0.5908703094
   6.4218748641    0.0707374877    1.8233978775    0.2155342805    2.0932279727   -1.1276799070
  -7.5954243246   -1.6810231368    8.0023820527   -0.0459589781    2.3532381585   -0.0712862857
  -3.1975971470   -2.8149676512   -6.1706654120    0.1132491823   -0.9509181997    0.1209185934
  -8.4660819595    4.6154361760   -8.0071928971    2.7475364360    0.1125405253    0.6661679039
   6.0110628697    2.0433841618    3.2368684018    4.1679724371    0.6998895864    0.2904469590
  -5.5851676133    3.1878702559   -6.0431292326    0.0631515133   -0.8890624545   -1.6263479082
