           1000
    17.09975947
  -4.0690433867   -4.6975357034   -8.0950624190   -3.0808516806   -5.0991504253    0.9659674315
  -4.6525352113   -1.1571230167    5.1966441015   -2.7755730568    0.5231841225   -2.6995204347
   4.8511901221   -6.3386455080    3.5900699133    3.2214996535    0.5077351492   -1.7615698138
  -2.9437292260   -4.3168534159    3.4735431870    2.3368545261   -0.2302324714    3.2472496146
  -6.1096050959   -7.0808720195   -1.1408593546    1.9338081908   -3.2667178384    0.1457799604
   2.5876915116    3.8273538233   -5.6047232219   -2.6001289465   -1.3476469123   -2.8682593086
   0.8136366342   -7.4278790483   -6.4853730003   -1.7239598903   -2.2096604170   -1.7624544611
  -4.5767955991   -0.1210681515   -0.1481436888   -0.5692257760    1.1479529902   -2.7993222501
  -6.4104500762    7.5011962608   -3.6985876706   -0.9789392042    1.0516889893   -0.2655580244
  -0.1382243190    5.9188630537    2.5398754525   -0.1800322515    0.6163634109    1.3195522224
  -4.4803318658    3.7554482910   -0.7265123393    4.4692033015   -2.1827393147    2.3090166600
   7.3322781336    5.7467900868    5.2827654622    3.4611470836   -0.8930843119    5.2356339164
  -4.9241982989    4.1449106083   -4.0122195520    2.3625982183   -1.4489023576   -0.7933928454
   0.7291703609   -0.4377549578   -7.9870200593   -1.1973651266    4.2726186625    0.9108662849
   8.2409530806   -4.0765727598   -5.0691404834    0.9855452514    5.1236650198   -2.2131776249
   6.3739485099    6.5075912412   -3.5603219718   -2.1922032651   -0.3034615600    0.8533408517
   6.9914226931    7.8136971192   -5.1550069358    2.6273934303    0.1686157989    1.0064953100
  -1.8467619982   -6.2868726457    7.0845054688   -1.8478365315   -1.2900918853   -0.0117231246
   8.4186512286    5.7653367796    8.3752324536   -1.3721429431   -0.7726782954    0.7141424961
   3.1055469118    5.9581394803   -1.0429037405   -2.5422266576   -2.8309721056    0.6347165733
   0.2924675192   -5.5654708508    7.4844149649   -2.2877591474    0.7956525901    0.3224051065
  -7.3205309198   -1.9498326379   -6.3595570824   -7.5014102043    1.0384043242    2.3739863427
  -2.7385549948    5.0186057866    3.0781779280    2.4606685564    1.2793133503    1.7382647613
   8.5339050063    2.3958999649    0.9317102032    1.1627894239    3.9957915813    3.6504787619
  -0.1172933818    4.1761146678   -1.6513217079    1.5092423237   -5.7245699000    2.5490299743
   0.5559217902   -1.5560350907    3.7604371534    0.6936548450   -4.5177335139    0.4136172920
  -5.1898184307    5.9933783420    5.1779669561    1.2201788858   -3.5438100943   -1.6072262268
   3.3249436494    6.8501728102    1.3048588779   -0.1301593327   -0.7498101125   -1.7502085464
   1.8938524273   -1.2338551733    2.0818312580   -1.6876229761   -6.2621547172   -3.2166717622
   7.1294421892   -7.0715507409   -3.6719433924   -0.1211709010   -1.4538887615    0.7187146806
  -3.6208968367   -1.5936260015    5.0172928888    0.1791157748    2.1938608238   -0.8774828363
  -2.4917929598    5.9215969646   -1.8402603942   -0.8597433066    1.7981862577    3.3213690769
   0.4805500285   -5.5158038154   -7.7983414550   -1.0411675431   -1.0155652969    0.5649757579
   7.2149955745   -7.4578036593   -7.8289444455   -0.9922684067    1.2776178224    3.6175553831
   4.8351639206    4.5033210443    8.2259816745   -0.6768768665   -0.6959726837   -1.3324475715
   3.8754813521   -1.3041578575   -3.3711810937    2.4351347122   -4.1307417667    6.5363110993
   5.1347706013   -8.0937847989   -4.2303743585    2.0368463096    0.5502347018    2.0268254658
  -3.9770467186    7.3589863910    7.5959882940   -2.7833503132    2.2979365456   -0.0482631678
   0.5256193646    3.7898413173   -7.5429425464   -2.3690438013    0.2977522319    2.9241787534
  -0.1016303239   -2.3936024182   -0.5902526258   -4.8970106820   -3.5611211459    3.3161603565
   1.0191982256    7.8099546249    8.5158286618   -2.5721577938   -0.5467159503    2.0943348376
   6.1909831788   -5.5057992359   -5.3043101045    0.1282396610    3.1449659619    2.1335263369
  -4.2866248590   -1.6204555609   -3.9331158123   -0.9343655752   -2.5505082524   -2.0489047344
  -2.4201830621    0.1877105755    3.8784421879    0.9675645024   -1.1601186438   -1.1278038622
   0.1233682638   -5.9334025637    5.2565813893    1.7528113855   -3.2853361133   -2.2279827562
  -2.0933935564    5.1085148955   -5.3264253067    1.4892513751    3.2882554934    5.0961681000
   1.9719697136    6.2648021528    5.4000993557   -3.3949139553   -1.1119534750   -3.7149525038
  -3.2124293146    7.8866032998   -4.0659205768    2.6937354348    1.0008506313    3.0223944818
  -8.1250252160   -2.0186804170    8.4139490811   -1.8939929934   -0.8906099513    2.3924719367
   5.0901513642   -5.9378416185   -2.3013602356    2.6670375252   -0.2640802577    2.5813903049
   2.8700885479    7.9247960314    1.4889116923   -0.0666709590   -0.3735798501    0.5913274544
  -2.7325125842   -8.0191204155   -0.5140290424    0.1287694049    1.5879411087    2.3595985419
   5.8411430778   -6.0899694331    0.8476156758   -3.1989368881   -0.4530235867    0.9922240968
  -8.0700921924    4.8813736476   -8.0424330851    1.1477400681   -0.4985525081   -2.7616809293
  -4.4774890076    5.5514308108   -8.1756427291    2.3511947169    0.1416797852   -1.6591718160
  -2.9911673425    1.5774455645   -6.2100895329   -3.7287894649   -0.4735715172   -1.5457138774
   4.6194596982    4.2007534022    6.9885719192   -1.0062643556    0.9391798985    2.7424302222
  -7.7026439110    5.9126368972    4.5566196899    1.4274577574   -0.0743375574   -2.5276551261
   7.6934314695   -6.2401634845    7.3132274142   -1.4054036220   -0.7192152874    2.4463398819
  -2.8582487486    8.3134656615    1.6279199116    1.7562772004    2.1880582583    1.6542802643
   5.8278426284    8.4317003368    7.4889630616    3.7398689863   -1.2727945273   -2.5479140277
   2.0117145097   -5.3737162642   -5.5220458243    1.5811490902   -0.2012462524   -2.2334929205
   6.7807242995    3.0164300534   -2.3469583998   -1.8825872062    2.9229868723   -1.0717433167
  -3.2294750694   -0.5577400671   -1.8349402811    0.6908772673   -1.6772657019   -1.2899679400
  -1.8000238947   -2.3311980096    3.0656180208   -0.7361017234   -2.6898617333   -0.8723941629
   7.0981116020    0.2498057834   -8.3135026894    4.3247374137    2.9378424020    1.3582594215
   3.4837004955   -7.1629157349    5.2882754990   -2.4414426750   -0.8112484667   -0.5013297491
  -5.5427350843    0.0749203701   -3.5287805163   -2.5665813811   -0.2047057202    2.4085317864
   6.0193559438   -4.8963557993    0.2290693745    1.8118703951    2.8723206008   -1.2853811365
   3.7458231219    2.4894988606   -0.5443399774   -1.0815187087   -2.3137224710   -1.1701876166
   3.8281534101    6.0525881751   -0.0551421240    4.0391389097   -0.3898720040    1.6745175306
   0.4002538917   -1.6118150131   -7.0221462873    2.6220657683   -0.3180517005    0.6731240474
  -7.8611015351    0.8941330084    5.7538649211    1.2586081533    2.2177479430   -4.2952439378
   7.8461353277    1.5021351521    4.8683973364   -1.0471191223    0.1671136156    1.2136809558
   8.0487699407   -5.3750565982   -3.6627312459   -2.0638988106   -0.4831931334    1.3674995696
  -6.4512368007   -6.5839853491    4.5721229431    3.3882139537    1.4516503987    2.8131952655
   2.6726089198   -7.9030449723   -3.7276598852    1.3266577328   -3.9245131365    0.8420001589
  -5.8563575758    4.2366203225   -0.8890890447   -3.4310631412    1.5867784004    1.4953016739
   7.2492256771   -5.2192654310    5.1893848699    2.5977754310    1.7743578473   -0.6885297379
   7.6875066252    7.8640575525    5.9295948260   -1.5327310048   -0.3492194241    0.8825005011
  -1.0400142532   -2.4176850342   -4.6397010244   -2.0093347637   -1.7849606850   -1.6277772499
  -4.2239025047   -0.7048422788    1.9509790109    1.7232502148   -3.1197717696   -2.3072087457
  -7.5755441302   -6.2239276147   -6.3720602754    7.2602657536   -0.5821817829   -0.8462240358
  -7.6316151064   -4.6047945636    1.5343765429   -4.5330271504    0.3721393566    2.6945650098
  -3.2893694327    3.1048580974    4.9437073724    0.4209135857    5.2100544163    2.0504631227
  -2.9396405684    6.7331985509    4.4507430560   -0.3156573045    0.3107046802    1.0164660263
   4.0334004262   -2.8313310817    0.3503923044   -1.0227754426    0.0931977494   -0.1438125650
   0.8543380228   -7.9323652824   -7.6959999990   -1.5812337812   -1.0312583262    0.0002319233
   3.6689771015    5.1930905390    5.9057780536    1.1526750779    0.8351306657   -3.1473984730
   0.5556722533    1.4199837096   -3.3890119117   -2.7712495092   -0.2433188185   -0.3235205837
  -6.4299696452    5.6959034023    4.4634209289    2.2066238400   -2.8515841381    2.6852148741
  -1.0316146676   -4.6126655504   -7.5340630221   -0.3514943134   -3.7112473426    2.4444139097
  -7.1750890320   -4.8219627865    6.3955460408    2.1425229257   -5.5661134105    2.0379642765
  -7.7392410368   -5.8546071461    6.2201641512    1.8447806662   -0.9652872333    2.1069600834
  -1.4761463207   -5.7060519091    1.2071630119   -1.3803686146   -2.2660444372   -1.8364145141
   7.6252097495    1.4663155943    0.3759750557   -1.3026175731    1.2571043659   -0.1172160776
   2.5026698573    7.3278497568    2.2445430311   -1.3212357077   -0.2801820732   -2.4744882535
   6.9447655213    6.1630356357    6.0148300067    0.3616256208    1.6709581028    0.2916425303
   6.3596909285    1.4279258684    0.3713441491   -2.4477250820    2.7876783241   -1.4702679382
   5.4431060911    8.2092291152   -3.0990180010   -2.8643752522    2.4480940027   -0.4173773640
  -5.9665407294    0.3161364330    4.1483207679    0.9249566815   -0.1413789584    2.2357329651
   1.4219545174    5.2390658367    2.3734701838    0.7751662036   -0.3523701672    5.0131398723
   1.0414869302    0.7430832216    5.6803341636    1.5312519761   -0.8759456931   -0.2269288435
   0.5341180338   -5.8150171531    1.3584823205    1.7432641752   -3.1275017428    0.0466467407
   6.6280621081   -6.8677518710    0.9945926188    1.4362904719   -2.4952864958   -0.8858371169
  -6.2051055751    7.5634567517    1.3647389485   -2.4762880493   -3.4946509539   -0.4834666993
   7.3568469266   -2.4638213845    7.9334408213   -0.1715867946    5.2733782493   -1.7115616400
  -7.8991050912    5.4714852897   -2.5190590046   -0.0799632783   -1.6274072613   -4.4177352466
   1.3121293218   -6.0614339902   -8.3243813377   -0.8061717348   -1.4072543177   -0.3502736710
  -1.8052535135   -3.6302682913    0.4009645702   -4.9731663450    1.2677193359   -0.2047880815
   0.6307386873   -1.2410766292   -0.4952375420   -0.9937583592   -0.2564882064   -2.0363807635
   1.2585864329    6.9878876211   -2.3845674997    0.5785890711    1.4211078676    4.7825674057
  -6.3811533603   -1.4074338126    0.9712694540   -0.2930944933    1.9861499879   -3.6522602967
   3.8306952830   -2.4983069366    8.3214288575   -1.4590787765   -4.2203390169    2.4109678578
  -2.9842289243    1.6153484057   -2.5339269920    1.0093122653    0.5769265992   -0.1443133424
  -0.5088447212   -1.9041182662   -1.9149323680   -0.7893547799    2.5210364927   -0.5373122132
   8.3928979125    5.8141067372   -5.2400002787   -1.6730106663   -1.4541396071    0.2687883301
   3.5474292380    0.4485260095    5.6056646936   -2.7745867955    0.4633061223    3.4831704093
  -5.9730939014    8.3699508636    7.9801170222    2.4441318371    0.0177766806    0.8422388074
   2.2395542190   -6.4446025769    8.2722127874   -1.9710344932    1.2973715801    0.3366550832
  -4.8667085693    2.6612420454    1.5716675509    3.9650791354   -1.5483740776    0.0178819065
   5.2079987564   -0.5158780332   -1.7126853587   -2.3927439455    2.2755749372    4.2014266799
  -6.3280006284    4.9179283903    3.5688217538   -2.5245592403    2.6968272806    4.1059812454
   5.1258973047   -4.0670348493    3.2680138492    3.2829687820   -1.8248334703   -4.8632911375
   5.4111478618   -1.1347164456   -8.1137092932   -0.1683623700   -2.4108089995    1.7620520590
   0.9616166547    3.8829993418    6.3785381028    0.1770325924   -0.9119575486   -1.1824716090
   1.0374234990   -1.0872454535   -5.5039351920    0.1594409917   -2.3595422851    0.5114743167
  -7.4287028306   -4.5018845884   -7.2254097991   -1.6773116053   -1.9501938378   -1.6725846011
  -5.7200125149   -0.4488439594   -6.2938953337   -2.0338263870    1.7061014276    3.7164606031
  -1.6448425125   -6.2076058312    2.3860297797    0.9093994395    0.3009500579   -2.0993717538
  -4.8577072783    2.2537032896    5.7939620470    5.1007825700   -2.0845912597    2.0772875515
  -1.5480355336    3.6904562530   -0.5472177531   -1.8094623692    0.0830256221   -0.6023309016
  -3.5156443011    4.2159724342    4.6461147145   -2.9160967781    0.3449478921   -2.9058715606
   7.7940601264   -7.9593475839    3.1989863321    3.6812864919   -2.7834388224    3.3941580987
   0.6433448712    5.2421100785    7.1593126610    1.9970711654    1.5769893077    0.7964811725
  -1.0124399872    5.8505184544    3.6847431665    0.8524771187    4.8316096773   -0.4902984283
  -3.1821560754    3.6087174142   -6.3781906334    1.6559682808    2.3109125369   -4.0328770323
   0.5454110917   -2.6827413288   -7.3630042460    1.1873804237   -3.5967820362    1.4998931221
  -7.3244370480   -3.5924904830    1.9300747331   -0.8314920619   -1.6728616550    1.9610691555
   4.7920892098   -6.2038910491    0.4275128578    2.1424039985   -2.4031840046    0.8649766262
  -0.6935234482   -7.0269244939    6.2931886897    1.7973844774    6.3803259728    1.5752376711
  -3.5375633607    1.1394650600    6.7168949710   -1.1375232925    1.0330804650   -2.5771890543
  -2.1681058057   -4.8750697626   -4.1666021333   -1.0535012572   -2.7464848483   -1.9626153563
   7.3064148254   -7.3693151141    3.8043165049    1.9147456475    0.2963330764   -0.4423175981
   3.5600059438    4.0795466057   -5.6244767426    1.4937407637   -0.2682620969   -3.1566199359
   3.2684187498   -6.7005530746    8.3502464825    2.7332682578    0.1946359083   -1.4603691711
  -6.0512740606   -4.7359510465    2.7786950634   -2.6389011702    2.3444914638   -3.2560508859
  -7.6640748444    3.5668465055   -2.0858377135   -1.0327501061   -2.5112268926   -1.6046319142
   4.6448873576    6.5890234114    1.2733180162   -4.0264726644   -0.9441564429    0.4559483318
   3.5899984396   -6.7347901501   -2.9608372319    0.6241435990   -1.7712452020   -1.1423620659
   7.7581783283   -1.5777035903    3.0911103204   -1.2545455601    2.2136888034   -0.1846064131
  -4.6589950641   -6.3944904624   -1.8389785526    3.8065732150   -1.9685725258    2.4618774792
   5.2916155618    2.6606390429   -5.7063875727    0.6935993140    1.4651490777   -0.7360327144
   0.9624492148    8.4098738497   -4.5684941013   -3.1125617242   -1.8089565634    0.1490330322
   0.1832879380    2.9025661507   -6.5138936674   -0.3279999187    0.5565433856   -3.8112842326
  -5.6596937317    6.3255370843    0.1582761438   -1.7917648250   -2.2784906042   -0.1402848812
   0.0058537063   -4.7343894420   -6.7336226509    2.0262361839   -0.4638292373    2.1828955397
  -1.6283271343    2.0108190910   -4.0977965500    4.3716717788   -2.4013841089   -0.4598399590
   5.9812934256    5.8771979380   -7.1519345690   -2.4316380497    0.0824856384   -1.5359350330
   5.7324760818    7.2369975128   -2.8882421618   -0.0127532102    1.0168264773   -0.2754573046
  -8.4921038380    2.1283369756   -5.6233509433   -1.5248342379   -2.2273099274   -1.4162857752
  -2.6125036354   -6.3904936481   -6.5992262445    0.5170830052   -1.2806957820    0.9748804299
  -3.0297090912    7.3839003458   -6.0072611591   -0.1199206891   -1.0513921722    0.9426200318
  -8.0231432097    5.7774991610    3.0397267103   -2.4836145825    1.3264584907   -1.0999935646
   2.0908514337   -6.1235027807    0.3778845302   -2.0377925815   -0.8215033458    0.4042134769
  -3.0139162283   -5.4879551716    5.3414113748    2.3483101828    0.6402663649   -1.8725990294
  -2.9370162175    2.3197207643   -3.4493145846    0.8293205945   -0.1647162918    2.2408051682
   0.8331121988    2.6498968679    3.0911707975   -2.5351381279    3.2380401703    1.6039957491
  -0.4535854827    0.5765947550    3.0608316167    0.9681294617    1.2651146129    0.9855005712
  -1.4764489029   -7.7411110568   -0.7411636934   -1.1586163846    0.5990204055   -0.7895591823
  -0.1522001644    6.2650832841   -0.2723634139   -1.4707967065   -3.2950055012   -4.5127869805
  -4.4601561899    0.8306114879   -7.7620893773    3.5958932782    1.0111341151    1.3860449548
   4.5524094137    7.6797909681   -0.1391253282    2.0542317053    0.5329465159    1.9983935314
   2.1615875633   -4.8203793210    6.2660608534    1.5784049892   -3.4363000669    0.2850783297
  -0.4480307971    7.3371845823    5.6155672592   -0.0690892456   -2.5178782388    0.8256012229
   4.7469875292    7.4534950990    4.9255553654   -1.3878966366   -0.6313777123   -0.1354249324
   2.8724455640   -6.0449434979    1.1167457202    1.1037795767   -2.7265285966   -1.2311563523
   2.6635743122   -6.0421983844    2.1957830857    0.8277136150   -0.8054789646    1.1854392568
   1.9587301618   -3.1968245221    6.3661978774    0.5344067801   -1.3429779282   -2.7575733228
  -0.8600897020   -1.3548801121   -3.5541048022    1.1295253786   -4.2317076337    2.9180701021
   4.7942341366    4.5015901337   -3.4202507012    1.5272840543   -2.3299447360    0.0254333297
   3.6648670005    5.0094183446   -0.8339944185   -1.9156322378    5.0299964728    4.4311401349
   6.3449234222    5.3126416238    6.5661675023    2.3399800913   -0.2112943651   -1.0171424251
   6.6107596735    2.3406610161   -5.8265958240   -2.8102907376    2.3354859316    3.8283945442
   0.0230754036   -8.1631894243    7.4027440603   -6.3665039638   -2.7195872853   -0.9455118277
  -0.7479841886    5.8783592537   -2.5212860188   -2.8431108019    0.4735373917    0.8514114117
   2.3862964700    0.2357356978   -0.2953584016   -2.8393579127   -1.3846336561   -2.2410517302
   3.5009542696   -0.1286127977   -6.6000096742    0.0102103080    3.5882419139   -1.7605424776
   7.7436316413    0.8477441290   -5.9448008897   -4.7385824886    1.5397173021   -4.0272416663
   0.6799348445   -1.9278148880    6.2346568900   -1.6668957153    2.3036732263   -0.6873212831
  -6.8414510433   -6.1254520749    2.0862317002   -1.2455152271   -0.1497004719    4.0769625955
   0.8909790779   -2.4268152446   -0.2270412349    0.0385942968   -0.3730846058   -1.4357803605
  -6.1440519920   -0.1452989181   -2.3793126422    1.4226118090   -4.6152917603   -2.1332610032
   1.3401692055    0.0290227491    6.6960583134    2.5146059358   -0.6721908811    4.0573799470
  -3.7182247604    4.3630149244    7.0125304961    0.0607048930   -2.2183298259   -2.8759498065
   6.9566709569   -5.9334051213   -7.5554380540    3.9683944852    0.1077749824    4.1056880385
   3.2516755573   -8.1129166673    4.8700923525   -0.5686321418   -1.1480410124   -1.1444732818
   3.4650521572   -3.7773634494    5.8618468528    2.4509829910   -0.1105689619    2.7478547435
   1.2936165733   -6.1712067465   -6.0417739934    0.7713632579   -4.6288106939    3.1934114213
   5.6880880611   -4.4407907146   -1.1358039436   -2.2255272035   -3.5733653871    1.8943381084
   6.3208115438   -1.6835818211   -2.4740491378    4.6657537799    5.0733626525    0.7749659389
  -2.3182123516    0.8371459135   -4.3828469224   -2.4870897663   -0.0207563169   -0.7305940202
  -0.0320558601   -8.5037366169    0.1389698914    0.2149619087   -3.8336955927   -5.1380648697
  -5.4398888563   -2.9610123640   -2.0075782353    0.4223192687   -1.3174870652    1.2618617903
   6.2180327352    2.2547591871    6.7729670319   -2.0543694788   -0.8677633235   -0.6311355073
   3.5871152056   -5.2522582251    8.0189954517   -2.3423353603    2.3511043879    0.6584727960
  -4.5048214028    3.3228589648   -5.9785159106   -2.6148151675   -0.9065673479   -0.0329162242
  -5.2873980120   -3.3102595605   -0.5409319570   -1.5741347519    4.7151690881   -0.2459371814
  -2.2247482856    3.6248259665   -4.6003050815   -6.3753336691    2.5599686161    8.0044630563
   0.1850289512    3.4242610835   -0.6840235805    1.4446240037   -2.6943132740   -2.0157130956
  -2.9433093339   -6.7304527686    6.8261221856   -1.6708157250    0.8889252772   -3.6361007291
   4.2712390603   -2.5116865119   -0.4901891221   -0.9646832695    0.3770778907   -0.8196100974
  -7.9257765045   -5.5005047737   -4.4888643752    0.2794378597    1.2594287220   -0.2230507039
  -1.8613515528    5.5649054830    2.9853231118    0.6098728413   -2.9855533205    0.5473677264
   0.8713133656    2.2405078772    1.4274245388   -1.5377147241   -0.7180596864   -2.4072311197
  -1.9111714224   -0.8767053102    8.2489129471   -2.3508563005   -1.5298743500    3.7074899892
   6.0147190158    1.5218518501    5.3645578931    4.0750743892   -1.2309658904   -0.5654824806
  -7.7008338148   -1.5430906495    2.1544677777    0.6911800703   -0.6456473616   -1.1100697102
   0.2060848147    5.9572581985   -5.3725756829   -1.8386424984    0.3753185015    2.8082442154
  -7.6474430310    7.3153791922   -0.7752901069   -0.8291678245   -0.0573836013   -0.2393136112
  -2.0932007116    5.9056640564   -3.7860027886    1.5536418731   -2.6826277151    0.4636833030
  -2.8774239075   -8.2301183536   -2.4741520720   -1.2113915919   -1.7429111288    0.6988421990
  -4.2018961618   -1.2852650391   -6.1930997498   -2.0220483384   -1.6081985893   -1.2851451283
  -1.6870141231   -3.8482929447   -7.5373150077   -1.0233128272   -2.1174600932    0.8352082976
   5.1924545111   -0.5505867122    8.1347882139    1.6059848900   -3.9218457966    2.8293434483
  -5.1233308766    5.7201607772   -2.5742239744    3.4647673252    2.4475852617   -2.2687089737
  -0.8929953179    0.4860999797    5.6023739623   -2.1416632564   -2.2857607823    0.4598319137
   6.3605809290    3.9331423702   -2.1592845781    3.5971731675    2.0119328083   -0.8017685835
   7.0765018515    1.6713138454    3.8019124549    0.3220297460    5.0958666376   -0.4100911483
  -6.7438734124   -0.7750185811    4.5016042774    1.7053517232    0.0431758721    3.9680898682
   0.8646755668    2.7591930492   -5.7515380532    0.5133330195    1.1412137243    2.5325251584
  -7.0545549444   -4.8491321353   -1.4739761340    0.3663111665   -1.9550847084    0.2506308605
  -1.3168808477    0.4925315550   -0.7811413083    2.9514845605    3.1140234633    3.2884485099
  -6.2861070456   -7.0825407214   -2.9943199537   -0.7563043820    1.3539346565   -1.3556386590
   7.6845208420   -2.7599742064    2.8348182904   -1.9283144909    4.0873238229    3.2845581588
  -5.3476052750   -6.7923495866   -4.1367899921    0.7940476012   -1.7230930283    0.4748757513
   7.8566512101   -5.3561060496   -7.7130922706   -0.3023510847    2.1157034733    3.5552975813
   0.0623830863   -8.0477473962   -5.8514248375   -1.4799550582   -0.6028629982   -3.7991621067
  -5.1863499297   -7.0502431991    2.3818535553   -4.9502394114   -3.5568515928   -1.3081893847
   5.0008742509    1.8941762698   -3.4026901981    0.4514395063   -0.0086797922   -0.2289092592
  -5.0269143786   -0.2380738841    1.0915828499   -1.3724655108   -2.0810463683    3.7798926546
   0.7104046802    6.8076532745    5.4279904471    0.7212873793   -4.5787227247    0.2024210368
   8.3060233096   -0.0542527780    5.6173176117   -0.9988532569   -0.6372647498   -5.6925723310
  -3.3720156666    3.3480601743   -7.4212500163   -2.3793838749   -0.8467796973   -1.4195814477
  -5.3612261021    3.2104942666   -7.6434573343    0.7844238830    0.7305614157    0.4243263373
   0.9128226010    3.3116442135   -1.8643940017   -1.2685799108    2.5398710322   -0.0899602106
   4.8473170092    5.5454860396   -1.6949654639   -3.6893598585   -1.0975093344   -0.1113051705
  -2.1657696736   -6.7974964538    0.7209242685    1.2467233645    0.9436851728    3.0988696154
   1.9630580983    0.9195282377    1.3641751696   -0.5284153499   -1.6021456160   -3.4143447387
  -5.0259379054    3.8993765393   -6.8809736708    0.5604724716    1.9538270656   -0.4329245626
  -7.1916741225   -5.4357418052    5.0815044923    2.9291979048    0.6000795677   -1.3565758150
   6.6630804201   -6.2259425757    5.5632834431   -1.5657337495    2.4395838712    2.0949799307
   6.3504066002   -1.3654667878   -5.2016214017    2.8556066688    0.1343120849    0.6803879355
   2.3327378607    2.5090339321    1.6814267542   -2.9206037334   -1.0633357606   -4.0637535325
   3.8667983074   -4.3937735300    3.9855534051   -4.9606486080    0.1603296793    1.5628745122
  -7.4289981633    5.6118583930   -4.3236022822   -4.0063901499   -0.5299497006    1.1156851366
   4.3810249889    7.8919169771    8.4072924711   -0.6345119565   -1.9741644501    2.8688245497
  -1.6415970662    4.2368847993    6.2141872402   -2.4465228397   -0.8576538519   -0.4853696341
   1.2940873960   -5.4085796318    0.3003079583    0.0764222531   -0.0379369028    0.6179204392
  -5.9967680440   -6.5968335535    0.4174834009   -2.5693539587   -1.4375011446    2.9688851077
  -5.7419813783    5.1168808366   -1.9652769747   -1.1493587433    0.4626779232   -0.4862480969
  -4.2731583200    1.2931023386   -4.0958104778   -0.4711515900   -0.3805161011   -0.6398869318
  -1.2904811535   -5.3595470548   -2.9559524299   -0.7725368760    1.5498546029   -0.2191311056
  -4.6611270707    4.2401514344    0.8451980558    1.5485826247    0.7126765119   -1.3360736238
   5.9585601085   -5.2104460477    3.4533393534    3.2741042346   -0.4887139319   -1.5539409925
  -8.3660098535   -8.3177682651    8.1303625454    3.1441510918    2.8783099986   -3.9900830934
   3.9082661246   -1.3764098281    3.7445480670   -1.5565328810    2.9306934221    4.1382906066
   1.2444276394   -5.8081838924   -4.8387968693    3.1761188403   -0.8767895264   -3.7388071496
   3.4984651011    7.0657440499   -8.3021935522    1.6546531334    0.3536100472   -5.8846247803
  -4.9773728321   -5.1436823953    6.9084466241   -1.0901945993   -3.4162472305   -1.3656297451
  -2.4557021373   -6.0896645988   -7.5937351350    1.9944686536   -3.5103261355   -0.2139579148
   2.7327096618    2.9234958723    0.2161238689    2.5846854311   -0.2106520075    1.1242090409
  -5.1521162940    6.0096266954    7.9413502928    2.6768880518   -0.9422093833    1.0632940599
  -6.9722907988   -7.5683861196    3.7048625684    0.7155756832    1.6414075955    1.7574443195
  -0.1102874043    2.2941237901   -7.3006698902   -3.2535481357   -0.3237112354    0.6111257449
   5.1259774456    4.0855662775    3.1139713329    2.7893310128   -1.3110988706   -0.8394978813
   4.9632034817   -6.0335499992   -7.7030508855   -9.3405738755   -2.5089479089   -0.5512904132
   6.8234916545   -2.7087018749    0.3835473703    3.9036019227    1.9477424818    1.5229261883
   3.1226886629   -0.4383222334   -1.3700220205   -0.6104615928   -0.3509194186    3.5997600587
  -0.1690276661   -0.1614924573    6.0964964559    4.4781686035   -0.5997234904    0.1481401937
   1.0985016960    5.1107013747   -2.6609318564    1.0685002276   -0.4404883305    1.2165696337
  -2.9018178311   -5.3612953786   -3.0791811841    2.7774165811    1.7405365920    2.5658200424
   6.1298377388   -3.6646930222    4.2270460782   -4.7024036128   -1.6778164224   -3.0262076598
  -1.5821331498    3.1923992638   -3.2055261270   -2.2215805311    3.1955897001   -2.4407784805
   8.2464829967    2.5200522288    3.9949593152   -1.2001026021    1.6612330879   -2.7647145003
  -2.9993161499   -5.3475369058   -0.4474705056    0.6260607219   -3.9597834462    1.9823219516
   8.2690350510    2.7468706603    8.2199050593   -0.7072033737   -0.5555570523    0.5209988424
   0.3460288540    4.0023989596    5.5296278040    0.2808869959   -0.3757917670    2.7258288817
  -4.3748479769    6.1589063409    4.6314337399    0.5397450427   -1.6943848085   -0.0586687166
  -1.6689330286    2.0611572498    0.3486276314    1.8338495083    1.2579196014    0.2900110783
  -3.7941456609   -1.7146770980   -1.1880458866    0.2705170058   -0.5063394758   -1.6389827151
   3.4308128566   -0.8369309848    6.2802771524   -1.4316350119    3.6444138710   -3.3779365666
   7.5399437747   -6.7787340366   -0.5375699848    0.5507675003    0.1702034570   -0.1850871563
  -7.3428819803   -5.1594435296   -0.4527674615    1.5277632747    2.4901033714    0.5914758297
   7.7563816161    2.0118923127    3.2480291799   -1.4114198224   -0.6381654115   -0.8718574608
  -7.5499661468   -6.4208471548   -3.8504477829    3.1059470528   -1.1702420245    0.7367501891
   6.0979389967    2.5312773225   -1.8260037145    2.2805232958   -3.3456844164    1.7086198516
  -8.1714411095    2.7520649760   -3.9736193043   -3.5836892490    1.3360322168    1.3624371249
  -6.7812443329   -2.2414073779    2.0880482015    3.4293108740    0.3827369108   -0.9272131665
   7.4018076479   -5.9295283299   -1.0964969172   -1.9240404900   -2.3910986709   -2.6090696864
  -5.7292522474    0.9810039817    8.2585513055   -1.2305007813    1.9743602202    0.4432893995
  -4.3373739972   -2.0364730261    5.7546299500    0.9110152099    2.0245026276   -1.7013567189
   3.5467115789   -1.4287715312    2.7175567345   -2.1857239798   -1.5908636704   -4.0653911344
  -6.2144188034    3.3918048886    6.8853440891    3.5312816694   -3.5314282455    0.0356858773
   0.9155149499    2.6852744831   -3.1107935129   -3.4807215818    1.4576689994   -0.0829626156
   1.5608089507   -3.8583313641    5.1748460959    3.7540371254    1.5641536654   -3.8093823573
   8.0374084510   -4.8194400560   -0.1871404209   -1.8300578963    1.7042128131   -0.9689811373
  -6.4405638491    3.0672939039    3.4760569857    4.0053190828   -2.1040517372    1.7974130922
  -3.3372786924   -2.6018322368    4.7398214035   -1.3152162808   -2.7573553626    0.1884096228
   7.4168075511   -1.7942117802    1.9442651202   -1.1250374138    3.2879380046   -0.4471667835
  -5.7088288887   -5.5882546180   -5.6048139015    0.7318860136   -1.2377024406   -2.0351505384
   6.8206880172    0.2744854366   -6.7051690627   -0.7334256570   -0.8087648497   -0.2957317572
   1.8157122104    0.3230756168   -1.0709171589    0.0244820103   -2.2681468617   -0.4916917167
  -7.4042326925   -2.4860956912    4.5838930243   -1.4286853679    0.9825316408    5.8720909642
   6.7635430396   -8.4283437100    2.8254816612   -1.1343020046    2.8117471728    0.3003880366
   8.0056268177   -0.0245414575   -0.4474336202   -0.1973412364   -4.2289509616   -1.5877457689
   0.2344244269   -6.2339277779   -6.8954438245   -0.4651762374    2.3303790334   -1.3221877788
   2.6567575323    5.7337592852    4.4155937931   -0.1677404057   -3.0045638066    0.3468514318
  -7.9234060307   -3.1586855294    2.9943197426    0.4484957284    0.0977201863    0.6342811330
   2.0296101047    2.3031089141    2.6726325880    2.0796057650   -2.8602446959    3.4042596957
   2.4966237033    7.0168066599    0.6336202849   -0.9583004508    1.2970253966    0.8020687994
   3.2866011756    2.6873500250    4.1373566122    3.5719709656   -1.0410881939   -2.2019646907
  -0.4740652645   -3.3142512726    1.7217658608    1.2630960958   -2.5777709231   -3.0287546690
  -4.5564076235   -7.6643805030   -7.5659794474    0.4629548632    3.7625284749   -0.5613421923
   2.9151654665    0.7953423160    8.4026970362   -1.9366596560   -2.6263633749    1.0429296770
  -6.6107031540    7.3946968355    3.9122720438    0.9999636961   -0.0950006709    1.8807345444
  -2.4407822913   -0.8404204046   -4.1907311761    0.1692075116    0.1387688959    2.2183476164
   1.2408927815    1.4495700079    3.1243896046   -3.6634357936    1.2199741169   -1.2688409468
  -5.6758166288    7.5572090726    5.7328126348   -2.2531461356   -1.0474716302   -4.5232937941
   6.7539565853   -7.8011769508    7.3069727469    2.8243180613    0.5576181713    0.2279029909
  -3.0253263391   -8.4094640212   -8.3643818675    3.7911728605    1.9742613602    0.0773264065
  -6.2794484701   -4.6342532087   -2.1912890742    0.3529303380   -3.4593457530    2.8441063172
   3.7447380132    5.9935446008    8.4924662179    1.9184793582    1.9924771454    3.3012899384
   6.5348729633   -0.3900480608   -2.2842791753   -4.0147174502    3.0132641451   -2.2019758946
  -6.1197645732    3.9281999626   -2.3714825838   -2.4629041373   -5.4648112372   -2.6668329550
   4.7440612665   -5.6424100208    4.4316700599    1.6347894700   -0.9348647150    1.7516857692
   4.4534319863    4.5985693748    5.2473115431    0.1164588913    1.5589193332    0.8193312048
   4.1856490570   -2.1266319966    1.9389191833   -0.3521397767   -0.1507737591   -1.6915598963
  -6.9495081519    3.8515759445    7.0447433032   -0.2644189470   -1.7407534636   -0.8265966356
  -8.4350457343    4.3293133956   -4.1243035046    2.5782248907    1.5725765581   -1.7374970917
   8.0299898429    2.1144919561   -3.5849509286   -2.0989713972    1.4783208685    0.9247511109
  -0.7184997784    1.5023771296   -5.9169263364   -0.9404517289   -3.2874884406   -2.1327696540
  -1.4469154316   -0.1014098667    7.8245342284    0.5424014504   -0.2891964976    0.6036386883
   4.8601590473    5.4121388550   -8.5390216807   -1.4282589148   -1.1747442883    0.4619171132
   6.8954633272   -7.5330809202    1.6993646281   -0.7920251830   -1.2813374553    1.6566542399
   2.0142180587   -5.1507771888    1.3769409507    2.8105521768    2.4586327412    0.0339138739
  -7.9002002920    5.6166725365    1.9406636362    1.4208083842   -3.2281796278    0.4184859954
  -5.5458159811   -8.3810366344   -3.5068362334   -1.4294314257   -0.3342044477    0.3027962237
  -1.7302861593    3.8366157770    7.7201805813   -1.3752539370    0.4938643110   -1.3371867646
   7.8300975143    4.9825017690    5.7249294970    3.0587748747    1.0231312702   -2.3862324835
  -0.7581186563    6.2678668600   -8.0207978471    1.1808030736    2.3404391470   -1.3110202776
   6.9693182037    8.4444962785   -7.1351348682    0.5059059123   -3.2231389468    4.1505319784
  -8.5311279675   -1.8255969746    4.4108127477    1.6888658602   -5.1996717853   -1.1494404800
  -8.3615975381   -0.0971448771   -4.5138673618    1.5343050416   -3.7836168648   -0.2385421352
  -5.9694123964   -5.2480418521    5.4565046366    3.3169798581   -1.8299400330   -2.6363513516
  -8.2779112382   -8.3959020535    4.5513644325   -1.5832416201   -0.7797417757    3.2661087179
  -0.0087654171   -7.1072162541    1.1890417305    2.9492838323   -2.9517632264    0.0939220832
  -6.2502417557    1.0621650716   -4.6439233282   -0.3077642553    1.0639744973   -7.7313289079
  -5.9589178042   -5.8941389647   -2.3903858818   -0.6155638370    1.8468598774    0.0454594806
   4.0657499550   -6.6246666082   -7.1613233004    0.6007676428    2.4206157085   -2.0146949380
   2.9145504825    2.8988350106   -6.5584326686    1.9124627429    0.0842600268    1.4701823640
  -2.3368087587    1.0203650847    1.0206480217   -0.3715399344    2.2063948044    0.7160195367
  -4.2481759606   -7.2085418314    2.0570278746   -1.2740048717   -2.5073859051   -2.6438312485
   3.0469639725   -0.0382784476    0.6926151420   -0.5866107587   -0.4293424469    3.7338238373
   2.0207179454    3.2250732878    8.3834507872    0.9794191325    2.0158369698    1.2862578952
  -3.0874030149    4.9309154701   -1.9848199567   -3.2348697459    0.1589445441   -1.9957790713
   4.0190643941    1.7368294886    1.8220365057   -0.0059019914    1.4820416934    1.7907163517
  -8.1293885737    5.9589708787    0.8166087813   -1.4677770978    1.2408442233   -3.2127654656
   2.4883824810    5.1255302255   -0.1232277387    1.6683971804    1.0804784577   -0.1068413821
  -3.6445829524   -4.4121852114   -5.8495573645    3.9908690170    0.6060440592    1.4506102115
  -4.2584273664   -0.4952021993   -6.8303337715    0.1286759294   -0.2128466942   -0.1615954453
  -6.8956250063    3.2794171084   -3.1873349618   -3.4258345460    3.1813362877    1.4436921335
   5.0412831733   -4.2523889939    7.2707097614   -3.0043071596    0.2993435113   -1.1354150296
   7.5339793222    6.4407801357    7.6969400135   -0.4511490263   -0.7515838477   -0.3602142479
  -6.4198693380   -8.1658534594   -2.5236009938    2.0732430350   -2.8069412071   -1.3709022237
  -5.1780382596    4.8712942980   -0.2422107976   -0.2215631556   -0.8437020518   -2.6991055527
   1.3844841461   -2.4399922438    1.1163522042   -2.2048903626   -0.3760906391   -0.8564825461
   4.7144680257   -1.6538744214    8.5256471876   -2.7610048345    5.0956165459   -1.1724732984
   7.0447415138    3.6757390852   -0.4409727603    3.1655067365    0.4553491123   -1.3061664199
   1.2034156321    4.3563912470    0.0454688901   -0.0935529868   -1.7364928040   -3.1636461433
  -2.9096963068   -0.8863649115   -3.1062810779    0.1255846272    2.8618733014   -1.1299878465
  -6.2194658690    1.4261925355   -6.9990177369    2.7282768645    0.7286467918   -1.4658751830
   0.4602286027   -3.5357373127    7.9934807802   -1.3043992421    0.0938862107    0.0081588263
  -4.3593531282    3.9714322149   -2.5260759509    3.8778200868    2.3150978774   -0.6082025561
  -1.5605387759    6.7875738744   -7.4154582828    1.4887592768   -0.0171438153    0.1569601947
  -3.5424438487    5.4478367524    5.3040374717    1.0657594805   -1.3459531351   -1.4696756665
   1.8419915189    3.9068335969   -2.4403623313   -1.6151052918    5.2901672454    6.5385666478
   1.6066099607   -1.9422078575   -2.5460820511    3.6666631346    0.2016785991    0.3061380976
   2.8181961405    7.8646571587   -6.2531213977   -2.0917107681    0.5052524405    1.1419143120
   1.3038101651   -3.1938692937   -1.5418419331    0.8737836063   -1.2453267504    2.1783389633
   5.4312679912   -2.5433232760    8.4492833799   -1.0336805374    0.3126483048    0.2547459813
  -4.6266408257   -7.4993116253   -2.5416585530   -0.1966587663   -0.0688066885    3.1130030905
   0.5717105474    7.8175102371    1.2595985569   -0.8306836422   -0.5439948371   -1.3744627613
  -7.0650871607   -1.1592135590    8.3059351449   -0.4151560411   -1.7579007353    2.6004203552
   4.5437873350   -8.5201183027    2.0106627450    0.5958737930   -0.3064035683   -2.5103709216
   4.5414977872    2.7119515183   -5.0771062097   -4.2610193955   -0.4510592124   -0.6480134517
   0.1743141942   -2.7194687152   -5.9313215089   -1.0990377903   -1.2267002666   -1.5261923423
   6.8017314140    4.6480431423   -3.8616784112   -4.6467541222    2.2645666745   -7.0373744203
   0.1134500721    1.2227886744    1.6903274414    2.5222926184   -1.5292039339   -0.4964675562
   3.3091701499    6.3009780732   -3.9873060642    0.2998456013   -0.7347669873   -3.2768497473
   6.7070186747    2.2994650855    5.0033321388   -1.6669286304    1.0754074200    0.9860092005
   0.2875423731   -2.9704206754    0.2773323306    2.1470762665    0.2136067319   -3.2352950733
   8.3308915785   -7.9814454076   -7.5538082884   -0.4867725666    1.2017202891   -1.9534416380
  -0.5211746174    5.1885271138    6.3780520250   -2.9149638141   -0.4875807067    1.2037310661
  -4.8152436421    4.5815484391   -2.0550172156    4.2751118497    1.5035238910   -1.6712353144
   8.0119718105   -1.7921063596   -0.2172490062    5.6236442209    1.1505235810    2.7097368276
   5.7988257653    4.2773117304   -3.8105623954    1.2908903181    2.1021635246    0.9432911216
   5.9129530579    8.1651266440   -4.2882835280   -2.3617495496    1.7105366565   -1.7184737661
  -0.1676193110   -4.7132757220    2.8432708557    1.3527750757   -2.1277964618   -0.4983982900
   3.4264607224    1.5756907122   -2.3353765647   -2.9184534730    1.8101512383   -4.8005664241
   7.3608512643    6.2396803282   -7.1070252960    0.5856894959   -3.0370090700    2.7032900268
   8.4701059284    3.7830846747   -7.2504053664   -1.4471193700   -1.3354786877    2.2435919419
  -7.9936377734    0.0384945826    4.9074405095    4.2764593808   -1.6160284566   -1.1542807194
  -5.6006516272    7.4240794267   -4.1782190565   -2.7387185494   -2.5402535451    2.0280946011
   2.5231218625   -5.1455753312   -0.3484907679   -1.3006786933   -0.4264531486   -4.3842158425
   5.7837636211   -1.8180333050    4.2449337593   -3.3182091191   -1.1795983792    1.1998740332
   3.1281462423    5.2152379384    7.0470919706   -0.9213469412    2.4507502628   -1.3095266982
   0.6848983566    4.3818428144    2.4422666098   -3.3428454509   -1.2735354827    5.0543978579
  -1.5834909728    5.5335232116   -7.8542656949    0.6477339495   -2.5245197409   -0.6039679747
   2.0560654608    4.7174689047   -7.3257017809   -0.0962756362   -1.5914113206    0.5065046083
   0.0708082769    4.4371071876   -8.3078587968   -0.2093332730    3.1729797696   -1.8400152703
  -0.7481704511    7.0790529911    2.8265680189   -4.1488959502    1.2695741756   -3.3198058070
  -2.3688847183    4.2903276153   -3.3182955888   -4.5271350668   -0.6225782604    0.8362407339
  -3.0578273056   -8.1427653772    5.7964643111   -1.9488000136   -0.8137993028    3.8204742853
  -2.7796166537    4.4757212504   -5.6421918181   -1.8776768371   -2.5637476434    3.0605632967
   3.5112039617    6.0387208277    3.6813195642    0.2131443054    0.2081563374    0.1701114989
   4.8228409355    0.2722343675   -7.2867294476    2.7955518039    1.3156420569   -0.7308824316
  -1.1456617772    8.2492444647    1.2376954798    1.2311337131    1.6818302349   -0.4860047334
   1.8133649811   -3.6516103062   -2.5394021030   -1.2278246104   -0.8951327273    0.4795050816
   7.6857063587   -0.5605783153    4.7258284026   -3.0088098444    1.4980924947   -2.1366366596
   5.4854389908   -7.5429481438   -7.1618637472    2.6433730889   -1.5905669628    5.0730003275
  -1.2235822966    8.4399986047   -3.9349473350   -0.3823592600    2.3507854347    2.5012026016
  -5.4469297433   -1.1263454303    4.4473579660   -1.2041780321   -0.5717121130   -1.5274338823
   2.4161623645    5.6347120839   -2.4022128953   -0.1588100673   -1.5369950867    0.9959021886
  -3.7467435677    8.3547924439    1.7367968854   -2.8336630750   -0.6033838792    3.2604748460
  -4.1174364761   -5.9064157894    6.8697685844    2.1966360561   -1.3110309464    3.8778679628
  -2.0116804536    7.8669859154    0.2959807176    1.1357772093    2.4431884628    1.8121356134
  -8.2096955409   -4.9555330981    4.8362952890    1.4798516757    1.8504059396   -0.4160945262
  -3.4988343789    0.6958637398   -2.4553371532   -3.3669419198    1.3162327294   -0.8239135361
   2.3119121079    5.0496897820    7.5127453076    2.9350210093    0.2939321585   -0.3971930328
   4.6612716024   -2.5175509636   -4.9353747380   -2.3289338652    0.0293495470    0.8429470735
  -2.8337333919    4.6489915078    7.9535269528    2.6588830776   -2.6285575516   -1.7124833987
  -8.4051413586   -0.2022754434    0.1801620425   -1.4878564494   -1.8308505472   -0.8501262375
  -4.1785168505    3.2524514199    3.6833153189    2.6894748128    2.8456001897    3.9878358970
  -5.5620107537   -5.6157058980   -4.2239892656   -2.8405255580   -1.1080256248   -1.2940889253
   0.3944599817    7.7000627958    3.1403318013    4.9957540909    0.2522007867    1.8607164864
  -8.1406930733   -0.9113484031    4.0279903124    0.1716644606    3.8574824088    2.9991194528
   6.3963892569   -5.7280298877   -6.4588427346   -4.3635128632    0.5280864342    2.2940383727
  -0.5322965001   -2.5233051758   -6.6248904885    1.2863092742    1.7019163457   -1.6464191890
   3.7393423083   -7.9556938040   -7.5902600967    1.9716843836   -1.2539749107    1.6270686857
  -1.2397614255    5.8434045762    1.5008399548   -4.1866419650    1.6527373340    3.3449055241
   4.7892203453    6.6507323946   -7.4230412143   -2.0857055453    0.8189308436    0.5150644926
   7.1113659764   -1.3934999323   -7.9642871627   -3.9774172317   -1.3445306282   -6.5104107501
  -3.4125849439   -3.9547492163   -4.6610762319    0.5780414489    1.3425383565   -4.6539935741
   4.5636323869   -5.9652702869    8.3607882657   -2.3447558792    3.3257202057   -1.6893413258
  -7.3966395037    2.3852842702    6.8558360445    4.4244784158   -3.5683086234   -0.6171807624
   3.3421020572   -5.4156631208   -0.4599863432   -1.3956241097    0.0534383284   -1.9497584921
   5.0531327680   -1.9470648660   -0.5301791938   -1.7002614565   -2.2179661393    0.0626108683
  -1.2528128509   -4.7574773030    2.4064922440    2.4088376049   -2.1203211922    0.4664257515
   3.1356325551    2.1071328854    7.9946410712   -0.5465488834   -2.1106954498   -0.5393748900
   3.7105420309   -7.4128230070    1.8231283075   -1.3423341786   -0.3249991712    1.8604914071
   1.0890919144   -3.4569896022    0.6421335421   -1.9615692420   -3.1226413756    1.1613954674
  -7.7784519567   -5.9423063321   -1.9028901984    3.7817411929    0.7447872212   -0.2678290079
   5.0923920673   -0.7602747949    0.3145794956    1.6247704407    1.7173715679   -2.0703973840
   3.2543920140   -2.2915611090   -2.3129691405    2.7768085423    2.4164450790    0.9107082913
   1.5382062009   -0.4098718765   -1.8911121264    0.8324454278    1.7738886063    0.5571199947
   5.6680892897    0.5429782032   -3.6443090080   -1.7198778278   -1.8352348064   -0.1680882800
   1.1826648746    3.4660803448    1.1268200812   -2.7238654560    0.0111834510   -3.7029248344
  -6.9048333850    4.5971007506    5.8153693879    0.7455618392    0.7974702643    0.5686814671
   6.6706828171   -4.1238760517   -8.5209388961   -1.0732951571    2.5902293595    2.2406314212
  -0.1858637528   -0.6760624662    8.2400056374    3.6881158031    2.5884043130   -4.9180777410
   5.6479604584   -7.0870092571    4.2850444905   -2.1927903913   -2.5009493757    4.4919958183
   6.9755289934    4.2264734317    5.8644678337    2.0482569936   -1.6090033366    7.1260953160
  -1.9361508306    5.1956187222   -4.4364395150    0.3056793876    1.2998471561   -1.8119518415
  -4.8622141166   -0.7228382555    6.1218525510    0.9513213774    0.3586703165    2.1428083865
   1.7589783574    0.4135830359    2.2589718230   -5.7588230866   -4.1571163509   -3.7028374011
   0.5318474542   -4.7838861582   -1.2387779493    0.7008819804    0.6396725794    0.3183578391
   3.5367137234    8.0842352647   -5.3481705790    0.3792432415   -1.8280057545    1.4466617608
   5.2281525270    2.6872770201    5.7693829672   -0.0754047396    1.5220127563   -0.4593122679
  -8.0974835877    1.1802328094    4.8985538522   -2.3744927574    0.7478129175    0.8211743560
   3.7099791922    0.8893857084    0.5134830892   -0.2319023744   -1.1649394022   -0.5273265502
   6.3735958712    0.8417479014   -4.2906461184    1.0620523497    0.4934220038   -0.5594234784
  -3.0234665639    3.2236587913    6.5786086382    1.7410778795   -0.0369933366    2.4739296832
   4.6658444937    5.3750314461    6.7894594509   -2.1617185874    2.2912928321    1.1187337062
   1.9661054437   -4.7070677080   -2.2106325250    1.2037202791    2.5084576804   -1.7858265779
  -6.4688463038   -4.0093031238    1.6712718492    3.4263798336   -0.3144364149    4.6155652780
   0.8195114476    5.2003243011    8.2737619168   -0.8239610723    3.9692527500    0.2037411838
   7.9644464938    5.6484323677   -0.2979702004   -1.0463827764    3.0556788192    2.1475542217
   1.7083426254    6.7414167890    3.1468306528    0.5868801987   -1.7577226698   -1.3817150356
  -5.4933677811    5.0667228011   -8.1948897989    0.8441648017    0.7357804184    2.2364603814
  -2.1304177987   -4.0931920050   -1.4433177561   -0.3650565832   -0.0513104368   -1.3859933290
   4.4311437680    3.1700246637    4.4803003086    0.1334244306    0.5536620917    1.2486353016
   6.5426143608   -1.7737812773    7.5713091747   -0.4787836275   -1.0270453452    0.7214462678
  -4.4565100771    1.5851060971    8.4958607973   -0.3771394255    2.6411321021    0.4962389044
  -6.4615456207    1.9359067898   -0.4913618649    5.0565589964   -2.7513894543    0.1473586310
   1.7950308891    8.2821441243    3.4557714524    2.5989765830   -2.1937448880   -3.2693406205
  -4.7805125591   -2.4563146741    7.3194742455    3.2806456785    2.4277148174    1.3161887275
   8.2224255309   -3.4263767511   -3.9103586317    1.2638973319    2.8271142400    0.3638702165
   1.3963047651   -0.0949063410    3.2280936776    2.0536012747   -0.1439346359    0.7276978667
   1.4454666215    5.1693405766    4.7677106049    1.7737834999    2.9539457978    0.1384235260
   2.4013548576    7.8651721713    7.2267791855   -0.0273408398   -1.0840475567    2.0837826645
  -3.2757471363    4.1693107139    3.0692237043    3.0938513357   -0.6754169339   -0.7574850811
  -0.0384116789   -1.3538045876   -2.7757933412    0.7203346158   -1.3040376583   -1.2915206125
  -6.9798147714   -4.6434250139   -8.4104165856    1.5605292487    0.2940295287   -4.8950648085
   4.2574547521   -1.1841217949    5.8670674136   -1.3860874806    1.2705068395    2.9804796059
   3.2444135151    0.6282898717   -3.3073558318    3.0578649747    4.4836750201    1.0866999597
   4.8207763021    1.6042204767    6.9485675799   -1.0117328389   -3.2788689180   -2.3025285871
   8.4118000617   -3.5425277263    1.0056936797   -0.0235261254   -2.2002449175    1.9947140272
   7.0162021322    7.4209287337   -3.1848124578    0.5545254922   -3.0201474727   -1.6580070323
   2.2332175136    1.6036095788    8.0171994542   -1.1904644921    0.6754633638    3.3473564411
  -2.0104664283   -7.4801193762    7.8027677550   -2.6028080148    2.6111366040   -2.1946019834
  -8.2352035123    2.1343088946    7.7728486612    0.9650279385   -1.0740122697    0.1135337396
   8.1487311614    5.1198068654   -3.7748414843    1.2514781447    1.0830001813   -4.5488967751
   6.0187629369   -7.8690288131    3.6350178068   -0.7159382329    2.3317809029    2.4385204834
   0.3448051986   -7.7964426007    5.5327964634    0.8868024248   -2.3705822139    1.1882496336
  -7.7549372625   -7.4643594335    6.6056605244   -3.1331093344    2.5866507764   -3.6544674176
   4.7859884085    6.7679250466   -2.8054183596    0.8659737984   -0.6642728893    2.7284283635
  -1.3914034778    7.0979159791    6.3081563780    1.8919955412   -2.8101702344   -0.1007212190
  -5.8064329066   -3.5392977499    4.3953523094   -3.1308102576    3.4205429433    3.1983914191
  -6.7893462673   -1.2986766412   -5.8191503138    3.4969680681   -0.8840724782    0.7395091085
  -5.4426928357    0.6690960733    5.8520002293    2.6766484764    1.1543056770    0.1665785439
  -6.4222016561    6.3120048327    2.1773157893   -4.1453099520   -2.3648359671   -3.0097376774
   5.8348858172   -8.1003637859   -3.5051998887   -0.6183775872   -0.4328131248   -1.4020975805
  -5.5741480139    8.0304655817    4.9289339431   -1.8405770166   -0.5123000140   -0.2105946243
  -8.2184669958   -1.5106112982    1.1934589957    1.7504844541   -5.1182281072    2.0243719961
  -5.7817106658   -6.8289510872    7.2249926850    0.1544896391    1.8780911214   -4.1652704128
   2.0010994220   -5.3298508945    2.8285478240   -2.3449903408    1.0285547267   -2.2745761584
  -5.0680090453   -0.8453727543   -5.2397173236    3.2055470392    2.9557269026   -0.7549482094
   2.3835653351   -5.3101189467    4.1096975462   -0.9157531006   -4.4121655524    0.0927598118
  -0.3124479152    0.1514907622    0.8191941005    1.2723020317   -1.4026330375   -2.8363548211
  -4.1385043514    7.2357951339   -7.1577826025    3.3995864225    0.0656721978    1.2346976647
   2.5025616214   -8.0982093506   -6.1435796914   -4.2528376134   -1.1840882020    0.0703822704
  -6.5073710472   -4.6469783624    7.3814786112    2.2819098075    0.7344579113   -4.1582893372
  -0.5435780868    6.9151034702    3.8069835715   -0.4117714093   -0.4950006584   -0.4725624768
   8.5016994537   -8.2190785441   -6.3844243831    1.0342301881   -1.3404736379    4.1329116913
   2.7718107589   -2.4769460128    1.3259536516   -0.2683643138   -2.0250342294   -0.7242994743
   3.1453013156   -2.2802389586    3.3857208814    2.2614843285    3.1391951978   -1.7379149961
  -1.6837621262    5.5598140489    5.3215706930    1.7010068079   -3.8958995422   -1.8175121228
   7.7495096614    4.9168496873    3.6691394313    3.6626505181    2.8272922291   -0.5695180404
  -6.2716792650    5.9560334534   -3.8810872801   -0.3286920619   -0.6255730968    2.8727792250
  -3.9098400042   -5.4579218957    4.8204966832    1.6659539888   -2.1388437512    3.3869151187
   5.6786242933    3.2468442302    1.9658584357   -2.1964274401   -1.0708761572    2.1365260447
   8.4941134676    2.4116464745   -0.1906618641   -0.3761914455    1.3947291450   -1.8765815569
   1.4448115840   -4.9861157096   -7.9435460173    1.8890894363   -0.1286644939    0.2216496858
  -4.0339148319    2.2632180423    0.9638471175   -4.9000250625    1.3360970490   -1.6442870111
   4.6647285587   -5.6939647624   -4.6450714328   -0.2770528046    0.9079456555    0.9117820485
  -7.5430182164    3.1407156319   -7.9657741942    0.3396164969    1.4173364524    2.4573537321
   7.1756730944   -0.3205273123   -1.5860852912   -2.6240794332   -1.8125266502   -2.5662834710
  -6.3221769493    6.0569758720    5.6939614319    0.1459454122    2.2130636370   -0.3704658837
   5.7345215406   -8.3749057067   -1.2319706087    0.6161571142    1.9734746846   -1.5235738879
  -3.1866532446   -6.1199647371    0.2605441561    1.4215988213    4.1597083712    1.1457068333
   5.1496706385    8.0683436579    0.9525007588   -0.0813289026    2.4528871940   -2.8448991712
  -2.7502988505   -4.1178635622    4.8339982574   -2.0894421120   -2.1261963584   -1.3820979734
  -1.4200469979    3.4394804980    0.9837116738    2.6804247285    0.3297125210   -3.4234687604
  -6.0610850235   -6.2139895445    2.9733713549   -4.4235184928    0.5314693646   -1.0278481766
  -3.9391405915   -4.1541909865    4.2133211508   -0.1431704280   -0.0015321040    1.0397916464
   3.5301969911   -6.3318733052    3.5112547048   -0.6065927841    1.7225678944    0.6958883371
  -6.4979340895   -8.3595823273   -3.3559192540    0.6798881696   -3.4522691233    4.0951905586
   5.6106487653   -7.7495199130    1.4208041580   -6.3736467133   -0.8659897785   -1.7068976955
   7.2398473259    7.6361511977    2.2846544257    4.2999623673    1.1790636293   -0.5705999326
  -2.0411654876    2.6323763262    2.8846834887    1.4413826848   -3.8737352419    0.3026528882
   4.2015055628    8.5476868082    6.9706410259   -1.7850408856   -3.9967920492   -0.2823356299
  -1.1860069233   -3.2798483014    6.8433750917    0.5512539702   -0.6593342274   -2.4175871060
  -7.7068493604   -6.6481110701   -0.9363016471    2.8787768362    4.0334696303   -0.6992124777
   8.0645590241    1.0939354712   -4.7475482459    0.8472300841   -1.4698320264    1.2344845487
   2.9058092764    4.8178609771   -5.6058018849   -0.7115954807   -0.9358132271    2.4120868201
   8.2205669319    3.0290468470    5.4106309581    2.2374986756   -0.9201075559    1.2958948214
  -1.5548276946   -6.4019306601    7.9913436844   -1.8320481103   -1.9404854928   -1.8704060894
  -0.2633203043   -7.8325591716   -1.1630040930   -0.2132464299   -1.8569269114   -2.3737422713
  -2.6868590864    7.5175850441    8.2319680012   -1.0786211574   -2.7129638160    0.7501854848
  -1.8429305351    7.0960369933    8.1638436519    0.4935348659    2.2514108262    2.1328242890
   0.8006745629   -7.7109581623    2.2918170316    3.6508696346   -0.2410054177   -2.4328661353
   6.3234342706   -0.9274816873   -6.6918658084   -0.5624705662    1.3209071114    0.8404648974
   6.6531197578    3.3609041210   -7.6755461498   -0.6769853352   -2.3013278564   -0.3117518259
  -4.4845078879    5.2798891098    0.2233962350    0.7700592037    1.4352944905   -1.3025841521
   0.8782037132    6.1698677272    1.1333460605    0.7936448309    3.5853936153   -0.6142258345
   2.5705409471   -4.0352672766    1.2292272365   -0.2114258174   -4.2860941266   -2.5679243079
   4.3930010306    0.1942659282   -1.7981623658    4.0864789815   -1.9804113526    1.6107990833
   0.4406181987    7.8918927522   -6.2940902449   -2.1152650644    2.7964950730   -1.3706795149
  -2.5433749060    0.6158096944   -5.4913230576    1.2636142040    3.9788114603   -0.4589221959
  -6.5845391663   -8.3584289805   -4.4408540153   -1.6975202104   -0.6759286528    1.3562290495
   1.3646318318    0.3806626438    0.2163156070    0.4299112280   -1.4983793113    0.3412708203
  -0.9679903596   -2.6059949925   -2.4841589666   -2.1345479102   -1.2261616323   -1.8355691936
  -0.9045547580   -3.9460790278   -4.3026024423   -3.5729765501    0.3459143799   -3.2476225393
  -2.3086335903    3.8270166315   -7.7951331211   -0.9473664283   -0.3692056221   -4.1259620271
  -2.5156803870   -8.4989794101    7.8125241699    0.3415373380   -5.5546076140    1.0327303212
  -5.1467476786    1.8776040425   -2.1527918875   -2.4060199461   -1.5897459291    1.8965423936
   0.0895189257   -3.7968788223   -8.2014554742    0.9283858931   -1.3851872017    0.9900864366
   6.2855036084    3.7475664244    0.3037244015    3.8838978979    2.3104534394   -0.9995895480
   8.4110975301   -5.9368597201    4.9387709399   -1.4178543695    3.9246874769    1.2698603861
   6.3291483408    6.9875022308   -2.0205718911    1.3298704520    1.9438626002   -1.9214598576
  -4.1757943873   -8.5096732269    4.9494256094   -1.2272474462    1.1075991385   -2.0274225507
   3.6341836276   -8.1591621338   -6.3107496997   -1.3745161912   -0.2084050733    0.8236313904
  -3.2822372333    2.8717628600   -4.6349655953    2.4484805989    0.8943640594    1.7543739721
  -7.6695015312    1.1925689085    1.9987213865   -0.9567463794    1.8063247064    2.8175401690
  -1.7695448005   -0.0666230307   -8.3158057177    1.0692209882    0.7713957529    3.0786135941
  -4.2049103731    2.2740376029   -0.0161096762    0.1861537791   -2.6732243438    0.9860767758
  -5.5219311266    8.4516041543   -5.6756875485   -0.3194383560    3.5678132479   -4.9282041474
   1.5003792016   -1.7685939170    5.1608017250    1.2375631821   -1.6600596825   -0.5604441624
  -2.9220391525   -4.2802973721   -8.4784760889    0.3487822204    3.0119774888   -1.7510094226
  -2.8377899091    0.8179856583    5.3062454591   -0.5026249553    0.3332905536    0.0397672583
   7.4685286791   -4.3116524881   -3.1232875379    3.5096734608    2.4871556730   -2.4300244072
  -4.7859477029    0.3604164770   -4.0544051989   -0.4746633965    0.0884988684    5.1707457969
   6.0308283950    0.3382001734    0.8108987184   -0.6554031395   -4.5788855368    1.6226149993
  -5.9021878043    3.1772385891   -5.2317557014   -0.4294472244    1.3773739543    1.4051159859
   5.5815663526    5.6792372291    1.8044185253    2.0541366179    0.1944043983    1.8959206411
   4.2412860575    1.1174572008    4.5996704037   -0.3303940509    1.7349922034   -2.7398170105
   5.2178429066   -1.8238044407   -4.1804181498   -2.3662039885    2.3030693499   -2.5369343451
  -5.6929888826    6.1004458575    1.5183461129    0.7348056835    0.6935976447    1.3047877609
  -3.6290812338   -8.5185196907    7.1425205863   -0.4190326525    0.9113106180   -0.2139930249
   8.2982380332    5.9520735218   -7.6687902795   -1.6846446104    0.7781271030    0.4527574838
  -1.6968742572    5.4921139357    6.2932642297   -2.4078397521    0.5082341057    1.2835496941
  -6.8137521584    3.7455421578    0.5823586689   -0.5615221344    2.3775062898   -1.2104088892
   0.7182345422    4.5065556185   -0.9788276176   -1.1337253492    2.4996167548    1.9367581153
  -3.6356842270   -3.3278295495    3.7140775064    2.9358694613   -0.4937261381   -3.6167959774
  -6.3882299436    1.5593643849   -2.5695965512    0.6151931555    1.1606642363    0.7682031528
   0.6447598409   -3.5245706505    2.0903307890    1.0324186406   -0.8346955863   -2.3725942629
  -0.3643930590   -6.7778563313   -8.2245358395   -1.8142848679    0.6152824687   -0.9262789650
   8.3976221195   -3.7070299858    4.5697031372    1.1180214475    2.5547334515    2.5198365671
  -6.8050660699   -4.2922781704    3.5834846934    0.2900152776    2.9537185137    0.7601863208
  -4.0175150584    1.4894784110   -2.0534071416   -0.8345579580   -4.3876692532    0.9513151505
  -8.2301188781    7.5837325769   -7.2709202106   -2.0895582079   -0.5545340292   -4.6102578039
  -4.2902468861    6.8806443756   -8.2110663591    0.4840329674    0.0485689868   -0.0357310482
   2.7672950415   -7.3375768724   -1.6769966196    2.8392008272   -0.2742557177    2.2696581620
   1.0590745652    5.8431354965   -2.0430913199    3.1817534203   -3.1733442622   -3.1618862811
   8.2156957821   -7.0629530909    0.1090021931    0.1009046511    0.0041196105    3.4195570260
  -1.7549054011   -0.5468929176    3.2661545863    1.1582650528    1.7713533518   -2.4276757565
   2.7223207383    4.3038779455    8.0742164305   -0.0461367559    3.2812279760   -1.2380997120
   7.0400815800   -2.4584252338   -7.7580041132    1.5131247467    2.4507419971   -0.7921369192
   1.5016606512    4.5874039863    5.8329121213   -5.1574589015    0.4048057878    4.3091034676
  -5.4303163237   -6.6967836333   -8.5227150903    2.9199143617   -0.9653405346   -6.1862910483
  -8.2794456355    1.4886174845   -3.6163707695    3.6056763672   -0.7675430624    0.1930380178
  -5.0420339980   -8.4144533770   -1.7754237215    3.7764561469   -2.1706570221   -6.2673991303
   6.1606565137   -6.4351951983    1.7224216017    0.8298807938    0.2783062032    1.7767405571
  -0.9167838890    1.8825685433   -2.2152791335    1.6104904521    0.3070500410    3.1540983641
   7.1889700454   -5.1136184746   -8.4218076175    1.8912214178    0.2857111597   -0.1551667497
  -6.0842588934    4.2842682423    0.1586949993    5.9525466416   -3.2173984564   -0.2528492642
   4.1523742414    6.6006226521    2.2745804616   -2.8359868524    2.1372619736    3.5067105331
  -7.4694562816    0.7643678544    0.2081850959    0.8060511584   -1.2823156168   -0.9682587764
   5.4261741874   -8.5359989136   -7.5475128737    3.6239660148    1.7039235146    3.8675139394
   6.3979608612    5.2201850522    7.9579823164   -3.1331150189   -0.9473434605    0.1775602892
   6.0683188656    7.6378841621   -0.1205254066    2.1285591348   -1.2660018703   -6.0937855409
   0.0409646654   -2.0042675475   -7.8698069723   -1.6411904463   -1.3714817391   -3.9543504053
  -6.5014746741    3.0190693267   -4.2748639726    2.1247260039   -2.7569317582    0.5111373315
   3.4918307860    3.2085175794   -1.1096926687   -3.9411222774   -4.1322018113    1.8793715083
  -2.4088514712   -0.7225546833    0.5215266433   -0.6490230246    2.5343279064   -1.0115886226
  -6.0379575821   -0.5363399288    8.4592635488   -0.3261936355    1.7766319582    0.7284245078
   0.1430943496   -3.4243630238    4.0163918909   -1.4100614546    1.5766806155    0.1161396755
   1.7587588253    3.2137145115    5.6171119424    0.3975268808    3.5922935622    0.0659198859
   5.6897449782    6.4622878516    8.5366108441    0.2088013161   -1.5724057622   -1.9572139677
   1.6026001022   -8.4716718683   -3.1632563096    2.7469504598    1.3624327073    0.5790963001
   2.2971031657    7.5150802126    8.2161236939    4.2903051902    2.2600603295   -1.3091797869
  -1.1790774660   -5.7276272897   -8.1123274096   -3.3556013927    2.3152997293   -0.1878568824
  -6.8646025244    2.7525453101   -6.9565965972    2.2885366213    4.5633751218   -0.6956782257
   1.0320757338    6.3721633896   -5.3883547262   -2.7025259224   -0.0727636764    0.7823066297
   8.1571495532    5.8053070745    4.8882161946    3.9639253102   -0.6560991890    0.6477240027
  -6.0680693249    2.9703912397    1.5140690927   -3.5092088817    2.5053416120    2.5225760860
  -8.0907921084    5.0369935386   -4.8092229495    1.7439826338   -1.3914064089    2.1113864675
  -3.0987346043    6.1389302926    7.3768027103    2.7097570931   -1.5766170972    2.3159187484
  -5.8240848102   -7.3715177534    3.1181632001   -0.2813418462    1.0583913105   -1.3255679682
   2.6855695075    7.0726281753    4.9895247748   -2.4095233876    4.8968751345    0.1369231650
   4.3434583176   -4.5672357855   -2.3462038176    0.4373327052   -1.1576919141    0.0579925859
  -1.6839806416   -0.1157766444    6.0530492536    1.1322271339    1.0176903198   -2.4649774513
   5.4675389531    1.2900828670   -7.3521313768    3.1572974868    1.8213321983   -1.5123446167
  -4.1743074155   -5.5696750467    0.4077301574   -3.3552747835    0.9716012150    1.4435073123
   8.2706401466   -3.2251687283   -2.4479712106   -1.6200999409    0.3724588835   -1.8896695178
   8.4173025672    0.9426604100    3.0671238344    3.0635331564    0.5038559204    2.3566428471
  -3.9411152636    8.0551946320   -7.5463064428   -1.3828607637   -1.9895280616   -1.9580140432
  -2.9158067929    6.2142158765    3.6534239991   -1.7437446416    5.2434801777    0.5150215970
   8.0166728669   -6.6224379094    1.4995993653    2.5047008253    0.5615771020   -1.2405014676
  -7.6620319946   -7.3294815089   -6.1961429049   -0.5723584863   -3.1865733779   -0.6695076858
  -0.9668519901    7.4719636860    7.2194554936   -2.1112426188   -1.3134016082    2.3619317447
   4.8074073613   -7.5851541106    2.9538510091    1.6639067264    2.8733071865   -1.7665011127
  -1.4599874965    0.3373449953    2.5681812074   -1.4353724673   -0.4899136959    1.5475396070
  -5.1293932226    2.9705151388    4.3119242516   -1.5440824826    5.8876598936   -1.9616787355
   7.4644921899   -3.6334600128    1.2213927105    6.3194550667   -0.2384976021    0.0741496651
  -7.7166082277   -4.0525516831   -8.4666162610    2.7067616394   -0.5127372872   -1.8939503562
  -2.3088193483    3.8166220474    2.5975296075    0.4907295396   -1.6828162128    0.4604283104
   0.2939748623    7.1043869226   -4.6398324674   -5.4721794820    0.9220179961    1.4746389204
  -3.5336685352    6.8838956380    2.2988484998    2.9616312925    0.9525211106    7.4209806082
   5.7850623713    5.7078932597   -0.7622771485    1.6648641544   -0.2373167604    3.0065782276
   6.1018505957   -0.1139543167   -8.2056120758    1.3577122937   -3.2706054506   -0.8626319698
   6.1208757507   -5.5006036068    7.1280786770    1.8493240895   -2.1457241224   -2.4653866723
  -1.1631117127   -6.7209460700   -6.9589820339    0.2217142730   -1.0690241261   -0.6274594738
   7.2090799989    0.8467278773   -3.6387229467   -0.8020759426    1.2522846786    1.3363324139
  -1.4513920285    6.1290415595    8.2359447852   -0.8002444794    0.2410322292    1.7695684982
  -0.9917709455   -2.5261473026    2.1660372221   -2.6763667504   -0.0437967241   -0.0860862327
  -1.0847691740   -8.3113977923    0.0960003354    0.6727341068   -2.0754268748   -0.1032011176
   2.3667995904   -5.0598198909   -1.4334162313   -3.1767056465   -2.2116262240   -4.3558280545
   7.3107845028    4.6191182397   -0.9035298855    1.2130014889    0.0909198431    0.5192080076
  -8.3041512339    7.3561194175    8.3173137307    2.6687122989   -2.7586514041   -0.5663591766
   7.8345388468   -3.9694684384    5.3755469757    0.1643395676    2.0608496492    1.1408418204
   3.7569864935   -3.6498788699   -2.5278895364    0.8892941436    4.5631842920    4.7852454610
  -8.0041687294    4.3914477607    4.0358087471   -4.6005220047    0.6626700474    1.2801769749
  -1.2440078416    1.0255903195   -7.8487943069    4.2492271483   -3.5775322537    0.7053656535
   3.9845378920   -7.8562958710   -3.2192966099   -1.9300946214   -2.1917860767    0.8539220228
   7.4331253450    6.0980780858    3.6267284081    0.7601581628    1.1077389686    3.1432827395
   7.1158826807    7.3856017498   -7.9251404251    2.2607829199   -1.2736408756   -7.4459581284
  -5.2768280554    7.1239495014    3.4513139384   -0.8005762364    4.4503173751    2.3810629729
   6.1454116764   -6.5463623248    7.3838382272   -2.0587474411    0.7339687783   -1.9116468380
  -5.7098569651    7.5259410544    0.3299936095    1.0197795895   -2.4932917853    1.5390935361
  -0.8873146291   -6.0597094113   -4.7100974555    3.8438596150   -0.4949406656    0.0775794355
  -7.9583084718    1.2343486309   -7.3662249727   -1.2942265083    0.5888119659   -0.3145746403
  -0.1324860902    7.1922166545    0.4367047274   -5.9684494033    0.0390105083    2.0885292083
   3.8420986937    3.5570211488    0.6607707001    1.9009950909   -1.0447463243    0.7128231701
   7.8912726360    2.0739923578   -2.1822296449    1.9616180807   -1.6156076858   -2.5196243025
  -6.1773523761   -2.5284253185    3.0423355536    0.1555087530   -2.3007747763   -0.8330118700
  -6.2969083590    5.3304669330    0.1159324309    1.0429544556    0.6420701768    1.1963575152
  -3.6594767751   -1.9083004917    8.2475782840    0.7325425594   -0.5767832981    1.9504818365
  -3.2223642503   -1.8034234164    7.1734320047   -0.0019979058    0.4591226926   -0.0347225061
   7.5159197771    1.6082166798   -7.4517197604    1.1613554007    2.9887923253   -2.2763865045
  -4.7768949859   -6.4940141801   -7.4212535150    0.0864814019    1.3910476298    2.2476387959
   3.0797594432    0.3715424969   -2.2347538690    1.2625053968    1.3788700294   -2.2599335132
  -1.2806384454    8.4257973527   -0.8850007142   -0.2136119220   -1.9342893228   -2.0681372326
   2.2926047190   -4.4064197559   -5.5112830899   -0.0111368121   -2.7122228637    2.3136571598
   7.0510104206   -7.5129065255   -5.9386854894   -1.1402213784   -2.3842270033   -1.5446160708
  -3.4288781115   -2.0546904267   -7.2754086948    0.1157297426    1.1055663413   -0.5898479873
   4.3249084790    2.8176912231    2.1410267493    2.8452853647   -2.6479416238    0.0385193206
   5.5430071744    8.0762163402    3.0380830155    0.0411467562    1.3543043492   -0.5244685996
  -6.2369013433    1.8124889934   -4.1132829408    2.0712905844   -3.3013270574    0.0061942036
   4.0916423097    5.5728562688   -2.6451693487   -1.1082051218    1.0090143534    0.7700248380
  -3.2098552151   -4.7982078435   -6.8346714653   -1.8713846990   -1.5052147884   -0.6040532323
  -7.9357077300    3.3286484638    4.1376274043   -1.5261288557   -1.8172834287   -0.2366770509
  -3.2951361789    6.0248093485   -7.6800752444   -2.0810464538   -1.5938974433    1.0771224336
   7.0473178523    6.4574538651   -6.1943469286    3.0668179267    0.4256511203    1.2968403760
   8.4127738015   -6.1253980842   -8.4989755824   -1.2755856800    1.6333547834   -1.2143399808
  -7.9827947990   -4.2701912388   -1.4309635058   -2.5592564434   -2.7200718188   -0.6468172362
  -4.8775745161   -7.3264616687    0.2616564267   -0.1838755297    3.6809875132    0.5133488508
  -0.2130747857    0.9462670352    6.4905442666    0.1558154479   -1.7943918073    2.6594221206
  -5.2557059288   -5.2240275491    4.1438144569   -4.4824255363    1.1624010019   -0.2218103388
  -6.1095689354    2.2095887438    5.2324742509   -2.5758708738   -2.6135026785   -3.1096480220
   7.7143678492    6.5900141778   -2.9119169314    0.1054218346    3.3153623142    2.2491170971
  -2.1366777205   -5.4788627403    3.7309742117    0.3002720251   -0.6326819749    2.2660580522
  -2.9778309905    7.2243773565   -3.1095694990   -2.5166789484   -0.5065864571    1.2265768712
   2.5438767922   -7.6878390988   -7.8040659435   -1.0505981803    0.9524641168   -5.3219485111
   1.2734677537   -2.4497514948    3.4153841777   -1.0080783315   -1.1656345845    0.8418302779
   8.4796456077    3.4446124317    1.0780604349    0.8765462740    4.5646102474   -0.6809127988
   0.7273628807   -6.8235515310    7.0421442596    0.8578049467    3.9268114917   -2.3148761326
  -7.6488896712   -6.5250481156    0.4666803572    1.0928758412   -0.2843543621    2.0194754705
  -4.1415360020    6.4283028091    1.3605349952    2.7126114376   -1.4298569573   -2.4465659239
   6.1055434583   -6.1354238072   -8.3806860493    2.1466240143    2.4269236681    1.3769437936
   0.5179958537   -6.8404607656    5.9172989646   -0.2499293767   -2.8955011150   -0.1483416187
  -0.1325532048    0.5659236330   -0.9018946541   -0.0583761986   -0.0786443577    5.8567021679
  -2.0851378949   -3.4543238672    3.5971153460   -0.2444558066    3.3549496485   -1.2206429761
   0.1815439465    2.2475438271   -1.2716210875   -1.9891226602   -0.5757854432   -4.4325548759
  -7.6258900009    6.8222863027    3.9418826653    0.0795196339   -2.9077167773    3.0193431141
  -7.6188328750    4.3984672913   -6.2292403280    2.7182346391   -4.5479771784    1.5990641052
  -2.9080664779    1.1210853513   -0.4221513017   -6.2687637689    4.9252019147   -0.9348726315
  -0.6192651255    4.3160054037   -5.1296938249    2.2077818711   -0.5735123187    0.9388751952
   5.4118993552    5.0327960268    3.9071982707   -0.5461314069    1.5271562760   -0.8073902364
  -2.3941543181   -3.6347939746   -4.8138749218   -0.5522470447    0.6507034647   -1.7087083450
  -4.9220993187   -0.1248785446   -2.8481232917    4.4742060840    2.1574341687   -0.1800301934
  -1.8516399690    6.7603223268    2.2428723015   -0.9769033085   -2.5312704872    3.7488959781
  -6.3041845634    6.6071234709   -1.7217994613    0.5637056567   -0.4034587976    1.1242666430
   0.1880009799   -2.5355670229    4.6323088274   -1.8178517595    1.5706771618   -3.5364777180
   0.5278431449    6.4598401313    6.2156875421   -1.8146246730    0.4133383924   -2.7960663275
  -2.7712861188    6.7266103817   -8.2934024513   -2.9827246009    1.3757192057    1.0503707133
   7.2702981090   -1.6128874510    0.6328162680   -0.0898245874   -0.8782491816   -2.5938709382
   4.1324195966   -7.3684432535    8.4684608623    0.9671994594   -1.2853721142    0.8868815439
  -2.5708427046    4.0582356464   -0.2207657055   -1.6489807651   -1.8645697100   -0.3302218120
   4.5309687022   -3.5434300674   -0.6004494224    1.4818421654    0.2302568281   -3.0996115838
   1.2783997690    2.3840201863   -1.1110920843    0.9461024526    3.5335819610   -0.0916663422
  -6.7210733712   -0.9675721079    2.6592380831   -0.9389412769    2.7781405104    1.9284938146
   3.5130420754   -4.9980212859   -7.3996557856   -0.9555322769    1.2172628922   -1.8292366211
   8.4854714034   -7.1159971644   -5.9376531760    1.8784537543   -0.3906957950   -3.9414427874
  -3.1999385778    7.1209977387   -4.7276912319   -2.5155641664    0.4947983086    1.4674567896
  -6.0430922039    4.2935899584   -3.4198219938   -0.7196426547   -0.5461990457   -1.0083356305
   3.4007141083   -3.6548311886   -8.0793406457   -2.7315423464   -6.3389154987    0.5536508146
  -5.9147649727    8.0612687046   -1.1012710389    2.5477106027   -0.1954356967   -0.3367655684
  -5.2443735708   -3.1022187852    8.4581241258   -0.6879413237    0.5817075803    1.7227929709
  -2.5530803463   -8.3175191243    2.4344522118    0.9569563456    0.0638054927   -4.4813838689
   4.6104421239    1.8601652712   -4.1969556502    3.4439059832    0.7618984852    0.0794530966
  -4.2292015368   -2.4857758323    1.4605321571   -4.2997926054   -1.5229072434    0.8259609984
  -5.4727953959   -5.7670667722   -7.3214040997   -1.1874416858   -1.8105478512   -2.0454060937
  -6.4768765895   -3.7321420474    0.6697984596   -0.2583224443    1.7573863599   -4.4324069554
  -1.9028161400    6.0324151837    4.4967603626   -2.1352942595   -3.3214678130    3.1054670434
  -0.8116461641   -3.7484320883   -6.7907658563   -0.0765484235   -3.0831100311   -0.1779666886
   1.0669371916   -0.8588381025    8.4703617486   -2.1870692201    1.9216328189   -0.3495386192
  -1.6406051559   -7.3168681728    6.1425203986    0.3468169834   -1.7011022729   -2.8956415605
  -0.5868541968    6.6440152118   -4.1603885079   -0.7805527822    1.0696084025   -5.4521938846
   4.6227849939   -7.8488013917   -2.3111325769   -5.0100356364    0.2726997587    1.0394579118
   8.2945106926   -8.2689092394    1.2769567817    2.4306237777    1.5987404252   -3.9395096626
   3.2860442782   -4.7700232409   -2.4356617319    0.3415337728    0.2195566738    2.2425037921
   0.1802309157    8.2316199329   -0.7652858123   -4.3425462343    0.7779079363   -2.1147383479
   8.2398193175   -6.8215767384    2.5600379872   -0.3484300088   -1.8892481466   -3.3715692984
   6.0255401791    6.2105086158   -1.6525454521    0.0291402730   -2.6675391538   -0.4553719024
  -3.6797592897    5.1794757315    8.1112649170    3.5608547915   -3.6282209469    1.9483685427
   5.7124919259    6.8320467970   -7.3134062063   -2.1454013518    1.3592447499   -4.1199231906
   1.4619808274    7.9944483775    2.3255927680    5.0704714386   -0.9917730618   -0.4299078120
  -2.7438692279   -2.8484269416    0.1062514144   -1.3039446336    0.5014115259   -0.8517480586
  -6.3662213934   -6.2591024875   -8.4819770715   -1.6965107482    2.0929923062   -3.5947083947
  -2.5682091227    5.2411268844    1.2412386023   -1.7703198328   -1.6790012160   -2.2665212207
  -0.7530606506   -4.3639579938    4.4648683377    2.6832955125   -0.8491061855   -1.2121381591
   7.2067787631    0.5390476079    6.7393192653   -1.9314987878   -5.0814850172    0.1697389097
  -3.6772713074   -3.9073500663   -0.1619197286   -0.8143030745    3.1314561946    1.0503390978
   7.3508393443   -4.4902503758    4.1553098535   -1.6844861187   -0.4556683643   -0.2108181697
   1.4120367917    7.3426940043   -4.6135795491    0.6674114779   -1.4787340160   -0.9329904707
   5.9434212482   -2.7689612086    7.3252730689   -2.4614385155    0.2871501553   -3.6826775044
   1.2097647230   -3.6698378026   -0.3444219741   -4.7785536782   -0.7217428872   -0.7254633309
   1.3805901614   -6.6718025055   -1.3744066817   -0.8144453208   -3.4638387313   -2.7435410971
   8.4830108129    3.4075708124   -0.6967683214    1.2825656761    2.2084476068   -0.6331017518
  -0.3656454493   -1.0250655040   -5.0781297410   -1.7552056146    1.6933545515    1.3274212814
  -4.1269746220   -7.5700102700    3.9815223644   -2.7035934562   -2.0371729239    2.5065577685
   0.1758818187    5.4689218693   -1.1294072527    0.5006426746    1.5353611431   -3.3405312380
   4.3462895314    4.2235725255   -7.2317773214    1.4142477354    1.2280795526    0.9013310590
   4.3297385351   -7.6943261020   -1.2962204237   -1.9301951353   -0.4189652396   -4.3740858405
  -1.1714931074   -4.3110778755   -5.3786809454   -1.9476919034    2.0218515092   -2.3479050364
  -2.3932067576   -1.9688938608   -5.2562770206    0.6107470296    1.2381161184   -0.3590891688
  -7.0469424355   -7.4079608852    1.5303625665   -1.0267382067    0.0916022232    2.3526392402
  -7.6004280088    3.9617341492    4.8066489790   -0.9067440143   -3.2756752560   -4.8818983362
  -7.4035777237   -7.4526676885    2.4886492533   -0.6694957833   -3.1154591798   -4.6617123209
  -0.4792213073    2.9245519834    4.2773323450    3.3875131599    1.7011974709   -2.2910128360
  -8.2274754864   -6.4565964341   -4.9703476381   -2.7679756599    2.2007335674   -2.6698729155
  -4.0785367722   -4.5809561805    1.8927519989   -0.6247145993   -0.0474193696   -0.1131134101
  -2.7358325815   -6.0763567838   -2.0852219293    1.1490405495    1.4596958517   -0.4638633690
   7.9683434073    5.2904784777    1.0447217128   -0.5637777422    2.0778175654   -1.0316194110
  -7.7926438881    2.3787615901   -7.3001445900   -0.0132991815    1.0343779988   -0.3422768084
  -4.7097428918    7.1930296422    1.8569936806    1.2233714829   -0.4471295209   -3.4922297821
  -5.3570435131    1.6194954780   -3.4725067465    1.0066650042    3.2592537245   -1.6662270247
   7.6789033042   -2.3150822636    4.6823930370   -0.3595631453    1.4063273149    0.3111826299
  -7.9149491108    7.2373622524    6.8015562474   -0.2476547988   -1.4149763191    0.4273516100
  -4.3679724054    7.8223742568    3.3091753980    0.9663110325   -0.1661315635   -0.1115466540
  -0.8287103212   -1.9091028574    7.0802118624    4.5975351126    0.4775230641   -1.8787514648
   7.3787710234   -2.7205981903   -6.3384043457    1.3950641034   -0.5622751475   -0.4384699274
   5.5407901938   -4.0936361319   -2.4560792680   -3.0714805791   -0.7944377558   -0.3982741305
  -5.9927518695   -4.9400734527   -7.3106679460    1.4667527107   -3.0766267248    0.7512700300
  -0.0013259230   -4.5464993606    5.1106590472   -6.1607422223   -3.4716166007    1.2129493151
  -8.4773292900   -8.1407576908   -4.3551696010   -1.2265202917    2.4570396783   -3.0962610842
   3.4751025502   -4.9612045287   -1.4536171793    0.0866047722   -3.5470035460    1.9039139436
  -4.4148854400    8.3504437608    6.4221586240   -0.7476623608   -3.0897153759    5.2541617394
   6.2352527639    6.3676305518    7.6649309875   -0.1828187660   -1.1944280348    3.4199625081
   2.9140036443   -2.0643817574    5.6029770701    0.6455740277   -0.6278641195   -1.0841986546
   3.6596863662    6.1548762715   -5.7050133017   -5.6476120768    4.1612719672    0.1733506975
   1.6837013641   -5.8406769495   -2.4498695578    1.0027605478    1.8505978825   -1.5636581990
  -2.9321846129    7.6497332879    4.2569894197   -0.7628220802   -0.6249113460   -2.2845561488
   4.7084619243   -6.1840858326   -5.8506065857   -4.0306721289    4.7719569301   -0.9861452644
   2.7227760573   -8.4407923935   -0.6182001793    0.1573002582   -4.7343687485    2.5714989060
   1.7139068173   -7.6916001964    2.4445556443   -2.3304072323   -1.0488731715   -2.9984215310
   3.3362588515   -1.8440842879   -8.0677401030    2.5620447221    3.8858137712   -2.1472250696
  -1.8504915811   -0.5052841360   -1.0061295375   -0.3355016506    0.1954664374   -1.1345147441
   8.4397932966   -4.5298161936    1.5596576912   -0.4854903305    2.1051316181    1.9558662662
   1.4127484749   -5.2051144942    4.5738745564    0.9071123857    3.9836652798    3.1929888378
   4.8298004698    6.4912907417    3.7832063868    1.6380104789    2.1911758948    1.8924501508
   4.2282660249   -4.5434212038    5.7457868440    0.9013245275    0.1603081927   -2.0017134648
  -0.2296125030    5.0255479843   -1.8058201310   -0.8007644612   -1.3434063886   -0.2338463554
   4.8167950230   -1.8870340231   -3.2774582291   -5.8640845028   -2.3372001471    5.2386769441
   5.6096511957    7.3201191451    1.7294119798    0.5295434039   -0.2227560563   -0.3580937362
   3.3046252491   -8.5210810077   -1.8124819484    1.9638608060    5.0928000323   -2.6888382033
  -5.0060513574    7.4045851101   -1.1490480089   -3.8723805896    0.1145265140   -3.0558046398
   5.3535962696    1.0843844091   -0.8164009661    3.1848667939   -1.2276103808   -2.6468737895
  -5.9203980235    4.0998032133   -7.5332024227   -1.4710074984   -0.8100168012    0.6033367064
   2.7569124097    1.5204707876    4.3038264503    0.1692885369    1.6644440938    1.0573196077
  -6.6864587030   -7.3684634887   -4.4111556734   -0.5018362827    2.2455255938   -3.6100325619
   3.6153281254    3.6226722504   -6.9906712450   -1.3660138344   -0.3963912489    0.7809959065
   2.8446226582    2.0260858193    0.9207071609   -2.5290133068   -0.2758362289    4.3850789921
  -5.8477016011   -7.9055341777   -7.3141109722    0.6710198054   -0.9075089251   -0.6983136107
  -5.1941240765    6.4336943018   -8.0894863143    1.6869311524    1.3461340515   -0.4233722088
   4.3425329773    7.9080659496   -4.7249434784   -0.4263773810    1.4254644132    3.2575417671
  -1.4619098170    4.9574947121   -2.4717270492   -1.6098126098    0.3025027334    3.9038725159
  -4.6142079896   -4.9841279453   -4.4264588358   -2.3104558136    3.1538817092   -2.2599597057
  -4.1767241952   -6.8735501507   -3.3810349053   -1.4055804777   -1.6687008291   -1.9621763656
  -0.5723316095   -2.9548452024    6.0004267070    0.6364952338   -0.8107081181   -0.1851820335
  -6.8945172505    6.0148700719   -5.8176667641    2.7987555127   -0.9437510285    1.7356878043
  -5.2347972759    7.0897466410   -7.2518916504    1.9182148953   -0.9157547109    0.9673115154
   5.4005343261    5.9328581149   -6.0249808213   -1.9302835252    0.3196549436   -2.0975440841
   8.4742193638   -2.1373149382    2.8365192302    2.4917187518   -1.5196340548   -3.9361414807
  -7.8387533338   -4.2421853783   -5.5821348679    0.1000577200   -2.5521516174   -2.2196813485
   4.5313734997    5.8159874366   -6.5888529389   -0.8348876632   -0.1449699556   -1.2816617146
  -1.2590779136    5.7930591703   -1.5744193576   -1.1092682841   -1.9897392555    2.1377700031
   0.5357475743    1.4445297238   -5.4424342231   -1.8296623404    2.5438234497    0.5584512949
   0.4486565515   -1.9872024274   -3.6728070178   -0.0140808941    4.0864420470   -0.8393598550
   1.8599230865   -3.6246374569   -3.5925648651    1.3829534090    1.5428669885    0.5562823155
  -0.8308879292   -6.2316785302   -6.0342145541    0.4787349328   -1.3013647861   -2.5772794311
   5.0723727109   -0.5413569713    1.7216963755   -1.1281557132   -3.6999912266   -0.8158595261
  -3.7557708647   -0.4224919999    7.8732340415    1.2272330975   -3.5545093786   -1.7570673293
   5.3373539442   -7.9275185167   -5.1731298589   -0.1854221697    1.1050240857    4.8073344158
   3.0651164874    5.2583495587   -6.6138898510    3.1159210928   -3.1134849584    0.4991808613
   5.1568614229    1.5585027012    4.7894682518   -1.6065227464    3.9022481375   -1.8435508131
  -3.9655237326    2.0011510315    7.5590695222   -0.4640967233   -3.2759607926    1.9820511298
   6.7028850747   -7.7538071095   -2.9128663437   -2.4739610283   -2.2408019824    2.9732179182
  -0.5597124288   -5.3130404707    1.3831825536    1.6845544147    0.6770561002    1.0172715682
  -5.8212806270   -5.3998433894    0.7987240210   -1.3867079656   -2.1171231357    1.5149779258
   0.3217972156    5.9837958033    4.3610583900    0.9172165924   -1.5517263680    2.8298046214
   1.3317260929   -6.8353130347    2.7067794238    3.3150844658    1.4578315826    2.6637023727
   7.3610167776   -1.2595784425    6.8471556823    0.5744882287    0.5037690969   -2.2076351573
  -6.3375479978    8.1471728746    7.0559886308   -2.0244860454    1.6944187254   -0.0309923169
   3.1887444517   -0.2811294084    3.0336436157    1.3994087720   -4.8819224315    0.1557605059
  -5.9046711159    8.0634794436   -6.5969932273    2.1402814044   -1.2961187140    1.9593346146
   6.8599194640    7.3032310288   -1.1872459427    2.9815939877   -0.6308417065    0.6356463686
   6.0990801780    2.7501647260    3.8278847998   -0.7968654308    0.5823480616   -2.3208034630
  -6.4546649258    7.9888814156   -8.1666021808   -1.3236301732   -3.8103953122   -1.2824728098
  -8.3006476368   -3.9618470821    3.5376478572   -0.9551522287   -0.3714505181    3.2961493933
  -4.6669867608   -1.1438428212    7.6790589977    0.7644371496    1.4302157538   -6.9679896780
  -3.1691703541   -7.4930381947    4.9547040695   -2.8630901871    2.0963963587    0.5317812182
  -7.1168471570    0.1918641917   -4.3015975082   -3.0521400360   -0.6313025382   -0.3182131185
   1.4583173992   -5.0844465467   -6.9043008003   -0.4618892073    2.5707198770    1.5364950205
   5.8464726931    4.5119779468   -8.2512761132    2.8639809903   -3.9746077786   -0.5521589997
   1.0554433576    4.1451991038    8.3098248756   -0.6976526494   -2.0839909077   -0.0667833397
  -3.5547102464   -7.6500545895   -7.4958310298    1.6866238265    0.1585111138   -0.4302954965
  -0.1750041513   -1.0464383392   -7.6802975762    2.8256095123   -4.6862799527    6.0483444571
   0.1610805165   -8.1773724179    1.0318775795   -0.0908111050   -1.7484824535   -1.7935782057
  -5.0665023561   -1.3729935343   -1.2900417295   -0.2436697036    4.1160166983    1.7244315286
   8.1943129849    7.7177945447    0.2461001211   -1.9805530838   -0.9032223827   -1.1402271361
  -2.1188452854   -8.0834301226   -1.8075347766   -4.8790345144    0.5930989827    2.0793792986
   6.6578381058   -0.4545140979   -4.7991483892    1.2438110524   -5.8120861710    1.0826180764
  -4.9800269612   -2.6093820706    3.9420606580    1.5942432142   -5.8492341605    3.4790927300
  -0.3898282651    0.2216560752   -7.6971037729    0.6836506516   -1.1109029607   -2.1917157219
  -7.1562270817    2.2772964370   -4.2248521687   -0.3960761394    1.6207808550    3.5773309460
   3.2137161906   -1.7308906459    0.8190189821    5.2200737859   -0.6448186732    0.8325769155
  -4.6799917520    8.3726177998    1.9647099337    0.4270070403    0.3461115042   -0.8626675343
   0.4329818669    3.5954065145    7.7895832855    1.2973294505   -2.8145187580    2.2002112037
   8.3153305923    1.1433196004    1.1553118029   -4.6954805207    0.1048324740   -0.0011298555
  -7.2489979325    7.4782489683    7.8622312575   -2.4015819548   -1.6898166310    0.7029478346
  -0.4257235792    1.5555031585   -3.0582548512    0.9478710804    1.8837698351   -0.6368316354
  -7.1359879511    5.7362354570   -8.2408111491   -0.2139585380   -0.7592185544    0.4998019935
   2.8227522694   -1.8084813905   -5.1998976854    1.9727317572   -1.4312673725    2.2818059149
  -2.2677380920   -7.0911264948    3.0250946187    0.5487273668    0.1729479316    2.7885054189
   1.2016063314   -0.6268886032   -3.4847442035    0.9147656049   -0.0789200016   -0.5012781898
   0.8705343680   -4.5167453224   -3.4438274639   -1.1847463952   -1.2161020313   -1.1361345336
   2.5085551610   -1.0526293202    7.4494928447    1.1452059368    2.0926119983    1.8473923367
  -7.3050161853   -3.9432685377    4.3075379754    2.4954501644   -0.8718208371   -3.0865420572
  -1.6630455526    7.8784193551   -7.5760635285    2.3357013953   -1.1174344897    3.8101382417
  -7.4948594345    1.7610302431    0.3407838480    0.2410397316    4.3579927359    2.5958895875
  -6.5926235134   -5.1825484342    4.1809927493    5.0752037507    1.0162361386   -3.5084710179
  -0.2437697417   -0.7047564398    5.0835203105   -0.2127873149    1.8598888842    0.3502194559
  -3.2726942443   -0.8299413974   -5.1542718166   -0.8452277402    0.0372684472   -4.8978434663
  -5.0225059877    4.6836058643    3.8735460871   -1.6517383198   -0.6757810275   -1.7488040675
   3.3467102377   -6.4120657402    7.3632736152    3.6944886891   -4.8472632452    0.8980990101
   5.1423667283   -6.6528230688    1.5136193464    2.1363453371   -3.0492860629   -2.9470410681
   7.9201432621    7.2823262157   -4.3042388645    0.2017796724   -2.5888358087    4.0287307961
   5.1973883415   -8.5348883573   -0.0617428516   -2.4323181856    4.7423991274   -0.6718589368
   6.5269885543   -3.8542814466    5.2942989235   -2.6663824827   -1.8023866847    0.7447347398
  -0.7164250687    6.6096909223    6.9153299781   -0.6008948095   -1.8139871091   -2.0915997298
   7.4141581746    5.4573414743   -4.7732613683    3.2340072436    0.2546799047   -2.4232567351
   1.4742928719   -0.8433453507   -6.9934500609   -2.0657436697   -1.7334290812    3.6584082422
   1.0304078472   -5.2901773722    3.4983708614   -1.8377536089   -0.0580543246    2.1709966073
  -7.6732341678    6.7429775869    0.3742647405   -1.9833279978    0.3594293470    0.6482048117
   1.1548794573   -5.5448837937    2.0066299019   -2.8921982661    1.9141621670   -3.1280557851
   3.5568916616   -6.7327701716   -6.2789089581    0.4640405049    3.5560951056    1.2259627998
   4.1632120312   -2.9285586814   -1.4740732337    2.0702477738    2.2216709018   -2.3086995738
  -3.9760295847   -5.5843385774   -2.9903615030   -1.6946699893    0.1495208217    5.0238740569
  -4.9186389767   -4.9350076679    5.4765516637    0.3154553151    0.0405903950   -0.9794073019
   3.9038744232    2.7538307343    1.0969459277    3.6363276351    0.6180353790    0.4467313874
  -3.9430840365   -5.2125128864   -0.8704505425   -1.4763551561   -3.7092591769    0.6474113886
   6.1311878953   -7.5020301993    2.2488170668    1.2690472957    0.2194289569   -0.9545814346
   1.9114892885   -0.9798011912   -2.9364406631   -0.9230840634   -2.8438312969   -0.4860224043
  -3.9877037554    5.7066684945   -1.6346830203    0.6873257303   -2.1787012247   -0.5365464038
   0.7980139958   -2.7167932122    5.3801136627    0.5084059623   -0.4099911929    5.3057178136
  -0.2847271360    0.7304356656   -5.3597718718    5.0776423531    3.0551171804   -2.0814791072
  -0.4982457308    8.2855870234   -2.2343205074   -0.5953841609   -5.7095639093    3.2969453012
  -1.8215282954   -3.1476822886    7.9603427572   -0.2512003302   -2.5513676287    1.0416778575
  -7.7081878986   -7.0573721379   -8.4065070049    4.0427281268   -1.6984422187   -0.0879334298
  -0.0131998308   -6.8829739847   -2.2918263969   -4.2131058936   -0.2954514385    1.1382942803
  -7.1078660114    4.1524476035    2.4902696107   -1.9731222093    1.1976423810   -2.3079846183
   7.3301149834    6.4673065641   -0.4391459976    2.1652449268   -2.4361255374   -0.8060758752
  -2.6338493240    3.0371951850   -0.9714382888    0.8061715061   -4.4702514671   -0.9893716792
   8.0629529489    7.8764223173   -5.5764963255   -0.6719588176   -2.8338026876   -3.9510230486
  -8.5046549532   -0.1542360744    2.0252009179    0.2545405712    1.5202372075   -1.8101545984
   5.5692345576    5.7163923657    7.3208351504    4.6671188755    1.0243324610    3.7945153715
   6.6962897157    4.5557263323   -4.9111122342   -0.5266079602    3.3356150645    0.9010395220
   1.1451514333    1.5238637487    7.6116281335   -0.7731173419    0.7809240529    1.4512835748
  -2.1936406057    1.7992793500   -1.3381277151    0.2745446843    1.7720655491   -0.5914690323
   1.1379071877   -8.3044339636   -6.4490801629   -2.0154913429   -1.4631132503    0.3809449788
  -4.2674507600    4.6014981284    3.0448203135   -2.7442038032   -0.7025931385   -1.0827558134
   5.0281155017    7.0458406903    2.5915282270    0.5205853826   -1.1217204626    1.0919411692
  -3.6700514650   -1.6614545315    0.6133032943    2.0389378728   -0.4989353262    0.6527836811
   5.8211406995   -3.6791670301   -6.4443297463    2.0359486468    1.6618926275   -0.2539393362
  -6.3319989960   -4.2598324784   -6.0995514687    2.8500619133   -2.1343362671    0.5365084916
  -1.8215576464    1.5546745266    4.3021786474   -0.4617190865   -0.0859187212    1.1326808457
  -3.5289986239    3.5409415117    7.5171855947    1.7224426647    0.5004937184    0.7937066026
   3.8047082124   -0.0440814512    1.4284727877   -2.4362264862   -1.9566596879    0.7569701212
   5.7576190396   -2.8992878140   -3.2065038268   -0.7151385188   -0.7869348601    3.0258393923
  -5.2048643348   -8.0101514297    7.2079829074   -2.2494309806    0.5504287194    3.7020915549
   2.1497098393    3.9691523877    0.3261479433    2.8411434042    2.0167970593   -3.3525521521
  -5.9958989949   -0.6298730318    7.3351377478   -1.4238096500    1.6903634856   -0.2722137898
  -6.7497875029   -4.0355379875   -3.4253803208   -2.5379315077    3.3226964219   -4.4874293274
  -3.0522387491    1.7767682766    4.5826428736   -0.3796015317    1.2659496066    2.4687274268
   2.8693393950    1.8907756256   -5.1460849704   -0.2947977999   -2.0761103311   -1.3449541976
  -0.7131772862    5.2701914855   -0.9607516825   -2.3516101765    1.9822658614   -0.0146858762
  -2.5102985154   -6.5654697203    8.0216633138   -0.9851912275    0.6529482990    2.8471347004
   6.3187435675    6.6361447506   -0.7389988087   -1.8569920894    1.7135067619   -0.8907158193
   6.4332866543    1.0359352926    1.6458496661   -1.0501951052    3.8521229529    1.1504004793
  -7.1117864930   -1.9606406047    6.9311507203    2.9036267842   -0.2584096574    4.1342747765
  -8.2096527930    3.0157570449    3.2068275026    1.1545038975    1.2536144379    1.6810392031
   7.6020311657    0.6020394287   -2.2880737095   -2.7540434208    3.0860171728   -2.7898311788
  -6.2758507731    4.6332878282    7.7139673191   -2.3553251578    2.2541286594   -1.9825359846
  -2.0680429575   -6.0496113483   -3.5418885545    0.6547921247    1.3565802436   -4.3306393393
  -1.5119110448    2.3872833495   -7.4968772619    0.1664194354    0.0439511702    1.8969856759
  -6.8944583620   -8.5399808388    0.9581462976    0.2273483783    3.3050588612    0.3241365022
  -3.9280007426    0.3101453783    5.8440385330    0.5648774240    1.2880838313    0.6866869294
   6.5525207856   -3.0545246860    1.2500894885    1.5041054762   -1.4438849624   -1.8272610689
   6.9775556960   -5.9538165644    1.8231011320   -5.9043590628    2.6101757588   -1.7975675099
   6.0923697955   -0.9558523868   -0.8086342642   -1.4468055708   -0.3078095370    1.0968401569
  -1.4581993315    3.4435914119   -5.2306786968    3.2865839279    2.5631008604    0.4878181595
   3.0502591329   -2.8305629067   -1.3064526392   -3.2710565065   -3.0492678530    0.3237961448
   0.8583927093   -1.8216372638    7.6595844982    2.7129018068   -0.4027110698    0.9928525685
  -2.7858686215    0.2076239426   -7.5615613500    0.3754318026    1.9968635909   -0.8506058257
   7.1030421199   -4.0750247108    3.3189071046   -2.7455681183    4.8489499959    2.2379939377
   6.4828517465    4.5495425743    5.1170300201   -3.6678159348    5.1129456569   -4.5342428535
  -3.5613726093    0.7339130667    0.6161057237   -0.8847674338   -0.5155297718    1.0337598812
