           1000
    17.09975947
  -0.5971337046    3.6619974267   -2.2193303061    2.7247653229    0.0471082441    0.8990334525
  -5.9998565982    7.5367151046    6.0419608117    2.4937766898    4.8806911582    2.4864805206
   5.8143665147   -6.5461716878    4.1038695770    0.9223819298    0.9050053104   -3.0093886777
  -8.3136704345   -4.6142440405   -4.4200408514   -1.3296758915   -0.1855472081    0.7495784299
   3.1239013944    6.1714258955    6.2123346139   -1.9933314999    0.9644432376   -0.1779720744
  -2.0225615842    7.9665916605   -5.9927374964    1.5930488125    3.0810018273    1.0220160262
  -4.0235862719    7.0715421081   -0.7302185340   -1.2480944298   -1.7331724754   -1.1809907210
   2.4022006036    4.4734610070   -4.1424370975    2.8348541118    0.5689682228   -3.2412431917
   3.5232480116    3.9459061504   -4.8946381097   -1.0669723394   -3.2044118010    1.8082374109
  -1.8895210883    0.7547456171    7.3900911058   -6.2293784495   -2.3867798916   -1.9093416902
   1.9291415726   -7.8878372481    2.7186489760   -2.6285210678    1.4253660173   -1.1039922304
  -1.8566613015    6.8338979677    0.8105602210   -0.5895758094   -0.2982069516    0.6661487999
   8.5419988550    0.3813468417   -2.4248480466   -2.8704507636    1.5631519169   -3.7467032610
   3.9802381464   -3.3897995296   -8.3506854964    2.1932420174   -2.0216823146    2.7656461140
   6.0765383874    7.1986756117   -7.4613494885    3.0875594638    3.1448900523   -0.3508305820
  -4.6413247270   -3.2600370557    8.5425081019    2.2748090961    2.2814965180   -0.7810058920
  -6.0193351580   -3.0024737337    6.0252620980    1.1632814943   -1.5737863158    1.7573026264
  -8.0944884621   -3.8269193088    1.5466574650   -1.2183054972   -3.0107024577   -2.0555253282
   8.3994612444    5.0565077914    6.3976987093   -0.0991236276    0.6215183649    0.9014010003
   3.1587078061   -6.1967879013    5.6180414649    0.2272267764    0.1166968331   -4.7587922991
   1.1567602537    1.7912884722   -2.6738277225   -3.2418677372    3.5040368518   -3.2999766618
   6.8420777607   -8.0552633351   -6.3580396379    1.1043049970   -2.1885071718   -2.7190379838
   6.4185587206    3.6806415552    0.8610442269    0.4246522734    1.8264108319    2.9595169259
  -4.3409382714    1.6911894870   -4.7386560598    2.1621394684    0.7041681680    0.2609095814
   1.2091634001   -3.7849808902    0.8407434989   -1.7738632797    0.0544246039   -0.3428085239
  -0.5293443921    5.8941608467    6.3203464324   -0.3938403555   -1.6382691274   -3.7449587667
  -7.0409808435    5.8927823971    6.1170350241   -0.4919462776   -0.9126966646    0.8665294854
   2.9446917154   -3.0736319878   -7.8846587929   -0.2178251774   -0.9275645824   -3.3158009952
  -5.8928632809   -4.0990295102   -3.5168474212    0.1108432266   -0.5035665728    2.7470442089
  -4.6741007652   -5.3806176479   -7.9946319394   -0.6002438464   -0.5245865593    0.7856050942
  -6.3235722315    2.1463013130    5.3329769965    0.7512115554    0.8874129574   -3.0618465337
  -2.0812254779   -6.4462618768   -4.9043248050    0.3291963390   -2.2399609650   -1.9621633100
   5.9375255369    0.6438037646   -1.2427640828    0.0100796973    4.7141541110    0.5268168357
  -3.2184858978    2.6624913051   -6.0275600495   -3.1494206800    0.6242422500    2.0042984926
  -8.2501926961    8.1355127202    2.5383426305   -1.0741335764   -2.3755406842    0.5901790885
  -4.9145253861   -3.7707440703   -2.3852355450    2.8333660890    1.2495164000   -0.5209789372
   1.4027288426   -3.5398152220    3.7058660795    0.9630743553    1.4349573184    4.6011380295
  -5.9785417152    3.1050935142   -1.5847106352    1.9206989708    0.7215563032    2.9283749377
  -8.2339751071    5.3205237923    4.9577206349   -3.1248643458   -1.4223394881   -1.8815186172
  -0.2215647617    2.0745526341    6.7919370795   -1.6862843671   -3.0576066076   -0.9867810902
  -2.4675770866   -3.8994396461   -0.2230310036   -1.5860950417    0.0588843354    0.0730773238
   1.5948669753   -3.5076080233   -1.6237436927    1.9165882567    2.4115871108    0.7085375857
  -0.7152690281    1.0732611218   -7.1489205517    2.1349401934    3.1538590169    2.1882906915
  -5.3745935018   -6.0273594781    8.0859155846    2.7026675133   -0.0104897778    3.4008971252
   5.3279637700    3.0666023775   -5.7426270737    0.2774426190   -1.9472270112    2.5067994224
   2.9761610993   -1.1564404587   -2.0515049937   -0.9036276166    3.1472404533    1.8985984027
  -4.9611897940   -7.6071062216    2.6087895367   -0.4168341054   -0.8705046814   -2.7539041013
   7.7065831564    7.7885557728    4.7975593088   -1.0083020301    0.1351322613    4.2283394416
   2.4852169505    8.4826301996    7.5528440589   -2.9717659798   -3.1882124917    0.6694746384
   2.8172322827   -1.9585245761    3.6968275320   -0.6984151793    1.4711231241   -0.3829914028
   1.4068099821   -2.7486324597    2.4629297717    1.4962458681    4.6552080180   -1.8615509780
  -5.1540394210   -2.2633390835   -3.7314032376    0.5395833962   -1.0028669337   -0.7137114099
   3.4964966807   -0.0606733766    0.3308801011   -5.1973829328    0.3931913686   -2.1134767278
  -4.4897694662    4.6831858593    2.4019914881    1.5459451191   -2.4052560900    1.4892865722
   0.5972430952   -4.7476475613   -4.1481965148    1.3705774285    3.6497317455   -2.7360045305
   3.1778145441    5.5077916726   -7.4580622064   -2.1269812819    3.5170895474    0.7566191529
  -4.6000312518   -3.4838725364   -7.5764953509   -0.1351159685   -0.9090138506    3.5733476524
   6.4197641189   -6.8877645306    0.4332470210    4.4070859514   -1.8854695592   -1.0493332467
  -1.7991128393   -1.2599983931    6.6151433889    1.0749711010    0.9255391495    0.2734582929
   3.7500683906    3.7584264404    0.3226453759    0.7550262153   -0.6876621390   -2.0575212935
   7.1549327357   -1.8140179077    1.1625261984   -1.7259181358   -1.5591247271    1.0433423223
  -1.2583069766   -5.0634882466   -1.5978549339    3.1247442754   -3.0547996570   -0.9797556585
  -2.2237929931    7.7470054768    6.4717591877   -2.7233841761   -3.1425999442    4.0746523599
  -7.0383345575   -8.2896445017    2.6691191565    0.1615888311    0.2293836454   -0.3183669099
   7.4582138363   -3.6032356222   -0.2516142083    0.3179194701   -2.2382856450    0.4022027648
  -6.5093553922    5.7605718838    2.8311281011    2.0209173392   -2.8258685163   -1.5668959376
  -7.4285793381   -2.7657409441    2.5288767912   -3.3126518834   -4.3504162909   -2.2766216429
   6.2859759778   -5.2559689209   -2.8580275662   -1.4562743026   -2.0223032120   -1.2544142138
   7.0791145105   -5.5496543807   -4.5962222389   -1.3958475353    0.1634131334   -0.5286410418
   2.3145376396   -4.9002135174   -6.5674045257   -0.6185928343   -1.1390377329    2.1565058221
   2.9624625629   -4.4723101689   -0.9687634306   -2.4994844503    0.5650051507   -1.0709529468
  -7.9536077703   -1.5638666067   -8.4773725179    0.1653515809   -0.5689881883   -0.9590710528
  -6.2284038932    6.7522667526   -1.0901129116    0.8175212594   -1.6190659276    1.1406256075
  -6.5059455685   -5.9632564355    7.1421856174   -0.4058725159    3.4933980992    0.7584387775
   0.4068765097    3.8005862855    1.5051267830    0.8440370929   -1.4593704316    1.3902757253
  -2.1611168889   -2.4669171880    4.2092685437    0.3850621230    0.5636863426    0.0872883992
  -3.1255279363   -6.2687175480   -8.3587246838    0.2183022903    2.5200480071   -1.0880549207
  -7.5568317800    7.6333077790   -1.8592417909    1.0487932840   -0.7602793438   -0.5991165083
  -6.7713943755   -7.8420129604   -4.5260435427    2.9880380311   -1.3647676219    0.8718554949
   5.3971569542   -0.3401986444   -3.8296741000   -1.4232667173   -2.7519291938    1.4835225086
  -4.2158944369    4.0050164467   -3.0597995998    3.2320354525   -0.7163149038    0.8003621069
   3.6555090184    5.7107190456    2.2923943061   -1.6575533793   -3.2117046080    1.7801573671
  -0.7076611836   -0.5761159279    7.9308360356    0.6328014525   -0.0640123962   -1.8054582830
   1.0937075008    2.4051079929    5.7742558420    3.3030989173    3.1385741231   -1.8005143275
   4.0664582063    7.9309089587   -2.1442850591    0.0871055512    1.7090474127   -2.5614571717
  -6.5398912126   -3.8987833696    8.3281157608    1.2833085376    4.1140945330   -0.2251996024
   5.5318399628    5.8556176187    3.6705547083    2.5100807467   -1.2962263243    1.5034636354
  -7.2190339981   -2.4346827827   -7.9789916479   -0.0382563633   -2.7805627304    0.8644052288
   8.4039041033    8.5311299243   -3.7184108816    4.7471906187    1.1314596513    6.1239444102
   8.0004345015   -7.2290003744    5.4455928638   -1.0613878814   -2.3537524822   -1.8907607504
  -3.1088855490   -0.5426126824    3.7733157566    1.5022127839    1.2545466951    1.9394684770
  -3.1904831230   -4.0420258703    5.9809558665   -1.0502186228    0.3309124949    0.1946745010
  -8.1927822618   -6.3903721919   -6.9165160365   -0.5029949193    0.4840455558    0.5224709848
   6.6778798982    4.9522293087    1.6652903118    0.9654975307   -0.7131466804   -3.4783978940
  -0.4069738635    8.3356967670    5.7056521586   -0.1618098190   -0.4206792329    0.1150528623
  -6.6902722262   -5.5342098290   -3.2645439569   -2.7017170694   -2.5576711452   -0.3542147781
   2.7848410648    5.4572573105    7.0978615860   -1.0887389031    1.4668693616   -0.3722823679
  -0.8673410765    7.5788610968   -0.4337076837   -0.3952739470    1.3126687950   -0.9025053839
   3.5908300261   -2.4052708953    1.8693018631    0.4069740496    1.1496418894    1.0279057115
   8.4041741619    4.0828517076   -4.6094891486   -0.3100219034    3.1860395093   -1.3726210958
  -6.4068630706    7.9612106503    0.8278264752   -3.4149590441    0.9269656332    1.4685295691
   3.8160823624   -3.3221209864   -2.1449673247   -1.7866553114    0.3257746539   -0.5956878885
  -3.9562673013    7.8243646367    1.4894957914    1.3965426260   -0.0018463279   -1.2496183173
   0.8603525334    0.5273064286   -3.4576155948    5.2612715219    1.0985461158   -1.3007687510
  -7.4600801886    0.5974582246    4.1882197544    0.3595808307   -0.1733689225    0.9374302644
   1.3474073647   -5.4545044984    6.8905854701    0.9731913636    0.2703546460    3.3918477472
  -2.5123085057    2.6481360179    4.7967261181    1.8363773003   -0.6178816135    0.9413319768
   4.6920175784   -3.1990632694    2.5526722746    1.7274620981    2.4003351230    3.3268167894
   4.0598637022   -6.8871894800    5.7963784679   -4.7775492512   -0.8364923228    0.4571984301
   3.1172280920    6.9076985780    1.8697679742   -0.9857698381   -0.2663703164    0.7941227351
   4.4727918872    0.7539245375   -5.4066061589    0.1313470066   -1.3456823579    1.2505493450
  -3.3265464478    1.9420009853   -4.0963209426    1.3470312664   -2.2900257510    0.7991041368
   3.0327064048   -2.0423213952   -3.9651223558   -0.0571520695   -1.3246816449   -1.6758561669
  -3.8484043592   -4.9987383299   -4.3046571852   -1.1664436930    0.1762062948    2.7833248416
   4.7888003917   -0.2859111442   -7.9679417072   -0.4107362034   -5.0712175202    0.3833179264
   5.5130684627   -6.3361821239   -0.4906513410   -0.3133966309   -0.4201345656    3.8070750269
  -3.6183891582   -1.7593788163    0.6109520081    0.8466211237    2.9441442508    1.0279148181
   7.6956388875    8.3131680229   -6.0180321262   -3.8094628150    0.0368689226   -4.4690644287
   1.8760833818   -7.4176795012   -7.3203225138    0.6084891087    2.6222575644   -0.6886712073
  -6.6730650494    8.1260564553    5.5996196639   -4.4079243563   -1.9158494276    2.3187927805
   5.5306740365   -2.4757896498    4.4098319874   -0.1448480321   -2.0296689001   -0.5218625996
   5.1445399868   -0.9935232699   -5.5848192947    1.4356397846    0.4219080753   -1.6742397384
  -8.2920366337    2.0952034606    3.1152055425   -1.3281827918   -1.3239823740    1.6065870040
  -5.1961126438   -2.8956010531    6.9874493042    1.4188209264    0.4264222907    1.9941620672
   2.3689110254   -5.5823188071    3.4034857433    3.8116380156   -2.1678094573   -3.4828747465
   7.5911155334    6.2832615987    7.2502978531   -0.3146534721   -0.7563830528   -0.6104950326
   1.2364368700    5.3969854590    7.8468453730   -1.2660775180    1.4830347908    1.7226601931
   5.8455171968   -2.0964611546   -1.2895652477   -1.6283979052    1.3136826716   -1.7994932557
   0.4924111949   -5.9984695906    0.3864159529    0.6324510265   -3.0244995701   -1.5796376162
  -1.8878380365   -8.1673909386   -5.8097025091    1.7730140771   -0.5291640142    2.6637760580
  -1.1252368730   -6.8990231460    1.3749102629   -4.9884604809   -1.2143070057   -1.2195081533
  -2.2736698183   -0.8734463935    7.4313960571    1.9240352051    1.6208734807    0.0630052054
   2.6336743988   -5.6716724419   -5.2060433698    0.3062490715    3.6075424775    3.4749507346
  -3.1063499184   -2.5530176797    7.9842008011    3.7407161233   -2.6008078701   -0.1099115601
   4.9638138488    6.8648854194    2.2985811308    2.7124688285   -0.9329556654    0.9138399608
  -8.0891940098   -0.7189728358   -6.2045634435   -5.4585088151   -3.8653681386    2.5287456211
   0.2265747147   -7.3900109542   -2.0064516043    0.8369598003    2.7233682621    2.3123487006
   1.6135429230   -6.8791451924    2.3136245266    4.2173180031   -1.3019594255    3.9488731320
   3.9181500740    8.0008954122    0.2981277644   -0.3306394586   -4.1940851371    2.1082861399
   0.5522165022    6.8271769052   -4.3436216103    1.0953720095   -4.8735374257   -1.2404850766
   0.0506999732    1.3557274461   -5.1342060173   -0.3665583513   -4.9170039805   -2.2096844548
   0.4435428500    3.7665965632   -7.3406126325    1.5843928902    0.9022164153   -1.7368972235
   7.8935514778   -8.0173569620   -4.5875930087    3.2019637274    1.7413431767    1.8915005233
  -6.2232825036    1.3710002972   -7.9815786561    1.6195239334    2.8650621456    1.1592018344
   2.7207660250   -2.7701191594    6.2476635381   -2.1686300677    3.6993653970   -3.1878906195
  -7.0785424969   -8.5001364542    7.0777561737    4.2181392750    0.0531275675   -2.6934128526
   1.2038978824   -5.0676441598    5.2277958529    3.1823827621   -1.5324777121   -3.8127899322
   7.5009958485    7.3683339897   -8.3777673237   -4.7440059739   -1.4896355557   -1.8420178078
  -3.6053592331   -6.7393391758    4.3489670852    1.9081736878   -0.9234860736   -4.2334475666
   5.0072702760   -1.6314114672   -4.7227891051   -2.1109280487    1.5643123623    3.6504421466
  -2.0693499574    3.8457987259   -3.3874151066   -1.2002512438    0.9907306453   -1.3563896549
   5.8257326184   -8.2217201218   -4.9013925103   -6.3382482249   -3.3874567366    1.9423985939
  -7.9429017169   -4.0246325513    6.4977940091    1.8283476257    0.5070960792    0.2365829865
   2.9547045766   -2.9187611845    2.5633262546   -2.6016687676    1.9978647900   -6.4636364646
   6.6884808259   -5.1983986244    8.4988691087    0.8819757926    0.0184926780    1.0667997996
   7.9625332495    8.2593262951    1.5766658500    2.6140862015    0.0255459074   -2.3237047206
   2.4681723159   -5.7421143632   -7.8217746267    1.3870170525    0.4570376933   -1.1171186068
   7.8528259025    1.2287619285   -3.2746862645    1.4702717225    4.3831917438   -2.6304276807
   1.9869452589   -3.4067875539   -8.1541422720    0.4405654266    0.9595600402    0.0022306055
   4.9139879988   -1.4657188475    3.5252932803   -2.9320096818    1.3502865331    2.1980800664
   1.0129301653   -1.4219840246   -1.5435004241    3.0312083830    1.6085877075   -3.0094647313
  -7.8505989454   -1.3933183722    4.3887474695    1.4782799552    1.4613543785   -1.5628913332
   2.5029764991    0.0562555432    7.4256146544   -1.5957229858   -1.9065408996    1.9631789823
   5.0735181090   -4.1372640382    1.5541997901   -1.8369819275   -0.9956683568    0.7143829227
   0.9665174515    1.6649551315   -0.1348883094   -1.1198435034    0.4503969894    1.5091225576
  -3.6547045040    8.5020438706    3.7657697785   -2.8980864544   -1.0238965629    0.7137451970
  -5.1343372310   -1.9791610412   -0.1243458760   -3.1578716619    0.0831140992   -2.4343734648
   5.8052271897    4.0101979944   -2.8974662896   -0.9573118228   -2.1448300689    2.1770032254
  -8.5327279842    1.3481085398    4.3147799129    0.5477119820   -1.8623887575   -0.6115233695
   4.6481002934    2.3743791757    4.7444524736   -1.0556058774   -1.2999853459   -3.2625186945
  -7.1188372605    2.3815474508   -8.2147766590   -1.7281822036    2.6534493501    2.3073974113
  -4.6996794427    2.1287957866   -2.1992381824    0.8874216480    4.0424297233   -0.3285456981
   2.8399095088    2.7668623609   -3.8985759921    0.3475141675    0.9231401079   -1.3449097024
  -7.3678298520    6.8056042402    3.0060062374   -1.0499569453    3.1749584499   -4.6080695581
   8.4519967946    8.4574561557   -7.6489750941    0.5203118325   -1.3915536530    0.0019955481
  -5.9970835627    5.6195294719    0.7034198819   -2.6584519017   -2.1192549228    0.3203298321
  -6.4139820654   -5.4697851976    5.2496414701    0.1607232612    2.6475106804    0.7873916757
  -3.5441912131   -5.2636356739    2.4400836234   -1.7703268804   -1.5565097151    2.2910125672
  -0.4658607646   -2.3293174692    0.8454114316   -0.8296461518   -3.6688511396    1.3373695288
   7.1055400878   -3.1154290439    5.1941095560    1.2594146410    3.0473147373   -2.1379204985
   2.2760479380    0.2166374344   -4.8124033821   -0.9174242849   -1.3305887802   -0.5050165400
  -1.2445171737   -7.7983194177   -1.2620123590   -2.3037183685    2.6775823083   -0.8449847926
   7.5111550974    0.3608160438   -4.8417091354   -0.8917911104   -3.4107869472    0.5182034235
  -2.6368305531   -3.1201463856   -1.4329798830   -1.4742071823   -6.8965481951   -1.8215045335
   2.3717495635   -3.4474668405    3.5637410132    1.5575463731    1.2018842812   -1.4361416975
  -6.2902163450   -0.7944968525   -8.1219612908    0.2411413242    1.5882885624   -2.1496698283
  -8.5307953790    7.6302735408    6.9656139514    1.4495818725    1.0455504105    1.5384424824
   0.4832001813    4.0082355852    8.0758492819    1.0653420307    2.3120698837   -0.3812458735
   8.1019134499   -4.1299406126   -3.1080215883    1.7334735612   -4.8731087731   -0.6600957777
  -3.4532784647    0.5050250375   -1.4367767789   -2.5516559155   -1.6404859395   -1.9733720584
  -4.0784181500   -4.2681544911   -2.8014725688    2.2743816818    0.6829314547    4.7575761489
   2.8442058135    4.6803964445    1.6071059104   -3.5764909960    3.0400568590   -2.6029867489
  -3.7540961474   -2.7318485388    6.9192988488   -0.8370725205    4.8932032173    0.7230944574
   8.3905664681    0.3672175516   -3.4106330758    2.9449983607   -0.2022578666    0.4131831451
   7.8160207342   -2.3730442477   -2.0925761970    4.0022922127   -3.6425514755   -4.7680364760
   8.1493340494    4.5272630773   -6.6823590720    0.7746337017   -0.4353107697   -5.5572704657
  -7.5789924422   -7.4865633659   -6.8683032870    3.1800574104   -0.8840762177    2.9532577482
   7.6872877199    5.7371207865    0.7218848582    2.6813958908    6.1487957609    1.6321405658
   2.9528892228   -7.2582884697    6.5435623254    2.7290717773    4.9916150614    2.8808788453
  -0.3197205070   -8.1626556397   -0.9598571325   -0.6703448704   -1.4724910778    4.4533622538
  -3.8104827149   -7.4208037136    6.2871199669   -1.9392958000   -3.6972338117   -3.2461698291
   2.6592874202    5.1828203779   -0.8511968550   -0.2205328252   -2.5423141819   -0.4857650210
   8.1825302668   -4.0210875042   -1.3552010626    2.4635994064   -1.4613827175    1.7075647092
   1.6869625026   -5.1141227633    7.7611978411   -0.7471306343   -2.9390703389   -3.3354064645
   1.2891153704   -7.7488795589    0.3473901208   -2.7954093182   -0.9079776485    1.5352256263
   2.7449265878    4.3531249438    2.7156050755   -0.7240183309   -2.0830138852    2.1340227831
   5.9104596729    5.6605741003    6.1087235666   -0.1944348281    0.1676287331   -0.8820865125
  -0.6150490689   -7.7408453891   -5.4189619069   -1.1358984213    4.2747539442   -1.5075328628
   7.3914984854   -3.7794036725   -7.9761952485    1.1530043371    3.6490055041   -0.3576651396
  -4.3295859067    5.8157939288    2.4760214663   -3.6843747981    3.2008919185    1.9975469555
   0.5173616175    8.3255781604    8.4347157750    3.9234802861    0.3716291576    2.5664611473
   7.8224356658   -5.6056489614   -1.3814595673   -2.7900267179   -0.0456370208   -2.0627280268
  -0.7429845638   -3.9654293014    3.6374169642   -2.2882703492   -3.6349118517   -1.9297439746
  -2.9851912201    0.7539346408    4.4646035084    0.6947646331    1.6044624313    0.8729637857
   1.7382915159   -8.0506483715   -6.3177625863   -0.1822291103    2.8034354901    1.0842679356
   6.4498429434    2.9632004319    7.8711639519   -3.2132416340    1.3074433171    2.4652379792
  -7.2674215328   -0.0195397550    2.5697356958   -1.0704610648    0.9311907692   -1.2707379981
   4.3763074612   -7.3398879602   -4.8661181569   -3.6042579087   -2.4724406493    1.9718813705
   3.7142232783   -1.8216802798   -8.1753328490    2.3709698625    5.1519886499    1.9488753781
   2.6336941961    2.7945733407    5.4181732781    0.0930156678    1.2764443858    0.8196082219
  -3.5283960991    2.9787740708   -4.6405155444    2.5382881250    1.2914440438   -0.5329858190
  -2.7789553656   -4.6637446699    0.7909144310    2.9297790291   -1.1676211073   -1.5958079574
   6.5583915631    2.5755539790   -2.5642480101    2.1167221728    3.0621809807   -1.6200969684
  -5.2639229666    3.8317390329   -4.5374903168    0.0828528307   -4.3879893205   -1.6531855219
  -3.9738211320    0.0363818518    4.3297670170   -1.8539282689    1.0736007885    0.5621698622
  -6.0885977567    5.8318019839   -6.9679858542   -0.6935144160    2.9628010534    1.0875617406
  -1.5707545999   -4.5576680375    2.5620862690   -1.5255885675   -3.6736063866    3.9690531429
   1.7199380226    0.8609296424    2.6669257972    3.0623227892   -2.8252047031    2.6702200768
   0.8717656339   -4.3068449111    2.4041530186    1.5155207816   -0.3123108805    0.5508341917
   5.3816069408   -5.2693506986   -0.4535734537   -2.3718381740    0.2399004252   -2.2835267808
   4.9821834523    5.5868771398   -1.2503195036    0.3033509309    2.4637859065    3.1820937610
  -6.5854758444    1.6608766655   -0.7071052828    0.9003378618   -3.2268587330    3.7005918677
  -6.5991268581    0.4088233138   -2.7509829524    2.0691197256    2.8660166614   -0.8141163738
  -8.4081477118    2.8735393581   -7.1655356058    0.0232193169   -2.5099359337   -1.9790544401
   1.4668473550   -4.7339781372   -1.2060311715   -2.6895936883   -2.7823289733   -3.2308550707
  -6.9506644399   -7.9131646200   -7.5768032507   -1.0641213053   -3.2784080234   -0.0147156754
  -3.0589467950    6.6440028880    1.5467673363    1.0853447592   -0.7059623908    0.7028869730
   3.4424968734   -0.1862349722   -5.4328073532    0.7930529179   -2.7923198349   -7.1734648800
  -2.9190295440    7.8547863666   -8.1599110221   -0.2669194173   -2.1938008686   -1.9510323350
  -6.1904963960    0.3292807513    7.0363013453   -5.5082965325    0.9926909375   -1.7215623441
   3.3933139873    4.6035790845   -1.3477549769    1.3237853780   -0.3169726827    0.7274280226
  -1.9118891784   -3.9657578244   -1.0996472221   -0.3681171385   -0.9754781790   -1.4043641117
   1.9100474255    0.8212962453    6.3535878038   -0.3958307339    0.8766269084    0.9302765626
   4.5264863112   -4.5449159655    4.5238571900   -0.5124537024    0.7938649580   -3.9473749228
   6.4025348212    0.0483055599    2.7689915602   -3.5917998250   -0.6853610626    1.1873106192
   0.8544578394   -2.8384485345   -2.5536034768    3.3184150797    3.0977856881    3.7147953146
   1.3464495510    2.1111845636   -1.6119940153    2.5025796246   -0.1000698965   -0.4798918747
  -0.4049390309    8.1595831369   -3.8563699720    1.9768860805   -0.5629340641    0.2700368678
  -2.6589697691    5.7730816955    7.5658028005    1.9040137346   -0.3435786903   -2.8668688710
   2.1396421480   -0.9311435786    0.1528149214   -0.8427492595    0.7382341311   -6.2515745562
   1.6722939662   -4.2140502603    1.8312648677    0.8294940045   -2.6670799985    1.7112232519
   7.4087717461    2.5350012472    3.8689077572    0.3697327702   -0.1816147756   -0.6783501436
  -3.7451069176    3.1215309300    8.4369074613   -2.3294789292   -2.1165480382    0.7375734095
   0.4582311060    7.9491936104    4.3978453189   -0.7441338698   -1.3781899686   -1.8686173436
  -3.6694678857    4.7036041045   -7.5747352168   -1.7975365523   -0.1128494313    1.2645551102
   2.7520936183    4.1174366407   -1.9754892184   -3.3693019920   -0.2160810609    0.1832147041
   6.3133703170    5.9167704117   -7.9669596522    0.1384945263   -2.8922082905   -4.7294330807
   7.7377869895    3.9108610634    4.0618231711    3.3683209704    5.5262833095    4.9195852901
   5.4522026158   -5.6562275168   -6.9207791479   -2.7952928219   -2.8553639482   -2.4330049429
   8.1815128152   -5.7312858785    2.3604627655    1.1681446800   -1.8654877210    3.3588415600
  -5.4767972834    0.7414606401    7.3665797913   -1.5116279315    3.6685124535    2.7554997262
  -6.4519672464    3.3137798763    2.4182656652    1.6364922888   -0.6001336982   -0.7886767262
   0.2690850288    7.1588881557    2.7805822454   -2.2716733740    3.7212077505    1.0314504845
   5.4619136287    4.9303725099    7.9044712270    1.6569697530   -3.5608319227    0.3724395012
  -7.8166252852   -1.9852769190    1.4026034685    1.5898990703    2.1324781814    3.6131570204
  -0.8615125894   -4.3084382394   -5.6801109006   -0.8947683247    0.3044295960    0.7957242697
   1.8935075227   -7.4837596275    7.4435157704   -1.5554905735    0.1760466839    1.2517199654
   2.0867876436   -2.7749979605   -2.3015079219    1.1213462370    3.4704017030   -4.8437174236
   5.8747927485    0.0703969134    1.4691850350    2.1527541860    6.2275618232    0.4222791315
   5.1175915342   -7.3187540228   -3.2487779335   -1.3991926517   -1.5375786879    3.4663020057
  -0.9525460914    2.6595134205    6.3537727876    1.9948658620   -2.0521037226    1.3278102356
   5.2542414042   -6.8489728102    2.0846081718   -7.1167039544    0.3927140007   -2.1587139118
  -4.6080814379   -1.1689685117   -6.8072552721    3.4285725905   -2.6104940096   -0.3765435891
   7.2740240417    0.3382439043    1.6639413316    3.7701248121   -2.4979659146    2.0645314851
   4.9342470987    1.2394878189    6.2116637209   -3.7221500766   -0.7422129033    2.6279486420
  -6.5098843542    1.9231473700    2.1994796839    0.9714408295   -6.0346953053    1.4066475854
  -1.6552538540   -2.4232548904    6.8957596600    1.8628296257   -0.8709645989    0.8772118093
  -5.9694742069   -1.8984962933    6.0956593534   -0.1544732495   -0.2234967826    0.3180677561
  -1.5595752387    8.3187901119   -1.0099890320   -1.4746950094    1.4835710251   -1.4009335953
  -3.4621935778    3.2014030641    4.5397083216   -3.0489394691   -4.4734494824   -0.6810798321
  -5.5661517684    1.5498832653    0.0328600267   -2.4460885379    1.6582231321    0.3953550136
  -7.4210747491    0.6430078399   -5.3592760064    1.1271158204    2.2955723551   -0.5336515408
   3.8087353241   -7.9311340962   -3.3808198006   -1.1091920235    1.6859146332    1.6024703860
   2.1221505789   -2.2198422369   -5.7591112412    1.1649708072   -1.5328480593   -3.1636616239
   2.4245480720    0.1302126120    3.5327321983   -1.7881493310    0.3275561596    0.2723922701
  -1.3870429897   -8.2666507296    4.5622771050    3.1796499506    4.9806694359   -0.6313103611
   5.5219964031   -6.9310718884   -6.3057327403   -3.6733106337    1.3169961713   -1.7831225987
   6.3044981726   -1.4443285688   -7.0234401485    0.4524329432    2.2510845941   -4.4078473225
  -4.4280079235    0.5334783191    2.3089719767    0.0253930700    4.8481230182    0.2198767504
  -3.9770854105   -7.5986603796   -0.8121053325    1.4220143362   -5.3033004013    0.4261616998
   8.0989460938    7.2778454028    2.6199273017   -5.1627018349   -2.4720523737   -3.8995800935
  -7.9215302711   -0.3043939639   -7.0758050504    3.4699350271   -2.2039199917    0.1758347474
   5.0993472975    7.0719777972    7.6210832100    1.3576121336    0.3854322693    0.1793627010
  -8.3025877563   -3.3460771617    4.6086028784   -0.0846485140   -1.8309403352   -2.0420977836
  -1.7033067747   -7.5765394364   -4.1402559848    0.2554817475   -0.4684461381    0.6927921163
  -5.1459279035   -1.5540385947   -7.9379920572   -0.1088926131   -2.3645547720    1.9824140851
   7.1083473490    5.9583422084    1.6941059126   -2.4235354872    1.4706890283    2.0751356350
  -6.8669370629    2.4550230783    2.7899644826    0.3121827995   -1.2405076655   -2.2376390649
   3.6798988014   -1.1154452688    4.6309110937   -0.8300511419    1.5284516120   -2.4500605903
  -6.5520727295    6.8392468568   -3.6047486754    1.5807027242   -1.9765146248    2.2852409675
   0.6265579092    1.8891115951    1.0494084715   -1.9436146721    1.0294288676    2.3583748924
  -3.5119172720    6.3322069132    2.7513242922    3.1143165055   -1.6464108775   -0.6829633741
  -1.8995478050    1.2485685050   -7.4036092580   -2.3916728980    3.2741369760    1.3065451371
   5.0419935705   -4.0787536927    7.0902061370   -0.9675664596   -1.0766275233    1.1549308532
  -6.0272071929   -0.2489346318    5.5283038401   -0.9721009434    2.5298749902    2.2779435104
  -3.6936789136   -0.1716008047   -4.4961569011   -3.9266334742   -2.6372657924    0.1092388279
   1.4996516046    3.3793601990    0.0314870197   -2.8237070379    6.0938582201    2.8653334618
   6.6785118518    0.7952763502    3.5666506014    4.3246595280    0.6947278798    1.2795396616
   0.8111896924    1.2687557971    2.0739063424   -1.8022449460   -0.1162215235    2.6284423614
  -6.5380059804   -4.3787105728   -6.0846078323    0.1268389513    3.3130530320    0.3751944438
   1.9246371868    5.7296173003   -2.3839048339   -0.2400683297   -1.1743169824    0.3823137065
  -5.0119146569   -0.0239731396    6.8284113474    2.0260166989   -4.5227712257    1.1379425227
   6.1183721044    1.6340633831   -5.7355874211   -4.8087670487   -3.9280471624   -1.0155270839
  -3.8700287701   -7.9187453864   -2.8919402084    1.3311192106   -2.5283330795   -2.9318550414
   7.0346486877    6.2072443707    5.6964477210   -0.1024943805   -0.3369124684    0.2665645972
  -0.7694943994   -6.4589290102    2.8921121807   -2.1478736539   -2.3968507105   -2.6247213247
  -6.9547088727   -1.4389952478    6.3139959503    1.1768509348    0.9898116863    1.2080892240
  -8.0100679849    1.2239396908   -3.3203593857    2.4174700207    1.3118667482    0.8051453905
  -4.4704651603    0.7561795125    4.8786697760    3.5879268705    2.1607235331   -1.0355348452
   6.9005463673    5.2781991954   -1.4097379111    1.3425870312   -2.2010635575    3.4352169216
   1.0316995810   -5.2498157898    1.0794787290   -0.6623863001   -2.1173305330    0.9538826540
  -4.2707812829   -6.5530303078    7.7183605087   -1.4854291454   -0.7931552487    1.0371016515
  -8.2389913629   -0.1876619518   -5.0429562550   -5.6231270706   -4.0901921702    0.5398313568
  -1.9725976204   -6.6382877475   -7.2035370819    2.3630575278    3.1629458526    0.0245421144
  -0.1120661283   -6.9323952982    1.7223990384   -0.0356356889    0.0441397077    3.7672926537
   5.4466041114    0.7419436798   -3.4770079761    1.7089721432    0.9025065265    2.0321119330
  -1.8158082107   -7.6684402041    1.9418603810    3.2433130882    2.3561768243   -6.4739539935
   3.2895635010    3.0375382621   -2.0679054028    0.4762883532   -0.6715431769   -0.6738174871
   0.2670241719   -4.2085577003   -6.1798001943    1.8960137579    3.0090793742   -1.0530492479
  -6.0494702409    6.8417083441   -6.6262480572   -1.2180890821    4.5601747363   -1.7492237556
  -3.5928121466   -7.9656002650   -6.7074228887    1.8199498627    0.9494195340   -3.7448050793
   0.5000089807   -6.9838266698   -7.5628536893    2.3497610361   -1.8765264847   -3.0622182954
   2.8293050613    1.9924620545    6.3499226383    0.4072540994   -0.3060213192    1.9618882524
  -7.6313560944   -0.4467442134    7.7083707350   -1.3025252102   -2.2938062141   -2.0773523625
   8.3855831080   -2.5069583794   -3.5675601814   -1.0084925595   -2.5397870680    0.4607743507
   7.1225012671   -6.9936474909   -6.9012789051   -4.1608721839   -3.3928678061    1.7540649192
  -6.7653281850    2.4956896398    1.1190676222   -3.1592265084    2.7060968155    1.1548958873
  -4.1414626574    3.7061448494    6.4597210428   -0.3090463255   -1.9012336209   -0.6498795266
   2.6655901946   -0.9321052698    4.2651626582    2.8910035702    1.3478029763   -0.5480478060
   1.0636205541    7.0789508630   -7.1474087233   -4.7394575977    0.4182936514   -0.9583612917
  -5.7077434147    7.0852751699    0.7601454758    0.4905200042    1.6244965956    0.5230970225
   2.6993374452    6.0892341681   -1.7222644247    1.7749548535    2.5097050592   -0.3203864110
   5.2744795712    5.8043883127   -6.1515730259    1.9051263411   -1.0575727296    2.6895958650
  -1.2103172118   -3.7895604067   -0.4026470423    0.6868978672   -0.6606680130   -4.2736407308
   1.2156619680   -5.8446006260   -6.4319086996    3.1006609606   -0.7313162041   -0.5284907018
   6.6554084740   -8.0762919708    4.3024180394   -1.6701307146   -1.2564076489   -2.8692156362
  -1.0553165029   -7.8203112961    7.1432923682   -0.9569976236   -0.5647795941    1.9034838816
   3.6603927030   -6.9223948142    1.4439018921    0.5996398598   -3.2986707767   -2.4987880170
  -1.8161596669    3.0594847301    3.4889183645    2.8809771458   -3.6155961161    2.2415162826
  -3.3837402264    1.1523284434    2.7499615587    2.3307036130    0.9080661868   -0.4415803595
   6.3808758695    2.8075477501    2.0728847238    0.7257085586    0.8967962110   -0.8613028296
  -5.0584895275   -0.6474347832   -4.6448708519    1.7730342079   -0.0394116765   -1.1027780641
   0.0200531265   -0.4073993534    3.7720213397    0.4533768817    1.8954423834   -1.2354349721
   7.1745367175    0.5892810548    0.2164099436    0.1957963856    0.6771409535    0.3418980934
  -1.6091500921   -5.9974079645   -0.1373444753    0.9445120290    0.3439241002    3.4406008218
   1.0375058714    5.3934909460   -6.5981887631   -0.3988465477   -0.7466654932    0.5494560098
  -5.7553963996    4.9009208006    3.1661753774    1.7201159731    0.4259235280   -1.0776364031
   7.4344908503   -7.2418012697   -7.9686890190   -0.7552730627   -0.8774013901   -0.2568284967
  -2.1377905437    7.2515435384   -6.5966663780   -5.4294220943   -1.5583811742   -2.3848505577
  -4.5437267575   -3.9814326014   -4.0790036992   -1.5167040263   -2.4805074912    0.4425437197
  -8.4253924330   -2.3310336962   -7.7466343203   -3.2912872641    1.0240107637    0.5126081618
  -4.5929637333    5.7130482275    7.5081677260   -0.1142573895   -1.5008688550    0.9640285650
  -2.4183160219    0.5814280966   -1.1534298838    2.2841389222    1.1332161091   -0.2724312110
   3.7662260456    7.3310942205    7.7124862268   -1.9381205250   -0.9859848702    3.5358436391
  -7.9839372857   -0.7675938457    0.1688817206    2.4652891859   -0.8119526618   -1.8832335031
  -5.3401407321   -6.9762408585   -1.2812828119   -2.0853516268   -2.1650991407    1.0242473161
   0.9968373134   -7.5459221668   -5.8979590060   -1.1167597650    4.2485104643   -3.1847328713
   4.3229631491    0.5179757178   -1.8317748633   -1.9603779941   -0.4419281640    0.7295092171
   5.6717524004    7.1094466667    1.3334167730    1.3752647193    0.8174507546    1.4409809775
  -0.9313352888   -2.1474841137    7.8146515242   -1.3734242562    0.3278095843   -0.7374973300
   8.3335285797   -7.7623635160   -0.5278671775   -0.5483552775    2.1683188078   -3.3389467349
   8.3496435475    5.9734980503   -4.1213149153    0.4563387734   -2.3498061061    0.9125857014
   7.4488759962   -1.0104548522   -3.1497789007    2.9680084873    0.3317449848   -0.9423427554
   2.7675988871   -0.9892706629   -5.1470584996   -2.0294136536    0.5450468223    3.2031472512
  -5.7255085136    2.7585850624   -8.1493818434    1.5143264244    5.9445721175    2.3997421422
  -3.7375797682   -2.3742512973   -1.1506569079    1.9010095524   -2.5100563193    3.4220838083
   3.0762309528    7.3030632420   -3.6959884603   -0.3793007889   -0.4521119864   -0.6952311422
  -3.5053555684   -7.0834503983    1.7730113088   -0.5208886682    1.2065815789    0.0683632036
   1.8702796874    1.4671709302   -8.4193893909    0.9112492618    0.1479941373   -0.5340143473
   0.9556893496    2.7445326432    0.8179930759    3.1583310534   -0.2237352442   -1.5949345629
  -3.1449202473    7.2705527880    5.6170627954    2.4196607036   -3.0797130112    0.9508718157
   4.0005261479    4.6804746638    8.1418646584   -2.2831928777    0.2482815058    1.0020566411
  -1.3545564547   -1.2436212441   -4.5607524537   -2.7997314583    2.7239830007   -3.3883092012
   8.2820268349    2.1558866915   -8.5465441791    0.4047550394   -1.0217007305   -3.6504398039
  -8.1299115388    0.9717974389   -7.0829702831   -2.7491607607   -1.3648381154    1.8294558516
   3.2024783063    0.9145429018    7.8422633523    1.1292969133    1.0833417446   -1.0623816407
  -2.1257058460    1.7299782317    2.5960355023   -0.1285090014   -1.7143794736    3.3177187444
   7.0365302585   -2.4687242123   -3.9449049861    3.3994619791    2.6039798064   -3.6653282515
  -3.0843277752    0.5949066989    6.5668387554    1.0705310913   -1.1913658674   -2.4744851581
  -8.3785123078    1.5684663557   -1.7778438949    3.6158612008   -0.1457219438   -0.6631931335
   5.6661489839   -1.2960538699   -0.4541585360    1.9707190142   -1.2778356243   -2.6901113378
   4.4053502207   -5.3961441494    6.2259558321   -1.2085272126   -0.5715900101    2.5617739435
   3.6467270388    5.8214434817   -5.8546637631    3.8193380568    0.0548963339   -5.5186571432
   1.0969367797   -3.5399353252    5.8427290135    0.0026218854    2.7223784593    6.2680317182
   7.6013008617    2.9348864890    1.2788232008   -0.1906644450    0.0874496961    5.2370941257
   3.2737830490   -6.5301191761   -1.9090802457    4.2414876265   -0.7431940733   -0.6442077082
  -7.3590457847   -4.9993630645    2.7089976793   -1.7338751603    2.2716605305   -2.5810221298
   3.0217218837   -5.5901448546    2.2036313338   -3.3142382134   -0.5703171634   -2.0521188916
   1.7538193319   -0.7361698105   -7.7879270763    1.1505303642    1.3235916349    0.7619645096
   2.2206726208   -6.8478558473   -2.9763671742    3.3550217700   -1.8822988320   -0.3928087065
   2.0333160809   -8.2524260512    1.5197368822    2.0287681444   -0.4093903303   -1.2395225123
   2.9073462716    3.7644938475    3.6189169961   -0.9921312342    1.3484664045   -1.6692215023
  -1.4338859575   -5.1838169536    6.0074048553    2.9438268201    0.5598301339   -2.0521245081
   5.4458279244    0.8460702358   -7.5323316464   -1.8174908894    1.4513435110    3.8284906609
  -4.4497031137   -4.7244707325    6.6406417607   -2.9943188853   -1.2907631269   -0.5248753028
  -5.7670054766    2.4111868666    3.6699433271   -1.4317480888   -1.0113568237   -1.2689581369
  -2.2251906957   -2.1922210633   -2.8453853232    0.0889763402    3.3004316771    1.1588335093
   3.6339818574   -4.3283331579    7.2280177772    1.1201071055   -1.1641416212    0.3894671136
  -1.0345017818    3.4786471616    4.8317009134    3.4322981881   -0.9105569826   -2.5754177082
  -6.3875520405    7.3743602857    3.9651325050    0.4241884530    2.6630981453    1.2830066975
  -3.5773306142    4.6202751649    3.9098022856   -3.8100869765    1.8668249121   -0.8481632353
   7.4017488552    5.0138421585    7.7006764659   -2.2580299143    0.1208855536   -4.3099159435
  -0.8127290658   -1.4154244693    4.4609544313   -0.9721329023   -2.0723214982   -1.6928498800
  -4.2145262484    5.7470391578    4.2409732959    0.1969522090   -3.0372074131    0.7334745288
   6.7768705276    2.6468066878    5.0359168598   -0.6057052875    1.6775485603   -3.4381115514
  -0.4284780912    0.9841542545   -1.7912100613   -1.0714896606   -0.7569895419    0.1690794889
  -6.5865212802   -6.1200022800    2.1804482290    2.4410916455    3.8630686868    2.3545515458
  -7.6762867747   -1.2311457699   -1.3914408690   -3.4727470966    1.8985538745    3.0415814447
  -0.0631636070    7.1822943757   -6.3922744354   -3.4604561407   -3.0989471917   -0.2545122933
   4.8270337266    0.1932665400    4.5735863409   -2.7014873477    1.2676600789    0.3162166357
   7.1975694759   -4.5817010340   -3.3448260714    1.9393014668    1.6438923914   -0.3821302282
  -6.0424643844   -5.2227243613   -0.9978742308    2.7713096886   -2.9445046756   -1.0194289937
   5.3336351727    7.0806538694    5.8037331770    2.5318689926    1.3991696356    2.8454893895
  -6.7360179704   -0.0200820828    0.7072764583    2.8585495680    0.6386961622   -1.1562670837
  -3.1295914762    4.0158598806   -2.3977959144   -2.5588572646   -1.0620106938   -0.8577374676
   6.6244043427    6.9666636123   -3.7499243274   -0.5661032643    0.0719723296   -1.4362993994
  -1.5859241977    6.3192030656   -4.8101919557   -2.0646564855    0.7399139284   -1.1609579773
  -6.7870960868    3.6947217511   -1.8437406185    0.7893371441    0.4474040285   -0.4909164000
  -7.9286859215    3.3710743826   -8.2505605357    0.1340393888   -2.3087065536   -0.8509394475
  -6.2902277025    0.2103719138    2.6263308623    5.0569403208    1.7450574549    0.2154421028
   4.7432323081    0.6077298754    8.0219465071   -0.6511980607    1.9319141892   -1.0999438057
   0.9552222092   -8.1050747386    1.6189961100   -0.6919318389   -1.6036736476    4.2041176043
  -5.1505789521    2.8498914475   -3.3526193833    0.3562631003   -4.4476887033    0.3251576870
  -4.0049226019   -7.2017720719   -5.2319842597    1.1895823206   -4.0745735595    1.2227881826
   3.9591733805    3.8993721996    7.4776791482   -2.7024378455    0.6601035942    1.7754474037
   2.9395280687    6.8400535314   -5.1048627476    0.1885179068    1.1114708006    2.0583765853
   6.7495291815   -1.7211503312    5.4787252054   -1.7351178016    0.5396424338   -1.8662813887
  -3.2360514993    5.6457667680    2.0311892359    1.2640405327   -1.2246972963    1.5822886026
   0.0668233067   -6.0949487257   -6.3100067633   -2.0757580531   -2.7702522306    0.2216641974
   5.2078403647    4.5618680769   -0.3763917362   -0.4191717767   -0.2116860382   -2.4197875015
  -0.1868239025    0.4075208467    2.2685117296    1.5281715449   -1.7065686636    4.0033259643
   3.3936730342    4.6712981635   -0.3534261330   -0.3345512527    0.4235928977    4.0839821897
   2.4035618447   -0.0428591350   -7.0179436873   -0.4263615604    3.6970761223    1.0911795893
   3.3153673784   -1.4995179293   -2.8902042307    1.3989233139   -2.1764387538   -0.8396660499
   7.2974629571    7.8670189125    7.1407308877   -4.7823084674    0.1615079770   -4.5153985238
   1.6103427623    7.7367449131    8.2108429990    1.6154783041    0.2923760874    0.8369181969
  -0.9099693805    8.0315122613   -8.5459993319   -0.2755136851   -0.9366546717    1.4964452426
   4.0696707856    3.7222129991   -3.5431577789   -1.5060587528   -0.0794555029   -2.0905970923
   4.4519509513    7.9885642090   -5.2217263564   -0.3942545965    2.4103274026    0.6046653669
   2.2143624780   -2.6174851792    8.1238902287   -1.6393951716    3.4436264850   -1.1043498672
  -0.6067145131   -1.8050811421   -8.0363753714   -2.0321619617   -3.2090669677   -2.9428732794
   2.2907432121   -0.3440155204   -1.6095754544   -0.5466773011    1.0015790143   -3.2228942346
   2.4908528170   -7.6256055009    4.7979480290    3.3535051074   -1.4766101743   -0.7288588413
  -7.8994892838    5.9293419555    1.6479046963   -0.2475899352   -3.5364334599   -1.4245367471
   0.4376672322    7.5491262173    0.5867851424    1.1907935714   -2.0551946365    0.5508896699
   8.4922269562   -5.8186649719    0.9346310309   -3.1786634066   -2.3774384300   -3.8808598185
   4.9645618134    3.5628465019    3.3085767426    5.9356031466    1.2911548341    3.6820933445
  -3.9362618867    6.3678147433    7.1437108605    1.2248400674    0.3091036183   -2.2487438709
  -5.3424420324   -3.7089340205    4.3306623209    1.6725015503    2.5429133468    1.2225516196
   5.1449325838   -0.1985292848   -1.3362006777    1.2333125358    1.7425717983    4.0254249105
  -8.5209576713   -6.3374892375   -5.5073753677    2.3580873141    1.6070061835   -0.3818735346
   5.7106241414    4.6287551472    4.8996194500    0.2516045231    0.4383117799   -2.0846316220
   3.7038606192    1.2266927858    4.8207287145   -1.7283354191   -3.0143938542    0.3402586141
   6.7407852168    4.1303420611   -5.7984648612    1.3851088199   -0.7874696824    1.5073891161
  -8.4752519153   -4.2656009034   -7.2309338479    3.0522423965   -0.6310997237    0.1340273336
  -7.8301728131   -5.2517147317   -3.5719443628   -1.1508164584    1.7898659988   -1.0706602972
  -5.5018917079    6.6505384070    6.4992407065    0.0051465037    3.5428075737    4.8658369384
   0.6531316022   -3.9084814136    8.2977061168   -2.4322830834    0.9555707927   -1.1173432009
   7.2197348341   -6.0953001244   -0.1522748131    4.6455560328    1.9768651607    0.7460385660
   2.8970610515    1.0104578775   -5.2369567593    1.9461133640   -5.7205634661    0.1828989290
  -2.2879315820    6.7634295669   -0.5009621340   -1.6387080641   -2.3318389401    0.4773617244
   6.4939145381   -3.4225140529   -0.0703419053   -1.0362865948    1.6341950792    3.8500866194
  -8.5352041824    2.3376134252   -4.9173292675    1.8199025169   -0.1234849890    1.4789656812
   3.3867382939   -0.0905984264    8.0013315498    1.7904371874   -0.2304458171   -2.4318589685
  -7.9874958540    3.6524586580    0.7629249465    2.7843430323    3.3397636457    1.3279589345
   0.8992069684   -1.4475354455    7.6518198494   -0.0510921620    0.1718839356   -1.8054763930
  -0.0304647439   -7.9443570763    5.1818363384    2.0508659354    1.6869943837   -0.1328428170
   4.7928335755   -0.0864080095    6.5236879397    1.7217380152   -2.2374579586   -1.0406258166
   2.8890156947   -0.9873888051   -7.8708534965   -1.9014749390   -3.8518783765    1.3049974658
   0.3710091338   -1.9504992458   -2.1050481939   -1.8899727008    2.0007320489   -1.5263546729
   6.7028626774    0.7243829378   -7.5654013200    4.4788063635   -2.5864673206   -0.2320164220
  -3.6488803358   -4.8165944299    5.8809646699    1.5437796551   -0.3395080921    0.8407983565
   2.6053142390    8.1924334539   -0.1840857524   -0.1202724298    2.0094597829    0.9518258175
  -0.8953801545   -6.8678181196    8.1242005910    0.4717144782   -3.3322262273   -4.0675765154
   5.6827173121   -4.0338965795   -6.7633540440    1.0862940442    1.9943868956   -3.5029795391
  -4.1251420886    1.9311024775    7.8494442261    1.2032232860    1.8125165962    3.0327058622
  -8.1843610389   -3.4137454512   -8.1707895859   -3.0146588652   -0.9069074051   -2.8520891562
  -5.7007576643   -6.6142241718    4.0855282421   -6.5308965190   -2.7423550675    3.4181485553
   1.6416192624   -2.9738120371    0.0557246158   -0.3675010268   -0.6584863863    2.0513260070
   5.9925796073   -3.1154236533    2.4534340407   -0.4433425418   -1.5985145583    1.9718165475
  -3.6048868923    0.4177615712    7.5692157247    1.2612127361   -3.0832397442   -1.0462746748
   3.9053749857    1.6427606791    0.2170697088   -0.8777709176    4.0689032703    0.4228056760
  -2.4250375985   -6.7221215210   -5.7304765458   -0.1702056604   -2.9689338683   -1.8747207491
   5.8318331903    0.5050990961   -4.6499807836    0.8881021217    0.5026238773    1.4067437646
  -3.8305354354    2.0880607788   -0.6513875990   -1.3276080347    2.2296088370    1.5976151835
   7.6825440804    5.4118217854   -3.3524693633   -1.5602732109    0.8847100595   -2.0809671032
  -6.7394837525   -4.7841956349   -7.2154017491   -0.6042496526    1.1833122919   -2.3496606346
   4.0655219562    8.1746653253    2.7132189885   -2.0952918172   -3.7570270570    0.5213401704
  -4.3037817639   -6.7332581659    5.2801797775   -3.6140124962   -0.0842842358   -2.2414310090
  -3.2293318378    1.9631789668    4.6552889085    0.0424266353   -3.4899369960    1.2691472877
  -1.9271186814    0.0840653894   -6.2850957874    1.3586543168   -0.5409761459    1.7917866614
  -3.3432004393   -6.2910227630   -3.0233588638   -1.5747735958   -1.5195247799   -0.9463547282
   3.9058312114   -3.0593397781    7.7689431264   -1.4905726132   -2.0702964375   -0.6517926605
   1.2315216547   -3.2665615464    7.5589748003    1.1076805672   -1.6803036719    1.4465217140
  -6.5003300311   -0.0680176593    3.6724564879    1.8889642387   -1.1927711389    4.5998195194
  -4.3791234938   -4.4260982626    7.9094676479    0.5506592809    2.4013658208    2.1537335745
  -5.7497332426   -1.9767792822   -4.7319407508   -2.0374650487    1.9152034239    3.3917620465
   0.6526909205    5.2238105133    1.9059669577    0.2159363876   -0.7393062607   -3.7880085677
   3.5703526086   -8.1370573013    6.0387823087    0.7630759704   -2.6017250294   -2.9319543988
  -7.9478987739    5.6221198909    4.0462627560    1.8137266340    3.1918219563   -0.7460362440
  -1.3377734361   -5.0238747079   -7.1093557010   -4.3343500570    1.5039382812    1.8617392542
  -1.1389375461   -1.6340758435    1.6093935192   -0.0501315269   -3.2141915909   -0.4870739766
   4.1630928618   -4.0497313059    0.0801374144   -1.3614773570   -1.2852148689    0.5325889748
  -7.4938615187    0.7610741485    8.2582592544    4.5287095349    0.8039524779   -0.3123463357
  -0.4426505684    4.3770713063    2.0591916843   -3.0225133956   -0.3526165769   -3.3026910811
   3.6060180596   -1.0407206212    0.6081760766   -1.3516362689   -1.7585453996    1.9598508010
  -4.7378944711   -2.5591978357   -6.3632882306    1.4985699708   -1.3790835118   -1.9977385437
   4.4015228299   -4.0432852110   -3.9211800843    0.1781021172   -0.6320761649    0.6552323068
   3.5639773838    2.5677893040   -7.3291635004   -4.8284268682    2.9592823563   -0.5590268232
   4.0024540494   -6.5995232531    7.3635687374   -0.5251502852    1.7260743799   -1.5963403143
  -1.5920410163    7.9111937450    1.8484783236   -2.9803592316    0.9564035098    0.2028101598
   7.7421588638    3.6559294269   -8.5005262143    2.1857442550    1.2507435483    0.3277650459
  -1.8620209948   -5.8542679375    4.2664971600   -1.2885515327    0.4671435068    0.4925061755
  -4.5071178589    3.1749062726   -4.7338798239   -5.1704527348    2.4125811785    1.3058955200
  -6.4693836236    7.5456905495   -7.1641146197   -0.3447580393   -1.4013981808   -1.0637504562
  -7.0622184555   -5.8651467617   -7.9529792530   -1.6851041700   -1.1014865953   -0.2599371456
  -1.7134124853    7.6423496458   -7.8689457592    1.4465198253    1.2418658045    0.2036840038
  -0.1015021874    2.3530741927   -3.0489187992   -4.0373577316   -0.0690686877    0.1994468259
   5.5150963456    3.5455523443    6.9378491236    0.4379002138   -1.1747668696   -1.4424769941
   2.4663333091   -3.8308192184   -3.5374831450   -2.7446233815    0.9107671813   -2.5567434451
   3.3061232925   -4.9747335872    6.5414987663    1.9825459329   -4.0522585201    3.2791114038
  -3.9550790469   -0.8963420060   -2.5427070516    1.0224528083   -2.1156029178    1.0614365434
  -0.3551228510    1.2576331567    3.5213166602    0.2656170020   -1.2684571328    1.5375990628
   4.8517572761   -0.2355884194    5.5134343604   -1.0760602604   -0.8970549397    0.5880715612
  -4.8395831836    4.9067044344    3.3390085852    0.5537962888   -2.2559578229    4.9950673951
  -1.3660031209    3.2389979476   -5.0871742072   -1.6071747756    0.3783637555   -0.7613936072
  -6.9912424028   -4.7811877143   -2.1892462139   -0.1715300143    3.0113571370   -0.8967150434
   5.9814700724   -4.8184990987   -1.5663956105    3.3426139433   -4.6521084779    0.3186445805
  -7.0188413915   -3.4911700283   -7.2767678803    0.1563823241    0.2283211143   -5.0851684504
  -4.4293875004    1.4043117413   -8.4494733414   -1.5174940938    3.8312510614    0.2159188303
  -3.7732120559   -4.4864751932   -1.6476978668   -0.0557412341    1.4201457685   -0.2428488589
   6.8205049259   -3.4241034278    8.0706313240    2.0417954147   -2.9438385242   -1.3497350641
  -6.1526311474    6.3327225158    1.9415985352    1.6812011806   -0.7859994418    1.8382648117
   0.7040864006    6.5865613636    8.0262348643    2.1169545752    2.3350394605    2.7728017037
   1.2205749659    2.0700085347    1.8769595643   -1.7941740734    2.9324892393    2.1421495877
  -6.0177753857    3.7737621664    3.4476838908    2.4440742143    4.8885457229   -0.8282174186
  -3.5966305439    7.4281804719   -1.6431442258   -1.8578056019   -4.8749938875   -1.4388804343
   2.3405507474   -6.1758998709    7.1681783146   -4.5103787742    0.2126223585   -2.0048477016
  -0.2750938920   -5.4330781039    6.8106376496   -0.6954794570   -0.6565841121    1.6163487599
   5.3707689844   -7.2436168957   -1.9319659026    2.4974130969   -1.1843180453    1.6927138676
   3.9572227908   -1.2870819043   -3.6784939426    1.4433713420    0.0721102385   -3.1833510849
   4.2820414196    1.7378733272   -7.5168454134    3.0137198316    0.1763505914   -1.7441723526
   4.2497838318    7.1247598682    4.0323542336    4.8266927852   -1.7041509196    1.2358399661
  -6.1831406904    5.2845319196   -0.3685084199   -2.2089604735   -5.9740779421   -1.1308018880
  -0.2960974973    2.5905431135   -7.3778843507    0.2211776698   -2.4115823922    2.2459917932
   5.3196792852   -4.8255074967   -7.4900918285   -0.3741366273   -0.9841309705   -3.1555473718
  -4.6693178347   -7.7143542640    0.5149283210   -0.3521803003    1.9962367716   -1.7764795337
  -6.8901701125   -6.0509058104    0.9615277414    2.7486159745   -0.7173556354    0.6166213631
  -5.6924200410    0.3916640245   -5.0481669204    1.4227860861    0.3080587494   -0.3798044805
  -2.8926973394   -0.3980158950   -1.6903906437   -2.3806769052   -2.4796458915    4.6774038684
  -0.0009007855   -6.5828052324   -8.4080099599    0.9859924986   -1.6759787088    7.6244961878
  -0.0928867321   -3.0177341730    7.3977440638    0.3232650648   -1.2415705805    1.8883769033
   8.0918118713    3.6005767632   -0.2072728060    1.1026709508   -1.3407578508   -2.4474780692
  -4.3429193747    3.7531594030    7.6630851341   -2.5063325020   -4.0265710224    2.5861516069
   1.5475179936   -7.6403556403   -2.1477565152    1.6053521029   -2.4927728302    1.7511955954
   4.1471692973    0.8438309317   -0.9265050489   -0.6756443928   -3.5158841531    0.9656493576
  -7.7483505986    3.5786900277   -2.2915978261    3.5242032466   -5.5294562622    0.5487980903
  -6.8290745822   -5.2193363285   -4.2639198541   -2.7196156533   -0.1213346631   -1.9657137055
  -8.3541371389    0.2784969629   -0.9201445101    1.7142902074   -1.6259113544    1.5139562453
   5.9880308047    4.6598018706   -8.2100250628   -0.9231134332    1.6460473779    1.3336316890
   1.0588685894    5.4372029227    4.3080283282   -0.3593156112    0.1011557028    0.0135740878
  -1.8814554464   -5.2719536288    3.2567000903    0.7249690190   -2.2278652151   -3.3132352621
  -7.1309699666    7.2219394244    6.2023730906    4.2898601027   -0.4336738145    0.3354602339
  -6.5197994380   -4.1413264570    4.6644666067    3.3139165001    1.1110541250    2.6237471457
   7.8366709788   -4.0336902834    7.4014309547    1.2412832709    0.2024879477   -0.1399718033
  -3.7517499258    6.2812424204   -1.6249498002    0.1227638809    4.7012030088    1.4154912495
  -7.8636611092   -4.9232162091   -1.2152015176    0.6966657965   -1.2347477276    2.1411678173
  -4.3327591508   -1.3979482526    7.0242698555    2.7632773773   -0.7019730983    2.9886358160
  -5.8466602628    6.9727555586    7.6123097132    0.7786755945    0.1067556769   -1.8773566542
   7.7340418083    3.0061348516   -3.0763161964   -0.5060479136    0.1633859131    1.1530279503
  -5.1348305525   -5.5450961435   -2.0519337738   -0.1048193589   -0.4308329139   -0.2433354701
   5.2205151950    2.7711459590   -1.6551741161    2.4859369527    1.9691561125   -4.8936309054
  -5.5763162534   -2.9883253253   -5.9023420030    2.2266104418   -4.2200725769    2.5302600459
   1.4572835240   -6.5016775481    8.3265930373    1.6574378399    3.1249821725   -4.8908247023
   2.0128379895   -3.0086450959    5.5387183036    3.8660096548    0.1322811362    1.3776753560
   7.7992407655    1.4631101253    5.2304553766    0.1916542082   -0.9950326929    1.4917335483
  -5.8385080146    1.4891649917    6.6889188533   -0.4526642442    4.8432294374   -0.5867208610
  -3.0995867676   -5.9637202459   -0.5522012801    2.3241121005   -3.8638057396    2.5465212564
  -6.1449557752    3.2060409093    6.6218059908    4.2767833366   -0.4711196860   -3.9069659586
  -4.2955507237   -8.3172989156    8.5164926768    0.2599079408   -0.1074823695   -1.3996609850
   4.3361299023   -3.0716874294   -1.2685559207    4.1928460968   -4.2737400575   -0.7464469610
  -4.8999273919   -0.6675740155   -7.9656048561    0.9848323863    0.1181606883   -0.2358274621
   5.1526130573   -5.7718379767   -4.6962364581    1.5477675733   -4.2115303756   -1.0208457820
  -1.5272280388    7.7019164925    4.9027172316    0.4450255005    0.7382832371    1.1356981960
  -0.5264102450    7.5843388201   -1.5098914266   -6.0809411858    2.6678896502    1.2074012511
   5.0445143255   -5.5757133544    1.9452776206    0.8534400902    1.6489148429   -2.2809919457
   3.0889923380   -3.0341499537   -1.5033234172   -0.5964589302   -3.1644129057    0.1365239002
  -0.6600327385   -1.5875931233   -2.7314164741   -0.1860840290   -0.7481677317    1.9198407360
  -5.7347514427   -1.8320688324   -0.9018464752    1.3618698148    0.5353648487   -0.4101441859
   0.8630875869   -6.5126119594   -3.2992798964    0.7238909399   -3.3597082450   -5.7304697123
   4.7637274510   -2.2327875726   -2.8846337605    2.0074728249   -0.4950227048   -2.3938141489
  -4.1878074198    4.4712883036    1.0159033229   -1.9281313838    1.2653030296    2.8671666417
  -5.4913792538   -7.9037685166   -4.3011171223   -1.5865343199    2.8330637137   -1.2766046333
   8.4845876660    5.2727477718   -0.8749184168    1.6723493806   -1.5166411195    0.4324124076
  -1.7341844993   -2.0670343108    3.1891641250   -3.2218839764    2.1502472802    5.8328181782
   7.0319384750   -2.5465952864    6.2682596277    1.2700250865    0.2631629586    2.0969729075
   6.9985822469    5.1111050432    3.7913211777    1.1329761709   -2.8438260507    1.0792047126
  -2.3599443008   -2.2018680550    0.0524816782    5.8380758290   -1.7648003993    0.5717411556
  -3.9083292505    2.8210535683    3.8110980095    3.6025632378   -2.9894749275    2.8178675843
  -3.4416407005   -4.8821620250    4.7944480416   -3.1952601708   -0.3713028318    1.4095967278
  -2.3873115318   -6.9910758393    7.6696830362   -3.8240749360    1.4774611610   -0.2244349058
   3.3068895316   -2.7250836192   -5.3406462999   -0.7449467831    1.0343854563    0.7100257245
  -7.9421051609   -8.2259282162    7.6794601334   -2.3891202819    2.3218108776   -1.5889964528
   6.3190543548    7.4370041457    2.5932829505   -0.2215084291   -0.8011495838    0.9883311945
   3.4327546732   -3.5056455063   -7.0836022534    2.1944052053   -1.3325695030    3.9115071058
  -1.8599453157    1.9976905667   -2.4938179386    1.0372366504    0.6706031884   -2.3529609281
   3.6814772135   -4.8686902943   -6.6689125040    3.1904176411   -1.1052324483   -4.6638896794
  -5.6151748870    0.3894029781   -3.9985320501    1.6925577873   -0.1550504426    1.5117001370
   6.0575314460    1.5938805965    5.4565569293    0.9245420609   -1.3427246244    5.5361603785
  -2.7587010468    2.3127908601   -1.8361018624   -3.7782470299   -0.4860379245    0.1363544651
   0.6155236822   -5.1079901349    7.7034458016   -1.8544622088   -0.4773578740    0.4903373515
  -1.4943937859   -0.4059500732   -0.8950529887   -0.6814288405   -1.6677577114    0.9667792566
  -2.8888246240    7.3255018820   -6.0186269133    0.3347276267    0.4289010620    2.5644407782
   2.2030455863    5.3744242635    5.1586950538    0.4984798966   -1.9828383954    2.6967452598
   4.2436509415   -5.6770554798    0.1647890178    0.4638392048   -2.8174964398   -2.2900329294
   3.2061738436   -1.8264693716   -0.0301702509   -0.8895150264   -1.6839414344   -0.2793757471
  -3.0102134151   -7.9657099925    2.0646730763   -6.4800875884    3.4108088932    1.8414599940
   0.3197499023   -0.6594834462   -2.2269536973   -0.7414756185   -4.9222192781    1.2163721304
  -6.0426699545    6.1792468587    5.6228777420   -5.2997996851   -1.6696083842    2.8115150901
   1.2086729755   -7.5495372863    4.2433590307   -1.5925521223   -0.9647166345    1.3153067417
  -1.6907773729    5.0573928225    8.4746891071   -1.5339278446    1.3197550702    1.2507488717
  -1.4382991240   -5.2690185155   -3.2060683464    0.2112311360    0.4572391249    1.4063757593
   8.4594193598    1.7788817779   -5.6504222295   -2.9827271542   -0.9729101915    0.3121436414
   2.0220508272    2.5271687469   -2.2654097682    1.0655765936   -3.8989431307   -3.9364127316
   1.0910505242    3.8402189709    4.1730101489    2.1793991815   -0.2952994241    5.3616847888
   7.8165183426    8.4127298045   -1.6901197149   -1.4484963741    0.4108475411   -0.7323252642
   7.8138502678    2.7702610127    5.8834653762   -1.5491650180    0.3124505267   -1.3438445768
  -4.7882969374   -0.4687961065   -0.8062201335    2.3708212519   -0.2787213248   -0.2712990097
   4.6316786359    1.4609678945    5.2919304180    1.7532138055   -2.3084674522   -1.2511162298
   2.7718226775   -7.4897998765    8.5151452864   -1.5207249436   -3.1511610624    3.5777614254
   0.6883372581   -4.4377050001    6.4071145602   -3.0457666313   -2.5321241275    1.1283639888
  -2.6822636776   -7.4142281099    0.0604849675   -1.4379476740   -4.0578679293    0.0590253201
  -3.8127161745    2.4907586851   -7.7919958562    4.1276773620    0.0392143228   -0.8854036588
  -5.0831030442   -3.1132473000    3.3001176939    0.7469452193   -1.2807816139    0.8461467635
   5.0587601587    6.7181199594   -2.2894264641   -0.5706328898    0.0024223784    3.1516716386
   7.1211835091   -8.3566688690   -7.2874204515    0.6802840281    0.7984668810    1.3415343227
   5.5961096346    0.1649778099   -2.3042527603   -0.7497060410    0.3565874320   -2.4015472854
   6.3649693471    5.5421305401    2.4776494664    1.9270733578    1.1758234456    1.7399887284
   4.5476160865    3.1185544339   -0.4058256761   -1.4711151199   -1.8470603814    2.1510637950
   7.6835106663    2.2403327026   -6.2473395587    1.6518804979    0.2004226787    2.7736784864
   7.4825493594    7.7064836865    5.7706934865   -0.0648636920    1.3085566756   -0.7896764832
  -7.1211391937    4.3021734307    8.2887011284    1.1732842948   -0.1673756862    3.0597613974
  -7.5933328573    1.4139964864    1.7198264840    3.8882878736    0.6890272888    0.6582312668
   5.4781842746   -8.1189080594    7.1889253151   -0.4961067229    5.8010262230    2.4832373539
  -3.1102346766   -0.2680316829    1.2527520314   -1.7454704256    0.2449958226   -1.5981691662
  -3.5210062391    4.2044981318    8.2353714713   -2.2783669560    1.3304793449    2.7878475138
   2.8092426982    6.6799999875    7.2546397376    4.3613139214    1.6965526282   -0.1692683186
  -1.5722393683    3.3639782904   -8.1841654601    4.1634005719    0.1933989974   -0.1668488233
  -5.8930333387   -7.0158321940   -0.2352666962    1.4559801692    0.7751010341   -2.1289888745
  -2.0784026208    8.5317157033   -2.6051273021    1.2532963904   -6.0226994021   -5.0860448100
   3.3602220840    4.5299709483    6.2615883636    3.2084873776    0.0569849422   -1.2973475141
  -4.3015074676   -1.0683284651    0.5989161337    2.4158705227   -0.1017910295   -1.7971069793
   4.6516140161   -0.7866278645   -2.4819397045   -0.9710840542   -2.3996214189   -3.4078895596
  -3.5991790846    4.9325075370   -4.1239190763    1.5382579845    1.8375943769    1.1951891105
   6.6195277835    0.0319103977    7.9292260308    2.8943963268    0.3289576177   -1.3084373178
   5.1637870264   -6.8414875010   -7.7949491258    0.7135326507   -0.1873502590   -0.5749663641
   7.1702020876   -3.5274688565   -4.3420740094    2.0705357364    1.1361854396   -2.2466741466
  -0.5208659829   -3.2871142657   -5.1812387215   -2.8928256900   -1.6150564627   -1.6628492248
   1.9548457711   -0.6209273029   -6.2578733724    0.3973002925    2.4504465847   -1.6578160972
   4.7846043381    4.3692567578   -8.0965940416    1.7864545066   -0.3016877861    2.6056265968
   3.4289822335   -6.8040911835   -0.7454048029    1.0469364452   -3.7895567673    3.9105143153
   0.4721687329    5.1708481195   -7.8906903551   -0.7788028987   -2.2023683889   -2.3027158584
   7.1305990207    0.3921358710   -3.3270675131   -2.0183521327    0.4449231485    5.2310386978
   6.1977516239    1.1075157943    1.8147499982   -3.5968467885   -0.9302006723   -0.1875542746
  -1.7091645569    0.2412939135    0.1594317535   -1.1246465447   -1.2311438206   -1.7902634923
   4.0230076884    1.6902420306   -3.1188389423   -0.2306939962   -2.5097003814   -1.2634152889
   0.4192373360    0.7256108298    5.4234622421   -1.4600810748   -1.9411177590   -2.9601192851
   5.2197559700   -4.6371470458   -5.7361817510    0.1322303296    0.7589641818    1.8422192383
  -3.1672386656    4.4744340775    2.3693379755   -0.7674358660   -2.3517064451    2.4353314078
  -7.5278671376   -0.2142263212   -4.1119988285    4.4103829146   -0.9843314900    1.2222177815
   4.7339483537   -6.2453079787    7.9853218716   -2.9206230676    3.2160323809    2.0977904722
   7.8583878278    6.8381093049    5.2206913914   -3.0641545931    0.4962102163    0.4637291975
   3.7392212171   -7.9151255604   -7.7119844870    1.8652729002   -2.4353315943    4.2230493674
   6.7272924211   -3.7838479602    6.9290985473    4.5373740648   -0.3277838439    0.1217665091
   2.9765492816    5.8347847674    4.7059161143   -0.7387332607    0.7241313462    0.2979841859
  -6.5743122509   -3.0341939184   -4.1466459659   -4.2750178425   -0.5883435141   -2.5283936489
   7.1448259401    0.2774156285    5.3778384279   -4.5254651534   -0.2785203627   -1.3129198500
  -0.9443769780    8.4612113349    0.8881025794    2.3685378942    0.3003952167   -2.4094777493
   6.1904691558    0.4593708263   -5.9062689791   -1.9533980822   -0.8282979510    1.4388161008
  -2.8516865028   -5.9923180042   -4.0281256866    0.2529739180    1.8298659186   -1.0058352078
  -4.4746162216    6.9577157613   -1.8653749357   -1.8528870534   -0.6168340831   -2.6385182075
   8.0523660874    5.7494535771    4.7977298717   -1.2360736548   -2.7857164176   -4.4766576968
   4.3994508580    6.8426124050   -4.3247513707   -2.2507867722    5.1174300375    0.4903847726
  -1.7345291761   -7.2297066854    3.9929090635   -1.2196714753    3.0934757115   -3.2491500372
   1.4786044555   -2.1660848524   -3.2090451989    1.4833266552   -0.4992329687    1.1871621617
   7.8912226064   -7.9576476596    3.2019088573    0.2737042863   -1.1417110727   -1.1932054850
  -7.8013486870   -5.7487742002   -5.2108282729    2.3481738664    1.1649713667    0.8870409546
   6.0686384871    2.8204193971   -4.3097151986   -2.8599927179    0.0441417803   -1.2790404484
   6.8761445654    7.4306281999   -1.3740814490    0.8499791169   -1.1254012220   -0.9199622831
   8.1066529891   -2.6774587267    6.7208071746    1.4539486797   -0.7822254950    3.9290209220
   7.6895364404    1.1942928468    6.1862432996   -1.3472319734    1.5786227528    1.0873694711
  -4.9364280039    3.0153682780    2.5866043518    1.3959142609    2.4361862408    4.3716301709
  -4.1794451081   -8.4203938191    5.6576111242   -2.4076646298   -0.5903318528    0.6390387522
  -0.3125080401    7.9373774232    1.8808834037    1.4689081887   -2.7443730089   -1.8550833024
   4.2086925215    2.6394001841   -5.2027638249    1.3341579489   -2.4409235796   -1.7223954136
  -1.7664319676   -3.6695881222    3.5764466203   -2.2116533091    3.0887866765   -0.5330221450
   8.0825900855   -3.8261615861    4.0200346584   -1.5920180195    0.9443969775   -2.1061852045
  -3.3165837751   -2.3058629997    4.1363328056    5.4988050630   -0.9940419272    0.2017733827
   3.2314499456   -8.3559926626   -0.7104937966   -2.5671161266   -0.2682691938   -1.0128817862
   0.1575968718   -6.9914686883    2.5708116396   -1.7044675554    0.1793973686   -3.2841390176
   0.5159842719   -1.5744450676    1.4943469757    0.7893557586   -0.8411200544   -0.1542595510
   3.4503110297   -0.3827160248    1.9869086604   -1.0027883076   -0.2265189348   -2.5539938380
  -2.8842391849    2.3579056324    1.2169237420    1.3402075779   -0.8310258959   -0.5475601120
  -1.6592410927    5.4096677872   -7.5263149037   -0.0725675662   -4.1458551952   -0.3390747797
   6.1145958086   -4.8014916522   -4.1980267613   -0.5288044308   -1.4295403082    5.8680346978
   6.3978181299    4.4534181860   -2.3373234377    4.9097940597    1.1293263070    2.0212011325
   3.7956465725   -0.0769838265   -1.2913400195    1.7525461447   -2.6445054725    5.6800057338
   1.6777290142   -1.7957754863   -2.2515719225    1.3432414997    2.4233116605    3.5058861787
  -3.6579805534   -1.6487243489   -8.1469574479   -2.1961644762    0.7268388691    1.9257653801
   2.3416370627   -0.1178762917   -3.4450159142    0.1916871110    2.7004580000   -0.8475728389
   4.1351571618    3.6482729674   -8.4573466454   -0.9942062570    0.2656534778   -0.5925326378
   4.5259279309   -6.5994065545   -2.5796046379   -1.4462579039   -0.6068933686   -0.3567715663
   2.6196448266   -7.3822556949   -2.1029349995    3.6360389954    2.9366129869   -0.1310550602
  -7.7678709519   -0.7581319964    2.3379486437   -0.3045916951   -1.3663163695    2.5588968199
  -5.4287826616   -3.9454536510   -6.0365360614    0.5174701367    0.8438961760   -0.5891811257
   0.1134170429    5.3589523621    5.2597091121    0.4970670681   -4.5216971993   -5.3291268037
  -5.0335853727   -8.3328391032   -0.3724542815   -1.0042496437    4.5470616237    1.7535736265
   3.2177470172   -2.8422587250   -6.4036468460   -2.3361795827    1.2853536736    2.4459137067
  -7.2667224242   -2.7469309074    4.4669484839   -0.3054394615   -0.2324805922   -1.9054631628
   3.8891417324    3.9454625370   -1.8943449020    1.2753932802    0.4200880761   -1.0278722677
  -3.3024166670   -8.2808234156   -5.5832997173    3.0096089835    0.0785862229   -3.4500054757
   1.6043351917    4.4207609222    3.2170301849   -3.7256886854    1.0884166484   -0.9854111105
  -2.1140838199    5.2520820932   -6.5699501955   -0.3368895801   -2.0518841643   -0.7432003407
   7.7490526302    2.9052140164    4.9630415675   -0.3277271047   -2.2119328686    3.6018148829
   2.2159376868   -1.6465749273   -1.2582545427   -1.4149214205    1.7116299283    0.0602892906
  -1.6375209978   -1.5565059979    0.7343278589    2.4496475508   -1.8462554959    1.9494980535
  -3.5063728927    5.7615588245   -7.0083169683   -4.6186319905    1.1429152710   -0.9808494512
   4.1896547087   -2.2069484155   -5.1285142253   -0.0166954626    0.9378959262   -0.4586331474
  -4.0090470831    6.3023222320    0.9721134370    4.4347777383   -1.0875563619   -0.5820148026
   7.8780645484   -0.2077211510   -1.8581467758    2.4141997824   -2.7640447482   -0.6498586839
   4.0911090584    2.9814845167    3.5939629813   -0.7398138958   -0.0460474097   -3.6839958237
   6.1136985721    2.5341559422    7.0215558241   -0.9646733736    0.7111624960   -1.0807527647
   7.0712365020    6.0111239614   -6.2886231677   -1.9535540988    1.8955951815   -0.7493863733
  -7.8249734799    0.1211901146    1.7211991557    1.1891735238    0.8242669551   -1.8733489265
  -7.7010705795   -7.4177535373    0.7429434421    0.5989854225   -1.1400805765   -2.6924451241
  -1.7468262633    4.5114109106    5.9679939238   -2.6441865018   -0.0244986921    0.3110530433
   1.4193365355    7.9773754761    4.6527351484    1.8895797639    0.7368682272    0.8994452016
   4.2780691932    6.1007414093    4.1693198181    0.6523316118   -2.2569048733   -1.4487463261
  -0.8014359571    1.6321881931   -3.8826387254   -0.9281023115   -0.8785422602   -0.5913697136
   5.6544606082   -1.1228480380   -3.6355687242   -0.2308521336   -3.4449975606   -0.3823171611
  -7.9311593580   -3.3781531233   -4.5938814990    0.1446978767    1.2534737997    1.0760056233
  -3.2459890786   -2.7738644365   -4.4327508717   -2.2002475997    0.6597405120   -2.2577744619
  -3.0842081963   -4.8508070310    7.6607260866   -0.1358094010   -1.5910508154   -0.9786520425
  -5.0462251240   -0.2767150990    3.1957502723    3.1453276029    1.0171104682    0.7897681047
   3.8693897720   -3.9275478619    3.9480237253    0.3010158138    2.6149753069   -0.2840962858
  -4.1357312335    3.0973245348    1.7654475745    0.9036380462    3.6071460222   -1.1275205265
  -0.1382668618   -6.9278359722    6.8851978434    0.7769597230   -2.3417433863   -1.3587506458
   7.9260401021   -6.7403374639    3.9946137272   -1.1435633121   -2.4584026745    0.4913628282
   7.0322816496    3.6682004716   -2.7523659558    0.0800850026   -4.1228446708   -2.9433735881
  -1.8529388632   -5.3049062021    7.4927024394   -0.6354815869   -1.9947983698    2.5442694263
   5.0469515198    6.7112651753    4.8698130732   -2.0761437061    2.8056954451   -3.6500943054
   7.0916204765   -2.4388705157   -1.3122907461   -2.8984556034    3.3932310838    3.2653365448
  -2.6439761268    4.7688575506   -0.0850868936    3.3805320985   -1.8701882953   -1.9107874201
  -1.3963898398    7.4766543242    6.1072775781    0.0028542700    1.4127305930    0.9224337775
   7.0452533600    4.1010475085   -4.0890258242   -3.0390181564   -1.2818664649    2.8842742870
  -4.5629205571   -3.4391377724   -1.0253517869   -2.5273203845    2.9332689848   -4.0324498694
  -2.8279957542    1.5259373127   -0.1847109466   -1.7693483345   -2.5672162075   -1.7884110713
  -3.6672745108   -8.5117497172   -4.0770148303   -1.7335427850   -3.4758188669    0.2970209628
  -7.4131447324    6.8895222137    5.2862140091    1.5367840223   -2.3733216168   -0.0217590756
   0.6205674566   -1.5209019110   -7.2884434806   -1.8055925910   -1.2737462166   -3.0443694356
  -1.9356996119   -1.5390409238    4.6403098919    2.7087461845   -1.4634577109   -2.7858662586
  -0.6364347336    1.3420139905    1.2651685426    0.0173877211   -1.9363288688   -2.3966577188
  -2.3487824904   -5.5916443734    6.0687547774   -0.8085548209   -0.4177887232    3.2747537916
  -7.2922957847   -5.1055850306    8.0214637207   -6.9241780382    0.5682213903   -0.9898491586
   2.2351409734    7.2498408792    2.1668655147    1.8864316498   -0.1048129890    0.2795443327
  -7.1301818023    7.1336535765    8.1042450835    1.3343277505    1.6552995056   -0.2505028059
   2.7491560219    6.6195389454   -7.4391047900   -2.2511904539    0.4530751931   -0.4577836768
  -1.8402514144   -5.4464572950   -0.9177793913   -0.0096138058    0.3095529556    0.9280236173
   1.9263078473    0.1794527118   -8.4025382573    3.5376290932    5.3076904722    0.4176600661
   7.4928941309   -5.9705622305    3.0412620443    1.9120751596    3.9013688319    2.3960173140
  -7.5435283292   -4.7442883323    6.0847210695   -3.1302275978    0.8318997002    8.5806722890
   0.2939306354   -0.1103486710   -4.1727140975    0.5923545795    0.2288573423    1.3900740446
  -2.4882555136   -0.0255884303   -8.0282650601   -2.3565531826    2.1905769966    0.5224479160
  -0.8784704484   -1.8050750106   -0.2314371967    1.7015639259    2.2890340299    2.1003840073
  -1.2665139664   -4.0798793895   -2.8569424394   -1.2550074212   -4.5438133875   -1.8636174795
   4.8841312537    7.9712950316   -7.9903998909    0.1379940923    4.6969242962    1.1829572062
   0.7675123442    2.2156889795    4.8208561843   -2.9012663791    1.7361954021   -1.2591109636
   5.1660021502    4.7093232266   -2.6722946658   -2.5568680224    3.0768281899    5.0351904796
   3.5307860859   -7.8521522775   -6.3022671238    1.5399176621    1.9374781088   -1.0829232350
   3.9457418549    6.9953616961   -5.3354698500    3.6165639379   -3.4502023598   -3.1559733337
  -2.9774849231    2.8346154105    6.8073325180    1.5274795427   -2.4301896671    1.5148004307
  -4.0467321027    4.6800479454    5.0492215857    1.1728434604   -2.7728620299    3.8343503239
  -8.1998703679    2.7060891813   -6.1346901329   -1.6953721101   -2.1632280095   -1.0565115740
  -4.4343031042    6.8279300506    7.9595133385   -2.0787494983   -0.9566298174   -1.3694288437
  -6.5423492774    1.7004961546    4.3999768152   -0.1552716720   -1.4533924663    0.0396008837
  -1.8621072075   -1.0866197115   -7.5711257946   -3.4170401075    2.1675990001    2.8550773671
   1.5881279705    7.5824327302   -0.9205570680    1.2263749646    0.6153628826    1.5048421044
   0.2552851550    0.1460204460   -6.1692919590   -1.0190338082   -6.0522183401    1.4231021346
  -3.0856081527   -1.5158288559   -1.1295413838   -0.1621190671    0.0977022948   -2.2069000033
   4.7861017660   -3.8635056805   -2.3135710868    5.0612983645    1.1778411792   -2.3645520782
  -6.2815948107    7.7425225786   -5.4042009924    0.3630044851   -1.3024761258   -0.9716846068
   3.5148103811   -2.0545224374    6.7460087110    2.6910679392   -1.6011851685    2.3852690369
   8.3294074143    7.6085877049   -0.8391472989    1.4271437785   -1.9947415135    3.0922367141
   2.8595923134    4.0751572245    8.3545517294   -0.0975466856    4.8881320650    1.5725087305
  -0.4018558497   -4.5326821734   -2.1066264584   -1.9875994819   -1.1056699898   -1.2218081203
   2.6745038163   -2.5766708449    4.7000403795    1.2047651514    1.1523962221    1.7804036077
  -5.1736223727   -5.5585520012   -5.2123375818   -1.0461882230    3.3387786548   -1.9806036492
   5.2741518474    1.9920306481   -4.9158537179   -3.1982895757    2.7745878565    0.4236788271
   2.8153543216    0.6149949622   -1.6785957113    3.5201300717    2.3236237209   -0.1040333198
   1.1784329147   -5.7539137190   -3.8794983067    0.6626061702    0.1899539272   -0.9827516531
  -6.4050099423    1.8442380357    7.6110452178   -2.3495379431   -0.5811655263    3.1316241758
  -8.5192075179   -4.4633078756    8.0260267153    0.1696566704    0.9999934821    0.3977049393
   1.5854413619   -2.1764584683    4.8481312204    1.7299350617   -0.5738152907    1.8764646707
   5.3414769795   -1.4351023439    5.8004821685    1.9974848906   -0.8417069463   -2.3741548674
   0.8137735203   -0.6062588406    4.5766430845   -4.9048159484    0.5899141730   -0.1448962369
  -8.1892388116    7.7898015687    6.0193954102    2.6597594101   -1.5175965963    1.5555927282
   1.7554539411   -8.4384912481    6.5902473111    3.3743482208    0.5452874826    1.3744606227
   0.0971408260    0.2926773158    0.2249230975   -3.1548144383   -1.6788201792    0.7679325007
   7.5069481825    2.7026763894    2.8232955701   -4.9455082574   -1.8784479832    1.7446987148
   1.4858189930   -0.8866418933    1.3177582144   -0.5272766267   -1.8365315493   -2.2535685936
   7.2214199833    4.8188267923   -0.4926688591    1.4358685993    5.7683229773   -3.2047180949
   3.2355101771    3.7208834713   -5.8755122352    0.4122925609   -2.6405241832    0.1932362370
  -2.2280781730   -5.6101436306   -6.8255474096   -0.5654678496   -3.0754266524   -0.3663322799
  -3.5882625026   -6.7914609907   -0.3649875857   -2.6085374935    4.7441897801   -6.0851725289
  -0.0924210437   -1.0674013502    0.2102901488   -5.0813710478    3.3555314163   -4.1031931033
  -5.7962921140    6.1218296581   -0.1531918805    0.2279595057   -3.3489809002    2.4308578160
  -2.0430736148   -0.1313264773    1.3074253431   -1.9206100654   -0.9302518976    0.2193178416
   6.4831357698   -5.6210749793    4.5695311300   -1.1265772843   -0.0895505241    3.1789952028
   4.5585602614    0.2493623995   -4.4440948268    1.6182768566    1.4203836949   -0.7009882133
  -2.5480630454   -7.3276174566    2.9807324536   -2.0107543806   -2.1421344914    3.2539042416
   5.6544207360   -8.5215607009   -6.1915755522   -3.8062100323    1.2090691420   -0.3850373865
   0.3282118812    7.4677903431    6.9488101254   -3.2848648157   -1.3438846776    1.8076660325
   2.4530100333   -5.9865129940   -1.4530395994    0.8937178603    1.6879542124   -1.1501713761
  -6.6044854780    3.7066473287    7.6329052689   -1.9480416578    0.4366863310   -3.1650130914
  -8.0460406518    3.0871212904   -0.2232581090    1.1480754042   -0.9705702633   -1.5479008172
   0.0323403144    4.9394265510   -0.1423676844    0.1485769932   -0.7319182824   -0.0154456400
  -6.8299792176   -1.1828776475    1.1710395963   -1.8274856048    1.5408378590   -0.6722036261
  -7.2622622860   -1.6445241181    2.3135055078   -2.6446216300    0.2947353601    1.7525052747
  -4.9906131212    7.8642142307   -0.9317241751    1.8764146099   -4.7860279647   -4.0538050839
  -1.1371643601   -7.7594607469   -7.2432203534    4.7935159937   -0.3969573160   -1.8487597342
   6.1649300355    7.9066752281   -5.3416936497    0.0362005988    0.4514237811    1.5334455949
  -7.7774246685   -6.6188872639   -2.9408195038   -0.3500360051   -0.6611044742    3.2485324423
   5.9914785536    2.0927917063   -8.4626283780   -1.0636927458   -0.6877164326   -1.3331587116
  -0.1644683515   -5.4795687841   -3.4102407026    1.5092031203   -0.9739792110   -0.2813497728
   4.2888227175    8.5363598768    4.3372298586   -2.9326300112   -1.9886147810   -3.2259658700
   8.3151254309   -0.8137066302   -7.5874218881    1.9627676891   -0.8172074026   -2.1087540224
   7.0033779329   -4.2591477332    5.9980803259    0.9248170278   -0.0311083449   -1.0206186414
   7.6834058597   -6.2293014741   -6.7907536001    1.2497428097   -0.8860084774   -1.9323583852
  -6.0892328877   -3.6850037144   -5.2778368837    0.7413572833   -0.2964300366   -0.5760353122
  -0.9930119753    5.0155749606    5.7271219757   -1.3280258909    3.4191247365   -3.6436622192
   7.0828402228   -2.3852089816    7.2620191226    0.5727518957    0.0552633431   -0.0708963197
   2.6025149862    8.5334228516   -6.8486499818    1.1996744220    3.1473669034    0.8467353701
   1.1625107866    1.2908237628   -6.8237547702   -0.0984358638   -1.0472088546   -4.5099272767
   7.3150262792    5.1034682759   -4.2036903003   -2.9439717345    0.5009218787    1.6568801831
  -7.2478778081    7.0321789649    1.8231633254    1.4334094587   -2.9070848746    0.8886178455
  -0.3486336261   -4.4324923452    7.4255514133    2.3866910326   -3.2597003135   -2.7070833202
   7.9375252043    4.9654354581    3.0460788184   -1.2960829320    1.3856477757   -0.0846598128
  -6.7542707925   -2.1734795663   -3.8075943966   -1.0894082623   -3.9437884158    2.5079425775
   0.3177561667   -2.2898550252   -6.3674954670   -1.0158698057   -1.3570866895    2.1899516532
   7.4312652475   -1.3309487549    4.6473984541   -0.3921745587   -0.2229722517    0.8162223870
   5.8080124306   -1.5584905065    8.3880698325   -1.6057937123   -0.2169535476    0.6798824008
  -1.5152082169    5.3892831574    3.6512340395    0.4183379474    3.0095772827   -0.0299688148
  -6.6439449365   -1.2705916295   -1.8487871731    1.5489108554    0.4820673486   -1.0039867139
  -6.7673694709    2.2033391555    6.5207680919    0.3586166606    0.6468427487    4.4031179348
  -7.1538785816    7.8169487018   -4.5896299307    1.6767046337   -1.9786360406    1.3717147126
   1.7091214075   -0.4002752238    3.1872249715   -1.0388750572   -2.3698709290    1.9336144772
   2.2739269174    7.7828131189   -2.0912032199    3.3646741982   -1.9981191237    1.2578433208
  -2.3688680464    2.4589365562   -0.4535055079   -1.9442950109    1.3533438105   -1.7366031692
  -6.1380414836    0.3710408985   -0.6233516177    1.6658976781   -2.8107418159   -0.6259865856
   6.6958267775    7.8088262381    5.0871030969    2.4939211040    2.6210372920   -1.0294992024
  -8.0473960312   -4.1645821417    3.3013244170   -3.6007000423    5.4145017380    5.4316459053
   5.4749581907   -0.5737166691    2.9182581957    1.3643357570   -3.5307797374    0.2318317173
  -2.4261009701   -5.6472992010    2.3667912393   -4.7660541906   -4.9303820397    1.7448207169
  -0.9253351064   -7.7955982793    8.4889643607   -4.5461511083   -2.6284492679   -2.0775058880
   5.5332597417    2.3934734844    1.5638203890   -0.3658380233    3.7895331683   -2.9284460157
  -5.2764228820    4.8745838161    1.5130461746   -0.7099377759   -3.2199789177    1.8649317720
   5.1904385561   -5.4829651141    7.1904515586   -4.3475910327   -3.4973028085   -0.0109067791
  -0.7611262036    0.8682253818   -5.7508976159   -0.2314630867   -0.3927745706   -1.7514229005
   4.1408584339    6.6258385457   -6.4491877559   -0.1557005370   -2.5609297357    3.6611972715
   1.5311193399    4.7774588893   -5.9781931947   -1.7535324497   -2.5941317225    0.4498466132
   1.9654118495   -2.0432120590    6.7897608586   -2.5731565761    1.1644655529    3.1973689475
  -0.9307806223    2.6094616410   -6.1446757945   -2.0474607919   -3.3490105106    0.2843032638
   2.7830633753   -5.7257052196    4.3464451499   -5.4809147251    2.5600922519   -1.4994049440
   5.5090769329    3.8295650506    1.3183742171   -1.5555844664    2.4509247512   -0.2884266424
   7.4792904584    1.1040043635   -7.7287289584   -1.5213175999    4.2016899594    2.1744358647
   8.0531986048    7.7376131636   -4.3316775723   -6.4109931463    0.0940060545   -1.5291505754
   0.5246754171    5.2146826747    6.6963589056    1.9407874933    2.5876377897   -2.2891385992
   4.3162559731   -5.1338061997    3.5658964224   -4.4020285596   -3.3078007521   -3.6330509984
  -1.4086312315   -2.3368274314   -4.3849346766    4.8600678774    1.9039919654    0.2569823241
   3.6330068739   -5.1940473105    5.4800382706    1.1276268859    2.0842138528    2.4270013738
  -6.9768052428    2.3475685092   -7.1301512099    0.2855689081    0.9721398186   -1.4192753530
  -7.5448129142   -8.3726348996   -0.2497509220    4.5794926372    0.2292055052   -1.5093737526
  -0.6148090641    3.9174356269   -0.7953520704   -2.3393800682    2.2574855137   -1.4198471627
   6.5993135292    5.9551898556   -4.7896308548   -1.6978109344   -3.1427710846   -1.1280966722
  -1.5950758962    1.5090800993   -0.4027519230    0.9194956030    0.1427353024    0.6859339907
  -0.3035412278    3.0135164098   -4.6794117227   -1.2482757410    0.8848250108   -2.2327833525
  -7.7196496372    2.3204900483   -2.4177438489    0.6616954507    0.7170896622    2.3821174236
  -1.5749456845   -2.6115720137   -6.0783444189   -1.0866397787    4.3845462355    3.1007236041
  -5.5598810985    1.4618105752    5.7435860640    1.1103290756   -0.1593309843    0.2432035062
  -5.7205262532   -0.8885061970    8.1768337337    0.8633027037   -0.4012017914   -2.7315371545
   1.7110063099    2.6036065854   -0.8368927895   -3.3144010000   -0.0259953007    0.8789641453
   6.5307243612   -3.1176618687   -7.4633374168   -0.5157907999   -0.4835059756   -0.9176005380
   7.5952144166    1.1452067722    3.8191173407   -0.9997317805   -0.5565263120   -0.9222046158
   0.4347871369   -8.0867941564    0.8129991643   -0.4588711512    0.2944150291   -1.8253869170
  -1.2561768549    4.4563296793    4.2626652207   -1.7959445587    1.9242605443    1.6101535070
   2.8243452460   -7.2196432997   -4.6826276202   -0.0800953799   -2.2111010784    1.4590157504
   7.0303344323   -4.5021291310    4.6262699564   -0.6803789557   -3.1428348204   -1.7356874071
   2.7192010401   -3.2201251455    1.4392889871    0.0436225922    0.7566795978   -3.2233994410
   5.8948121794    5.5565060503   -0.9588568134   -0.8389335095   -2.2846364838    1.5629217042
  -0.6595253704   -5.7708991293    3.8065215379    1.0310536308    4.5899089853    2.8722308360
  -4.5915771293    4.0427661670   -1.5539062228   -1.9179438354   -2.2870129703    2.3633070768
   8.4444020789    1.2313048765    6.9907603843   -5.4763218704   -1.0429236815    4.0675813913
  -5.5118633967   -5.0191625912    0.1255007201    0.7686659983    3.2875955021    1.9287633882
   1.6470823777    7.4083305687    5.6650528374    0.0129047280   -2.3206548974    0.1702015794
   5.4064141377   -7.8978440730    2.4683468162    0.8595525395   -1.0712830004   -1.0491925716
   2.4319137819    8.0737813004   -5.3977541397   -2.7757570926    0.1560841585   -1.7944593970
  -5.1155722097   -4.6582368013   -4.6718079747    0.2488018707    0.9988638158   -2.3288935136
   2.4731464308    6.1278544150   -3.2479507356   -1.4931559348   -0.2672340331   -1.6975999501
   8.4139946487   -6.0826873456   -0.1244114240    3.4093530189    3.0141725508    1.5723270422
  -7.8610199325    1.4594772287    0.6112535452    0.0679253843    4.0317311715    3.5617502490
   1.8753137642   -4.1402083961    0.0830377249   -0.1721364060   -0.5801341486    0.3139797092
  -5.4745379671    2.8923131264    7.7350528211    3.0072503068   -0.1937075841   -1.9163587362
  -1.7574469000    1.7810647330    4.6547996475   -0.9936319423   -0.3567196749    0.6560709448
  -2.3611232401    6.2875270507   -2.3672351154    3.7137154276   -2.6005877373    1.9853519953
   7.3471666736    2.2354169529    7.0214994910    0.4831456443    2.4222695219    2.8742822545
  -3.0902358135    0.3401384702   -3.6306634079   -1.0527894129   -0.6219061576    2.0198712571
  -2.4604118476   -4.8391864755   -8.2539114160   -0.4878132603   -0.1994069266   -1.7573032230
  -5.2696208812    5.2726391380    4.3465793901   -2.8200204639   -0.2409481189   -1.8207299487
   1.0368309822   -0.9227186915   -3.1805008488   -3.4772491651    0.7946167180    2.5272784989
   4.8324795521   -8.0045818947   -4.2520452142    0.1288422989   -0.6846156699   -2.0724272309
   2.9098282750   -5.4817751556   -3.2190872875    0.4528281073    1.1407738190    0.2725581355
   5.4352327535    2.6475879490    3.9524655177    0.5592835522   -1.6209321864    1.8796814287
   7.6048276947    0.0788429081    3.5713490488    0.3670963685   -2.8970060346    1.9461377420
  -0.3615235559   -6.1742107734   -1.8147791766    0.7759638497    2.2957836419    1.5247037149
  -2.3576162213    7.0124408196    5.0191216187    0.0738502876   -2.7592706274    2.8951046030
   8.2280624231    7.1916563250   -1.9972187359    0.1360304389    1.4760394317   -1.8779954376
   0.4916923248   -5.9723434166    2.7915860619    1.9390602803   -1.1190631601    0.6573839703
  -3.1853511503    6.2675738275   -3.9970236393   -1.2798055700   -5.2737816346    3.3131813667
  -0.9297538340   -1.0863084885    7.2033571839    2.9596389582    3.9965862585   -1.1445500164
  -4.5205645078    5.2273922013   -2.6482608622   -0.8222655994   -1.6792735158   -0.0127335086
  -7.6551945235    3.9071554447    2.9989530248   -4.1138009705    3.9561881416   -0.6551919077
   5.1499921880    7.0260906543    3.7345208099    0.5197668542    4.1035506445   -0.9806070447
  -8.1665855968    5.3141957991    7.9145326502    0.5497028337    1.3877193703   -0.1738191274
   7.2390321917    8.5289418554    2.5061073001   -0.7690560938    4.1653529377   -2.9060078477
  -7.8214339192   -6.1384314214    7.9911594557    0.1693412456   -0.3196075719    0.7837950931
  -7.6217508325   -2.0979049367    0.2884793090    1.0897582875    0.3500753133    1.3431018277
  -8.0208462530    4.0207638707   -6.1112667090   -2.2369838876    0.8355584239    3.3802224405
  -4.6865230011   -6.5278466095    3.2081389735    1.0040055489   -2.2903113771   -1.6681821119
   1.4780098246    5.5343953997   -3.5221881567    0.6238546595   -1.5153259868    3.2389804556
  -4.8861655440    1.5925181713    2.1494501581    0.5403343373    3.4118946830   -2.2675897973
  -8.4084704759   -7.3450821373   -6.1756412401   -0.1053116289   -5.3943992192   -1.8363032386
   6.1700140574   -6.1462969068    7.4907432669    0.4179192781   -0.5468735261   -0.7647041519
  -2.6163885246    0.4202627349    2.3340226134   -2.7870063485   -0.6502203635   -0.0390557841
   5.8269322648    1.6823394329    3.3904897032   -0.0948245246    0.2068871319    2.9429222870
  -4.7406949288    0.0610589279    7.7850611050   -4.2169555515   -4.3455162909   -3.2445787750
  -7.9806951352    7.2062450207   -6.9504498142    0.0295239338   -3.6880674186   -1.5862902606
   5.4481487713    6.8362571033   -4.7991489477   -1.8055346807   -2.2309476868   -1.9538443358
  -3.3802112067   -6.3566196669    6.8269616881   -3.4936994783   -0.5214464631   -1.1534732142
   0.1900604155    8.1551438565   -5.4105749093   -2.6461849487    2.3655147877   -5.1757611091
  -7.3406092072   -0.0588775624   -1.1179535422    4.8086752420    2.9757156259    4.5676984032
   4.8010454857   -6.9159634388    1.1284251914    0.4084770745   -0.2488236081    1.6004253918
  -2.3591122579    1.3796394624    3.7214546295   -0.1910965483   -1.6118864314    1.5509937744
   7.3922225978   -0.4986177778   -5.0642765250   -1.4140145654   -1.7664816368    1.9066982149
   7.0535423455   -0.6838209622    1.6733766230    2.4312166690    0.3632793499   -1.7713689893
   1.1744172142   -0.5946255302    5.8473251160   -3.1840196755   -4.4198736980    2.4123015310
   3.6079964156   -7.6933506722    4.3392052706    2.1526500395   -1.5169871393    1.4305060169
   6.0679127600   -7.4646721803    6.3724452840    1.6938004967   -0.3667110193   -2.0050861750
  -1.0187174342   -0.6783662961    1.8119920644   -0.5855709973    2.5049017189    0.2495367203
   6.0004808108   -0.8503492535   -2.5964603023   -0.7828393825   -0.5772327475    2.0347921430
   1.1770484282    7.3520839445    2.4671129282   -0.5231981130   -2.0169262222    0.0168267579
  -2.1179142134    8.2338591652    8.3202346962    1.3972179369    0.1249167570    1.0432546900
   4.0931704051    4.4706461143    2.5825301793    0.3659602327    1.0495353319    4.7511390981
   5.9607741702    0.7221665232    6.9383192330    2.3033546740    0.9349932841    1.7906157504
   0.3131283383   -5.5230456673    5.2888264180   -1.0701603030   -0.7548526500    0.5597729179
  -2.8364042537    2.2429974306    3.6935630852    0.5755999006   -1.2888188738   -0.2620668324
  -1.6438728275   -1.6177117976   -6.4248463434    2.3318571291   -1.8315946922   -2.8632400802
   5.9866096670   -7.4833749853   -8.1467097479   -1.1842329541    1.5692768749    0.6461774330
  -7.0800018268    2.3683922722   -3.3951388537   -2.5192034078    2.8713408081    2.2905713881
  -2.2743459892   -4.4662463941    4.4717107601   -3.5941579397    1.2633237616    0.0604775125
   6.5021066026   -0.5711682991   -0.9307581882   -0.2354127675    1.0178833639   -1.6629205048
  -5.6148950628   -8.4404513410    1.8241414398   -1.0934253902   -1.3576642762   -2.2398688668
  -7.3505796903   -1.2969222087   -7.6622919595   -0.0332720670    2.1174477933   -1.0981575811
   0.5946397516   -3.9890234721   -1.8343391975    1.1085918288    0.4637449303    0.1438729062
   1.4672593358   -4.6526680428    3.8141517965   -0.2965174486    1.6900072389   -0.8830210490
  -0.0771045223    3.0222025878   -5.9379759418    0.7507605866   -4.0126215044   -1.0138729537
   6.3283324474   -5.5461166624    0.2256183141    0.1218248512    0.0249180822   -2.0373184868
  -4.6334301322   -2.3395664831    3.6827523023   -0.6329069909    2.4438938180    1.8685983576
  -5.0650646614    1.5604891968    4.3760398539   -2.0891335893   -3.0174869369   -2.4409496935
   3.6982063656    8.2608553807   -4.2939831731   -1.1573834697   -0.9236064261    1.2866747027
   5.9269997217    3.7089837644    3.6007425292    1.9576650621    0.7133214146    1.5730125235
   4.9663872196    1.2167398671   -2.2382974658    0.3731826041    4.2154395603   -0.6543130391
   6.7306897890   -2.5572599612    2.8446936912    3.2975202737    2.5791626624    0.7990644879
   3.4102629963    0.5459624738   -7.9820007217   -0.9709084294    0.4269507867   -1.9737593541
  -2.9869003082    3.6730799959    5.3118681367   -3.3000458802   -3.2640913722    3.8688075341
  -7.4814045478   -7.5224240751   -5.2379644688    0.1334541996   -0.0688287079    1.7247342949
   0.3857505418   -5.8524810835    4.3587985498    0.7755146815    0.2675545746    0.3920514411
  -5.3881621035   -3.9224065280    7.0768600341   -1.7070102704   -0.4339034617    0.3953124065
  -5.2072122560   -8.2393686727    5.8607749093    3.1149346192   -1.0337387475   -1.2861477222
  -3.6011913611    7.5131140281    2.8386443635    1.8831345820   -0.1130524787   -0.2529114096
   8.3322999072   -7.4215336720   -2.5279654490    3.2313051456   -3.5121799992   -1.5775109369
