           1000
    17.09975947
  -2.7253581823   -4.3627763077   -1.5351754138    3.7169566252   -0.6893434450   -1.2832731261
  -6.7525009191   -2.4724599070    8.2062138154   -0.1155227127   -2.5074248053    2.9839890862
   6.1018284580   -5.4896760998    0.2820197932    0.5974015961   -0.7348419007   -1.0091647451
  -2.6578258346   -6.7100073564   -6.0969146930    2.2328715790    2.0139882280   -2.8704683127
  -7.1707074861   -4.1546230070    0.3194460173   -1.5152010977    0.1420145223    0.4213740191
  -6.0420047283    6.3764225525   -3.1758294585    2.1093391250   -1.2655188165   -0.6469361204
   1.9425707835    5.5778569938   -2.1314123443   -0.5256581277   -2.8931738769   -1.8598225440
  -5.4834273001    4.6780085192    6.4058052793    2.2305346176    0.6203909713    4.5174433062
  -0.9302906987   -8.2610915692   -4.6702635754    0.3193625989   -3.5305432260    3.3045155385
   7.4899164971   -3.5683595444   -4.3949310186    2.7141528618   -0.7142698352   -3.3187656355
  -7.3531963625   -7.9124169199    7.6829241310    0.8923423745    0.6854609452   -1.3903487306
  -3.8919879609    6.9768625723    3.0699414826   -4.3667529580    0.3019454977    0.3996698490
  -3.4828564879    2.8623292204   -1.0876903730   -1.4746537161    3.9033017751   -4.0600090991
  -5.6233568581    5.5885351884   -2.4553722811    0.2961960096    3.9375054885    0.5044525536
  -6.7297315710   -2.4635149828   -4.3182547671   -0.7320791767    2.3846271977    2.8675215646
  -7.7497264570   -1.1070013639   -1.6351266972   -2.7735289743    2.4004870554    0.4463537083
  -3.6356828655   -0.3152331491   -5.4327490411    1.2457572830    1.1241327163   -1.2984299081
   4.3655404590   -3.5505566303    0.0317632231   -1.4908471245    1.6519778070   -3.7106229700
  -6.3781946552   -7.6844293051   -4.0895264416    1.5862981460   -1.0494114972   -3.0709979216
  -3.4251977297    2.1262664766   -8.0925544227    1.1636567194    4.6465201171   -0.6179796315
  -6.4462076245    5.0778126877    2.6637451281    0.5458163748    2.0387483252    1.2731967698
   5.2729569797   -7.5508113507   -2.7192788856   -1.2195469258    2.9908103080   -4.3027701036
   2.2778283196    1.3436674959    4.6039074700   -3.2599251055    0.0492179367    0.3730579212
  -0.6621868970   -8.2271427570    1.2144666712    0.5500322742   -1.8709551675    1.7223334316
  -4.8636900918   -0.0587572201   -1.4732895467    3.1896866459   -0.0359746611    1.9480677026
   5.1240879545   -4.4425024295    5.9742354862    1.4178133610   -3.2787931090   -0.0023129485
  -3.8469501986   -3.8526170392    4.0270447186   -0.8292348182   -1.9237724418   -1.0894008306
   3.2069244856   -7.2434805121    6.1736406541    4.1899708700    2.7170882629    2.7325252965
   8.0290597109    0.3167719395   -8.0957846239    2.1686265005   -2.8968471932   -0.7191686435
  -5.9112476729   -7.1608722863    4.6514198564    2.8595351673    2.3340440392    2.0623485482
  -2.6001953066   -6.7038276432    1.2788069397    0.1508365820   -0.7807154663    0.6542734570
   4.8081430380   -2.1308477504   -1.8607416571    2.1258740830    3.1551302464   -0.9152132512
   1.7962459250   -3.4954757671   -1.4578971117    0.7527260916    0.8486403163    1.1911397974
   8.5436391208    0.8110585130    8.0692027039    0.1455316958    0.8578405554    5.1741852826
   0.5580978159   -6.1081953171   -4.1317359140   -1.4097416076   -0.6156796581    0.3471769669
  -4.2221190474    4.5485678124   -5.6779571463   -0.2256527651   -2.3371079474   -1.4894794034
   2.1933457850   -5.2797078931   -4.4822031424    1.0470180662    1.6670164648   -0.4761766640
  -1.3129841808    3.7399943598   -2.6372966439   -0.3614883871   -1.8785397126   -3.0834724748
   6.9459980300    2.5619265034   -4.9368098373    4.1805334665   -0.1705827359    0.8605398194
  -3.0447080235   -5.3363101984   -6.0078133213   -3.5831369825   -0.4874258978    1.3508203560
  -2.0744168546    0.4864388528   -4.6401496823    1.0975257002   -1.1390136381    2.3857946532
   1.8902279321   -2.9328473616    1.7085962366    2.1037379742    2.2311510502    2.7687057641
  -7.4944550701    4.3390615445    6.3642652853   -1.9545714776   -1.3106920549    3.7217093891
   7.4411356981    3.8920029081    3.0513809775   -0.1235259109   -1.7466539381   -2.2365453732
  -2.4032254629    3.0737982089    1.9525807004   -1.0314148800   -0.3135795934   -0.0942254888
   2.6800378397   -2.3799901238    3.3694296199    0.0309457969   -2.0013866053   -4.1071056351
  -3.4386748759    7.4170792808    1.4537224310   -1.4564158198   -4.1118743474   -0.4977586457
  -2.1212727631   -2.5037161295   -1.3855543041   -2.5794187502    1.8614421211   -1.6668495547
   5.5396941379   -7.4645083326   -1.4305428845    1.9607496720   -4.6807412365   -2.8205377405
   1.8216007636    2.9789781482    5.1822877106   -2.2261669436   -2.8185437207   -0.4657179186
   4.4532282312    0.8434603107    5.1282836096   -1.6271711285   -0.8956605679   -0.5344618124
   2.3978191793   -7.6524132135    8.0208754245   -1.9529108335    4.2139275225   -2.1817091403
   1.1723042884    3.5309755684   -0.4160941095    0.6732883500   -3.1492166701   -0.0256501119
  -1.5886354987    5.7083665393   -0.4178040321    1.1935539160   -0.7050634612    1.4020052031
   0.7645970243   -2.9330008109    6.4783058338   -3.9208260572    0.3409881130   -1.3696091510
  -2.6963224778    0.9681612345   -3.2793217415   -0.4943277304    0.7971381787    0.7672446727
   7.2645999033    0.4464230137    0.8504529828   -0.9202008572   -4.3727572589    2.6788532834
  -5.2119714376   -2.9167951362    1.7690696991   -2.5393060900    1.7044688246   -1.0877967853
   2.5864282955   -7.9026307767    0.3473312308   -2.4788596221    2.9837188170   -0.1587189778
  -5.9510395884   -2.2764132986   -2.9978481026   -1.4630473767   -4.7437835948   -4.8242404125
  -1.5802602678    8.0743912783   -3.0914279437   -1.6075970785   -0.0494266755    0.6492603446
  -4.3580111027   -6.3663310041   -2.2197317373   -0.0209403400    0.0948389547    0.4736293777
  -6.5138078038   -7.3009422768    5.2828581714    0.5393473919    0.3405046716   -0.5352896406
   2.6580239939   -1.9319137344   -7.8850997313   -0.6319019916    1.0218705886    1.1537639841
   3.9813745131    8.2947316401    3.5455598173    2.9615942668    4.5788541724   -0.3484962845
  -3.6189468444    2.0184397146    3.1393144661    0.0905500983   -2.5867037616    0.8964425224
  -8.0997093447    7.7084670999    8.0841432587   -1.2064640057   -1.1542207920   -1.3892512973
   0.1720033557    0.2884497010    8.4284633511   -1.6889497396   -0.4569701150    3.4809230261
   3.8110114128    5.6453723831   -3.4539834239   -0.0344924044   -1.3749483518    2.1613070469
  -2.4730238664    4.7974379966    7.5341350028   -4.1507606362    0.9369373478    3.6808178101
  -7.0442122621    4.7481866431    3.6637167711   -1.8056220974    1.6805292955   -1.1808377942
  -7.9086108686   -1.7581066428    4.6324727482    0.3687409332    1.6020722872   -1.2710692469
  -6.0145992655    2.0314245726    8.3236967764    2.1901796678   -0.4993338686   -3.4910862224
  -7.1976693763    0.0722852301    7.7063008401    0.3424356240    2.2055984034   -2.8295990752
  -8.2865779937    7.2414231845   -5.2426902067   -2.2835983594    1.6683594391   -4.0949344797
   4.4856936819   -2.2536450717   -7.0719176929   -4.5801036044    2.5710076148    0.9667137860
  -3.6137647132   -7.2033231485    7.7818489255    0.4756731418    1.2883396553    0.1947538598
   0.8057236445    8.3105450060    0.3240147687   -0.0018319627   -4.1263165997    0.4289618516
  -5.4611914104   -4.2140385823    0.7909342182    2.5927343297    5.1562988245   -4.5677068150
  -4.4554861474    6.1580701177    1.2539215961    0.9718702606    2.7848144308   -3.2862800109
   3.9637570010   -7.7993518054    3.8908025975    0.1715545447    0.3267959828    1.4855867031
  -5.3466206343    3.5698284445    6.6814038471    1.3737409540    2.3145814864    0.9765589427
  -2.3104274983    4.7458825004   -0.2718410033    0.7340440399   -2.3022901245    3.5510326920
   0.9872077851   -3.7608473737    8.4740280171   -1.7703998863   -2.1468387943   -1.8387997805
   2.3682317431    3.8993484559    5.0588550419    1.5818253930    0.2198567466    1.3483252842
  -4.4821767763    1.0368461866    6.7992852560   -3.3498295024    0.8297171358   -0.8127677781
  -5.6751705550   -1.1946772174   -1.0925024426    2.2690286314    0.6306410813    0.3901220321
  -7.0750848587    0.3208249181   -1.6573364159   -0.3214694438   -1.5630836505    5.9428180717
   6.3472789095    0.2121447808   -3.7094277536    0.5993368254    2.1048265047   -0.0671143669
   0.8950411101   -6.3428908840    4.3937609063    2.1870327622   -0.4026930456    2.5880930241
   4.5073034097    5.3848945082    2.2516967591   -1.5349910519   -0.5043657606    3.3082416396
   1.5997510376    5.4608938817   -0.1227829692   -0.6512994918   -5.5545104530   -1.5096862443
  -7.4961832160   -0.3824531098   -6.1970391911   -5.6067892811   -2.3986995145   -2.6009997348
   8.3852970884   -2.3573280622   -4.3815025531   -3.5583824317   -5.5118613985   -1.2003168438
   2.0653191724   -7.7215222864   -7.6577106405    0.4593247106   -2.4093483029   -1.6232446611
   1.3362901813    2.4866052822   -4.6380443264   -1.6918193949   -0.0497123290    3.0208225163
   4.5233506246    3.9786794429   -5.3638588853   -3.9742927033   -0.3109526814   -1.1667788919
  -0.3247583836    5.2978592173    0.6065328475    1.2457295883    0.1779265204   -1.5077697305
   4.4651245805   -5.0489979763    5.5193536781    0.0506862913   -0.7984306055    2.2491579443
  -0.3732476056    4.9419615816   -6.1612546593   -2.5177337458   -1.5356577663   -2.4197376977
  -7.8508253004   -5.7644706848   -2.7669016887    3.0328725577    3.3517732426   -2.6593700627
  -8.3537137928   -3.2124170761   -4.1217669311    2.3181225388    3.7090195066   -2.4136875570
   7.6514603466    6.4019812125    3.0449261555    0.4299698336   -0.1426449662   -4.3585765029
   7.9058634788    2.0288684009   -3.2619921020    1.6420817473   -1.2867293417   -0.8030040253
   5.3671997543    7.6862117374    8.1565903597   -1.6505474799   -2.8426068958   -2.5456343992
   3.3259473896    2.6738406120    2.7698208824    4.9881168724   -2.4997575000   -0.4018212997
   6.5312484879   -3.5634942580    6.2092438042   -2.2581238494   -0.6658178327    3.4849085990
  -4.1622604717   -1.6187175914   -5.2225175893    3.3839590178   -0.7664167022   -1.3880136866
   0.4385816110    1.4545754598   -1.3920368690   -6.6706480832   -1.1348443158   -0.1039579814
  -6.0583963071    3.5364037046    5.6455246210   -2.5672566530    1.3833794345   -1.5406548602
   0.2716309080    2.3703778558   -5.6350611911   -0.9986779310   -0.9595191891   -5.0356680136
  -4.6438842728    2.0027687362   -8.3667543444    1.7563518007    4.3881952233   -2.8322090809
   7.0414299591   -2.4735674827    2.5005571690    0.9823781076   -3.4429252649   -4.7851257572
   4.2490941404   -2.2730304610    0.4571526002    1.5464503928   -3.3525864454   -1.6943454557
   0.6730660386   -3.4246617709   -2.4478890206   -2.2171922717   -0.7939054859   -5.4590191463
  -1.5062981904   -3.6476196269    0.0063892938    0.5871449907   -3.6329316385   -1.9908306484
   3.3374292298   -5.1593273775   -3.6371730426   -0.0187658364   -6.3526140023   -1.5522075423
   4.1521100181    0.3234151353    6.3883959789    3.2642986525   -0.5666288137    1.6198132489
  -1.9200766805   -3.1462724910   -4.4738662880   -0.5396302927   -0.3746269143   -2.1805676500
  -1.4292374242    0.6324797330    3.0616379042   -1.6517088594   -2.1793219609   -1.1110169403
  -1.0426129232   -4.7284479070    6.7986593306   -2.3463413248   -2.7015843536   -3.2442786597
  -1.3423344848    5.1159997564    0.9824116126   -2.7626994027   -0.0716593884    4.3760936028
   8.5121035055    7.8322294183   -7.3249198806   -0.4538784638    1.4103104527    3.5335697286
  -3.3018422145   -6.8899589663    2.5526120864    0.2771012971   -3.8845368909   -2.7830941395
   5.7337820746   -3.9925184469    7.3964384086    0.7204799775   -1.5884303108    5.0393965286
  -3.0155216766    4.5096100077   -0.9982893422    0.4970971321    3.1870332588    2.1414157035
  -5.8076735647   -5.6211039475    3.5887198649    1.4856515179   -1.8588537233   -1.1065793006
   3.0795523930    6.8843895110   -5.7308787533   -2.2992669019    0.5091626228    3.8807469658
  -8.4485314031    4.9827004065   -5.9702584493    2.5155019752   -1.7427041180   -0.8685534034
   0.7117109284    6.8972551401    2.1309767861    0.1209499675    1.7558842324   -5.9452809002
  -5.8218888203    1.3696531664    6.7742742738    1.9939326608    1.9251156783    5.1853590703
  -7.3971143578   -0.6412321251    8.4545666592   -2.1090942657    1.9684245980    0.1010816639
   4.4311249348    7.5253018280    4.8638744767   -5.0885418940   -4.4572932902   -0.1611146707
  -2.7413133559    4.4293868859   -5.0201698095    0.1250785504   -3.9663800096   -1.8670641639
   1.9829089059    6.8461580670    6.2694383748    3.0043348321    1.7539844796    4.1393088147
   7.3915552272    3.8458334424   -0.6715778287    0.5997099701   -0.6506136128    1.2792359136
  -3.3964269196    5.4033882322    3.6347500352    2.4198597294    2.8130598038    0.8982715447
   4.3985929536    6.4080895951    7.9300419498   -2.0456168837    0.8386656632   -0.0567633313
   1.1931320842   -5.2267385189    0.7810258009   -1.0315849895    1.8784205776    1.5114075653
  -3.3608606214   -2.4359830283    1.5203383468   -0.2383063895    4.1191361205   -4.2247005869
   2.0688463011    3.1340565937    8.1779105759    1.2209100945    1.2124715227    1.5951211940
   1.8123740437   -0.9581230104    3.2424865932   -0.6508110545   -4.5782602467   -2.5572642862
  -2.4236499086    7.6196732296   -6.7025331959   -0.5817713143    3.1907297671   -2.2973893292
  -5.5443890365    1.1717125729   -7.4221876105   -1.6255603234   -2.1436855524   -0.2235902335
   2.3511063505    4.5366179750   -4.1932460648    1.9153279289    2.6540168405    0.0607044802
  -4.2226762561   -7.1192715188    3.3194030721   -2.7337166811   -0.7069303264    1.1098237460
  -7.7660105201    2.5858497720    1.9600070977    1.3839220566   -0.7063529597   -2.2954424719
  -0.9733374045    6.8661372543    8.3500688298   -1.9352098434   -0.5928582418    4.2883680400
  -6.2457880378    2.9325628930    6.8639550249    0.8123504098   -0.8098300336    1.1792220622
  -1.1064599744    0.8704017839   -4.8991300612    1.5695298659   -0.4902489813    2.8671734947
  -4.4328332201    1.7779382680    1.5833669334    0.2367942942    2.9698179402    1.1489287260
  -4.8026374828    8.3355541319    6.3998466621   -2.7096513641   -0.2150216099    3.6154008535
   0.9749104100    3.4315431443    8.2187455664    2.1598715415   -0.9135534505   -1.7453059803
  -6.3478105701    7.8028096935   -8.2165139099   -2.2758260768    1.5000768493   -3.8973873319
  -6.2355031683   -6.3185606442   -7.5876520025   -0.2098920325    0.2380883764   -6.8116604673
   2.4719068056    0.4853624401   -2.0408935670    1.4774332726   -0.3824846134   -2.9024009374
   1.5694408933    2.8971296121   -6.4639958630    4.5441761453   -1.6478137360    4.2575551360
   4.6283813200   -0.1046793031    5.6538897622    1.2201781259   -3.0683798291    0.4284376014
   6.3065205267   -4.5586539335   -2.0869561886   -2.3222653114    0.8059998451    0.4318862221
   6.4296610516   -2.5377238689    4.2543039334   -0.2781641312   -1.0001085105    0.5374983450
  -8.4822439966    6.6093057289    1.2735517598   -1.6933912935   -0.5797549091    0.6142886083
   1.8542694101    7.1444480473   -4.6478686926   -0.7596559250    0.1342195547   -0.8623098965
  -7.0081669008   -0.3620473340   -4.6443828787    0.8534580949   -3.8725917603    1.9174329654
   6.9872049276   -3.0750423311    7.7722173736    2.2576019106   -0.0301013230    4.7383503524
   4.9992436341    7.0325884337    1.8532370015    4.6100148820   -2.0999988135    3.7022787429
  -2.0513350005   -7.8341864553   -2.2487334695    1.1865453951   -0.3732989286   -2.5680532876
   5.2570353633   -0.0478583617    4.4445474743    2.8515258453   -0.6210168092   -1.6068121035
  -3.7076170305   -6.2321621445   -3.7487680769   -0.9267238510    4.8476742328   -0.0140049229
  -5.2756029523    0.6356623183   -4.1557473010    0.2419781102   -1.0897380920   -0.1900336133
  -0.2809329619   -5.9217062630    3.4320605815    2.1959853578    1.4606938044   -1.0161371866
   3.7848788356    0.5308713831   -2.8395555998   -1.1685509506    1.5469892570   -3.5332773213
   4.2574498500   -1.8388621549    3.4264113638    6.1412108391    0.7523228872    2.6070068881
   2.7834767878   -5.4204370976    4.6938204015    3.4280687991    0.5099375956   -1.2378718585
  -6.7553418828    3.3929383373   -2.7261981275    1.5373931569    1.0971363948   -0.1299089614
   0.7682963212   -2.6802376326   -8.3331968909    2.6624801095    1.0639220210   -1.2762702001
   0.7537591782   -7.7088192479   -0.7469601122   -2.3613683098    2.4868696133   -1.1241125780
   6.5710173956    3.1894251158    4.8316526319    0.4838055650    1.6354866979    1.5896233544
   8.0574565751    6.3159016581    4.1099274801    3.9868455672   -2.3415997339    2.0849529434
   6.7975757165    4.2966338743    4.5138304148   -0.2612512495   -0.8188966718   -2.4715172535
  -7.9355556775    1.1894534890    5.9080796356    2.0765380558    1.6832391001   -1.0100131236
   6.5389623835   -7.0924641101    6.5692475860    0.5332783143   -3.5009245227   -3.3107996469
  -2.0603414029   -2.2260964825    3.1650936914   -2.1723549868    0.0221802291   -0.7691446509
   3.5130249075    5.4273651784   -7.1741442342   -0.1370571925    2.6004026112    1.2824338490
   0.5892973887    5.3274529405    4.2795465082    3.2600458953    1.4062748815    1.5318007352
   1.5455653237    1.4208987204   -0.5185641043   -4.1223433144    2.3958543442   -2.9831409235
  -8.2960164970   -4.2528177138    3.6982954689    0.2062497243   -2.6363927211    0.1781842178
   7.6597233154   -4.2242738900    1.2115147933    3.6522722999    3.5680412446   -2.9355044136
  -4.9538911251    1.1357304828    0.6986549928    4.6246071660   -1.7560353652   -2.5946795645
  -3.7666154745   -1.7545466858    7.4909592774   -1.0841643599   -1.9630427929    1.6781519079
   1.1783521030    5.6976307365    7.2786666796    1.6516991307   -0.0324955679   -3.1515682645
   3.1293294854    2.0666494960    6.0709574649   -1.4493572542    1.4341245237   -1.1249773522
   5.3628995269   -5.0420278483   -6.5502925594    4.1270725862    0.4357689854   -0.1899505233
  -0.8130789900   -3.9679871100   -5.1506217960   -1.8295103580   -2.2080616709    2.9927356508
  -6.3725135867    2.5097192333    1.5368212185    4.8665390512    2.8441937283    2.5817772357
  -3.1450881031    4.2129651837    6.9457142779    1.1928674547   -1.6729544666   -0.8011647228
   6.1703164299   -7.9281716566    7.8703838405   -2.6339288204    3.9357195414   -6.7394186073
   8.3690537354    7.3197442172   -0.1555422309   -0.5012659103    0.3015599670    1.0460973684
   3.4030851005    2.3779825267    0.8856093712   -1.7135011725    1.1076798359    2.2939055556
  -6.8886516152   -8.5322801871   -7.0053450117   -1.3702903181    2.4531122618    2.2228836051
  -3.4465323362    6.2923647446   -4.8090802311   -5.1330349304    4.9649716817   -4.0023416309
  -0.6855454066   -1.3629446677   -5.4369719662   -0.0901040414    5.3357547064    0.8820360992
   5.2719888039    5.6963782556   -6.6013973324    3.0320566969    4.6981174742    3.0031847903
   7.3911151956   -1.3376941219    3.2713839191    2.1683858757   -4.4724689427    2.4788502470
  -0.1220798345   -6.2855621427    7.9924433721    0.1421722963   -5.2893815443    2.2925881752
  -3.7775392127   -7.1213516812   -0.9195252054   -1.9147750704    1.4075822215    1.4804380663
  -5.5660305515   -6.0918842301    6.2606482491    1.0300409335   -0.5618045321   -0.7888075625
   6.8251863871    3.2385818782   -3.5654340786    0.0328974001    1.6079789067   -2.0215359147
  -1.8392719842   -3.1743742355    2.1344979127    3.4024712764   -0.5117827108   -1.5478765690
   2.9166661975    2.9152278132    3.8725459357    0.6093030917    0.3033214886   -7.6359957364
   1.0367481648    6.1065969033   -5.0651144065   -0.0898491840   -0.4997786705   -1.1919914235
  -7.0085502373    2.9024486511   -5.6728295377   -0.1474315924   -1.6366336185   -0.4155838540
  -5.2822498707    4.9645582879   -8.1509105389   -1.0300354337    2.3479876418    2.1088428326
   8.1175614921   -2.1256264538   -0.8962192180    1.0149904128   -2.8534809601    0.0117500899
   1.7082113679    3.7354992524   -4.3687253664   -1.8512561704   -1.5054712494   -0.3790854034
   2.4073450719    7.4476868072   -6.2894941736   -0.5007582021    1.9497416470   -1.8810972215
  -7.2166715548    5.1993648183    5.1278306918   -0.5742371268    2.7306511280    0.3088471272
   4.7822125846    1.7477308150    6.1600603518   -1.4407796044   -0.9202247451    1.2064431832
   0.4738720794   -1.9471106883   -0.7851619715    0.0358226323   -2.3594274577    0.9008955197
   4.7339345450    3.2485263974    0.9987758326    0.9533225929   -0.0993278083   -1.1609256489
  -7.3226848138    3.4816569733   -1.4627894140    0.2520049302   -0.2286320397    0.6913718468
   4.7899016190   -7.4591666137   -7.2750988618    1.3579151311   -1.5069593033   -4.0153191459
   2.1154397307    2.4356585690    4.5584183097   -2.6214432463   -1.7896469223   -1.7347335782
  -6.5853679240    1.0642637820   -6.5605131291   -3.2111084968   -3.0340655929   -0.1371474553
  -2.0184152431    4.8911973185   -4.4594976116   -1.0909442230    0.8314403444    0.2001715928
  -0.4208444439   -2.7143372843    7.4497654037   -1.3545505643   -0.6818725089    4.2894595239
  -2.7048330638    7.8745062952   -4.3262192591   -0.4039343889    2.2506535844   -1.0416034562
   3.7575665155    0.5462946993    3.1127653067    3.2864190297    0.6738056060    0.5267671902
   6.7640879416   -0.5208004414   -2.7345580376   -1.5971902481   -1.0313330227    0.1817546443
  -7.5800640314    1.8525474266   -8.3590988975   -0.9490486237    0.1344194418    3.8408407821
   3.6640870997    6.1844823380    5.8437159019   -1.0370851429   -1.5154375499    1.6291615073
  -7.9192928372   -4.2750053681   -1.2014315814   -6.6094708220    2.1011244906    0.2250165822
  -1.7956463139   -4.6855317429    3.1938835306    0.1527842118   -0.0907895681    1.2346810476
  -1.9825920177   -8.0572090914    4.9827683108   -2.9674387526   -2.5784384558   -0.2680487161
  -5.1516536984    2.8067475037   -4.4946228413   -2.1086028687    3.2665957405   -1.9659225254
   8.4944443348   -5.2574504593    1.7153564994    2.4383169242    0.8344221755   -0.3186307668
   6.8848054582   -8.3803690444    2.6653331114    0.1685008950    2.4908170320   -1.3382062004
   3.0896586668    6.4391813570   -3.7954742130    2.8566162498    0.5644753196    0.0593661367
   3.6395561877   -0.7287355370   -6.7039212155   -0.4891443961    3.7548335296   -1.9321514114
   4.5342018564    5.8644931016   -0.4923970443    3.4204139004    3.6395075159   -3.6476957549
   5.6300623594    4.2185264740    2.5327192065    3.5766840151    2.3528574434    2.4276651835
  -8.1381933361    5.4665519295    3.3332440803    0.4605875287    2.0128382001    0.0648533644
  -4.1317627742   -1.5425916975    0.7391432172   -0.6323719344   -2.7505918181    2.9684262859
   4.2930056338   -5.5887145932    7.7309101722   -2.1444391243    2.6452784177   -3.7208652971
   6.1641923418    1.7038589947   -5.5614280856    2.1021590495   -2.5091670850   -0.7617730887
   3.8734139512   -4.9157302116    6.9432176261   -2.4952706277    0.7208264101    0.7153430600
  -5.9417988633   -6.7329902105    1.4431954722   -3.2722607091   -3.1807088705    0.8843171042
  -4.7840388374   -4.8947164665    5.9388475634    0.7587181969    1.4887345282    2.4977603824
   5.9595721007    6.1310076536   -3.3756508356   -0.5858762405    2.0899496861   -1.2765099650
   7.4686103960   -8.1703635356    5.0987970080   -0.6249929393   -0.0495575669    0.7595749153
   2.6755800400    8.3104501083   -0.9771328253    1.9216792154    1.9503820025   -1.3893809951
   2.8007681586    1.4056709553    2.9023632109   -2.6787447860    3.2139960718    0.7569941102
   0.5808540428    1.8349531106    0.2986909753   -5.0910422842    2.3099854125   -1.2884994983
  -1.7972007193   -1.2995962889   -5.6140904909    1.7775714948   -3.3765805557   -0.2841797225
   3.3969128256    4.1427648061    4.8883174407   -1.9453781554    1.3058193571   -4.2837973685
   4.9490973849    7.7366905212   -0.4838986949    0.9027416320    2.3279974369   -0.5202306234
   5.6034002263    5.0953030706   -5.7511229848   -1.2991501227   -2.5697177961   -2.0475318498
  -2.1393697146    0.3793335440    2.2222118466    0.6765682419    1.5945276496    1.5366063132
   7.4623250949   -4.7049907721    7.2392379972   -2.9671719501    1.0277862689    1.9287652047
  -0.2904611942   -0.7519711769    1.1641612478   -0.7437954241    1.9124328121    2.0842505819
   4.8302344977    1.2547907826    0.7929131171   -2.2037962526   -0.4981282223   -0.6333955221
   5.3426927841   -6.8521350405   -5.3999324931   -0.1337180722    4.6472724834    2.7103394520
  -4.3999253681   -6.1688041895    3.0226239752    4.0798164778    0.5978724470    3.8207081223
  -6.8004729703    6.1378517639   -1.7605546031    1.6410551217    2.5607809427    3.6198537839
   7.6295759183   -2.5443001483   -1.8571081967    2.2273269233   -0.7879353777   -0.8715909326
   3.4234919246    1.4220682216   -3.6719277651   -1.0705394101    1.0076784627    1.3771340618
  -2.6543704209   -7.7308266043   -0.3484784284   -2.8305127307    0.0367623288    0.0510661525
  -2.2131400702    6.2119282120    0.6927315790   -0.3197844144    2.4796541656   -0.4069823027
   1.9296607003   -2.3198923707    4.4726446949   -1.4447575104    0.4863365521    3.2259950103
  -3.8774415713   -0.6270656945    0.0630180540    0.4460761128    0.5242172220   -0.2969418267
  -4.8249921253    3.8400215396    5.8482810205   -4.4922583442   -0.3713203283    1.2200372815
  -0.3055219863   -3.2800051267   -0.9092693351    1.5356874964   -0.5475673573   -0.4912286196
   3.0321981430    6.2844317400   -2.0629418656   -0.7315821963   -3.5100833224    3.4905507638
   3.8598990260    4.5027344843   -1.4342814985    2.8685712680    0.5778778141    1.1636136146
   1.8531510839    3.9391928304   -5.5600344724    2.0046764384    1.1002952422    0.7795628140
   4.7087546628   -7.2539594054    3.2676136365   -0.9965662976    1.1904299407    0.9547325059
   4.7727887300    4.5171406876   -4.5321604993    3.3622643017    1.5080680683    0.6388399939
  -2.1769125557    2.2510955338   -7.4505371380    1.9511910286    2.9012045738    2.2906878693
  -0.5711588020   -2.9017432487   -5.3769770509   -3.3385978688    0.1150160450   -2.6924998122
  -4.6837806059   -7.5504324069   -6.4927689806    5.1295782679    1.5747978784   -1.8754672060
   6.3578076087   -6.2205232150    4.1022336920   -2.3521585299   -0.9645483200   -1.7773768612
   2.0229471214    5.4942676413    3.3896576580    1.3035086300    1.6876193102   -1.8334857101
  -0.0007709003   -0.8000096624   -3.7479187767    2.9089500531    0.8966396054   -0.4536757211
  -1.1170589385   -0.6208648556   -3.6343969970   -0.8935567663    3.6137312103   -3.5234944802
  -5.2762457476   -1.8529180129    3.6816031801   -1.5430349372   -1.6912355958    1.8884937402
  -6.5089058250    4.3505553786    5.2323390367    1.1266250803   -3.2993095049    0.1811181985
   2.7305357116    7.6343742322    0.4511476162   -0.5385630106   -0.7526700197    0.2796157931
  -1.5781386236    4.0811504952   -0.8355241470    0.0763426965   -3.0115319245    2.8391523143
  -2.7794948577    6.9221445908    6.7518415349   -0.3040747190    1.0080072403    0.5850958620
   5.2146313472   -2.9786311270   -7.5233690919   -0.3187082662   -3.9601310380   -0.3237122844
  -3.5504236856    8.5121427511   -6.4898829011    1.0422199479   -2.1641272401   -1.3605175128
   4.2014537357   -0.7411578070   -0.1544757772   -2.6894314729    1.0524365276    0.8307926551
  -7.6948194857   -7.3537934950    5.0347387345    2.3177610159    1.1876414620   -0.1517002611
   5.2522255830   -2.3268446173    7.1372378817   -1.0247164622    3.5756033582   -2.9832277128
   6.4676940354   -6.5656814765   -6.7399003060    2.1179484989   -0.4834655812   -0.0306272354
  -3.2249729208    6.8887275272    5.0944176375   -2.3888195499    0.8337805756   -0.4551613096
   5.4587484102   -6.3421159513   -6.3081251029    1.8335534344    1.2523091409   -2.0695375536
  -7.2613477534   -2.6623184154    5.7765089795    0.0376708459    0.4581721882    3.4789715677
   6.5905438280   -8.3308196515   -5.5999489694   -0.0447877037    3.2976967255    2.9567729652
  -8.3340934782   -3.2858471972    5.7855375299   -0.0650375197    0.4556094206   -1.1557457575
   4.8830516622    3.0609060164    2.6616284608   -1.5676187892    2.6656603191    1.5467229880
   8.3265534563    7.6451342020    1.0979193600    1.0829976821    2.2936177563   -2.9992729015
   2.3699819780    0.1589319709   -3.8099306355   -3.4912185476   -2.1093374980    1.7854350552
  -5.8250486194   -7.1140141356    3.1894711906   -0.7604886326    1.1147541077    0.1306396134
  -2.4974215845    4.1311404117   -3.5372463909   -0.6623846150    0.4418049553   -0.3716381698
   2.6530256987   -3.3055919855    5.0046326329    1.5463685009    0.9580675102    0.9913649815
  -8.2299339233    0.6227063056   -2.1202075754    4.9926301132   -0.8312291725    2.0239790598
  -0.9026357448    8.0951115873    0.1005109606    6.8698464537    2.7518861718    2.8678059785
  -2.7516787980    1.3960736057   -5.5332884374    1.7493166260    1.6995582905    1.5090539631
  -2.6410492342    5.7379578476   -3.3554352884    0.6192185318    0.5167845371   -1.0613590783
   1.5461758616   -5.9522360523   -5.5748440942    2.6486548890    2.4279023343    0.6098087730
   3.2206118269    7.4687241443    3.1197840822    0.1568795446    0.0012171069    2.0907062940
   6.5678176223    2.9541098891   -7.0253875389    1.2631987778   -0.7768413986    0.8634890473
  -1.6598768939   -2.1550174376   -2.7032069747   -1.1308845218   -0.4944891474   -1.1037029708
   2.4169448652   -6.3479410314   -3.2806163923   -0.9360031859    3.2679136287   -0.5363116798
  -4.5103949998   -6.4597399876    0.1629479795   -2.0211925932    2.4268721918    1.1744768380
  -4.7628562472   -1.7238518583   -2.5013208380   -1.3868048826   -0.6446596203   -1.6445763569
  -7.7601685776   -7.6390992257    2.6143968326    0.0036699212    0.7887830110   -0.7818597302
   1.0551272740    5.2080759753   -1.3398064024   -2.8256328918    2.7500296034    1.7536543358
  -3.2305140019   -5.8493751504   -6.9068788823   -1.5845770837   -1.0542476831   -0.3618407934
   3.7539481403   -8.5021359397    2.2050544393    0.9201018676    0.6778822311   -0.7891050865
   2.0832308049    8.2334707052    1.1809734442   -0.9691053765   -2.5880359516   -1.3173125243
  -4.7439404323    7.6975700518   -3.2049840539   -2.0032775226    0.7742496903    0.8004678382
   3.5869413730   -5.5451313363    5.4707525952    1.1261365643   -0.7221353858    0.4369750083
   4.2443942813   -3.0056022267   -4.6057088457   -1.6229076425   -1.4274260865    4.6715943846
   5.4805747821   -1.9505847424    2.2647087359   -0.6090299748   -1.4937501034    0.5469565468
  -7.1033109802    3.9747627536   -5.4041954208   -0.2424023857   -0.7937182820   -1.2785232421
   1.0794239013    0.9406469851    1.6499924678    0.7953728378    0.6857406062    0.2147141642
   5.6761074818   -4.0175320703   -3.5795143770    0.0886032835    0.1846743009   -0.6037647229
   7.4670126483    0.7773402463   -7.0481656209    0.5875186221    2.6236571044   -3.8404717887
   1.5154004487   -5.2750845668    4.2520487295   -0.2373642138    0.8634175054   -2.2011528998
   6.1024195901    0.6413371757   -5.7786385998    0.6736662370   -0.7939768639    2.3067385545
  -7.2404921924   -6.9009893610    5.9587174398    0.1251555708   -2.0763982257   -0.3957739935
  -0.9608068151   -2.8598846207   -7.6967570063    2.3791064917    1.6001318170   -3.3068795973
   3.6317574028    0.6587851053   -4.4793428269   -1.7638771833   -0.7974424610   -0.6949427678
  -2.9017493897   -0.5649192233    3.5204557807    1.9678827588    1.0731330519   -2.8522456740
  -8.3757109499   -1.3385411167   -8.5124862041    0.2369006114   -0.8038408200   -1.3466636611
   2.3904966142   -3.6183801352   -5.3332018795   -4.7309404815    2.8358179549   -1.9002866183
  -3.6154710035    2.8893069426   -3.9818176794   -0.5680786288    2.4084633809    2.5607333333
  -7.8458976672    0.4613549119   -6.5761831384    0.9135263107   -3.6941130280    5.1558520748
   6.0408785165    7.8164503890   -1.7612044169   -1.0300029914   -0.4886396164    3.4626089627
   3.6001441774    1.6116622459    1.7499498898    5.4799657291    1.5312881559    1.0143011112
   6.3532395683    3.5662124149    1.2335304211    2.3223425441    0.0506325196   -2.8307400258
   6.7956840964    7.0166126752   -1.3842172036   -2.2630659238   -0.6270097642    1.3386739504
  -4.1893913475   -3.2061338442   -5.8516753535   -2.6815275323    5.9161438281   -4.2657224192
  -5.1331729328    7.9498189572    2.0493429358   -1.7167593694    3.2003893795   -1.3778007349
  -7.5803591741    2.7001347236    6.2187201385   -4.1251091549    1.9263993675    1.8669413401
   0.4948842777   -4.4743952534   -6.0303726721    2.0770700664    0.3367082803    0.4005300214
   0.3205093241   -6.9985088097   -5.9474426093    0.2400526290   -1.7669638367    0.3222794402
  -0.6846937173    0.0957458662   -0.0138621076   -3.0600610409    1.8899847737    1.0993307328
  -6.0374146154   -1.9524687780   -0.1048304512   -1.9464973057   -4.0496111095    0.5858616353
  -4.4203443099    0.3327345313    6.0638456624   -0.8566799664   -1.7085851500    0.1908373681
   6.4573893603    0.6197853335   -7.7917693319    1.1948324907   -0.3024905000    0.0360734784
  -5.4688763554   -6.8652004110   -6.1293548822   -3.1455152121    2.7807286783    0.0891742447
  -3.5028531151    6.5516305332   -0.4295994327   -2.2062523720    1.9486152039   -1.7166727925
   0.0447550595    1.9437987066    6.0496962669   -1.9014676329   -1.4596463265    0.8302007375
   1.5175783599   -4.9051609755   -6.1164532950    0.4505068028   -1.1496878885   -3.8828418595
   2.7835377360    5.1343809745    4.6443920479   -0.8846274567    3.4684198291    3.1982082439
  -6.0102939811   -1.3000397061    4.7391655410   -2.1714463973   -1.0331790531    1.3400860959
  -6.3349625369    1.8583083882    2.8016701984   -1.2967421379    2.0476654256   -0.4399832094
   5.5890227450   -1.9442382201    3.3379891271   -0.4986396183    1.5680478002   -1.9312448023
   7.3640381143   -0.0379529372    3.3748634190    2.5184578059   -1.9265251764    1.0373183718
  -4.1928290761    6.7641791443   -3.3091111085   -3.7781780233    0.8247155531   -1.9559952526
  -1.0493569249   -6.1564013771   -6.7693428840    0.6608014853    0.8105767750   -0.6357205114
   1.2563384202   -2.5828002158   -1.2196606835    0.5931785686   -0.9305647698    2.0069605389
  -4.4016951150    3.8123631499    0.4511490189    2.7419179713    0.9832931419   -0.5557732937
  -5.3605484721    3.9730909218   -6.7448979450   -0.2017525177    0.4616168773    3.1563671910
   4.6726909554    6.4644261118   -8.0120383334   -0.0308964675    0.2772350765   -3.0619942199
   6.6088409957   -1.1259601101   -1.1636902749   -1.3234936791   -0.8958235443    2.0253334488
   1.1808118270   -3.7361942983    2.3618209979   -1.7569651496   -1.7693967248    2.3003997030
   7.8431753566   -4.8021260485    3.1981171027   -0.4949843869    2.3773415143    1.3689010314
  -5.2988218477   -0.9469382656    6.7037318113    0.5578839942   -1.3484879740    0.6491919970
  -5.1843275765    6.9528969561   -8.4171232647   -1.4425139067    0.7791180843   -1.2007601253
   4.1072699847    7.6831709554    7.8834836560   -1.0718532514   -0.6772915751   -4.1808705410
  -2.5872263988   -3.2366295490    1.1473579705    0.9887463442   -1.0529086175    1.1347041074
   5.6098268626   -2.6069837564    5.6707423958   -0.0940337090   -0.5793734375   -0.5031329170
  -2.7476860450    4.6145247055   -8.2480060860   -0.3003952985   -2.7816762987    6.1470742515
  -5.5915761143   -0.2075048785    0.9148067127    1.2694112360   -1.3663974405   -2.7880809294
  -4.4222252479   -5.5200812993    1.5762136395    4.1912193238   -1.7297706410    4.4405096621
   4.6694205172    0.2449219824    2.9999941109    0.6265408215   -1.4253738156    0.3563469765
   0.7604126426   -3.0900518637   -5.9320327999   -0.3533858505   -2.9886779793   -5.1376629436
  -5.7508660143   -8.4624208681    5.1907457335   -5.6223621001   -0.4532934010   -0.2015645722
  -8.1145657198   -6.8315390855   -2.4322632562    1.2167052982   -0.8187832669    0.3237736701
  -5.3324914157    2.4619911027    6.3776458870   -1.4892144306    0.3945348984   -0.0243226087
  -5.9854931518    7.4966006199    6.9819783478    1.7812556387    0.0139563655    0.7527278576
   1.5905486110    0.2507898578   -5.6775558877   -0.2556035944    2.5746606554    1.3762927818
  -0.5755336522   -3.2937486012    8.1726379114    3.3618795427    1.8001781418   -2.4224976556
  -2.0392502325    1.0854769551   -7.9176840304   -0.0755828749   -0.8322197970    1.3042460949
  -3.3013415744   -2.5442837230    7.9329909613   -0.0597336216   -2.0951188361    0.2235424109
   4.0139782206   -7.3468429674   -2.0251288748    2.0563305799    3.3411049472    1.7782750217
  -2.8802340648   -1.3623103891   -8.2982460400    1.0732246560   -3.1863546350    1.3891323205
   0.0055176989    1.1625890130    0.6787272519   -4.7935351120   -0.4981314917    0.6776782090
   2.5925442590    0.3324748443    2.6851955890    0.7524518222    3.6089609018    4.3748156600
  -2.5929590612    2.2808997872    2.6718260370    0.0882979190   -1.8549269186    1.4691804100
   1.0969825190   -3.0824932290    1.1823978016    0.5293174667   -1.3128024211   -5.7142223677
  -1.6698444074   -5.5949027426   -4.1280548765   -2.7792923596   -4.1511196660    1.1372070441
   1.6679073102   -1.7186582736   -7.2497075760   -1.7070151628   -1.7442955719   -0.5990039571
   4.0869280330   -2.4317501392   -2.9497796539   -1.5219377910   -1.6395271263   -2.5627932400
   3.5497130736    0.6991014902   -1.9183619524   -2.3135462238   -1.5835968732   -1.0401689221
   1.2712341420    1.6996100717    4.9884754259   -3.3637260060    0.2675121070   -2.0325022060
  -1.5099683572    0.1225387416   -2.5155568317    1.8478734175    1.0648915647   -1.8813517877
  -7.5480016839    0.7792709664   -5.3452888427   -1.7872376449   -2.8602825534    3.0963128859
  -8.0348062661    3.8876208513   -4.5516475975   -0.8891263568   -4.8866172940   -1.5399611738
  -2.7436015504   -5.6138775745   -4.7577527174   -1.2299549182    2.2853907395    1.5926248349
   8.4252725155   -2.1636298112   -7.8005437226   -1.7024085968   -0.4643184803    2.3789295734
   3.1829393863   -5.9771934764   -7.0809606393   -0.7092835527    0.5191830220   -0.5640397283
  -8.1944596885   -3.3798362953   -2.1031496794   -3.7410531784   -1.2881221249    3.6375352485
   1.7912681972   -5.0313827660   -2.1830019347   -4.8059343554    2.3367110369   -0.5407242372
   6.5328986951   -2.2537653090   -7.8320486063    2.8926367686    2.2653769462    1.7966131179
   8.0286763228   -1.4461063990   -4.8817866230    0.9018517200   -0.1006446391   -1.8455830189
   3.8994418387   -6.4695347357    5.9036624121    1.1455891447   -2.4221296581   -1.8256633143
  -5.2694200879   -3.6715827872   -7.9554701094   -0.7999359818   -2.5878596872   -0.2088382956
   0.8568234515   -2.1121460804   -4.4939295341    2.7419736952   -2.0698372770   -0.7756941655
   5.0974194356   -4.8889365172    2.6618747798    2.1106601104   -3.9922078533   -0.3075891724
   5.6583944457   -4.9686840287    4.3125401489   -0.1264118669   -0.5638140735   -0.8922028000
   7.7114750346   -0.5385474361    0.7962930227    0.4613741866   -1.6971166188    2.4034386030
   7.0165315345    0.8072003532    2.9247051874    0.0357366925   -2.9043128530   -3.3664787944
  -3.2809398026   -3.8508469427   -0.2952617226    0.3247519267    0.2859863601    0.3856110841
   3.5791304895   -4.8852297859   -1.7762897657   -0.9595685398    1.8172850698    3.6876421066
   6.4133845308    3.6788298040   -7.9213127389    1.2517519063   -2.8685650812    0.9706346471
  -4.8051883923    6.1931801044   -1.9615044072   -1.5474150226    0.0487712378    1.3815354778
  -6.5602328340   -3.3701349785    3.7515400842   -0.0060116248   -2.1094419921   -0.0337865270
  -4.1632089995    1.8033290155   -0.6753605634   -1.2740890539    0.1262733870    0.0436219073
  -4.7768199805   -7.5252697998    5.5645035404   -0.5159642033   -0.7504461113    0.9520006395
  -0.4446049902   -4.3489281885   -8.2579208511   -0.6845353516   -3.3930269887    4.7124940867
  -8.2801165105    3.5761673984   -7.2692979640    1.4582034060   -2.1383455821   -3.1085806873
   2.6865687051    1.4455428535    8.1389623480   -0.0061710012   -1.8641837734   -1.4770380088
  -6.6674255587    0.7222996564    2.5051945423    0.6135429820    1.9474010626    1.1234849600
  -8.3967146578   -8.0204514901    1.0595492392   -2.2991395990    1.8663240263   -0.5932868066
   4.9869142303   -1.6505166816   -2.6269263200   -2.5479654251   -1.0981548995   -0.5873108167
  -5.7619814428    2.4332383851    4.8373265978    0.4250967661   -3.9182103848   -1.2049750556
  -6.1341146172   -8.1107147876    2.9686278510   -3.3208710642    1.2108050253   -1.0582605730
   1.0837189834   -0.1958263628   -3.1929474590   -0.6668307293   -1.2488593986   -1.1400623131
   3.6844765973   -0.8714448065   -4.3642973106    1.5166588258    3.2431911154   -1.6082671975
   4.3161219840    6.5570651604   -2.6469345410    1.0821102665   -4.0653216260   -7.3062466095
   0.5418941407    4.1784147890    4.2590552980    2.0597829859    0.1876734780    0.7159208620
   1.7649101273    7.2015815424   -0.5324580854    2.1096056254   -2.0816337540    0.0038658746
   7.2177508244    7.0329519191    2.1880359050   -4.8433792761   -6.5752916915    5.3534318958
  -3.0817931430    4.6740046298   -3.9971069839    0.6463022522   -0.0981623434    2.8602325919
   4.2736484467   -4.3909686789   -5.5523782421    3.7695675827   -1.3514273182    3.1825905892
   0.8299903401    2.2585245734   -8.1932211145   -2.4154226759    0.5361974477    1.2607024427
   2.5102448433   -1.8548227345    1.4984305219   -2.4669087864    4.1725372398   -1.8585601834
  -1.1044842350    0.4634599865   -7.2783405281   -1.1993262034   -2.4406232229    6.0339721772
   5.6949513968    2.2862229842    5.7269250117    4.1246220205   -6.5830578890    1.2608467651
  -6.1904622608    5.4699662579   -6.6013308654   -0.2473611645    3.2878501133    2.4527635859
   4.9772090694    8.0223695938    3.6649178875    2.8067376453   -2.9570510519    3.5359229428
  -7.4902407429    8.3572903918   -2.3835829124   -1.6905254785    1.8296304872    0.1120530905
  -4.1494032622   -3.6644367349    1.5977000404    1.4721935276    0.2223109086   -2.1292812513
  -5.0991032069    4.7595563625   -1.3375524536   -4.3160245256   -3.1454684014   -2.6785277863
   2.6118545534   -0.9040548205   -5.2265332778   -0.4084060090   -1.9867840284    1.7608225125
  -5.1753495539    5.1033998246   -4.6911453971   -4.4968497912    0.7752755010   -0.6672123358
   3.4071968134   -7.1914082522   -1.2614452689    3.8114585432    0.7672149405    3.3683129622
   3.6641316069    1.4340556297    5.4353543522   -6.4891270004   -0.8918976638   -2.4649869402
  -6.7001115895   -3.6109107454   -1.2131824926   -3.7996813219    5.2614962998   -2.1756899222
   4.9650469821   -2.8534681467    2.5669616413   -4.4316962930    3.4317756689   -0.0221186708
  -0.4432521068    4.0384347305    1.0997893273   -2.7399148424   -0.9304379866   -3.9082152859
   7.6891374080   -7.1235849195    3.1431886889    0.1974758664   -0.7217805223   -1.5401623629
  -5.9782024823   -0.5574435323   -5.9283008883    1.8590534887   -1.3760690146    1.7556769028
  -5.6957319807    1.7399345183   -2.1701833307    2.0914851614   -1.0067119270    0.7698435475
  -7.8709717944   -2.8918181136    1.7766384796    0.8875696845   -0.7642118927   -2.0393773487
  -4.4998243538   -0.3745572623   -2.8847057684   -0.3612634101   -0.1950566838    0.0634361933
  -3.1805772523    4.5195150141    0.8623330785   -0.5124342922   -0.6361334891    0.8379414281
   5.5729204755    1.6510073675   -3.9944438559   -0.5954326810    5.5026431034    2.7281059252
   6.9951146171   -6.0861130929   -2.0191675725   -0.2227328731   -0.8583496885   -3.9517379873
  -5.5415326529   -2.5984949882   -4.2059326223    1.4614661405    1.1454905641   -0.1588858073
   7.5516643527   -4.8306112526   -4.2014327656    1.2925572738    0.3247777620    1.0808734534
   3.8047295340    7.4886916544   -0.5905415528   -2.4935368592    0.5555813793    1.8514846998
  -0.9958834374   -5.2118433489    0.8325537541   -1.7234020974   -1.2116684266   -1.2907563140
   6.5566832200   -7.3340856322   -1.4094251545   -0.8410252870   -0.9307071350    2.7279684702
   0.8994465453    6.2071282148   -0.9415401248   -1.4191594201    0.3071045914    1.7916394515
   1.2460136852   -7.6756560820    1.3485658643    2.1249628671    0.5005721533   -0.4887763176
  -6.1109287749    4.0861481126   -1.8213026035   -1.7747721261    0.2567817681   -3.0110869095
   0.2646508124   -3.9612209395    3.2701274733   -0.7331001874   -2.1158955591    2.7068662856
   8.4205042823   -8.0954287200    3.8211079240    2.2419642267   -1.3945604363    2.3714122809
   5.2636752387   -3.5858237221    3.7700881864    0.3237062117   -1.0949445792    1.8132183042
  -0.6516249099    0.3736234120    1.9976813861   -5.1962521769    1.9212727731   -3.1722263035
   5.6503955831    7.2785402863   -5.2750999304   -4.4209584504    0.9317483533   -0.2520716786
   2.9669181759   -4.8342600742    0.6203515339   -1.2627338166   -1.7545218064   -4.9955575123
  -1.8743996910    2.4853497621   -3.5341359058    1.2665853702    0.5485290828   -2.1197354787
   4.3129642754   -1.7407330715    1.4289275216   -1.0608725053   -1.6963586755    2.6168073429
  -7.7187396524   -2.2463909660    7.5409374853    4.3829594228   -1.7548273876   -2.2388612302
   3.4822474974    3.2486354916   -7.0128606175   -3.1820896265   -1.6169452508    1.8186010616
  -6.3421082243    8.1444966409    5.8880727272   -1.9602880972    1.0121410984    0.3030142090
   8.1855201379    4.3299323872   -3.8113986008    0.0164626080   -1.8186769640    4.6831769245
   2.6772977240   -1.6815516971    6.7495113025   -1.4516694131   -0.5731397663    1.3382287364
  -1.8990281249    5.1143919474   -8.4072866999    1.6361251730    1.9832008545    0.8426694023
   1.8859331887   -8.3361162246    3.7424078162   -2.6714191514    2.5621528508   -1.2433750169
  -1.9728507221    8.2073193741    2.9605151460    0.4612687522    0.9435078955    1.2388474586
  -1.3850841181   -5.9797399321    6.9239262765   -0.1489728658   -0.0733748485    0.3080166034
  -7.4481812843   -5.1795386443   -5.3118184799   -2.2968073178    1.4000689088   -1.2691150107
  -3.8975063983   -6.1523606327   -6.0057400022    1.4268330493    2.2667221752   -2.9710969407
  -1.0316103502    1.9562802593    1.0043014739    2.7313795916   -1.3521514981    0.6092749956
   6.4905426697   -6.9353667837    1.7956033195   -0.3831713928    1.8009724879    2.7554468031
   4.3669313812    1.3156984153   -0.4425633650    1.9002025953   -0.8076240521    2.3277680960
  -5.7110899144    3.7467498052   -5.2013230510    1.0027400559   -1.2214583995    1.4005302809
   1.9195064955   -1.1265461762    8.0783144007    0.1755671460   -3.1150771641   -1.3580608852
   7.8874292761    1.7314581483   -5.0260567921    0.0518398473   -1.6672839027   -2.6802140631
  -7.8394373381   -0.1608428715    3.2006717282   -5.5294903619   -0.3089151132   -1.3142295776
  -0.9076748723   -5.2904342453   -4.9729178062    1.1105619279   -0.1736755201    0.1932825507
  -0.2219999493   -0.1179480227   -4.8590885977    0.4156553042   -2.3085771387    2.0237047648
  -1.2131830921   -8.0022871217    5.8054634884    0.2365508951   -1.8034587458    1.7378356002
   1.5966164736    8.1936633431    6.1573901200   -0.1480951256    0.7382422930   -0.4232102094
  -7.4572752290    2.2105752797   -7.1293718288   -0.6540406695    2.5801129045    0.3239720471
   0.3762434527   -0.0405244341    3.3760512580    3.6741929825   -1.2174551288   -0.3126239176
   0.4368975376    3.4651606134    5.3944218361   -1.6443880405   -2.8314720662    2.6247850523
  -4.6915973227    3.0319998632   -5.4745856666   -3.1630605167   -3.2420034764   -3.4338894942
  -2.0340048392   -1.4775533466    1.7543599845    0.4447582559    0.7453954057    2.1071694802
  -1.0995881063    1.9302053402    5.2489407327   -1.2291432261    5.8805887618   -1.8068392076
  -3.8068300603    0.3530274035   -0.4491250841   -3.7555102866   -4.2899325460   -0.0268559069
   0.7916037032   -4.1801561298    6.9171321780   -0.5897682494   -0.2076239984   -2.9772453536
   5.7141304421   -2.2771895044   -1.5909345546    0.6891339104    1.9917773582    0.6189221325
  -2.1623379036   -0.6385977946    5.9623349088   -2.9564445804   -0.2579738877    0.8713051046
   5.6026668096    0.8802415980   -4.8230070947   -3.3007408328   -0.7542308801    1.9655431005
  -1.6676625217   -4.0869091683   -2.1805205652    0.4271986250   -1.4291145287   -3.3000219626
   4.1603691976   -8.0135814647    0.6910490722   -1.3237707052    2.1136821790    1.7917459688
  -0.0301183263    2.1104806196   -0.6720149399   -1.8755702191   -0.7672285486   -3.1214168866
   6.5444483703   -5.8377175649    5.5282740077    1.8466806956    1.5411868988   -2.1761779427
   4.3064605768   -6.2217636068   -8.0294902982    1.4444243356   -1.3355932603   -0.8760452772
   2.8928445935    5.8530065018   -5.8092986728    2.0584715044    1.3735095793    4.2384329418
   8.2879583845   -6.8960784865   -4.3765396388    1.4256220437   -0.8227826979   -0.2721886655
  -1.8493355690    5.1545491805    5.1176417301   -1.0032662476   -0.3845945556   -0.2876214305
   4.9778970905    0.0179797555   -1.2053927503    1.4193597036    0.4417725968   -2.2146863180
  -5.9959075797    7.7866678983   -5.2086415244    1.0596034093   -3.4261272415    3.4618692937
  -3.6517866615   -0.8096771768    8.1127123637    2.4566203224    1.4432815066   -4.3989920530
  -1.1684157624    2.6949883687    7.4786197587    0.4950782038    3.1837644544    0.7771843452
  -2.7268054593   -2.1025578689   -6.6974088331    1.0504208754    1.1012543302   -0.1549718154
   2.7762201499   -1.4087647832   -3.1007450111   -0.2437453579   -2.2784713333   -2.9885313385
  -6.6837977657    6.4693150773    4.1456309269    2.2599601008    1.7508498014   -1.3538380785
  -4.4428632296   -1.2217393768   -7.2251856866    2.6046443554   -2.0100803119   -2.4539038311
   1.4650659112   -6.1671541776   -2.1576638295    1.0651705222   -0.0450248203    0.9950633121
  -8.0886329786    8.2847061548    5.3628212490    0.7934633700   -1.7299803598    4.2602251271
   4.5134240578   -2.5978971303   -0.6526693215   -1.4704743329   -1.4052695228    3.5523089828
  -4.5943405316    8.4462185940    2.9089665076   -3.2822244818   -2.6438741973   -1.3998976125
   1.6095283198   -1.5682969307   -2.7649058708   -0.9055928533    1.4489838347    0.2361864759
   4.8894532089   -2.1942436398   -4.1651224152   -3.2458568827    0.5879899048   -0.8272691456
   8.4658635224   -2.6628230412    4.0384188592   -2.2984932588   -1.7673361530   -1.2673654505
  -0.0977579100   -7.4135413014    0.7701644777   -0.1178309209   -2.4953503090   -0.1060597060
  -4.0189023488   -3.0535317010   -7.7548129335   -1.6743367296    2.6582315652   -2.3364214655
  -0.3595198063    1.0595971432    4.2195429366   -4.5422021156   -0.8311198842   -2.5352480427
  -8.5212680521   -3.0645996181    8.0424452901   -0.2379474232   -0.1215151349   -3.4196535772
  -1.8065781223    3.9817536164    7.4244557491   -0.6873631434    1.6376389344   -0.0898888743
  -5.1200818434    4.6589717387    3.1519587122    0.8014986401   -0.4196970146   -2.9294773657
  -0.1905132674    4.5377430478   -2.5731014403   -1.4094851005   -2.3981509799   -1.3826226955
  -4.8110881491   -2.4914628920   -5.1073642750    1.4504605045    4.7187682072   -2.5496217479
   4.6630196724    2.0197801977   -5.1997897744   -1.6570466177    2.5817192439    3.4530978713
   6.8221048944   -2.3134943579   -3.8608951324   -0.9513580384    1.0878825563    1.2632334482
   8.2923333328   -4.1615353052   -5.0993139264    2.7005136214    1.4354518406   -3.2929332835
  -6.4881877516   -6.6970983735   -6.4588242267    4.6615000072    2.4913235957    4.8673546763
   0.6135378827   -1.0105485601    0.9283966895   -1.6562789729    1.4554967745   -1.1797978444
   7.6861829496    6.0403404981   -7.9604208868   -1.4615843627   -5.2491100869    2.1652181875
  -5.5625548301   -3.9603844651    6.9587384573   -3.1904902782    3.4091282145    3.1841121853
  -7.1980201194    2.8400457434   -2.0488953503   -2.4561941134   -1.2507010578    3.1243591775
  -7.8019994311    7.1131247776    6.7161194494    2.1428758227   -3.5333040925   -1.1979569309
  -4.0632804068    5.2497101525    6.2025446266   -3.2541444539    3.4390251530    3.7203174830
  -1.7616941869    1.4075781037   -3.6391367690   -0.3663049896    1.1227986249   -5.1637045115
   3.5348364053   -6.2447079756   -0.9985561042   -3.1939694746    0.4331975338   -2.1125958476
   1.4012866478    3.3027719351    3.0124816626    0.8285343473    0.7032012585    0.7051562417
  -7.2616180405   -4.1196834419    1.2195791132   -0.5769925422   -1.2494166547   -4.4184863235
   0.2978571453   -3.8560884441    4.5501976594   -0.6150314534    1.0612876349   -0.0197184854
  -1.7418328688   -3.9426677568    5.8322576545   -1.5029093151    3.1840053553   -0.4699491531
  -4.9592183266    1.9923468387   -5.8954885552    1.7260751944   -2.2381537808   -3.4156166163
  -0.8085653765    3.2794055168    0.1771989828   -1.1404181542   -1.8589323307    1.6156478593
   6.6323338256    0.5091999149   -1.8288856319   -0.2258241961   -0.1310718245    0.2988619030
   0.3497221647    1.9715165794    4.6768589749   -0.2840896085   -2.2829812808    0.8407123705
  -1.0741576533    1.6634693523    3.0452132617    1.3195395656   -0.6998610376   -1.7728341317
   2.4746300492   -7.5914640400   -4.2255538834    1.9028146493   -1.9886517256   -0.8734045607
  -3.4812687324    4.0776906446    2.9062673749   -1.1816853917    0.5878227841   -1.9628351516
  -4.6642691380    6.0471218453   -5.2239177265    4.1791152292   -0.1322676275   -3.8463482563
   1.5727386142    2.6550103983    1.9106523164   -1.0492581821    2.6964240663   -1.4884467436
   3.5722103355   -7.1669083844    2.8025173908    3.3628271913    0.0619600760   -2.9885343789
  -0.2827044152    5.3381571891   -0.7484823350   -0.4903481686   -1.8309179418   -0.2990016808
   1.6896845667    0.0393760082    6.5484112237    0.3562427893   -0.7061875054    0.2842462697
  -3.0057825629   -2.7888722093    2.5218577961   -1.0918356557   -1.6625269725   -1.9861153879
   0.3321663543   -5.6039403575   -0.3882688667    1.9653779599   -2.6219645602    1.6245012756
   0.6339303022   -5.6132484365    2.4815762777    2.4852870921    0.0715747171   -0.9404042400
  -0.8548296200   -0.2223439728   -8.4110995211    2.4106726421   -2.3997453034   -3.0255126195
  -1.0939509223    7.9158406087    5.0037703960    4.5458107273   -1.1039364778    0.3596271432
   4.9116340728   -8.4440255332    5.8267856234    4.9169367688   -0.9183806187    2.8511152917
  -8.1168932155   -1.9584728766   -3.3953065826    2.3593025682   -1.7103998495   -4.9649971509
   2.7170116987   -4.4325225972   -2.7667741084    1.0106654152    5.4192346564   -0.8432531274
   6.5372412142    0.2213833261    1.5945725468    2.8921918240    2.1416142964   -1.9864120508
  -3.7765018039    3.2454996283   -7.7713889974   -1.3909500021   -0.0834963763   -3.1212492309
   0.2496256426   -5.2173797795   -1.5294416754    1.2228827781   -0.9732860521   -3.2393489186
  -3.8707415239    3.8557989603   -5.0143159110    0.4373849314    1.4102868455   -3.1921536614
   0.0672267023   -4.8619341245    0.7002511998    2.2266321321   -2.0659756085    3.6485175434
   5.9314180231   -5.4365938481   -8.5199528635    2.3999810068   -0.9643850623   -0.7115093021
  -1.1512078710   -1.6586742846   -7.0274210561    3.8058530431   -2.5326101565    1.8751384886
  -5.3988288971    3.3587621929   -8.0031278587   -4.0325378011   -1.8653282925    0.7493092584
  -8.2819077668    5.7867398871   -0.5181688017   -0.9047930106    0.6803008559    2.0323192116
  -6.6204957282    6.4509766086    1.3509099463   -2.3742225149   -4.1676192360   -2.7306142951
   1.1768321448    5.3923854926   -3.7253086461    1.0242426024    0.4860901809    0.9245601968
   0.6175639226   -2.3327738068    1.4151845245    1.9544192517    1.2314454357   -2.2542285976
   2.3562991070   -7.5951719234   -2.6752775963    3.9035715131    2.8798773312    1.0246103028
  -6.3198024702    1.4152802389    1.4958167628   -1.1208063749   -2.8914496633   -3.0047120038
   7.3866281941    4.4560371345   -2.9155002303    0.1267116244    0.2668437025    1.5578318348
  -6.8628240487   -5.5266039245   -3.5249943733    1.7644820001   -0.4220109369    5.1869281909
  -5.8725269049   -0.8115276696    3.0604476707   -0.1112609245    5.9379316046   -3.3839171479
  -2.1321390141    6.7866795912   -2.6419056697   -1.6048992374   -2.9983188403    0.1705528108
   0.9804227874   -5.1576233138    5.5202517554   -1.0714969025   -4.7069695787    1.2646639407
  -0.7492283771   -7.8815340444    7.8338469012    1.7233455566   -2.9098313489   -0.9133797888
  -5.2652658324    8.1026373738   -6.5436571364    4.7903150718   -1.7944061021    2.6905837643
  -6.2883017884    2.5106753211   -4.5948389565   -0.2722667779   -2.0049947918    0.8105886652
  -0.0739888727   -6.6994108910   -3.0013143986    4.3046277284   -0.0899116478    4.3364119245
   4.7402010569   -2.6721134146   -6.0110588475   -2.0007468924   -0.2072232096    2.1744748711
   6.0858429733   -1.7791231122    7.7728486883   -0.9999894258   -1.7319389176    1.6475334003
  -4.6593294180    5.9378914347    6.8071887035    3.3898330640   -4.4207478560    0.5102029719
   2.7593756202    6.4619093965    3.0784732200    0.0256414003   -1.4631555957    0.9276584578
  -8.5423712344    7.3471657994   -2.4316052105   -2.6844093937    2.7572961021    0.2748978870
   7.5328097030   -3.6074783465    3.4256015280    0.1173847074    1.8945190357   -5.0278015310
   6.8532828924    6.9373723969   -0.3822417155   -2.1491237951   -1.9149202992    3.3468435385
   1.6106642228    1.7657171056    1.1065102181   -0.8654036638    2.1882779718    1.2159733171
  -4.1907190122   -1.9170036812    5.2382458531    2.3570549524    1.0427637847   -2.2822858351
  -1.8086980469   -4.1986180930   -3.8547078107   -0.0305680899    0.2483511365    2.8330256089
   2.1009637785    5.8244729371    6.3050375894   -4.5781834794   -0.5013322567    0.6218092573
   4.3146014367   -0.0574537908    7.4228896729   -0.2401592544   -0.9802824862    1.7706799916
   6.2648966732    3.7642614077   -1.6453036657   -0.8385760114    0.2629503906    2.6275388447
  -4.4172623938    6.2709931095   -7.8343104024    4.0586678307    1.5807097801    4.5909921452
   5.0940812549   -2.9957562838   -3.2336361017   -4.1210666786    0.6880902490   -1.0149315364
  -5.1096875762   -1.2192597071    2.8067410028   -1.4454122494    2.3559089949   -3.6774489322
  -7.9348347427   -6.3134178232   -7.9402198226    0.1693191978    0.0727834618    0.3209590844
   5.7114551974    7.2253395664   -0.8088155973    0.9777888904   -1.8480566000    1.5296140551
  -6.2649524689   -1.5033521278   -6.4366931927   -0.2074153521   -1.8414184658    1.9415637320
  -4.2925386903    8.4033566956   -2.3886187738   -3.0218202378   -2.2120334112   -1.5246979611
  -0.7747182209   -2.0257475897   -8.4599303045    0.2523671464    1.7575981160   -1.2061037764
   1.9471766178    3.5832154699   -2.9154588503    0.3086356818    0.5585058468   -3.1795439371
  -7.3512357953   -7.6153012585   -7.6283322884   -3.2743594834   -2.3789249407   -3.0189144520
   4.3517832473   -3.7345848880   -3.5184587832   -2.9979714641   -2.4897020045   -2.5502439007
   0.8624185913   -4.7080008271   -8.0256417464    0.5559736641   -0.8410001636    1.6047016240
  -7.0443284052   -5.8734385925    0.8701151045    1.2926016764    0.0735582428    1.5792692755
   0.0098979466    1.9697678457    2.9230325191   -1.8514649969    0.1115952430   -4.8068296502
   7.9074451354    1.3958175722    2.4200331167   -1.3840943297   -1.7166576898    1.4846009379
   0.1298164495    7.7093005790    0.8260393736   -1.1822564473    2.1149787107   -3.6977190291
   6.7547560781    4.5870012225    6.8504499992   -0.2541646537    1.1791115644    0.1311629048
  -0.6620174899    7.3095395340   -7.6585681502   -2.2587921842    1.0528581201    2.2526388796
  -2.7820392532   -5.1309469450   -3.3719647279    4.0058445754    0.8531827627    1.9610363355
   1.2741815776    3.5732523172    0.5866946413   -1.1856253253    0.3251746869   -0.2315383844
   7.3436007016    5.7338517037   -4.6097024822   -2.4587306527   -0.3336781881   -4.4736160965
   3.3243993828   -3.0559406676    5.5787836603   -1.0570042538   -2.3070362135    0.8216332108
   2.0246522772    4.7335160853   -6.3455555983   -3.7093446594    0.4717228114   -1.1535623982
  -2.2950907141    0.5527947902   -5.9011594703   -4.9824375339   -2.7151711264   -1.6223622104
  -7.1557743860    5.3614481097   -3.5500596121    1.8364957928    1.1957697090    0.0546545412
  -4.4175584067    3.0286852897    6.7941645747   -2.1459769413   -0.8371032119   -2.4416211046
  -3.2148955702   -5.4754440410   -1.2460055300   -1.6602598594   -2.8954921721   -1.1296600930
  -3.4637742931   -0.8384640319   -6.9505652384   -0.9498992368    1.2813726709   -2.3312043000
   8.3395443116   -1.7371857055   -6.8978529698   -1.9573204791    0.5155036754   -0.7795271691
  -1.3381536478    5.7106192452   -2.3907818741    2.6301354080    0.1806059858    1.1997378421
   1.9481088260   -4.6399996487    0.1865389589    6.0052310648   -2.3126119729    1.5766459014
  -0.3059151394    1.2088506749   -0.3311140260    3.9645011220   -0.6855451236   -1.8295202179
  -8.4618977316   -5.5205419717    7.0213157175    1.3840507891   -2.0011049690   -0.5553894535
   3.3943958846    4.9081633255   -8.0159938725   -0.8241137310   -3.2598557704    0.1731623922
   1.4780408193    0.5006917348    3.3958692953   -1.0348936492    1.3251985773   -0.1829941932
  -5.5470169759   -4.2393799024    6.0173991255    0.0665839614    2.8501456594    1.2054390178
   7.3730253344   -1.0630961633   -7.3513914560    0.8796209774    1.8628151133    1.0216528018
   7.3369897037    5.2131107005    2.2797460156    1.1518081839   -3.3235961733   -0.5267054290
  -4.2198558283   -2.7539340673    4.4570094911    1.8529428539   -0.9669968761   -4.0674662519
  -6.1812899598    4.3920361364   -0.6890286056    0.1036049875   -1.0909027667    0.7228613739
   6.2366027017    2.5083158153    6.7747473299   -4.2538613439    1.4588474816   -0.0549592092
   0.2838532729   -7.6358357303    3.3069541708    0.5449048674   -1.9520870974    3.7469054236
  -2.4316161460   -6.0247835271    0.6521821010    2.3203042597   -4.1083097641   -3.2947013995
  -0.1002061474    0.9744680387   -3.6481685456   -1.0290841158   -1.6566024904    3.1263466545
   1.2269883293    5.9675605655    2.2001969370    3.3077202578   -1.0470120336   -0.0233506784
  -7.7524562281    6.7195307445    8.3541597886   -1.9026019283    1.8020194721    0.8968695489
   4.5947559759   -6.0593062238    2.6805797925   -1.3313341746    1.6123225313   -1.9805053652
  -4.0947010067   -7.0206913982    1.9178090684    4.0171134256    2.5274606213    0.4620217594
   5.5154584577   -5.6534321884   -3.6302293602   -5.0851223536    0.6032121148   -1.5621750686
  -4.2651811750    3.6962266370    2.0935317595   -0.6662158124    2.0202747872   -1.2101198519
   4.2177908322    5.6839616883   -5.1427267555    0.7687128243   -5.8862827588    0.5265288732
  -8.5267089766    3.9399248290    1.0899160719    1.5325979077    2.7612027452    3.7501715050
   4.3477590031   -7.2252454248   -5.0819023711    1.9066435327    0.7852375707    1.7369082843
  -7.5344762223    4.6517379687   -7.1935705693   -2.3505482763    2.7726564269   -0.8025500034
  -7.3244196032   -1.4790014243    2.3962089714   -0.9233029062    2.3310118573    0.9008040963
   7.2839980319    5.6918508964    7.9882267158    4.0781336682   -0.2056699229    2.4618469190
  -0.6199168048   -1.2170377327    7.7800001264    3.3510003486   -0.2453612617   -1.9158018078
  -3.4572810763    1.1485542699   -7.8913177150    1.4261802339   -3.4566429239   -4.1533332368
   2.2250254672    6.5073659796    1.5383641035    0.5685882709   -1.5032534990   -0.7935063412
   8.3128519292    2.6375528041   -4.0431659169    3.7379494203    2.2739925024   -4.8014075861
  -5.2531528668    0.6572287187   -5.1988500983   -3.8449393474    5.0816060277    1.9352290393
  -1.5754363980   -7.8406736250    6.6988786780    2.4830424220    1.4485399083    1.6834690571
  -3.6155542901    2.1057168002   -5.1190685070   -0.4449306123    0.2387660683    0.3481576844
   0.0234186730    4.3323240544    6.8098893269   -5.2057344252    0.4577694802    0.0031025735
  -1.3068414472    3.5231910056    2.0223609005   -0.6049209218    2.5851613120   -0.2752728479
   5.7686492563   -5.8069966790   -1.7043286074    0.4498800206   -4.2722499461    2.1256651158
   3.6114183829   -5.1180974477   -7.9902632481    2.8365390648    2.1210922235    1.6549974194
  -1.0555440607   -2.6745793231   -0.8208216640   -1.2462805001    0.9962064857    5.2839520334
   1.2851819597   -5.8051069311    3.2914257207   -4.2710640801   -3.2736211864    2.0378052175
  -7.6357334828   -6.2611129450   -6.0150807870   -2.8892165472   -0.9161120906   -0.8198848571
   3.1403548243    2.6902091494    7.5696605777    1.0959843764   -2.9167365856    0.4873161775
   5.5526388777    0.5913666897   -2.4405287499    4.7877526970    0.6208077163    2.0446482851
   1.9920651759    8.1615395544    5.0625033029   -2.3596955839   -2.0017294966   -0.5837032586
   0.5595599203    0.0116291630   -6.2359390609    2.8611202571    1.8394841065    2.9963015282
   5.7202306316   -4.4199820901   -0.7960394929    1.6061326640   -2.8965823394   -0.7177945728
  -2.3761123125    8.4147416857   -7.0167672405   -0.0597452085   -0.3792271306   -0.6604936924
   7.5679570078   -6.3284276123   -0.0314838819    1.9503617490    1.0641294795   -2.1932830413
   4.6514029713    7.9127157000    0.5429368650    0.9772381242    2.2831454311    5.5885936459
   3.4317790494    0.5013164635    6.9615695576   -3.8326649680    0.7911332980   -0.9451958443
  -4.0386818438   -0.2534022778    6.9999860822    1.1123105676    0.4634106240   -2.5499013592
  -1.7586645562    0.7696776675    7.5838908477    0.3197842240   -0.2604102990    2.1242656746
   4.1965388527    5.2721637959   -8.1805432655    1.8294662807   -0.5566887642   -0.0678669746
   4.7147666915   -1.2731324615   -3.5220298267    0.7213309425    2.3969899186   -2.6815135192
   1.7360153684    2.0262048711   -8.4962774207    3.2120700804   -1.2301239584   -0.9100969347
  -6.8414968176    8.2748633131    0.8598242994   -3.2142516339   -0.7461299879   -0.9880778584
  -3.5088233235   -3.8204645292   -2.6694454162    1.0476952758   -0.0644944227    2.0549435604
  -0.9460280072    7.9550409927   -6.2935782440   -1.2543028925   -1.0811854656    3.4112553541
  -1.7572194028   -3.3151715262   -2.7883061346    0.4946549316   -4.6981491901   -0.7305990322
   5.1034254087    3.7683451153   -1.4884787193   -2.8510011749   -3.4257600323    1.4937879854
   2.3496776124   -4.3112709385    7.6922886974   -0.5147419014    0.2212904235   -1.2144568655
  -3.8781485526    4.5562489466    4.1026430075   -0.2107104879   -2.7098772495    0.0392786414
  -1.2281962104    6.7838361684   -3.2283882195    5.8382586927    0.3040191192   -1.1971947895
   6.4720086635    7.1808780553   -2.5039289153    0.9506864373    0.9756736889    2.0067831958
   8.0638299143   -6.2023904055    1.3733603557    0.7010049291    4.5632247061    3.9993418993
  -4.4294734922    3.2250190081    3.0372165531   -1.4130612451    1.1587763525    0.8712639887
  -2.1845674130   -1.3895287213    4.1848256081   -0.4446209492   -1.2050303960   -3.1243485569
   7.5990813514   -0.9900263175   -0.5524167228   -0.1331091037    1.8159120704   -2.9896212025
   3.0847529539   -1.2614936867    8.2505239478   -3.2037656145    1.8944112236   -1.3887074228
  -0.4611546575    3.8689629887    4.8613159822   -0.1933201369    3.0073329088   -0.7078690069
  -7.0473620131   -4.9183061957   -8.2485819881   -4.4366411250    0.1655976849   -0.7959857271
  -1.2804648070   -0.4684936467    2.6027272380    4.4604411015    1.4719497561    0.7425469296
  -2.1313424548    1.2527751040   -1.5094200141   -0.6370016796    0.6125773796    1.2266218434
   7.2531908510    2.5776542194   -1.5271629564   -1.1987500891    1.0793441272    1.2269543468
   1.5927113354    4.6931961119    0.7151049719   -1.1250610535   -4.7173210573    0.4419654280
   5.7736859993   -1.0033966975    4.8935652914   -0.3786801863    3.8753207142    2.4927482422
  -2.1954692106   -8.2947111858   -3.9826627290   -0.5601557913    3.0184201608    0.6175674874
  -3.2124810373   -3.8788427261   -8.5257948292    1.1347724006    1.1865228415   -0.5505176550
  -0.9543424507    2.5212338923   -0.4425073535   -1.6977992114    2.8094628276    0.7388232780
   3.4018762080    6.0692322663    3.6981126350   -1.0806909821    3.1358671717   -0.2092570194
  -1.0317889133   -3.4279539864    2.5051254030   -0.7328431367    0.0886963050    0.5720614367
  -4.9036620230    0.3795428867    4.6270613564   -4.2400153196    0.6043528135   -2.1242966646
  -5.3887847519   -5.1762516808   -2.9760516593    2.5054575902    0.6129966515   -1.6426002570
   2.2777547219    4.6646547378   -0.3798303387   -0.9155122519   -0.9782698837   -1.7790410662
   3.1631312526   -2.7260156140   -3.8359310374    2.3472231426    0.7196956057    3.1197018337
   0.6638108318    1.2473712291   -6.9935735147   -5.4392768263   -2.7047725361    2.1818158977
  -3.5299520910    6.5806995581    4.1432275698    2.0418852445    4.0975522396    1.0623756365
   6.3172010100   -2.6145054477   -2.3720012254    3.7667214349   -2.3508612325   -1.8715084280
   2.0380821063   -8.0721359833    6.0632840710    0.7056993971   -0.4034298827   -0.5890125665
   3.3475305943    0.3060769279    5.3692243461    2.6141640517    0.5912373135    1.4914442790
   7.6429069162    1.3719880326    8.2487518881    1.2226876782    2.6268222552   -5.7730756270
   5.4569651984   -2.4907538765   -0.2050242095    1.4947514505    2.6995908527   -0.2844857781
  -5.7594490764    3.5791572616   -2.7087470863   -2.6026198560    4.0524893392    1.2803492659
  -3.9886149830   -4.7267082154    1.1987202513    1.1269732239    1.3137712609   -0.1086147887
  -6.8230255819    8.2651004721   -3.1084480369   -1.1737672488    1.9546415744    0.3468311488
   4.2013905411   -3.6953942271    2.4817220284   -3.7872073642    1.0210079159    1.9452197216
   3.7949038689    8.3070298358   -4.1446427036    0.1078416507   -0.0040632241    0.2735373481
   8.1918256508   -4.8901271157   -6.9227425942   -1.2537672625    1.0149672976    1.5124437237
   1.9028303948   -2.5457804594    6.4158517042    0.3922572350    0.4108049653    2.5111792745
   5.9182652939    5.4369292566    5.8052166850    1.5868846336    1.2808843922   -1.4708207509
   7.9005710320    2.6919231734    3.4581724320   -1.5517731385    3.9640320459   -0.0981594020
   6.9954052424    8.0097930806    4.1957303193    1.2212825835   -3.2054720692   -2.9626999086
  -4.0472283547    7.7935448341   -0.4218547832   -0.2989181936   -1.1212246176   -2.3526463677
   5.6425002853   -0.5471175872   -2.5810010532   -0.8205835828    0.7457426167   -3.1432063882
   5.7570876980   -3.6687174276    5.2035944280    2.8347642334    3.1953822444    1.2765556923
  -8.0775677480    8.4894979049   -6.3351703511    1.1724952409   -1.6810565938   -0.2084401461
  -1.1944044390   -2.8760192251   -3.5915134062   -1.7103857092    6.7051059112   -1.2401871830
   5.6992099542   -5.6837037755    1.7654385279   -1.2444628618   -0.5097280344   -0.3064112933
   0.2641900598   -2.6143501927   -7.1749071741   -3.0266852133   -0.8304681999    2.9675404565
  -0.0277970319    7.4290036754   -2.4902133361   -2.1299990758   -0.1047594202    0.2573128557
  -3.6362783342    1.4875348821    1.1033105117   -1.5471641294    2.1344846936    0.2882393844
  -7.1437546906    0.5344139552   -0.5242071458   -3.6196118100   -1.6350189405   -0.3092761468
   1.4700658313   -3.9527015496   -4.7376183147    4.9599757247   -4.8941512936   -0.5694109133
   5.7295791883    1.3076991525    5.7412385114   -3.8230723726    1.8376997040    0.9643322725
  -4.2248380250    7.6309802851   -7.7191011677   -0.0295248272    2.4372556577    0.4418659007
   7.4572590760   -8.3660479335   -2.4838960562    2.6468639632   -6.3186008943    2.4251607754
   0.5791857621    7.8482468808    5.1889888808    0.5653830868    4.7651167958   -1.4204361622
  -8.1971386762   -0.8954679918   -6.6381157232   -0.2696884047   -0.1154056308    1.6092114226
   5.5867928726    6.3318198813   -4.9966385418    0.5436922818   -1.3352696886   -0.3112573434
   8.2974288787    6.7710918564   -4.5693545498   -2.0624389594   -0.7477294527    2.6082917016
  -2.8583554045   -8.1170875230   -4.8053475943   -0.1740789960    1.8886486646    0.5636999273
   6.6001967214   -3.0471871606    5.2292770265   -0.3525706872   -0.6991674405    6.8848231863
   2.6889741596   -2.4869988989   -1.7059383600   -2.2097954888   -0.6505961322   -2.2858783688
  -4.0875886353    8.3892940267    4.1638581631   -2.2807889610    2.7985059969   -0.4158687217
  -7.9369366581   -8.4893544522   -5.4771681117    2.2489703333   -2.6491509387    1.1637146452
   8.3637800570   -6.1823108417    2.2775649844   -3.4794939413    0.7742286881    1.0861261878
   7.9519929662    8.3948938731   -3.3981692947    3.4287398860    0.2143758122   -4.4215149135
   7.3635071904    2.3692809533    8.1695935358   -0.8839209538   -1.4478164924    1.1044484988
   5.4577257961    4.2246018052   -6.8936594216    2.3339855339    0.4282615707   -1.3066089777
   5.5846445086    0.6080517335   -3.3739243484   -0.4234855041   -0.3818081758   -2.3208413201
   0.9467528095    7.9192452048   -5.6183412134   -0.7242953490   -2.2387461646    0.2419786084
   1.2066254417    6.6192484698    5.6311989096   -3.3653448388   -1.2056831454   -3.5285183205
   3.6986078112   -4.0623297006   -6.7272843484    0.0711975129   -0.5409759661   -1.7538732634
  -6.7180599704    4.4700114026   -4.0602524652    3.7992216694   -2.3895662392    1.4808374646
   4.9218085102   -1.0983555135   -7.9408718552    0.5378426324    1.6264253245    1.4899471320
  -1.3717149254   -6.6599533524   -2.8192527790    1.9140777749    0.1761751277    0.6154744608
   4.8197187266    0.4634976957    8.1043553464   -1.7151417386   -3.5733310239   -2.7185163317
   3.2060190351   -4.1065674890   -5.6463179568    0.8734169990   -1.3252586260    3.3124630372
  -2.3534265436   -1.2983867127   -6.6427485858   -2.1928834482    1.2556496692    2.2941084350
  -0.5338635490    1.3880833835    1.6533447276   -3.1147681643   -1.3374564753    3.4393570648
  -4.0453152715    3.8209494369   -6.1737151147    1.0952390279   -1.9013702959   -1.7455201083
   5.9252028802   -0.9053241858    5.8338216959   -2.6875434763    1.2790821607    1.2861923000
  -1.0319418236   -7.1806502957    5.3701637322   -1.9694011449   -4.2637789493    1.0244623256
   6.1806936155   -3.3969905987   -8.2786390673    0.5381473186    2.4546037207    2.5322117729
   3.3519140275   -6.6027336919   -3.7878448866    0.6867633431    1.1477823390   -3.7289204066
  -5.5742916670    2.0141786095    0.0910071001   -1.7638753249   -0.7974534386   -1.0454362762
  -5.2800357022   -2.0094219504    4.9446707021    1.0964051176    1.7041258187    0.8502644351
   4.8717566253   -5.3105233462   -4.6087895061   -2.1916556123   -2.9654283854    1.0290330242
   4.7350383029   -6.1808574663    5.3314741961    1.2147894274    2.3171105879   -0.3656856026
  -8.5302329448   -0.9753337728    1.4094804941   -0.5110453916    1.6944483913    4.1809517887
  -8.2637623306   -1.5039571065    6.9985652803   -3.9419487181    3.0005181669   -4.0639494160
   3.6680956244    1.5999345846   -5.2849581020   -0.9666424226   -0.8270978411    0.3195100517
   0.1808730132   -7.5959185225    6.0538320787    0.3128936320    1.3639949972   -2.4342895346
  -6.3062924078    0.7410806877    7.5314631547    0.7550763125   -0.8692794341    4.4802000268
   5.0063915600    3.3042989052    5.0505476671    2.9772617298    0.7338225510   -3.4457161427
  -7.2793168965   -1.2652112502   -7.8785220098   -0.3301690501   -0.1869791215   -1.4506516531
  -4.3051498798   -8.4931988409   -5.5757084231    2.4262801420   -3.3198538336   -3.4366917332
   5.7872442818    0.8839832959    8.1374678567    1.8880292577   -1.5066110923   -5.4552545341
   6.5380848251    0.4681471924    4.8483560736    2.1291141944    3.7971858476   -3.7765435195
   1.9112757131    0.4685124650   -6.6551667151   -0.4843882715   -1.0586391443   -0.1636831444
   7.6032512205    0.2824194710    7.5506049697    0.4376314967    2.0122095564   -2.1754164403
  -8.2484630230   -4.2445093162   -7.9397761229    1.0436141043   -0.2571956657   -5.0620188780
  -0.3905897051    4.9280984559    5.6539929313    0.1412804403    2.5414654376    1.9186140772
  -7.1637255087    4.0899805720    7.9068735620   -0.3125640648   -0.1250790782    2.7678006966
   6.5412054325   -7.1334983556   -3.3034874033    0.6018776135    5.4241979004    0.6736638489
   1.2761859296    7.2768565530   -6.5583949644    3.0614273691    1.2063008384   -0.1614131263
  -3.9206107012   -7.4019108195   -5.5864221230   -1.5250552040   -0.4973710260   -1.9464935305
   2.4206219580   -7.8385426488   -5.0635293228   -3.0223150596   -0.0341422073   -2.0400831652
  -8.5090292804   -5.0943653499   -5.3195107786    1.9404466223    1.9768213275   -1.8397314461
  -3.3588828080   -0.1031098006   -1.8178785449   -4.8400998900   -1.1747055252    0.8817662903
   6.9480858384   -1.7428706098   -5.1124922581   -3.3627167004    0.8551198973    3.4352293914
   3.4309070260   -4.1138183452   -8.3194296632    0.2151009083    1.4593899043   -0.2540796392
  -6.6354963517    4.3384228754   -2.8560571958   -0.2329019358    3.6588196398    2.9487950144
  -5.1540288654    2.5874392951    2.2530082569   -0.5780714589    3.8109517158    5.0637529882
  -5.0468034916    0.2150475725    3.5859399422    0.9506527943    1.6312160626   -2.7359216066
   3.2837551309    1.2313754912   -7.8938244241    2.9469993741   -5.2182694269    0.2804300269
   2.4351153876    5.3604206093   -7.8695726136   -2.9315296315   -1.3271707619    1.8524878501
  -1.3488644329    6.0191908848    7.3207856770    1.1370923517    0.0319037425   -3.5057567216
  -6.8235414763   -4.4436932965    2.8413014353   -0.1047224066   -0.0949929900   -2.7515016956
   5.9367238052    4.2987264506   -5.1976973746    4.8885095826    2.7353680910    1.5956791558
  -4.9944341083    5.5574660180   -3.3332078619    0.4652284864   -0.1361295580    0.0572307323
  -3.4690912637   -8.0414335792    1.5568451083    2.9078010311    3.0082154140   -1.0012628313
   2.2824783411    3.6331187904   -7.0618835961   -0.0074182958    0.2563922565    1.2794599676
  -5.0188645942   -3.7842946335    3.0937535860   -1.9750276295    0.5973680620    3.3502617260
   7.4360922894   -0.8315710346   -3.4487338546   -4.6176218375   -4.7639472538   -2.0272392029
   8.4373389202   -8.1645203960    2.1729171567    3.1199831794    0.3059437852   -0.6045749063
  -4.0979036276   -5.5326193910    4.6711529197    0.4754464582    0.6439310820   -1.8221288514
   6.4877526631   -5.2734760874   -4.4116755626    2.0847924665    0.1817908428    0.7077471250
   0.0125152675   -5.3578770867   -5.2300761446    0.1646525389    0.2644919647   -3.4857065906
   5.6123437390   -7.2654775278   -4.0228185135    0.5484210631   -5.1107707789   -0.0645740361
  -1.0360605346    2.7952838835   -2.0015040050   -2.0007100784   -1.0382303544   -1.4880947079
   6.1864802831    6.0880856822    1.6302840874    0.7372361646    2.2446071008    1.1344937669
   8.1748709151    1.1154609104   -3.5351357528    3.4310737007    2.0613163775   -1.5556149763
  -5.0572919857    8.0631512670    4.2754066757   -0.6731738398   -0.3206045191   -2.3252880352
   3.7665715148    5.8797827424    1.7705552283   -1.9401101598   -0.0608506031    0.7185601881
   5.8800120448    7.9937262713    4.7968277862   -1.6178448655    3.3861352838   -1.1979239155
   4.7243472459    4.4272178626    5.4356393372    2.2069158949    4.0824609700   -0.9651268447
   6.2360936838    4.9715594811    3.2340068779   -0.3570134888    1.6044859762   -0.4219491500
  -1.9287107065    2.9608481928   -4.7977653832   -0.0556322712   -1.7920312799    1.1860135764
  -5.1047428505    3.7067347399   -1.5351555977   -1.9305676779    2.4212673764   -0.5398093821
   5.3437322803    6.1115726965    2.0490456262   -0.5560923797    0.7108232621   -1.5149207202
   2.9088321870    7.4852169307   -2.3651974486    2.0518961662    0.9680637364   -2.0792572715
  -5.6394767836    2.9826060061   -0.8790603813    1.5385231437    0.4635641821    0.9132910266
   2.0273254573   -4.0163985831    5.8220870994   -0.1497546580    2.7257206102    1.2435615075
  -2.3867852723    3.6637521594    3.5944450485   -0.6948324236    1.7371154138    2.5443844660
   4.2894330990    6.3469674051    2.9416752133    3.7491677751    0.4971286337    0.4955259751
  -1.0756035148    1.6398885510   -0.7188493492    4.5379696938    0.3421267628   -1.4662661283
  -8.0062112504    1.9329366030   -4.8618464749   -2.2909721777   -2.6750722309    1.6650078981
   1.0726309540    0.4459809776    7.5483354090   -1.3091923889   -0.8320929409    1.3026505728
   7.2759447978    7.8592684318   -3.0663616195   -1.3784138962   -0.0525337627    0.2224138985
  -2.3381124011   -3.0323867401    8.4940731543    4.8121786297   -3.4333645214   -2.7834869915
  -0.4005555904   -7.7474006058   -4.1632551395   -0.3423360323    0.5311217533   -2.9717349159
   0.0746755240   -6.4816775229    0.2519414650   -1.4175210352    2.6833051486    3.5106839910
  -0.4398863980    3.3066293270   -2.3310165725   -4.4318633744   -0.9871046128   -2.2625406063
   3.7103492065    0.7817287822   -7.0043930321   -1.4312876222    1.6390486431   -1.1066089049
  -4.5110498891    1.5194199118    2.7238113711   -1.0821562011    0.4335932369   -1.6454992286
   7.6349475767    2.6546109242    6.8966812463   -1.2392796017   -1.3416936975    0.8269674802
  -1.4061348006    6.1839361585   -4.3632895605    0.1825131007   -1.4347548161   -0.7050053922
  -4.8042534921    0.8814668975   -1.3017895493   -1.9749770619   -1.3696747505   -1.9909413618
  -0.9954693858    7.0329369899   -5.6187709122   -2.2038306120    1.4440047280    2.7268300831
  -1.9428604884    3.8066718530   -6.9504239163    2.5720541377   -2.6036000267    5.1968634925
  -7.2872117478   -6.4249722191    3.1628594939    0.2964306649   -0.8829079098   -4.4110817604
  -6.5985386042    0.7903205451    0.2846571964   -0.2741073407    0.0238252697   -3.8684611398
  -5.5363707793    4.4083194775   -3.3265313521   -1.6938515605    5.9390813821    1.7501221726
   4.8651137750   -5.3218020768   -2.0088544478    0.2469955930    0.3751915866   -1.7627621790
   6.6683898622   -8.0727085152    5.6018058981   -2.9399737032    0.7630727478   -0.3376795666
   6.0583934092   -4.9367889368   -3.1146861122   -0.8270714114   -0.0928383782    1.2434198625
  -6.4717134729    4.9239266854   -1.8384636781    2.4791016269    0.6727826873    1.9752642524
  -2.5935134619    6.1949412416   -1.8134167784    0.0863294462    0.6890022574   -0.1212572621
  -2.2868327819    6.0263436486   -7.0166929385    1.8192881796   -2.5839916932   -2.6683379264
   0.3089718011   -5.6645665052    5.0759824184    2.2914186675    2.0985457252   -1.9201157502
  -2.9811356816    5.4523469640    8.1341096778   -0.0344434422   -1.6514409028   -0.4787044007
   3.7071872291    0.1885582323    2.2609773439    1.7878773958    1.2415126115    0.1921509377
   1.6776618585    3.4945808400    6.2738337116   -1.8673221130    2.8952681702    0.7039652338
   3.6948112875    4.3980517034   -4.7776390929   -3.2208741115   -4.4042785669   -2.6626447467
  -7.1751600337   -3.0814979332    0.8356034951    1.3132611102    2.6099052362   -0.8197048652
  -4.6775445748   -4.2862267839    6.8952643521   -5.4618762528    2.1591609954    2.4862255545
   3.2711765305   -0.7895440509    5.4112346337    0.9375175292    0.2267581319   -1.8686123451
   3.5545030070   -0.4377610919   -2.6798740729    0.1609656454   -1.5840310754   -0.3669016997
  -0.8634698073    5.9992221725    3.5468725061    0.9706241187   -2.5725513504    0.6092397235
  -5.1761589937    8.0680363405    7.7817577611   -4.3800851815    0.6050361205   -0.1582939666
  -2.7685764010    1.3228898605   -7.0216497614    1.3333383921    1.0075346931    1.3729887530
   6.6311840865   -5.0052948067    3.1904804814   -1.1377242959   -2.3337928407    0.3092268685
  -2.6938332865    0.0002571477   -3.1487297764    2.8716996848   -1.9496319807    3.9432325417
   0.3054037658   -3.9932942769    0.1208661632    1.4715004341    2.9984518450    4.6524768386
  -6.4301827883    0.3612596252    4.4182183402   -1.3604219399    2.2424618979    4.3633363008
  -8.0759145963   -5.5286921616   -6.4825783229    1.2472061710   -0.7422225773    3.7831673541
   3.5237830060    6.9336808928    8.2293310938   -1.9947162677    1.0035408736   -1.4529175325
  -5.2601563178   -4.9596412536    2.5865701332    3.9619925720   -1.2583281350   -1.5816303928
   2.8591026121   -2.5649465484   -0.7836261505   -0.2042776137   -0.0024736304   -5.0541353371
   3.5483912037    5.7815619939   -0.1013089642   -0.9869190186    2.8212305202    0.6478133667
  -1.8580126725    2.1539766627   -0.3465933347    0.9790806799   -0.3159515140    0.8061932606
  -3.5153089052   -8.0307759864    3.3082012378    0.3285321412   -0.1363257309    4.4900465788
   7.9716595833   -7.0234406988    2.0589132229   -0.3835549561   -0.1863187226    0.0289382782
   5.0237533775    0.2018929766    1.8498343318   -2.7609994549    0.4958356251   -3.1098647398
  -1.1348085747   -5.2275578243    2.6600286674    0.2913186307    2.2774365946   -0.4602459532
  -3.9020353732   -6.4214532931   -8.0288883411   -0.3926128170   -1.1792407415    1.6554035244
  -2.6790479176   -3.3574936140   -3.6196861653   -1.0409022425   -2.3320424858   -4.2049950479
  -1.4383355895   -5.3863686865   -6.1169350815   -2.0523927073   -1.5076693100    0.5067136845
   4.1002540577    7.5586920686    1.6764095654   -1.0884933571   -0.0853111209   -4.7281402109
   1.2136608470    6.8661178160    7.9389275460   -1.0798278168    1.9989283654   -1.0412390981
  -0.2816888710   -4.5467208550   -4.5994224946    1.7739468957   -0.4198847988    0.7650487046
  -3.9571899828    8.1229469012    1.8500857602   -0.3217002446    1.8449549833   -1.2306851878
  -0.9341229936   -7.3739995670    2.3072899479   -4.1815480225   -3.8064870158    1.5574291315
   6.0741264368   -3.6355834938   -4.3052889735   -1.0844361991   -1.6028695115    1.3953082245
  -5.4328580414    6.7594605052   -6.9079988756    1.8067393174    1.1254660193    2.3007426843
   1.5595025864    4.0773474464    3.9399640019    2.8695679578   -1.9016718424    1.2111027844
  -4.0428816041    4.9828537614    1.3520654457   -2.5668712191    4.4987711407    1.5995336639
  -2.2321829662   -5.0519401856    5.2516712187   -1.0433370860    2.0681221792    1.8822590843
   2.4512917696   -0.0814515966    7.0792837100   -0.2601591793    0.1529495652   -0.2071427242
  -7.1262810888   -1.9470303634   -3.0102379565    2.5692806247   -1.0080660762    1.7125066687
  -5.0972705107    8.5263676461   -8.2707270088    1.5479959542    1.8686173705   -1.4796440835
  -1.5890498977    6.9912144130    6.4596019815    0.0361983485    0.4616615888   -1.3504335711
   6.0057761133    0.0539529937    0.3678873458   -0.7003265845   -2.4398124020    5.3434568173
  -5.2759563652    2.5580606004    1.1379035892    1.1192700549   -3.7990507341   -2.4864390625
  -1.8500865257   -4.0255662782   -1.1308745587    0.4363279611    2.2135107780   -5.6102229587
  -1.6238442926   -6.0420217939    1.5794337579    2.9169695421    0.2993751531    1.8480300437
  -4.0265002992   -0.5703060363    5.1673240359    1.4254698421    0.2864464769   -2.0056077739
  -2.8328469909   -0.3915651212    0.2858169776   -2.5905365133    1.9614242703    0.9103507349
  -4.7766530963   -2.6623211974    7.9181251725   -0.0050773419   -2.4467603764    3.2673153661
  -2.0080745625   -6.4409422011   -7.5322966975    0.9644783713    2.7436072829    2.6824297358
  -1.6165549473    0.8511474035    4.0284959411    3.5510670208    0.9761546006   -0.5871425418
   5.3990338914    5.9839581210    5.0090656758    0.6337442798   -0.9701839943   -1.7926571880
   8.5293763136   -5.3077722219    0.1327212735   -1.8055544313    1.2156699894    2.5012067838
  -1.0674621890    4.5133031523    8.2139179397    1.2605753958    1.0644348981    0.6281987482
  -7.3339589513    4.4561642557    2.7247295784   -1.2553700043   -1.0979254179   -2.4711642783
   0.9874008310    5.1742349328   -5.4982270648   -0.1405816164    0.0667591041   -0.3911235325
   1.1736175496   -6.4754226362   -7.8893475624   -0.2804902526    2.6198842463    0.7551013344
   5.7579036666   -3.6742586524    1.0617367650   -0.6616890310    2.5038257216   -1.3509673230
   5.8183841865   -3.1012481219    2.9313169627    1.5143654714    2.1349731501    3.0420969340
  -8.1618421074    0.6246081017   -3.8804616313    2.5348709330    1.4521549865    0.6933519302
  -4.5731633172    4.4222649007   -7.5079628236    0.6753828600    3.9979485754    0.3585893408
   7.3863029474   -3.9737200279    2.4982039191    1.9311979470    1.1240030674    7.4823376402
  -6.9089484475    2.8505250581    4.0338185741   -1.8323417586   -3.1037062718   -1.6384771904
  -4.6322619568   -2.9022346748   -6.7129811339    0.9303112212   -3.9431367424    2.3694958910
  -8.1553067917   -0.1198421961   -7.4209483688    1.7755882938    2.6448461041    1.2273132913
   7.0626495209   -1.3332900051    1.6243002398    3.7345436146    2.7399699104   -1.1463851129
   5.2510885140    0.9879699744    2.6605275130    1.6579161826    3.1594661588    1.1916581190
   6.0410318351    6.3607760076   -7.1300513758   -0.7413886380   -1.1334188339   -1.2317648361
   2.5568688719   -3.0801855296    0.9696648890    3.5555677613   -2.7605303623    3.5493593415
   1.5923746475   -2.2357413950    3.4823491727   -0.7632684148    4.1061017331   -2.5823325731
   2.5175916331    5.3713030101    1.7740206970    0.7688813415   -3.6555771923   -0.0836702075
   2.9174841474    8.5453854743    4.1581138359   -0.5597239275   -0.1230377504   -2.2100379091
   2.1074307055   -7.0185608626   -5.6887416113    1.5645888360   -4.0514324841   -1.6146546053
  -3.0141988995   -6.1741795210   -0.1247763578    2.3933972109    0.2149601257   -0.7585793718
  -1.1692544587    5.5088161835   -8.0277372418   -3.2341695208   -1.6055068462   -2.2959166001
  -1.4528222960    0.6584200318   -8.4913184737   -0.8555931244    0.5368064066   -3.1946525037
   4.5658923192    4.2771007971    7.3881516881   -2.9431048895   -1.6188329659    0.9198186846
  -7.8713767703    6.3485445997   -7.1002938239   -1.3848748556   -1.0926752946   -4.0465704204
   7.1588435757    6.5330636780    0.9171550820    0.3573472007   -0.0496882463    0.6799079806
   0.7375846686    2.6651734141   -2.6223062991    0.9333790835    0.1682637838    1.5245474092
   0.5804560043    1.6973523732   -2.5007652040    1.9729295398    0.4226095384   -0.2420969708
   6.7632330129    6.9356239265   -4.7056795843   -2.8236386291    0.3366972283    2.6659090152
   2.2301336789   -2.3587541618   -6.1801552727   -1.1999677241    2.0535292463   -4.7652916550
  -2.2991498626    6.7073349318   -4.1595729010    4.9377854186    2.3304163064   -1.2083979165
  -2.6324066409    2.5552054155    0.8008146878    3.9054110535    3.3739777518    4.0676605868
  -1.6139547041    2.8853371835   -6.6835801228    1.3354673914    1.0034054107    3.3108901195
   6.6416842552    2.4731050493   -6.0338340040    0.4486166522   -2.5395273871    2.7162201554
  -1.0269153465   -2.2966171608   -6.2676563064   -0.0986737150   -0.8764849874   -2.6455180942
   0.2691687916   -0.6690381095    2.3201781455    6.4251147162    1.3920148237    0.7211704715
  -2.2723209897    3.1709395083    7.5116287019    1.7207690741   -1.3333884815   -1.0672016636
   2.3535303007   -3.2686293620   -0.3050754197   -0.0053475292    2.6332024669    1.4232291162
  -6.1877169800   -0.6117757680   -3.0132066835   -1.8992617845   -0.7206319243   -0.4085942112
   7.6344055276    7.8905254076    3.3735926317   -0.9853533427   -0.0783679304    1.1557113643
  -2.4600374026   -6.1966522185    5.6724774587   -1.2164159433    0.2267559836   -1.1522986206
   7.7149890177    3.7461511227    2.0584708539    2.3224204425   -1.1765852628    1.2996841232
   8.4733710449    5.0969111935    2.6462239616    2.4568462244    3.5053363455    3.4777418502
   0.3054475764    0.3802390749   -0.8080128926    1.6075683030    2.8197134199    0.1249552151
  -2.8064240530    2.5216982273    3.5341446216    0.3362142383    0.3307200734    2.7485480529
  -4.5160717646    3.1862331364   -3.6046273250    2.6667330542   -0.3703488517   -1.2284880881
  -5.4352249802   -7.2621870867   -3.4759960990    1.0876505202   -2.7515309624   -2.8177446886
   7.2369369303    3.2563463056    0.2403086123   -4.0831080442   -0.8621460929    2.2746375581
   4.4177912177   -1.5796499623   -5.6625640671   -3.2048396019    1.5661867512   -0.0434330085
  -0.4943386282    6.1880077023   -2.8512476778   -0.9574470332    0.9410021916   -0.1066039988
   7.5597034002    6.5368479600   -3.7113246818    2.5333828166    3.1073884986    0.8992154058
  -6.9450461363   -4.3243171568    6.5372813178    2.7374843222   -1.4691124488   -0.5261985702
   5.3459918087   -4.3155795193   -8.0782280088   -1.8105385240    0.3092807631   -1.2228130156
  -4.9273307476   -2.8077501614   -2.9385100474   -0.3349305080    0.2083344058    0.8892995071
   3.4955946047   -1.2514316638    2.7117223518    0.9861486631   -1.7052950460   -2.2786454039
  -0.8487600985    4.3633872567    3.7279459777    1.2649496093    3.6756644070   -1.6237478787
   3.8670777119    4.0716040834   -3.8730541349   -0.3053299720    0.6658470978   -2.3495305782
  -3.3211179564    2.8858311441   -2.2383555873   -1.9101507148   -2.3440382091   -3.8234809871
   1.7334300874   -4.2868413916   -3.5155230161    1.1788269754    5.4022654657   -1.2236059165
  -2.7772409477    8.0098862166    5.5612765618    2.6741507437    0.6022913875    4.1631361816
   4.0085858738   -1.7093676439   -0.9991540067    1.8014808384    1.4886347859    4.1188163877
  -6.1689321240   -7.7168938940    3.8704590108   -1.6521394056    0.4574387772   -0.9725734192
   3.2320167672   -5.0890532139   -6.5258514551   -1.4804618579   -4.2952180176    1.7483634146
  -7.0625719455    1.5143197355    5.2142972730   -0.3620776025    2.6297587459    1.9753898540
  -8.2622563433    7.4475961694    3.0177642744    1.8045008338    0.6725919962   -1.5015612426
   0.8316641216   -2.4273191018    4.4132379195   -3.5469354112   -1.5782271686   -1.4055142640
   0.1025609696    6.4570942848   -4.5360046141    4.1486225247   -0.2011626073    1.5093129367
  -2.7973252278    6.4566427687    7.7415277633   -0.4240836486    0.7909241377    0.1549546297
   0.8001730151    6.1513536914   -7.9320282736    2.1582708941   -0.0965446867    1.5008401975
  -2.1994439086   -2.7584248249    7.4980504719    1.3411257518    0.3085102303    0.0754745242
   4.5330302021    6.2351871342   -1.6656678249   -2.1327750104   -0.5952022146    0.5269532111
  -7.5804497026   -3.9126119494    2.2888499321    1.5296454399   -2.9165481809    0.7367600333
