           1000
    17.09975947
   2.3136540607   -6.6515386894   -8.3894311803   -2.9705353474    2.0554027025    0.7402089613
   3.1123154293   -4.2124533928    4.6196236637   -0.9767882423   -0.4727800638   -3.9098757413
   8.2780591297   -7.2160429192    0.2368202868   -3.6808022943    3.6550726727   -0.9659137859
   2.0255398382   -8.1326623937   -7.2350922957    0.4806891683   -6.0885139374   -4.5750958083
  -6.0913836249   -4.9308563986    7.0414889041    2.4287971729    1.0580000089    1.4174960773
   8.2050270197    2.2727760432    2.6002258160    1.2645645840    5.3217692903   -1.5201176975
   2.1824047817   -0.5596936585   -2.6564328532   -0.4209339719   -0.7293751588    2.3815694046
  -0.5235248169    3.1738038207   -6.7459421301   -0.2788131871   -2.3306665049    3.2702152350
   4.8726842306    2.7395598798   -0.3714097245    0.3482196590    3.3419194182    1.9606196858
   2.1016846013   -2.5334031166   -2.2931855346    6.2101053802   -1.8261957275    2.1294583477
   5.4655361946   -6.5415625104   -7.4546390266   -1.1141688079    1.1620916539    4.0697766298
  -6.9667636357    6.3403860290   -7.2106492436   -1.0617495396   -2.1626217021   -0.2404391613
   1.7999398716   -0.3097816721   -3.7371079900    0.8253458763    0.2480065976   -0.5657324673
   7.4513072843   -4.6486975163   -3.2873396020    0.6210158766    2.6884572875    3.1055991360
  -8.4396396994   -1.2604832772   -6.8779202494    1.4138449123    0.7783090066    0.6116608512
   8.3425533430   -1.6487699330    5.1137968790    0.6517524060    0.2569112211    7.4746102802
  -7.1983299845   -5.2798973564   -7.9821003904   -1.8234692794   -0.7478369108   -2.1183988538
   1.7050054112   -5.2908616180    8.1342411419   -0.1194485914   -0.5312487927   -5.1755757651
  -2.6437716250    5.4956945753    7.1095582775    1.8005896017   -0.4038729022   -0.8506523020
   0.8360859663    6.2189561113   -8.5004446645   -1.5592600789    1.6504128476    1.4164480487
   2.3327034341   -2.5314425295    1.5250268040   -0.6059543122    0.3500690975    4.2312413061
   8.2865544528    3.2777604337   -2.7695817386   -1.9183165530    1.9290153159    3.8094716187
  -0.7534840958    1.9871626535   -0.2040375246    0.9721674400    3.5592765746    1.4137099480
  -6.1008682765   -2.6359987123   -6.0749176990    3.8029642918    0.4057779612   -0.1452174118
  -5.8837315927    6.9600600023   -2.6901510335   -0.8708456391    0.7595037429   -1.2032501803
   7.5415469697    3.4221884458    2.9983344164    2.1618047619   -1.1340343976    4.6906924804
  -8.3665272747    4.6724932106    4.6981716951    5.4535213965    2.2735407937   -2.8527804372
  -0.5945848681    2.2641860515   -7.8535671785    2.8393298426   -3.3682605719    5.4607413167
   5.1447220519    3.1152994073   -6.8394503506    0.3549583597   -5.8181941166    4.2431329481
  -6.1916329153   -1.1265760505    0.5281767786   -0.3686636980   -0.8107089924   -0.3539065042
  -7.4145741435   -3.5824432381    0.5294439560    2.5395470506   -2.4256898176   -1.2908182610
  -3.0353273274   -8.0180475934   -5.8744628472   -2.6964793684    0.5170728400    0.0191022419
   7.9603719677   -3.0318468246   -8.3036772198    1.6882372570   -2.5677180720    0.8167236283
   3.3050129057   -4.6921832848   -5.9928019865    0.5970553074    0.4764254784   -0.9146854075
   8.3063756416   -7.3885903441   -5.8528187603    3.6459060384   -1.8372649432    1.1421259157
  -2.3001555861    5.2279582318   -8.3963471904    5.4263697970    0.4794434897    0.5713622508
   3.9205156924   -6.9822492988    3.8385676370    1.2404346492   -1.9829917764   -1.4490198390
   7.5126160741    7.9571311376    0.9593487053   -0.1906580708   -3.3751104508    2.6892648723
  -1.5567804620    4.3383299619   -0.2268150245   -1.2893164025    3.6292553924   -4.1559339315
  -7.7787651732   -3.6913576292   -2.8993490561   -2.5706954697   -4.3517884998   -0.7477088443
  -4.9037678149    7.6966919623    6.3408802924   -1.3464615998   -0.5966571914    2.4368819751
   2.5828953960    3.5980732279    5.4774885914    2.3104192831   -0.7022216022   -1.9131329403
  -7.6896775729    2.1565142415    2.7427919015    0.1176726064   -1.5252048491   -2.2651359705
  -3.9457750610    0.7501778689   -0.8519488078    1.7065983252   -0.4868834189    0.5703473744
   5.0814272487   -8.0894422636    3.6348121523    0.8030524443    0.8714173152   -4.8356749443
   5.7185462075   -6.6412501751    7.4290698029   -0.8148120340    0.6784462537   -2.6120021715
   3.1576054785   -4.9324483885   -7.1061589520    1.0179602576    2.3780349515   -1.4947551785
   7.9214992043   -5.1928402306   -6.0861383975   -2.0440822183   -2.7189520251   -0.1908323319
  -0.9636534481   -7.9982330017    3.4068670142    0.9081441177    0.2892872371    2.7750753705
  -5.9931798886   -1.1591911609   -1.7883352530    3.8321728209   -3.5683825726    1.9394335752
   0.9750509310    3.5542078238    4.8656433525   -2.8829419703   -1.5942363719    0.6004615765
   4.6863298007   -7.0869789939    0.5804006933   -2.2177171664   -2.0088699484    0.2785800457
   1.6489285242    5.1681969467    1.4692015674   -1.8962494669    1.5029365009    1.8047391977
  -8.2778603807   -3.2254176126    0.0145183883    0.4078609807   -3.3812520319    1.0914970849
  -5.1793085366    0.5351087208   -4.0845268906   -0.3257304479   -0.7206536265   -2.8249047386
   3.7887244297    2.7197258034   -8.2536160580    1.7690135358   -0.2806159791   -2.2019234177
   6.1500963520   -6.5707808950    1.2560149605   -4.7470378569   -0.9459383719    1.9783826663
  -8.2976072611    4.4571448046    7.9530967046   -2.4549243291   -0.3777186482    1.7316074639
   7.7289345629   -4.5847300921   -0.5546701607   -1.2202666311    3.2070415137   -0.4065068925
  -3.0537347003   -0.2924487100    2.6890047460    2.0481284598   -0.6475119610   -0.3828678911
   8.0787758201    8.5406833319    8.0061834123    0.3333955548   -1.0643126792    0.5351842237
   3.7877560790   -5.7679574947   -3.1052356266   -3.3422916158   -2.3231263695   -0.3558475313
  -7.5897405907   -0.3137658864   -1.2126478620   -3.8734090729   -3.2447861604   -3.2076470187
   3.6636239127   -1.8904051681   -0.0419972627   -2.7391752621   -3.8719868686   -3.3271931391
  -1.0956119549   -4.5532078414   -2.6206564943    2.6420091693    0.3456852161    0.1610223107
   6.9339088979    1.2399284590    0.0700580758   -1.6510474097    2.5052842700    2.7673715522
   3.7726951930   -3.8755223216    8.4742170347   -2.1428262356   -1.2760124722    0.7472555475
   7.8215122972   -7.5994156767    3.5375790204   -0.8314149148    3.3836011052   -0.0451846860
  -3.9184040936   -2.3751205782    6.5500947956   -0.7755250603   -3.4771891129    2.8296192868
  -3.8921639095    0.6416373995    4.0650715591    0.1556167124    6.2930387915    0.1972293515
  -6.4111542897   -2.0076387843   -1.0446405914   -0.1631052229   -6.0131402003    3.3454381873
   5.1707143047    5.0668459529    3.3040942479   -2.2296954068    2.0308588527   -1.2303190986
  -6.2192014714   -7.1906003509   -7.9940657578    1.2748455522    1.5226775498   -0.6249237672
   5.3226557873   -3.7824968501   -1.5275849499    4.1132606376   -0.8632804374    0.0797882474
  -8.1141463131    6.2333007732   -7.6872905133    0.5760964993    4.2452790627   -0.3330012604
   3.6839692346   -1.7508195266   -2.5113284173   -0.2253428546   -0.2770268546   -4.7886030907
  -6.2801826870    4.0249725016   -2.3900339585   -1.6671886644    2.6389710071    1.6271184482
   1.4780204655    1.1043275309   -2.3303992351   -0.7884174157    1.8954435055    0.1107015530
   6.5090170245   -4.5851108340    5.5211980552    3.5725171884   -1.0506486031   -2.4025465099
  -3.0054302107   -1.4133940398   -7.2015490976   -0.7817489926   -5.2821623937   -3.9526170249
  -3.1594578809    5.2097838841   -3.1496436319    1.5560336705    3.2970309262    4.2609245025
  -2.9025571471    8.2765650748   -6.3693134286    1.4899891043    0.3726342889    0.6988240689
   5.6908362781    2.3793344980    2.3668804904    5.2927273749    1.6183552307   -0.2213415229
  -3.7405849662    4.4943328457   -7.6463962010   -1.3989414019    0.0724874460   -0.4442738842
   0.0209947027    1.7482740409    4.8783081475    3.1636319327    2.5407755435    2.0005346992
   1.6909547285    6.3315843310   -1.1448167639   -1.7109795630   -0.1490749534    2.5910589508
   6.0686645237    8.1409805328    0.5136634595   -1.9519933739    1.0045078482    1.6478157871
   7.4008789043   -3.8398701050   -6.0357043258   -1.8485299248    2.1252310092   -1.1886784042
   2.7036566695   -4.6941950767   -2.5935649034    0.8001116886    5.2607826465   -0.3251338314
   1.2471901290    8.2470901227   -6.0480812258   -3.3802745595    1.0092844865   -1.1939816968
  -6.4018709012   -3.2995214803   -3.3055262321   -0.2020406262   -2.7547655829    0.3567586260
   1.8306098319    2.9591268532   -8.5264330811   -0.4976769584    1.6817034890    1.0157486228
  -5.5149241377   -0.2192701925   -7.0482898847    2.4072679976    4.7584314839   -3.1520532833
  -3.8290432712   -0.5456947483   -6.0253505185   -1.9911615520   -1.7501861756    0.4302241813
  -2.3475282481   -4.3499996036   -8.5467988374   -2.0075812262    4.3621586022    1.0355552694
   3.2829571430    6.8963253225    2.5870021799   -2.2847685028   -2.1024453523   -0.0538751465
   3.9607045530   -7.0544011059   -7.2456685972    2.5526518427   -0.8629533573   -0.8636607976
  -8.4096605744   -5.9025674925   -5.5529519121   -4.0688372338    1.1761856481    1.9428585021
  -8.1086752341    7.9307085606   -4.4729302669    2.1580121004    3.6933206965    3.8416449447
   2.0574568004    7.6068688999   -2.8976666488   -0.5900517242   -0.5398322872   -0.3721987631
   0.7479894977    0.4107255378    3.3519234187    2.3776310293    0.4659466845    6.3881279828
   5.4920120033    2.5931467034    4.9193562325   -0.5657931827    0.9472549020   -4.1809922737
   2.7814214433    6.1966643668   -2.0892711685    0.2803488934    0.1682341789    2.5597186432
  -0.8506542514    6.5911934705   -0.3979116425    0.2631573002   -4.0010692164    1.1261058342
  -1.1880047209   -6.9143300998   -0.7519016442   -1.9341789917   -1.7758199387   -3.3931530366
  -2.0445220887   -4.9945783933    7.7151000802   -0.2210046446    0.8782118860    0.2206891122
  -3.8785483862   -3.1578032052   -7.0695957913    1.2143959690   -3.1198357367   -2.9046281032
  -5.9807738449    2.4310782666   -7.9725229820    2.5833453323   -0.5479908474   -2.0495136471
   6.5383391173   -8.2818343782   -2.6853696069    2.7505648360   -0.0943738793   -1.8390898103
   6.5040564285    6.4272960694   -3.6973918260   -0.4823007020    0.3199754813   -0.3722730566
   4.8577731481   -2.7668102351   -6.2600863237   -1.3385514656   -0.0811751518    2.2989903973
  -1.7517751798   -4.6263300754    3.7284204584    0.3092004567   -0.8236693496    1.6519940828
  -7.2876961914    0.9987755892    5.0354562883    2.0623531720   -0.0043431957   -1.3523749524
   0.8765058949   -4.0999329197    8.4888712004    1.2239614846    2.6902648527   -1.4237819828
   6.4301459103    2.4438466484   -0.5673845387    0.2526495807    0.8716990337    4.6635741893
  -4.3236907388    3.1734241012   -6.0704955216    3.0153697612    2.1946492613    2.3257733175
   1.4041904029   -0.2727064824   -0.7782739953   -2.7489080927    2.4077604197   -0.5130021121
   6.7196101092    0.2891125156    7.9833010886    0.5794344805   -1.3034269708   -2.0969823646
   6.3484684619    2.3286069143   -2.1919397596    3.0188058305   -1.6418477136   -2.3169563850
   0.7129222081    1.8704178524   -6.1278527736    1.3395780456    2.1851426911    0.1667130887
   7.6637568366    2.3552674910   -0.4919930432   -1.2555136473   -0.7457623238   -0.5628320800
  -8.3223324185   -3.5625088996    1.5747828389   -2.0492108033   -1.2996379577    3.1543140395
  -5.2915304261    2.0447701779   -1.4884502871   -0.8582267207    0.7365214811    7.6696527776
   5.2838404031    2.7376067585   -3.6990496786    2.6235340971    1.4280769477   -1.0449332709
  -2.7324264893   -6.9958497355    0.9358177905    0.7722759109   -3.5961123288    0.8044835315
   1.2741347922    2.4982991268   -1.3146508926   -5.4610274684   -0.7255302760    0.0865222590
   3.0159188067    0.8212790431   -5.2224707283   -0.9040333170   -2.8132283528   -0.0551656056
   2.0647521572   -4.0815786387   -7.7372722211    0.1026663536   -0.8053725137   -3.0726684775
   6.0563102893   -4.9455743597    3.8451288558   -1.6679876421   -1.0265704774   -0.5965865698
  -2.8212640027   -5.8565435667    4.8147988183   -3.6941309824    0.2879811214    2.0836807031
  -4.0591828703    7.0854026070    2.1760317545   -1.5162639274   -3.5293022248   -0.0925187745
   2.4027440685   -8.4775655449   -3.7502242412    0.7432230231   -0.6065933134   -2.8514306135
  -4.6690952290    0.8229180778    4.6079419608    3.5384822113   -0.1656472976    0.4232522257
   4.5961714099   -2.3348271678   -2.5792064974    0.5960465499    0.1708701955   -0.8219848519
  -7.8320770652   -2.6532437076   -2.0724427959    0.4190445957    1.1856138507    1.9957769728
   2.8096443499    6.1673881671    5.3486499739    0.9556946281    0.5618844280    2.3984027112
  -2.0170582314    5.7145315247    6.4935469374    1.8073735379    2.3350778823    0.0533830151
   4.8454241190    3.1890180877    5.5016532392   -1.5019927135   -3.4104478360    3.9244153263
   7.4794941641   -4.7732625342    0.5889726755    3.9308813712   -0.1464061384   -4.8826689708
   4.5252961068   -3.8800143856   -2.9882094551   -1.9275704672    3.2306873523    0.0748952849
   1.5561145683   -7.5794996274   -2.5320402914   -1.3038467675   -2.7441013607    1.4102357350
  -8.4750352330   -7.2139389526   -7.4368666612    2.2979121560   -1.7263314148    0.4408933518
  -6.0164127283   -5.4028781888   -4.9685997585   -0.1300697610    1.5867013037    2.2565543451
   5.8092136980   -2.8497305838    0.5088803487    2.0014924018   -2.5946008902    3.3793613954
   4.6647905480    1.9612738993   -2.9305245923   -0.3316617843    0.5091523535   -0.6221202043
  -6.6317490670    6.8427059977    5.8786049720   -0.9593294116   -4.3200087267    1.0473132209
   4.7964129378    4.9653911045   -6.4412233202    2.5925035851   -1.3582067338   -0.6370591531
   4.8646504518    0.6276558178    3.4476360675    3.3878767129   -1.0506060237    6.0831229475
   8.0315347955   -6.0845908747    6.2904793299    2.1911480634   -2.6320815985    0.0403735175
  -3.8604998779   -3.7100149540    5.1474562317    2.1252317137    1.9233818040    0.2502014983
  -0.6976541724    2.5719388282    0.5416490154    1.7196115064    2.2163217087    2.7481070680
  -2.7334833491   -5.3975117529    2.6686936360   -2.4429077224   -2.6678587725    0.0406317546
  -0.7523261291   -0.5127016593   -4.1063390694    1.6761292341   -3.4300935168    1.2280166275
   0.9932162558   -6.5748082855   -1.2102137992    0.6850057080   -2.6438867035    3.6025594983
   3.1893801078   -0.0141799151   -7.2516181930    0.9458889160   -4.1375992821    0.1128120192
  -5.4467475437    4.1356787755   -4.2790210893   -3.4181928407   -1.8173298415    0.2900275088
  -3.6099671501   -1.4680448367    7.0746202671   -0.2802126041   -0.2976868745   -1.5244473631
   2.7358196895    8.2787042106    0.7415114538    1.2845517275    1.1433259308    1.8923336210
  -5.1859938544    7.2615282091   -3.5031490036    1.2606649434   -6.2180580944   -2.1182010121
  -3.2150661632   -8.1965693758    8.1574075624    0.6516469505   -0.7946363726   -0.5591728396
   2.3495134982    4.4716133259   -3.7437604824   -1.6144501241   -0.2406738406    1.3563569437
   3.7889213494   -6.0045261703   -5.6963076096   -0.7020184771    4.3192708388    0.0830598207
   0.1561230111    5.6698759598    6.7225990222   -1.3958065621   -1.6500118963   -3.2357462029
   5.2304924322   -8.1668345515   -4.2655689311   -3.2993685319    3.9657843297    0.3415470197
  -5.6579084714   -3.9117522320   -1.3407430623   -3.8077948605    3.4071869884    2.8342238813
  -8.3476418784   -5.7295605861    3.7928377248    0.2379586715   -2.5346921555   -3.7631410920
  -8.4216392122    1.4533712371   -0.2172796484   -0.3393685780    1.3682103482    0.3206794098
  -1.3921470617   -3.2737278446    6.1391819591    1.2311505474   -3.0498460618   -0.7378987660
  -0.9106038179   -6.3715591567    0.9788705352    0.5411876199   -0.2433919226    3.4550501419
   2.1363647772   -3.1288090732    4.1432229483    0.9079022351    1.1565687786    3.2198766872
   2.1071773253   -3.3013171137    2.1611641058   -1.5521746391   -3.5939214401    0.2416795570
  -2.7863922466   -2.7900989648   -2.9565581142   -2.5010213307   -2.8143612252    1.0801890757
  -7.1725933375    7.8705533029    0.5092069231    0.1330375731    0.2333519070   -0.9510033476
  -4.8536731984   -0.6388974234   -6.0727740653    2.9959642877   -0.5227812666   -0.2471131440
  -8.4337369466   -0.1613310343   -7.2470744003   -0.6957010774    4.4529884770    1.4786274857
   0.9249334316    6.7429476301    5.1160229874   -0.6833271486    2.6566719909    1.6263622067
  -3.2700220614    5.2438534751   -2.1562306293    0.7009293340   -2.1622882483   -3.1164287855
  -7.5640974514    7.5243352774   -5.2856452779    2.6148238271    1.2573783081    0.2241499132
   0.0940234766   -2.3933890505   -5.6465804621    0.7869751531   -2.3086181481   -1.9341759581
  -3.9389531601    4.1951281731   -3.1770929226    1.0247320371   -3.2930510768   -1.3360226954
   3.5340481364    1.1645251106   -3.7424331140   -1.1468937397    0.0932287370   -0.3865801223
  -6.6980192589    4.7598285341   -0.9061664416    3.1516768247    2.1800202373   -1.1593534067
   2.0744688440   -6.6051159076    2.6253883894    2.7325989661   -4.5100783738    0.4908833811
   1.9055779671    2.5492369763   -2.9718413875    3.5156156072   -2.3273420733    3.8022654942
  -8.4224735882    8.3236143966   -7.5407040827   -2.1846662876    4.2180915288   -0.9805103511
  -1.8390660056   -7.0887578570   -5.9232456154    3.7174316152    1.4152298770    1.0613175664
  -6.2403132276    4.8877994314    4.5431750686   -4.0944144881   -0.0323087810    3.5606434756
  -4.6794283494    1.9247788011   -3.7727707443    0.0624557000   -0.0979751061   -1.8630154911
  -7.0713659424   -2.8328447618    5.1484449859   -0.6886959434    0.1578200524    1.4069906067
   4.3838175575   -4.6745774932    7.5383484712    0.6938668556    1.4914205771    0.1546420430
   5.7812615064   -8.1601027547   -3.3048169186    1.9891359103    0.7008613040    3.2616548118
  -6.7411886461    6.6719201514   -1.0912657055    3.2657996367   -0.4265313729   -2.8885085486
  -6.3899066899   -5.2952593994    2.2189891184    0.5668358252    2.6201984482    2.1743537866
  -7.9150160522    1.5720239906    5.7902092492    1.1784929108   -4.0051031369   -1.7411604982
   5.5559186509    7.0570111555   -8.4206552715    2.6854389627   -1.6715485987   -0.1537530081
   7.4883754984   -4.9893390279    5.1895853433   -2.9473164326    1.0320638335    2.5903819805
   4.4280372554    3.3479254459    7.6194804444   -4.8515687513   -1.5582298940   -0.2859207519
  -1.9578200656   -5.9094666910   -3.8954322006   -3.1144288569    2.7608049817    2.1460699709
  -1.8037495130    8.5270598557   -0.0390547518    0.0018684414    2.8787517800   -1.4739164252
   2.5081803242    0.1295090950    4.2927234349   -0.1279916768   -0.0782982897    0.2297275200
   6.9858587667    8.4607571399   -5.8926215203   -5.0257973177   -2.0412584955   -0.2370453522
  -7.0545028029    1.4704663609   -7.2880746267   -3.0074312769    1.3298177047    0.8905185988
   0.7655044123   -5.8967411860   -8.2532244323    0.3810814789   -0.8162691552   -1.6463193700
  -6.6812346000    6.6882922227   -4.0438160990   -0.0484367062    0.1664955404   -0.8862236506
   6.3434346371   -2.5873660330    6.5585194755    5.2504818892    3.5343894713    2.0627909298
  -0.9508587109   -4.6858308565   -6.4140205769    0.1744180191    0.2866412158    1.8823276805
  -1.4609864467    2.0036289519   -5.1109997381   -2.4281456645    0.4926098489    2.0420223350
   0.3039351311   -7.0099933068    4.1727805761   -2.3865543964   -0.9262337242    2.4682442572
   7.0824732485   -5.0459157106    1.8625733295    1.7620653300    0.6208174003   -0.6930028321
  -7.7469844437    1.6105811703    1.9967683456   -0.3654041103   -3.0444537442   -4.0215364858
   2.1653778429    0.0235022182   -6.8262832298   -0.5444858171    1.2227935517    3.2054136716
  -3.0249271961   -4.7464694286   -0.6112654632    0.7148347629   -1.6577913512   -2.6299330745
  -7.7891078238    0.3836015457    0.5110551571   -1.5533302775    1.1540663215    1.1106091946
  -1.8734441356    3.6737845934    6.8104860178   -2.6239923288   -3.4645932142   -4.3066541636
  -1.3430015268   -1.8328377637    6.0756377585   -0.7887691704    0.7139331069   -3.2819484574
   0.8315002411   -6.0686578945    6.9764164467    4.3109227114   -0.9638787914   -5.0332142896
   5.7046066591    5.7879494364    4.0166502079    0.9867808728    0.9810354333   -2.5680327115
   2.3160845359   -7.6327801629   -3.1033188036    1.8901959117    1.7156440778    2.4677236816
   6.1290992199    5.2277471984    1.6956702016    0.0915042887   -2.7380218429   -0.8880958762
  -4.3702393689    6.2615059821    3.0482283541    0.0355305708    1.9092009918    4.0183117550
   5.0752324983    7.7557713810    1.0791966284   -3.1888077699   -0.5280475622    1.1213186767
  -5.0878973119   -3.3652179441    7.6886169814    2.8499099932   -1.8913623352    0.2103248698
   1.2740934500    2.2060411486    0.8483368738    2.3539233216   -3.4012449419    2.6085585469
  -1.3565979490   -2.9901860635   -2.9022169379    0.2761502389    4.5476486904   -0.2197434534
   7.0171464815   -6.4458956912    1.8434985922    0.5169170579   -3.4607541359    0.5962589087
  -4.0780124462   -7.5432850184   -6.0741285207    3.7941265944   -3.8059020261    1.8060268604
   2.7035696595   -5.9054277896    1.1441664260    1.0165446538   -1.6349155611   -0.7590011576
  -0.8211156789    0.7605234943   -2.7521402000   -0.8912799390   -2.6614745772    0.5239889290
  -5.6744721046    5.1716740189    3.7769738802   -1.1804303497   -2.7890312197   -1.3654453108
  -0.9602530176   -4.8621694697    0.9290686007    0.7142853388   -0.4239372401    2.4887318380
   1.7842699677    2.3159376285   -5.6215473235   -0.0738529450   -2.1192084790   -3.7105766425
   4.8185354707   -4.1024581966   -4.6845139376    1.0547638643   -2.6785739711    3.9058358099
  -8.3972853661    1.4145687778   -7.1684401869    0.9311476486    0.4198800758    2.4150882096
   3.5954684883    7.2344157719    0.6815513984    0.3005490049   -3.4064959487   -1.6691674342
  -7.9723205591   -5.2255306042    5.0424062223   -1.7621448492   -1.1768147421   -1.4351616594
   8.3001926715   -4.0800727258   -2.8808525048   -0.1158405790    4.6451021002    2.3742555703
  -7.9803971898    6.9682887636   -2.2012293318   -1.0023378102   -5.2939913067    1.2753443756
   4.1625496830   -6.1577227262    0.0906646427   -6.1534541935    2.5271761169   -3.8176879463
   6.9585367301   -6.2112480339   -3.4724098569    1.7296490443    0.4619070533    3.5195390756
   0.5492967675    5.4708006938   -3.3424612226    4.2478037968   -0.7539588937   -1.7986559432
   1.7192544363    4.0936109632   -2.7319551927    2.6056591533   -1.5776709486   -0.9735316061
  -1.8674463409    0.8072385226    1.1260963885    0.5468528029    0.6335002458    2.2604361866
  -7.5320418464    2.3513592838    6.9730119577    3.0968930143   -0.7659399401    2.6655742045
   5.6373781918    1.5076088103   -4.6673349010    0.9021285490   -4.0214671616   -2.1432769419
  -2.7064562983   -4.6009209332   -3.5290183884    2.2336193287    0.1732826964   -1.7722924413
   4.0349330794    7.6163366304    7.3674409586   -1.2697060923    1.7691898283    3.7507518437
   3.1428206378   -8.4504385471   -8.0566617489    1.4865808077    2.2165327089    0.4877890370
   0.2639510261    2.2203250378   -1.5386631026   -0.4791276315    2.1906653022   -0.0309207607
  -1.7038684069   -7.7316808927    4.6444500890    2.6059994953   -1.3952339142   -1.2073336913
   7.3060918955   -4.8641052699    7.7520331639   -1.4024569995   -0.9976194311    3.8656088153
  -5.4925976086   -3.2528441516   -3.4365298146   -1.5679753892   -0.5982414265   -1.2095327728
  -3.9601339616   -5.6555163329   -1.6367538115   -0.7800454040   -1.7812839883    0.4847801951
   5.8129782381    5.0117147891    4.7966013177   -3.3905271619    2.6092861096    2.1807341224
  -8.0823332957    6.1786444791   -2.8524046248    1.0635741811    2.9730076676    0.3428087315
   2.1066460559   -2.1157633911   -6.6804963902   -0.2263655227    1.6069367005   -1.6335491412
  -4.4280115193    7.2205643330   -0.0762281885   -0.8415406847    0.3190018096   -3.5720739392
  -2.5828815669    6.4945763490   -7.7860425171    1.9458406495   -0.7094906668    4.2460224261
  -8.0976285598   -5.5028976601   -6.7319983955   -1.6768852581    2.3729467254    5.8415405006
  -7.0731749481   -0.8945098351    3.9236361975   -3.0368063906   -2.6899508531   -0.9427667569
  -6.7422476067   -8.2809489697   -5.8613454027    2.0236411460   -1.9889672420    2.3645068290
  -8.2408935024    6.7912999702   -0.4653493594   -3.2400804679   -0.3815586666    1.1347116969
   7.7409915021   -4.2350614749   -4.2887068554    1.2712718549   -0.0792134836   -1.9152389663
  -5.1519480864   -6.1307702786   -0.5400647616   -1.2816997707    1.9738690136   -2.6163346390
   4.0608718486    7.0288789426    3.4785446213    4.1778580914   -1.1789444990   -1.8117486618
   4.9302660835   -7.8120500662    2.4899628702   -1.0204244252   -0.3920925940    0.3709376147
  -4.8761588208   -1.3329396827    7.9443587109   -4.2057595415    1.0999442247    1.4182168525
   2.3119641317    8.0718357774   -5.7366292547    0.9617239056    2.7493421534   -1.2399214236
   2.2616481769    6.2497640113   -4.9747489986   -0.0979452256   -2.5738031481   -4.3236780458
  -7.7638749452    2.9544233697   -6.0885867431   -0.1244736467   -0.5313593151    0.6311619063
  -2.8752755148    4.7113128070    1.0602581856   -3.7238916250   -1.8814579150    0.7110272996
  -6.9697229099   -2.6133395681    3.8892351699    1.1278476200    0.9948523614   -0.3788275961
   3.6987536940   -0.9096914892    2.1049267034    1.4997761511    1.6100264469    2.5709460131
  -2.6715122912   -7.5577332919    6.8527494486   -0.3549596686   -4.4192395953    0.9737045203
   3.0121370918   -1.4904871760   -7.6767396791   -1.5793049765    1.3401363850    1.3633304085
  -6.7847154288   -0.3762606768    7.2338123333    2.1687485220    1.4542416557   -2.4814236217
  -8.5108141074    1.4015895997    4.0246695987   -1.5447274269    2.3205596026    3.9721399951
   7.6746396532    6.8215862751    7.8829391912    2.6868853221   -0.2965948008    2.1690405552
  -4.5731176808    5.5696029997    2.2496483133    1.7633751796    1.7936517234   -2.3414275916
  -4.5382018602    2.1001925862   -5.1801550107    1.2196034744   -2.6018247799   -0.7054140709
   6.6914053785   -5.8631685345    7.7468016282   -3.6501350212    1.1531010188    1.9634810149
  -5.9832137849    0.0471463416    4.1721785280    3.0228488594    1.3737713549    0.1381664979
  -0.3057784630   -6.2808594883   -1.7885657657    4.8769716009    1.1094977335    4.2296940485
  -5.1121213696   -3.7366656858    1.6969054494   -2.6247973723   -1.7215204002    0.8026942883
   4.9707812516   -8.0692815112   -6.2071144688   -0.1948773404    0.9455061614   -1.0521713767
  -5.8403300811    5.4130447076   -7.5532780419    0.0210061584    3.1907151210    2.2733616046
   7.4680081851   -4.1658829660    4.4464181293    3.0289021600    1.2239308130    3.3577680087
   0.7054425934   -6.6754094110   -4.5186714272    0.4267531916   -3.1461194240   -0.3920834082
  -5.3359476262   -0.8425025890    0.7253625206    0.8429498686   -1.9133338798    4.2777172917
   1.9400945792    6.7828523823   -7.9965554180   -1.4779070172   -4.3947884521    1.7469626842
  -3.5312644402   -6.2910017913   -5.1183965521    0.6968315666    1.4418858899    1.5207502337
  -0.3830347564    7.9294397865   -7.6681074235    0.6622500086    0.9518148372    0.9922776664
   3.9442431772   -0.9679819000    7.7485484017    3.9427723771   -1.4349133770   -5.7847379658
  -5.1407181411    5.1713189278   -4.5158408193   -2.7167496968   -1.9303419136   -0.4305867694
  -7.7886918645    1.8136662807   -5.6482817411    1.6958002353   -4.5550959371   -0.3381778070
  -7.5215112352   -1.6893570120   -7.0450294154   -0.2089664031   -2.2940846508    0.7517046400
   1.9326582080    6.1815980982    4.2122723008   -3.3727481679   -1.0731281484   -1.1414846496
  -6.4007409013    1.9471036303   -1.8170238102   -0.6728275603    3.2016418989    0.7956477217
   2.1188555864    4.0247566969    0.0892315345   -0.1450473951    1.9016273151   -0.1028773413
   1.9564974248   -1.1026658474   -1.6908732279   -0.3422917918    0.9095932664    1.0693181408
  -3.2607346743   -7.3865126273   -7.6101359938    2.2104047921    2.8418638127    3.0694689045
   4.5331842562    3.6320063705   -6.3308669896    0.5592806838    3.5413473624   -1.4515366764
   4.8737792837    2.9808090271   -4.5307011481    0.9893038575   -0.8289633027    0.4051744470
   2.5394767384   -0.2606535978    3.1561584022   -2.6524893071    1.9863409814    0.2227814727
  -5.8244547577    1.3693173412    1.5755563754    1.8764202252    1.7337210472   -1.0702251632
   3.7428976877   -2.5435743255   -7.2238180820    0.1627805840    0.1403997506   -1.0151400288
   5.1121603657   -0.8450014380    6.1212144929    1.7815583081    3.2291351822   -1.5192459173
  -5.1082360622   -8.0026076988   -5.0080145450    0.7240369188    1.9697792222    5.1240860528
   1.1520650208    0.1936451199    0.3943454854    5.0671331845   -1.0292686432    3.5768635859
  -1.9522868373    7.7476963840    1.0933062553   -1.4141996124    0.2678409238    2.6390963834
  -5.8172601761    4.5188312971   -5.0681684026   -6.6197800647   -1.3877004828    0.5336616560
  -2.5617228033   -3.1404031886    6.7210292784   -0.1078989305   -2.4258048920    0.5677674726
  -7.1113351875   -3.3384444080   -2.3125192146   -1.5581158032    0.9631700419    1.6440654608
   1.1216003060    0.8037936500   -0.9255842663   -0.0015300662    4.8146138738    2.1015590835
  -4.2951703606    5.2178036298   -2.5034901728    0.8917450647    0.5900894605    0.3708978864
  -7.5618866975    8.4075312470    7.4720598963    3.1671211824   -0.2176151864   -0.1250168608
  -8.3718635469   -6.7075979508   -3.9731971148    0.0605412887    1.9083574149   -2.2036137754
  -1.9254456406   -4.5431045753   -6.8286630666   -0.3255631432   -2.1956917435   -0.4215345435
   5.3352986345    1.3628099368   -5.8173606186    0.3985999301   -1.3307755349    0.8767029755
  -6.0143459459    3.4841724903   -7.5300527633    1.2841027717   -1.5230197910    1.3745799785
  -1.2371936817   -7.0929956709    3.7147124793   -2.1622913210   -1.3823406441   -1.2889058615
  -6.1417513044    5.8362574018    5.2652971545   -2.8098268535   -0.5704798657    4.6068840349
  -8.3302706278    6.9153333191    2.1612305431   -1.8649085277   -1.9753581148   -4.4681043972
  -2.5457961966   -3.7005040792    1.5340725377   -2.5776377033    4.6769493985   -0.0848438297
   4.4556857324   -3.9684118902    4.1351990356   -0.2159036614    5.1657953075   -1.7532887155
   1.5798048983   -2.0035867358    0.9016071275    3.6711353692    0.2787949440    1.2787482816
  -5.3742792921    0.6378144034   -6.5841867596   -2.1175178522   -2.2111789156    0.7137414853
   5.2812802995    6.7833629520   -0.8819172749   -1.6528401358    1.3160558484   -2.7210391205
   0.5989178322   -8.5459096733   -7.4960178633    2.0230005407   -0.3443941532   -0.0678339304
   7.0966869168    7.7462673851    0.0070531801   -2.7902749046   -1.8877714405    0.8777876251
   4.7207915015   -4.9136293657    4.3744812681   -0.1249270586   -1.9853074820   -0.6527209816
  -3.9150241742   -4.9278810337    4.3964949206   -0.7470610873    0.6336962791    1.6669967061
  -5.6771489342   -3.4390735246    3.1163419113    0.5554623790   -2.3283023520   -5.8677383406
   3.8812514108    1.4373191699    6.7229193264    0.5761626611   -0.2893157920   -2.1841421545
  -7.7818116095    7.8725731851    1.8462484708    0.0369889363    1.4504334624    1.1036853383
  -4.9902702144   -0.6289307307    4.8829573296    2.9699983446   -1.6310972479    0.7316531194
   3.7521259791   -0.6751531525    5.6782471234    0.4161355939    1.1608740168   -1.8343629224
   2.4713065467    0.6148631643    1.9692876431    2.3679566653   -5.6660510018   -0.2270874540
   5.3770779140    3.8111328114   -8.0664142023    2.2673213866    0.2473775029   -1.0716387778
  -2.5182033266    7.3662365862    6.6555366263   -0.2490567451    2.2376812198    1.1988697317
  -1.5971864551    0.4564271975   -0.2055301706   -1.5140291608    2.8673710739   -0.1266217703
   5.0730578073    2.2345044572   -8.0021797336    1.6883912424    1.3392349370   -0.5778428870
  -1.0697834767    3.3162809860    5.1198521495   -0.7888991783   -1.8913017071    1.9532384231
  -5.9213332008    0.6443377017    5.3121029694    1.1654554522   -1.5014336137   -2.2539014560
   5.6441224479    0.6315430604    0.3039584791   -0.4663325470   -4.8847051296   -1.6157918998
   0.2128614959   -5.7894005776   -4.5358590005    3.3743691324   -0.5276919289    2.0416087283
   4.0004784003   -0.8769271156   -6.9716338975    0.5117013014   -1.0414439768    1.8025826026
  -6.0405752042   -7.3545854691    6.6553424599   -1.8604448235    1.5933467571    2.0247285242
  -1.6740234320    2.7215605548   -7.2108149147   -0.7622326266   -0.4200454845   -0.6134759958
   2.0196350174   -5.5486487573   -8.0200004016   -2.4798904050   -3.2752086255   -0.8306736069
   3.1055075974    3.2328800143   -3.4862984464   -3.7724846541   -1.7161398965    1.7948189510
   3.1265107573    4.0340413153    3.6867994044   -2.0035098261   -0.0195217219    1.2547972922
  -2.9794459959   -2.7799023016    5.4365951305    0.8660932704    3.2652177014    0.1592696838
   7.4969472766    6.2770848135    5.3960964664   -1.0016308567   -0.0714378981    2.3627985084
   1.0320654056    6.2871787932   -3.2348228844   -0.3379165072    2.6131243960   -3.1959195302
  -0.3382611422   -4.2277060003   -5.5474657895   -0.2538564706   -3.4496611804    1.5168670031
  -3.7814252858    4.8918556074   -0.1279193123    0.6969863540    0.2006365916    1.2120862036
   7.9302821965   -1.5561610857    3.0039876416   -0.6428717232    1.3111168725    0.3426892578
  -6.5106232670    1.5967595647    2.5224528978    0.0499232925   -3.1292491052   -3.4361619211
  -6.9232750103   -5.0063633621   -4.8899969710   -2.5455717895    0.3785146778   -4.3036817447
  -5.2716994694    8.4466351078    1.6853275969   -4.2710509071   -1.9044495059    2.3233735980
  -4.5487099811    7.8926758162    3.1134689365   -0.2482302312   -1.1275483609    2.6709142865
   2.8405645522    4.4961857513    7.9441303782    0.9500852742   -0.6181905249    3.3581971510
   8.3668091653   -5.2527324967    2.7915676909   -2.6509253483   -1.2439113679    3.7938904643
  -3.5680216508   -8.2371411370   -3.3463129188    0.2782999179    0.2263442330   -1.6474755477
   3.8622258426    2.1689011787   -1.3559379260    4.1828865558    1.7740709161    0.9907002774
  -7.9268359056   -6.9700419207    6.9801414511    3.9590303992   -2.4229359369    1.9126953055
  -7.1542729239    1.6710409517    4.4125483834   -0.0263918993    3.0633973301   -3.4170717858
  -0.2001902220    7.8797459226    2.4957438812   -2.0648494416    0.7522508922   -2.6577772031
   1.3159461409    6.8274218976   -6.4168182556   -3.5182578729   -0.6233156490   -1.2101826856
  -4.5630841662    8.4889830198   -3.8676556111   -4.5545304878   -1.2365484780   -4.5798055319
  -1.7837590417   -4.0784048286   -0.8733205511    0.0961158476    1.6336391509    1.8014541682
   6.6608887597    1.9798164063    6.0450330617   -0.8794321367    1.3367139034    4.5166654222
  -8.3126332803    7.3823110381   -3.2728105063   -0.4804138742   -0.0892540461   -3.7693268797
  -3.7506891291   -3.0636148860    4.2945922329   -1.2467195276    0.9410185880   -2.5208216873
  -5.3400300272    3.5466399807    6.4713227838   -4.1357914623    4.4233708181   -0.9960814057
  -8.3824507637    2.9670334394    7.6651756199   -1.8961637459    2.4061097442   -2.1212570194
   1.8154485380   -6.2379736411    3.9146940338   -6.0291547564   -1.9920260914   -0.4187055701
   4.4132242084   -2.1598700691    1.8112357228   -0.0706792415    1.0177648125    3.5487362321
   3.3102403041    0.9578213978   -1.3930347593    0.2694793768    2.1577570550    1.6252067880
  -0.8116676558    2.1368494796   -3.0735940378    0.7318322461   -2.3045723837    2.7707870249
  -3.3287701658   -1.6421335415    2.6437408406   -1.9582514464   -0.4952920076   -0.4113548648
  -5.3993661343    3.2315387893    1.4786188105    0.1904492983    1.7879297750    0.7552840418
   3.0057744840   -6.7434175504    1.7039280101   -1.0412791369   -0.0205126554   -1.2047152137
   1.9605470869    5.0243565958   -6.2784536431   -2.2079083333   -2.1736808154   -0.9629272434
   7.9765392010    5.7104112627   -7.5679194192   -0.1146836050    2.2722412714   -2.3120492426
   4.9145601585   -2.3501621456   -7.5072349303   -0.8114142835    2.8264601714   -0.2777190757
  -1.4409920909    7.4139363032   -7.4421932161   -3.5980648470   -3.7527145650    0.4630224613
  -5.1083215564    0.0274115271    2.6245196825   -5.2822959846   -0.8108186700    4.6872944673
  -4.7155096318   -7.3584773273   -7.9421924699    2.7084867068   -3.1583979421    1.0569845357
  -1.3430704960   -1.6346977304   -0.0315930853   -0.9842581204    0.0035831897    1.7053195940
   6.3084557566    0.4136518723   -5.4399633496    1.6017263819    0.9550465017   -0.1063631849
   0.2873399645    6.0679214773    1.0745427952    1.7793760769    4.9016163717   -2.7135555893
   3.0732896627   -3.6656465831    0.6807633555   -1.4886208370    0.5859818051    3.7668129625
  -8.3563988389    7.3477784343   -7.0894502063   -0.1690698683   -0.0163258282   -0.8065035160
   0.2032486041    0.8093404009   -3.9074854768    5.5960645530   -0.0741451697    2.3235943202
  -4.1235442917    5.6683794861   -4.2194626471   -0.2752542014    1.0932918671    5.3498179092
  -6.8468275805    8.3008806329    8.3392350912   -1.0674193734   -1.2136380935   -0.8820094940
   6.4826195280   -4.2845206429    2.5981188051   -1.4771256318    0.6666345615   -3.8265484730
   1.4223482977    6.9247620267    3.9730123822   -5.4741884367   -0.3050060860   -2.3852794325
   2.1443602974   -7.3192044402   -1.6464787586    0.1807755050    0.0208246116    0.3405032560
   6.7793404863    5.5932818413   -8.0810889767   -1.4276589371   -1.4823457949    3.0602680721
   4.9612930856   -6.4885459698   -3.5542939538   -0.7281144405   -1.6547260439   -2.8426371615
   4.0180229568   -3.5586313261    1.6190560713    0.0708693053    1.9819621359   -1.0216960086
   6.1998233123    3.3536442016   -1.0356182799    1.8118954658    0.0394366409   -2.6469021480
   4.9085954865    5.5189427709    1.2767726569   -1.0945153033    2.5160060909   -2.4543501397
   2.2874060585   -7.3503574625   -4.2777538901   -3.1734266105   -1.9343271730   -0.9193099194
   7.1504342840   -3.4249863401   -8.4807044740    2.2920437084   -0.9715615345    1.1208199162
   6.1931463645   -2.5907662852   -7.7882769856   -2.3803488968   -3.2442202282    2.9466231900
  -2.0813118900    2.8236090402    0.5980811502    0.4816372444    4.6100026639   -0.4893514009
   0.8862103091   -0.6532787519    2.3435505933   -5.7031861343   -3.2749588510    0.1043036586
   6.8891736480   -5.1227562967   -8.4863484050   -1.2042395267   -6.6998510758   -1.4706193917
   0.2819495571    8.0950265960    5.5135941930   -1.4814422705    0.3850728340    2.5047860680
   0.3694707537   -1.4664773412   -3.0215079813    2.3606150316   -1.0406446061   -2.7052465276
  -5.5912498785    4.8586365315    0.4155132413   -2.0929791003    3.7124134573    3.5134774696
   5.8163640437    5.6944426806   -1.0820853733   -0.8096409053   -0.5546582530   -0.4946319241
  -1.9145433704   -7.9455362638    7.5779294581    0.2654956497   -1.6726724401   -1.2731158283
   3.7658681822    3.4872741917    0.3624213637   -1.9468338429   -4.1724453056   -1.1783085450
   6.3876479697    6.6365972786    4.6587294273   -1.1375876968   -1.7444867667    1.4537947386
  -3.4068639079   -0.6569131854   -2.3042719542    0.3129467238    1.2140579825   -1.4306685836
   6.6650318607   -4.1654698293   -3.2011654151   -1.5766444720    3.2786518675   -0.6507250081
   8.2046354495    6.7713306853   -4.7184970090   -1.6845546025    3.8318276629    0.4364462838
   7.2316190730   -2.6462468792   -7.7432815105    2.5588393677   -0.1898449508   -0.6710677849
   4.3752735506    4.6053577406   -8.5328142178   -0.4887737036    1.4887351146   -0.6944261223
  -1.2334105233   -0.8724539419    0.9065989508    1.8589351329   -0.5522129665   -1.2089735424
  -5.1468225484    6.8193053962    2.8247326852    0.2372505052    3.1093027039    1.8281782512
   3.3621287861    6.7549824279   -0.7817400655   -2.3244336080   -1.4093755272    4.2936258289
   8.2110180064   -0.8024522219   -5.8545909634   -0.5097673532   -1.5595603254   -2.0060801931
  -1.5951176307    5.9338326166    3.8860097002    0.5197200160   -4.1581202100   -0.0669424734
   7.1260781626   -1.4686709537   -5.2916819912   -3.5468629159   -2.6882667511    1.1500813659
  -2.5011584376    1.8741041930    6.1614205189    0.2062176371   -2.4514189009    2.6811235531
   5.7596388042    6.8776195978    3.4984992849    2.9181513997   -0.9517549631   -2.7126709310
  -4.5710124092   -3.6601787862    4.3243271350    2.1073602060   -3.7925226546   -3.4100808215
   0.7150586499   -2.3141242431   -0.3635563578   -2.6716741680    3.0687170746    2.8305749021
  -6.8819409474   -6.1699310696   -6.5277247525   -0.1674284085   -1.1060525126    0.5921023584
  -7.1435666514    3.6451689860    4.6396258615   -0.7234123406   -0.3748794381   -1.0625564743
  -6.0114666493    3.6671056544    5.4827969857   -0.9585899285    2.0915410456    1.4656682216
  -4.5843361873    0.2583205796    6.9942902249    2.7351542007   -1.5286793076    1.6440909366
   7.0105691910   -1.6942877688    6.3406045852    0.7594531455    1.4427774967   -1.6701652157
   8.1161493352    7.7569718646   -1.9789741796    0.5145338794   -5.0819456186   -0.8086521985
   2.9399455986    3.0140223848    3.2205217155   -1.6807287131    2.8203990324    1.6508222442
   0.6366409488    3.4883963504   -6.1529125970   -1.8357012274    0.1611208837   -1.4469422809
   7.9264958065    4.3643849237   -6.1196815503   -0.8280405393   -1.2890957141   -2.1188370588
  -2.0451400580    4.9006764021   -4.7193604450    0.1936135945   -0.6826164523   -2.3598430526
  -4.0172075318    6.0223027640   -0.6565343099    0.8728052834    0.4379554317   -3.9243432296
   8.1974801572   -7.2379767695    8.0065609920   -1.8201569787    0.2703195906    0.1919872704
  -7.3261996967   -0.0336571257    4.4371655320   -0.3954512128   -4.3659733547    1.3598524861
  -2.6779412447   -1.4368825176    4.5971684359   -0.4507817762    0.6476891027    1.5497758459
  -7.0255457786    7.9073450465    5.0504092134   -0.0828805150    2.7835247702    1.6610438159
   1.0525445455   -0.3523301327    1.2918064495    1.3775533284    3.6134216809    0.3300719922
  -0.2159644615   -4.7199022960    6.1955320766   -2.1436903628   -1.0017727723    2.9609331953
  -0.6180824189    3.7170957358    1.7316148750    3.3666611362    5.0782755866   -1.7187875089
  -6.9037033351    6.7014230437    2.2922387339   -1.6063114042   -1.1023926771   -0.5994586436
   2.0531864383   -3.0466205126   -3.3859069014   -1.1407060360   -2.8711928643   -3.6272309114
  -1.0423263863    7.5605537636    1.8590611097    3.0790693116    1.5125886117   -4.2319461950
   7.7645514172   -6.9964012056    6.2497035113    0.9915378048    0.3556136082   -2.9532216655
  -6.6353652746   -2.7677902432   -7.0661940036   -2.7012797103    1.9217646102    1.9736168953
   2.9849913818   -5.8221974716    5.7798798327    0.7575191311    2.4680350866    3.0909023091
   6.1133239117   -3.4534143924   -8.0518015215    0.4358155915    0.4303669128   -0.4449620969
  -2.7825856113   -4.9015559050   -7.7785982338    1.5177619909   -4.3280196732   -1.7977221948
   5.0079877524   -1.0925730193    7.1198206813    2.9676637092   -1.7674328571   -1.8548553213
   5.9147414470    7.8991281563   -4.9406665716    0.9313316987   -0.8714688906    0.9095111637
  -3.4671510040    2.9292761529    7.2709614112    0.1292140899    2.4044243541    3.2414124627
  -8.1050281799   -3.4888916677    7.2768175473   -1.1683296869   -0.4965961408    1.5059039647
   4.9487975472    6.9080318516    1.3529850538    1.8352629966    2.3191647146    1.3463128315
   1.3591884471   -0.5061710923   -4.7525728039   -3.6296001782   -0.9420959683    4.0438741782
   0.7983460986   -2.2010283279   -1.3652830097    2.0244404873    2.4664253209   -1.6086405951
   3.6781492134   -4.7612256939    3.3257699021   -0.4970778923   -3.9721030728   -6.6289782522
   0.5881506057   -2.6052380372    6.1350674115   -3.9182357812    0.4690499892   -0.5437916556
  -0.1400955811    4.6326739080   -6.9275633339   -1.0004709547   -1.5627307733    1.5411860541
   0.3704925997    7.3408687414   -1.9583381039   -2.0187203558    2.6576655974    1.7140382300
  -2.5419460698   -5.5340548186   -6.5861846816   -1.0667434658   -4.9900005228   -0.7709469519
   0.3757110776   -5.5204742971    0.5829925892   -3.5197154564    3.8971162132    0.1221058164
  -3.9741386494    2.5615646892   -4.3881528630    0.1701389716    3.3565942811   -1.2023914012
  -3.8917935463   -2.5696048013   -6.2291046933   -2.0840434570   -1.3915953219    5.0546281443
  -0.4454243493    3.9362441094   -0.4892497820    1.6977065053    1.7466591007   -2.1565174318
  -4.3064757841    0.3032495890    5.3950339299   -1.2481948978   -2.7806936236    0.7443155458
  -2.1174525265    3.4327625441    5.6452636452    1.4657090696    3.0758336224    1.6158767361
   8.1426317650    3.8091733888   -1.2261493851   -4.3038009027    3.0796752911   -1.8529770766
   0.8920867834    4.9774220794    7.6033716233   -4.3407726661    0.0142321791    3.5967580594
   1.0089355388   -2.4149708085   -4.7458914469   -3.6891277237    1.8510037919   -0.2912411386
   5.2178931836    0.5802039274    6.5163812421    2.2900383063   -4.6518427683   -2.3930753273
   6.8704457061    6.5299781092    3.6778723565   -0.6510909833    3.5230317971   -6.3890101602
  -3.5987782254    4.3963408507   -5.9201320127    1.6628107450   -1.0583389561    0.1765996123
  -1.8822605366   -5.0689048012   -7.7702360651    2.5804665859    6.0470603662   -0.9360181841
   1.4135973672   -3.6219455503    0.1649470703    2.0161772578    0.0884755190    2.7627815043
  -0.2965185603    1.7570830567    5.8556419572   -0.9569707822   -0.8505055108    1.2396131437
  -3.5610158914    6.8510230006   -6.3987942530    4.5567359905    2.1595837381    1.4541443641
   5.2922918297   -2.8869963990    1.7421483596    2.0183331233   -0.0245559385   -5.2912329711
  -1.0220645018   -5.0541264632    2.8818619956   -0.1457651908    1.1548445414    0.2070528202
   0.9475024979   -5.3334931133   -6.0275131253    2.7310742484    1.3858130444   -1.8195570767
  -3.6457524837   -3.2448542490   -4.9984355735   -1.0338418569    0.2195523775   -1.5857312551
   7.6062345619    3.5370957400    4.9978259873    1.5865606448    2.9033869407   -1.3118946166
  -4.1114022670   -7.7730767527   -4.3729463358   -0.4301334896   -3.7502486652   -0.4577220120
  -4.7844364553    0.2753353819   -3.1109794677    0.4046240158    0.3589143157   -0.5114175145
   0.1059233191    6.5137178277    7.1876313407   -4.2473480212    3.5737325525   -3.9733186002
  -1.5764705351   -5.1545556719    1.9104452601    0.1280681486   -0.2267402178    1.6335958938
   0.4491305830    4.2920503797    5.9433917565    1.9404733915    1.6441161939    1.6979137323
  -5.6083225965   -6.5756971235   -7.0786494588    0.1213801374   -2.9050309102    2.5805109108
   0.2537074554    8.2891474761   -5.9191973480    0.3311175541   -4.7155363689   -3.2569222456
   6.6096900404   -0.7938691640    1.5565899627    4.7897169123    0.0041426803   -1.6590155303
   2.0720450581   -6.9121450022   -5.7256752775   -1.5882293298   -0.8977065020   -2.3231740391
  -6.6221933154   -7.5267235825    3.9332123443    1.2645892603   -1.0910583347    1.0354754311
  -3.1936288196   -4.4975995776   -6.1725927238    0.1708273785    0.7397764391    2.6112938153
  -6.5129126503   -0.1514069699   -1.0240825587   -0.7708354685   -1.9398633280    1.5700367310
   3.8171568415    2.8245360220   -2.1555350406   -0.0839274991   -2.0508439422    0.9622825608
   4.4009489489    2.5096759150   -6.4872943424    1.4493290380   -1.6171741838   -2.6461669191
   3.7320912640    2.3447987018   -3.0340708885    0.4123153795    4.8540748006    1.9644897302
  -6.9971251462    1.3881938374    0.6450117260   -1.7673786525    3.8145547672    3.0798076165
  -0.2856900537   -6.5920242894    8.0554574735   -0.5531718765   -0.0439835620    0.8175732207
  -3.1901268139    5.1898454518    3.3296344481   -1.4172912249    3.3280108872    1.3872796228
  -7.7452526307    4.5913185468    6.9185930720    1.8768053174   -1.5022910667   -1.1312936292
   3.2326707236    3.2070695883    1.5153483346    0.4898108083    0.4733230365    2.6620480499
  -6.6479066450    5.8099945101   -1.9654862329    0.4530669037   -3.1128711289   -1.3679333539
  -3.6080677207    7.3985574085   -7.4648863169    1.3522286687    2.0074464012    3.2951163729
  -3.6395480976   -1.5147637446    5.2641077389   -3.6913036541   -1.8163806609   -2.5426266913
   5.2498463980   -4.5867359307    1.1010952819    0.6440914556   -1.7670117162    4.4030508913
   5.8781879240    7.3370047257   -2.1345287496   -1.1305639926    2.2260802052   -2.9285629670
  -5.9170939439   -4.1618534312   -3.7700765649    0.9425266482   -4.7430981343   -3.5620958272
  -1.9101455420   -6.1568978611    5.2571379163   -2.0473329043   -2.8004776568   -1.2113021844
  -6.8020112257   -1.6542395423   -2.1216113370   -1.2971441375    0.4241951084    0.9713669676
   5.1394615090   -1.6531660626   -5.6393700525   -0.6911972076    3.2156420586    3.5181569852
  -5.7559357353   -5.0256652590   -3.4052805896    1.2824732551   -0.2134995607    2.1049623548
  -0.4467756184   -1.8229584672    1.3830493301   -4.5761298146    2.9536294208    0.6982856332
   1.3139126351    1.0551483805    6.5152085793   -1.6776942485   -0.7632468006    0.2027761361
   1.9072432147   -5.7501904876    4.8971584072   -0.1412716700   -0.1035667242   -4.0932995676
   5.2652619672   -2.0838180663    5.4158215915   -1.2623907834   -0.9079383362    2.2570552861
   1.5623325353   -0.9937104929    3.3908231167   -3.1701678280    1.1279410773    0.5952474853
   2.1570297704   -4.4399650350   -1.1155152709   -0.3326534078   -0.7362147054   -2.2094633428
   2.4123083845   -5.5064738477   -0.0025219982    4.1693342524    0.1491024465    0.9857823341
  -5.6359402964   -6.8157440494   -2.9699903551   -1.4917300905    1.8505889513   -0.3543257810
  -3.7519982245   -7.3151592747    8.0545031677    3.1043638860    3.1499553079    0.2324453472
  -6.8273089275    0.2575214434    0.6463511978   -3.7845657491   -3.9233106875   -4.1410607087
  -1.7561727817    3.8165695883   -5.9279035939   -0.7964257951    0.5704782112    2.2959892502
   6.4463435029    4.2803002691    4.2187126372    5.1323961484   -0.0867730329   -0.8081732258
   7.4479568336    5.8268449893   -5.2246711026   -1.3517840167   -4.7113231369    1.2148424858
   7.5215969204   -2.7997904615    3.9843687855    0.2643334341    2.7342089695    3.9446641844
   6.2456911877   -3.5015273916    5.1341692342    1.1058574488   -1.1979568168   -0.2528424808
  -0.2087126084   -0.6870682587    4.2262650216    1.1273859069   -2.4517752454   -0.4152136361
   5.2035502075    2.3814238706   -1.8598628124   -1.5954011164    3.4897229248   -0.4841911205
   1.4164530462   -3.1444120139    1.1261228597    2.0455988330   -0.2279229211    2.8245090088
  -5.3319844422   -1.6742436157   -3.1999215483   -0.3652873469    2.6144285865   -1.2034326822
   3.0619996887   -6.4929659108    0.0121337392   -0.9482201375    3.2504530317    0.7891161745
   1.7202974671    1.2198020612    0.4597847383    0.6886475573    2.2455777849   -6.2059291414
  -1.1619092596   -4.2638887460    7.1427264158    2.1631303126   -1.3428594308    2.0007317708
   5.8485297660    3.6657781386   -0.0440257989    0.0317486478   -0.4087636599   -2.4908433477
  -4.4650463119   -2.3248132250    5.2818229984   -3.2036069691    0.4168382243    2.1281272071
  -2.5021242451    3.3169060857   -7.2547906273   -3.2904715242    2.3145448559    3.3173038470
   3.4175577137    5.3487859964    1.5103461173    2.8124198027   -2.8261417711    3.2339299599
  -0.2077703069   -4.1637482491    2.0397066743   -0.2995427372    3.1533253004    0.2574179130
   6.8136017431    6.0612643763    1.6580699425    4.4156746838   -0.7459714781    3.6368997830
   0.6062683875   -7.1297179339   -7.6912633026    0.2057210560   -0.8792548831    0.6570476328
  -6.6201044767    6.2421312215   -0.3105247090   -1.7556456058   -1.2641487920    0.6280988269
   6.3104279687   -6.8558781612   -6.5733069913    5.8786314543    0.4744306561   -1.4986784553
  -6.8216399270    7.4532129645   -5.9464493717    1.7607018543   -1.8340573812   -3.6499876169
   6.3667328245    2.0141656260    5.0693378300    0.1570459104   -1.0961697663    1.3843943462
   2.1474941188   -4.7871624661    3.8302663091    1.9312847187    2.8986147561   -2.0396439402
   6.6530425098   -4.6890981826    4.5139446324   -3.0942442555    2.8211847893    2.3545064146
   7.6896761073   -7.9370687660   -7.4326807545   -1.9576805284   -5.3375253967    4.4857526563
  -4.0710710026    3.4109762410   -1.2529656409    2.4680494381    0.7795764931   -3.5313219923
   6.8003144431    4.9039267604   -1.6756840852    2.6519182856    0.9910439541    1.4437137982
  -1.2878668587   -3.2378624828    2.9210536868   -2.8845534841   -2.0775399074   -0.3694303892
   3.8377720952   -0.3398349993   -4.4046679131   -0.5460003059    0.9286060596   -3.3757603322
   3.8563675866   -1.1759831769    3.5362880044    3.8568613022   -0.6339592777   -0.2817618252
   0.0902276069   -6.9482432812    5.9736962897    2.6632819802   -0.5002758154   -1.3934609122
   5.8145089703   -0.9243078767    4.5746548950    3.2228143469   -0.2686589700   -2.3806230735
   3.5453038677    5.4574715260    5.8104470380    0.2547787032    1.3093442793    0.4671421599
   6.3126296037   -4.7521208431   -1.3029258881   -2.2525825658   -1.1015191636    5.5014604061
   2.3244427598   -7.3642155322    0.7276032437   -0.6252777268   -3.3293329806    0.4955052906
  -7.1464348086    7.9861302365   -7.3388541999   -0.5530371650   -0.0026298824    2.0151598516
  -0.1284962582    0.5890730758    3.9760029805    1.7501039558    1.5976450230   -0.7147664328
  -0.6451152207   -1.9384071174   -1.5585339192   -0.8729220903   -0.1455715297    1.1378773155
   1.5456518922   -5.1678072824    3.0993301061   -2.5673899127    1.9299925345   -1.1488517277
  -4.2865119011    6.0186911248    5.7983320820    1.8527579117   -4.8333065272    0.7848643044
  -0.3761867414    1.9764155105    3.1959424322    1.7337177032    2.6919211357   -0.6098445981
   0.8829008953   -2.4305936739   -3.3415501009    0.3732664947    0.4808081596    1.4629554172
   6.5027971149    7.7858683915    6.4413793689    2.4173216039    1.4950097982    1.4098945608
   6.2367542817   -6.0020274324    2.8131884177   -3.6358602199   -1.6385056461    1.6597801205
   8.4165321606    1.3070359622   -5.5232481119   -1.9307937887   -1.4137845788   -0.7499530011
  -1.6439568373   -2.7353253944   -6.7468776283    4.4859431727   -2.3316012189    0.6227175203
   2.8867493563   -1.7304148359    8.1748114724    1.6462777053    1.3390505993    1.8983312223
  -6.3398252579    0.4006096678   -4.0801916957   -1.6914769018    2.2978193503    0.8075750317
   2.5500567014    6.2497123276   -7.2978207953    0.1727403417   -0.8625525959   -0.5479888930
  -6.9728575264    8.1745706950    3.3099982983   -4.2825602892    1.6141483907    2.2909331777
   4.3715604232   -2.9280946441   -0.5044078973    3.0113812052    2.5395900561    3.1064280690
   3.6055602564   -3.9377035132   -0.2096628051   -2.8050737301   -0.7385695881    0.3551320511
   2.2754543261    3.6765824572   -5.7266992401    0.4108211116    1.0371109149   -3.1500503719
   2.8378817682    2.1782267978    2.8653324262   -1.4410528180   -0.3229692573    3.1322379544
   7.8677773563   -7.9377959067   -3.9916642883   -0.7300608798   -1.8095798141   -2.6939340220
   6.3170772313    1.4763370597   -6.5164608009    0.8147006869   -2.4238426032   -3.8436947768
  -6.5295065272   -5.3966426564    0.6220376053   -1.2495577581    1.8331854335    1.9993605617
  -7.5401081083   -6.4920177708    2.7169472314   -0.9153419758    2.6302261076   -1.2372613828
  -7.0585944134   -3.7104500824    6.2475393492   -1.5271583811    1.2127120919   -3.3522100545
   8.3706444660   -8.3047350503   -2.8685393881    0.2473413809    1.1259154465    0.3450532572
   8.4004236699    2.6982120829   -5.7432845632   -0.4596376501   -1.9532472923   -0.8427870658
  -8.4397063732    7.5420539402   -8.2070637039   -0.8059806560   -0.3491710179   -1.6583768498
  -5.2158317329   -2.0414429871   -0.9268010079   -0.8496938196    4.1334622608    2.6471100147
  -4.2327667445   -2.2827579049    4.1333576238   -0.3966317045   -0.8262068784    2.1990252402
   8.5197504037   -3.3564859759   -5.7607519723    1.9978773109   -0.7356199077   -2.0050751966
  -1.5016570224    4.5590720111    1.1738868390    1.1225269168    1.6129431671    4.3091366030
  -2.3454480804    1.7106694262   -1.2441000988   -1.0679259364   -1.5515040438    1.2427900209
  -8.1568196679    0.1178104943   -2.1631904960   -0.8052452492    0.6053534392    2.0280139037
   4.7538117072   -3.0372888496    3.2433171032   -0.2608545337   -2.3411920384   -0.7093250318
  -8.3192995743    3.3801977987    5.0207777996   -0.8260131156    2.6183401448   -0.2896284971
  -3.9579020102    3.9790345396    5.6451900022    1.7879487804    0.1804304205    0.1354801527
  -2.3089706491   -8.2694855743    1.0391385877    0.5039743420   -3.4738762910   -2.4120445757
   8.0875987540    3.3368892596    0.9402588366   -0.2258611261   -3.8124964718    1.7139868665
  -1.0033735472    7.5918029993   -3.2274432608   -2.7652782363   -2.3801239666   -0.1567464830
  -0.4978548947    6.6117077946    5.4676034624    2.8388155380   -0.1236950678   -4.1899730358
   7.2833094910    0.0928380021   -3.6057574443   -0.7036892630    2.1895115811    2.4072687869
  -4.6547421163    6.2576836538    0.8317527448   -4.0788622524   -0.5196054077   -0.6528952412
  -3.2543855604   -1.3572903741   -1.1276241769    0.4418531250   -3.5965141844    0.3594795629
  -5.1972696723   -5.1019187884    1.4729803333   -0.8253189903    1.1094517630   -0.9875389107
  -2.7495984479    2.0666789708    1.8779771676    2.3789524110    3.9567384092   -0.6304056942
   3.6031140233   -6.9419179692   -3.0344086656   -2.4044268134   -4.0759400973   -2.8676423144
   6.0533016434    0.8304421371    7.3919889315    2.7905855794    2.4251802184   -3.6712311691
   3.5019029641    1.5762508772   -6.1628398338   -0.1201311111   -4.5606750927   -0.7458811739
   7.7868953783   -1.1751909013   -3.0067326999    0.9336555461   -4.0054370657    2.2201280107
  -0.1944236892    0.4846652490    1.8194301515    1.2144806727   -1.4140200103   -1.7553215184
  -6.8339247550   -3.1261661141   -0.4542711010   -0.7908692144    3.9145479843    1.5213582210
  -2.6728063213   -0.1956274802   -3.2877142746   -0.0713744134   -2.3690897803    0.2246344378
   8.5385739037    6.9031842493    3.5348651231    1.3757113210   -1.6019613816   -0.0101762228
   2.6951172962    1.6832723214    0.2093893578   -0.1740201639    1.7678723948    1.3079759040
  -3.3551224772    0.8227555830   -2.9064430907   -1.4051685077    4.9205425435   -3.7287749861
  -6.8200423695    4.4265809794    6.8489339635   -3.5382808906    1.7015376576   -1.6499091890
  -0.4048915305    3.4835395934    0.8060933874   -0.0112193970   -2.7236183411   -3.8062941021
  -6.3151053896   -3.1998969675    7.6308992313    2.1820337806    0.6369642241    3.7009702773
  -3.1503756934    8.0498306702    4.8966352778   -4.5315511240    0.1245411267   -0.6898115188
  -1.6942514266    8.3065719150   -8.0904344906    2.4025343823   -4.0047435442    4.9153786722
   6.6290742454   -5.8271340851   -7.9632108669    0.3118365508   -5.6775757206    0.4741523310
   4.0102828615    2.4176081640    1.6456086507    1.0537571517    2.6898499387   -4.0130800665
  -2.7688271199    3.6750764271    0.3356443374   -1.5158096352    3.8214612461    0.1003414911
  -4.8493147238   -0.5073085673   -5.0804510757   -0.2473222304   -3.2309686883    1.8966929725
  -2.8049842401    4.7885609108   -0.1175031704   -1.9133728122   -2.6487293429    4.6217542252
   0.7562393865   -8.1046415518   -2.9744248353   -0.0276939706    0.8595839683   -0.1876274798
   2.1619102563    2.3681888673   -0.8956518235   -2.9584711296    3.0983847410   -5.5331794041
   4.1243435724    6.5549838899    6.9999285512   -3.8668009400   -1.4509673038   -0.2468891746
   1.4682399454   -7.6465969956   -0.0949562329   -4.0009098553   -1.7770649713    5.0599209994
   2.3892024094   -2.0271727173    3.2981795480   -3.0315015403    1.8879348522   -3.2971850108
   0.0536460217    0.9014101657    6.4638092169   -3.4106529248   -1.1972905629    1.4867289961
   2.7284241665   -0.5476592116    7.9735577963    0.8631132483    2.9650555072   -0.3824880838
  -2.8998955903   -2.0985753784   -4.2946318963    0.9949362061   -0.0669498756    1.9774411992
  -8.1658466421    3.6256642975    4.0481831768   -2.1740427608    3.2168799739   -3.9696447341
   0.6193204945   -1.3343335418   -0.6109271196   -4.4304587239    3.4399905531    3.5654299489
   7.8495369459    6.2794940551   -2.4925511928    1.8343853537   -0.6730390048   -2.7874315597
  -0.4718577965    5.9330780581   -4.0104824044   -0.6522980046   -1.2061942695    2.9540487490
   1.7512367695   -4.2316712020   -3.3012111941    3.1314009354    3.5546511599   -1.3892870245
  -2.1485980046    6.5413824674   -0.1699104207    0.6276459356    0.6543192379    0.6000879493
  -0.7497018595    6.4335875854    3.3008367418   -3.7615017910    1.3041525537    3.0637567361
   7.4908322420    1.4503307791   -1.2553602945    2.2242074718    1.5631030508    2.3944071279
   3.2675164639   -3.1561988886   -4.4424943930    0.8209859973   -1.8595233449   -5.2477741397
   0.9814669886   -8.5019090624    1.7394664867    1.9406971212    1.7623063762   -0.7275165263
   7.9182933577    4.9495962082    8.2084851879   -2.8285310743   -0.8971961740    2.5897200471
  -1.7153809327   -2.1177971137    2.0166304815    1.2223684440   -2.3155086039   -2.9901107733
  -4.8855048701   -1.8061614219    6.8664947840    0.2437634360    0.2682245862   -0.2598427197
  -3.3628930214   -5.3010950556    1.5116698975    0.4403281745    0.6216100810   -3.4771992148
   7.9757985946   -8.1357115956   -0.1288202143   -1.1598257991   -2.0227028691   -1.7144447601
   4.1708570748    6.6990084088   -2.7956243570   -2.1387811063   -4.1652427641   -1.7659047224
  -5.3029769249    5.7370721380   -3.4788174245    2.6732366178   -0.3267663642    1.0697017719
   4.6391840739    5.7356818217   -8.1649878366   -3.1125658762    0.9584679750    2.4989143978
  -5.7455068105    7.6953037784   -4.2692926060    2.3454635865    1.1419351331   -0.0846759120
   3.4981432041    4.6005143893   -7.4177747936   -1.0915244897   -0.1490486122   -2.7099887847
   0.0761579326   -6.0112616356    4.3950549544    1.1008044238    7.5813789246    1.3538492289
  -1.5552137613    7.7653164070   -5.8650291078   -1.9643678848    0.8477963969   -0.4484350833
   4.2829489027   -0.0675499169   -7.3222941908    0.4069589230   -1.0861604007    2.5546947537
  -1.0300894133   -3.1266833960   -2.0209271536    1.6788953804   -0.1921515162   -0.2710613243
   5.0701758396    6.5292610325    0.4411217386    0.9467467679   -0.4184850261   -0.9941289031
  -2.4703575951    6.3548950267   -6.6898732748   -2.6074623776   -2.5218399611   -0.2995023890
  -4.9649449892    8.0069743760   -7.2203007212    0.8636771105    3.2009927260   -1.9712688855
  -5.2637065369    2.4741752833    2.1844153555   -5.3704377186    0.7752979382   -2.2472435110
  -5.1962747001    6.5647682627   -1.4796161560    0.8258859924    3.1684576356    2.9741180502
  -3.6015902569    0.3117068591    6.6699481018    0.6753219822   -0.7134974436    1.7222507679
  -8.2581139136   -7.9246363748    4.1672515833   -2.6238583562    1.0410095584    0.7882930125
  -2.7412404084    8.2392937010    3.2907073642   -1.4747147945   -3.0136853497   -0.3842720412
   4.7832296080   -1.0886995396   -3.9275101323    0.3141579649   -0.1021263069   -2.9878803643
  -4.5157332204   -1.5303752008   -4.1352509476   -1.8635624363    1.3659436464   -1.2976701237
   4.4628890763    7.1525371943   -6.5637059964   -4.2174763877    1.2932444839    5.6290283292
  -7.5821826572   -6.5424366108   -7.1533240826   -2.8586642303    1.3105047404   -1.1455141630
  -3.7914526131   -4.1661477033   -2.3729862412   -2.7545322908    0.4713597985   -1.1350912430
   5.3845861116    6.4936850546   -2.9354157152   -4.4012788194   -1.7121864402    0.1833422369
   6.8546270288   -7.3409289775    1.3821308797    2.9336066221    1.6274639873   -0.2491282279
  -7.2794758615    4.1542317901   -2.1699573082   -3.1210079042   -0.1710087272    0.8102336814
   7.5678992449   -0.2999260565   -6.7145654724    0.0469283264    1.1069567941   -1.6808179265
  -4.4458008368   -5.1483021239    6.4185242217   -0.7484778733    0.2059839606    4.4671888243
   1.6338203403    0.9391308528    4.9728416727   -4.9944798444   -0.8293306014   -0.4374178623
  -0.6387253854    6.3935760070   -6.0421827294    4.5272016881    0.8014146614   -0.7198935993
  -7.8325772442    6.2712807266   -6.2320733407   -1.0588153703    3.8086732474   -0.2831379589
  -2.8177934843   -2.5898104494   -6.8816164878    2.3378078639   -2.1285634712   -2.8123849103
   3.6137952526   -8.2784241948   -6.2555418139    0.6310168693   -0.9152318237    2.1317376229
  -6.9423064584    7.1642423751   -2.4757186666    1.8294211243    1.9374455560   -0.8791522800
   7.7628616009   -4.3474723236   -1.8672304198   -0.5288267251   -2.5921809394    2.5281506728
   1.4147203916   -1.5239747675   -0.2385713768   -3.9126984105   -0.4502416899    0.1537420572
   8.3946868417    1.4068295280   -2.3587454505    1.3445183315   -1.9765896481   -1.5127200884
  -3.0363586701    0.4989066969    0.4972375407   -2.0055558109    1.1703475256   -4.9578993335
  -3.3688255946    6.4686163301   -4.7493802399   -2.0866483888   -4.0624478896    4.2125206006
  -2.7377789549   -1.7661636452    8.4727400382    0.1397109021   -2.1254575876    3.9832813805
  -1.4358997644    7.1555867114    5.6099551070   -5.2730710746   -0.0998144565    1.2205088785
  -5.4072096134    7.7456721137    4.2037910450    2.2085762876   -0.2741228189   -1.1170411084
   4.3130454359    4.2633722651   -4.6064170757    0.0470291016   -1.7946955420    1.1909282193
  -4.8352221143    3.9767298426    3.4642004028    2.6216248433   -2.8825320946    1.1866030220
   4.8402788222    1.5745945484   -6.6682165546   -0.4244625625    0.6757808095   -0.9724283061
   0.0156445344    2.0283423186   -6.7764192692    0.6970803912   -2.0795842760    0.2466760156
  -6.8516925300    4.2822157416    8.3863824648   -1.5608627202    0.0660421226    1.7064864948
   8.0984368315   -6.3153809250   -8.1930575914   -2.7833936785    1.2862247017    1.9085188439
  -2.8440727058   -8.4327314595   -7.6125753290   -2.4854810197   -0.3191055920   -1.7963189459
  -3.9525451814   -0.2368898878    3.0621172375    1.0960131965   -2.4576554819   -1.9867384034
  -6.2856905823   -2.2816027737   -3.2053794645    1.0775822979    3.1418332252   -1.5975319866
   3.9320584707    0.7113288972    6.0324868825   -1.9302580452   -1.7496475733   -0.2060791465
  -4.5623475800    3.7127105277    1.2665521420    2.2047103254   -3.3220272959   -2.4218504623
  -8.3027749350   -2.2634861252    5.9088859365   -0.2613305847    0.1362292572    3.5207540601
  -7.5843612962    8.4292846103    4.0158168791    4.0907491630   -0.6463816118    2.3275200901
  -6.8527558801    5.5565840935   -3.6756112211    4.2145434328   -1.7547479376   -1.8872543055
   0.2229357855   -8.3046322403    0.7384759185    2.2391723128    2.5836696094    0.3030177339
   3.0530842435   -0.9928660793   -1.9197282090   -3.5225174060    2.9758200508   -0.5427964785
   8.0561077378   -2.2638557942   -5.5865017852   -6.3332044352   -1.1875980229    1.2707028775
  -2.4406305017    6.0290677527   -2.7197389234   -0.9044608412   -0.4132128828    0.6957433890
   3.7968021212   -4.7343862844   -1.2604964028   -3.3279384112   -3.0666130458    3.4799834308
  -0.1420679482   -2.5341642039    7.0872766275    0.9848934530   -2.9592262558   -1.5334863592
   7.4982559757   -5.8573464634   -5.2912380051    0.0270807364   -0.3926242609   -0.8357970029
   5.6578897468   -4.2401253626    6.3995023457    0.3154477137   -3.1916206765   -0.0049485054
  -0.2448903218    5.2410833603    4.3629452719    1.1151853446    2.1993649484   -0.2326850757
   2.3559888666   -7.6423790835   -6.3812364821   -3.0601885694    1.1017050569   -0.4774313610
  -6.8957322175   -2.3429483350   -3.9381622370    0.4056776698   -0.8602261638    2.1091586481
   7.7786793225   -3.2339971146   -6.9062423214   -0.7405788283   -1.0911921770   -2.2174155297
   2.6790794201   -8.4633568156    6.8600364227    2.1437970065    4.4983238058   -0.4410714862
  -4.6169505818    0.5051619485   -5.2931877600   -1.3189176860   -4.0974893872    2.1430928772
   0.9408585049   -4.4068077505   -5.0427443041   -3.7085749669   -0.1758959828   -0.0869441597
   0.2353505282    3.4430357429   -2.1118918590   -1.0254520252    1.1030024962   -1.6562447768
  -4.3521010553   -2.4143818594   -0.1408414819   -0.3533510478   -0.9972100928    2.0107019044
  -5.7335270234   -6.9355237743    5.7434973966    0.3551630049    1.3100929141    0.0777146584
   2.0981439655   -2.9296727978    8.2412869197   -1.5078047221   -1.2668773381    2.0718930165
  -5.0280202319    6.4352700346    8.3314063915   -4.5543664622    2.0349615517   -2.7873754283
  -1.7083726422    1.7579191041   -8.0537601503    1.2390887510   -0.4185496218    0.1326084358
  -6.6742773231   -5.4395487328    8.2419616547    4.0989706481   -0.0319811416   -3.2651737355
  -1.0738467797   -3.3395293320   -1.0812626774   -0.8883980086   -2.2500294090   -3.2265777531
  -4.8815063861   -3.5334818335   -6.5972097612    1.1244886959    2.4428542354   -0.5750875844
   5.8855973378    0.2346253600    3.3111704683    0.9699333783   -0.6668768168   -3.7910294432
   6.2202877822   -4.8461338246   -5.2878792438    3.9076111814    0.3982726627   -2.3155588537
   0.7960436814   -5.8758276571    3.7792564837   -2.0769061037   -2.0583349478   -3.0164909807
   8.2310120160   -0.0670550249   -4.8872312712    0.5336924516    0.4749529130    0.0384026036
  -7.7189102352    4.4486259513   -4.0833664080   -2.3077450838    2.6068847499   -2.1298758870
   6.2699146727   -1.1610699811    5.9484081353   -0.3430234017    0.3969367852   -2.5947407495
   7.3180679803   -7.0244173691    7.2390377806    1.7034895964    2.2084792285   -1.4971109694
  -3.2771750408   -2.0378241025    1.7963507317   -1.3452915081   -0.9707797964   -0.3098430586
   2.7708196141    6.1910482763   -3.9726969696    3.2130551612    1.4606097242   -3.8466710524
   1.1677564388   -2.8802916595    7.2890517538    0.3195654570   -1.0597441663    5.6013938002
   3.9162935718    5.4227418324    4.5826619488   -0.1185546732   -1.1806504604   -1.3195197586
  -5.0277912390    5.6821816607    4.1445135047   -3.1361137398   -0.1359042970    2.7266646847
  -2.2615485428   -4.2559818175    7.0831129460    1.5220203719    2.7079977270   -1.3239045152
   3.3776872471   -0.1275837692   -5.5238575098   -0.4693022141    2.1918736505   -1.3767415743
  -7.9027383458   -3.8992416860    5.1101580841   -0.9163370829    0.3819205162    3.7270869334
   1.0105855893   -2.7571194730   -7.6852794802   -1.1488306843    3.7035666433    2.0264914021
  -5.9465520738   -5.4289422880   -0.3156409007   -0.6899194562   -2.0231801154   -2.3788815427
  -5.9255505496   -4.0628539447    6.1888035122   -2.2049186555   -4.0136905401   -0.0710369697
  -1.1565135475    1.4422532661    1.5528637972   -0.8588827333    2.9211198115    0.2060429799
   3.7839748228   -2.1202557025    8.4031054481   -0.5870859820   -6.5498708032    2.1872965541
  -3.3977787952    6.1993867136    3.9900723999   -1.0626102178    2.0405060846    0.7829207287
   0.2357089335   -5.0842317985   -7.6619580972    0.7113920433   -4.7916920002    3.2374119799
  -0.0448098819   -1.5302412430    0.5477738196   -0.9291578263    0.9629653913    0.9385042522
  -4.1139560151    5.1707793349    4.2080975807   -1.9501175868    0.7341068185    2.0752910473
  -3.1671733139   -2.3043067225   -5.2053132592   -1.9604350199    2.5897402488   -0.1809767029
   3.7087517558   -0.1048497236    7.0250470981   -0.0574614712    2.5495746616    0.2747833194
   2.7038456952    2.1404730264    1.5962462226    4.0546450750    1.0384755907   -1.0338688277
  -0.0062991218   -1.1125683251   -7.3324923962   -5.0268864921    1.2086762500   -0.5727710235
  -0.7083369786   -7.3121841279   -3.0970550393    1.2422020719   -1.8157145477   -0.0981895520
  -4.6461772463    8.0955010701   -8.4909156522    3.3195399678   -0.7457348058    2.2741541997
   0.4087516051    5.9465351108   -2.2520204543   -0.0749454791   -1.0539697051    1.6468234801
  -2.4433282003    2.1171550490    3.0387582663    1.5692327045   -2.4661605739    1.0122543503
  -1.6990955606   -1.3180256529   -6.7368276165    0.3500174066    0.7289121477    2.3876397132
  -8.5225577389   -0.1979591863   -0.3829579324   -0.1668032158   -0.8460221342    2.0914021695
  -0.8249410686   -1.2119886047    5.5393283357   -3.4049870273   -0.2739820324    2.7944227976
  -3.7022585022    1.2163389332    5.1306454579   -1.3714440460   -4.0123700839   -2.9959670337
  -0.0649587954    4.0838964905   -3.3208581555    2.3397407670   -3.8470264769    4.1962019723
   2.1202879076   -8.2431841780    2.5760454740    4.4133582833   -1.2228604757    1.3008603434
   5.2600619161   -3.1801299145   -3.2461977600   -1.8184449900   -1.7207989700    3.9801358809
   6.8442969813    2.4629357650    3.4518343279    0.2525400078   -1.6995743940    1.7037044990
   3.4811292415    5.3554538253    3.6726561173   -2.5669208788   -3.0863926566    1.4158255978
  -6.5702532255   -0.5385958120    1.9586630579   -2.5046258201    2.1798187146    3.4456342207
  -3.4201550282    0.7184179861    2.4813905890    3.2934978691    0.4579413632   -2.5457136585
  -2.3381739216    8.3878362877    5.9866936537   -1.1374657712   -2.0187086328   -2.1069880275
   1.8268688372    5.8653325199   -6.8246893787   -0.1492403755    0.8967867614    0.6370286106
  -4.5672644349   -7.1835260166    5.0700125774    0.5279127076    1.3168086836   -3.9272403872
  -3.0600682184    1.6624694427   -4.7587532010    3.1223676454    0.7284341209   -4.0547595298
  -2.9176846661   -8.2276012939   -1.7310067214    3.7306555512   -2.6514264277   -2.6372178887
   7.2035812046    7.7560127092    2.8222971883   -2.6592822748   -1.2341726230   -2.9041463130
  -3.8254141676    5.8796941132   -8.2485476977   -0.1421896943   -6.2786118394    0.1137865763
  -2.2866324354    0.0652996051    3.5405806685    1.0354834814    3.4950774747   -2.9814078748
  -5.5086295244    7.0953025626    0.1186138450   -3.7499166885    1.7369813002    0.5228234505
   3.5577709760   -2.9485977554    7.8589925426   -0.7737833132   -2.0635264601   -2.1075115641
  -7.9981227017   -2.6258323942    3.5566341200   -4.3738811149    0.3280865592    1.0188554935
  -2.0914329467    5.2211371000   -2.0339223811    1.5922050732    0.4974623154   -0.8359268245
   8.4551296369   -3.8992084486    3.2704905141    3.3232031518   -2.6937978690   -1.9405611111
   3.0481074837   -2.0935023327   -1.5657819585    2.7179573816   -2.5221158636    0.6801381031
   1.4459845141    0.4614387528   -5.1072573956    0.1943296599   -2.0852419341    0.0303596366
   4.0456892476    6.5653139696    1.5705171259   -3.3606391215    4.1774263661    1.3323813957
  -1.6175637165    8.2556953640    6.8372470486   -1.1232487358    1.0003511138   -3.5215635388
   8.3364137169   -3.2889992675   -2.3884479936   -4.5318475304    2.4477364510   -1.2303721516
   7.9867835631   -0.0418847673   -1.6084018572   -3.6328150287   -0.6024972029   -4.9717281817
   3.4551317764   -0.2765041123    0.2257524349    0.4346013074   -3.4607116759    2.6311935438
   0.2097049632    1.4075893164   -0.4058252018    0.4827902903    2.6471088581    0.4831476538
  -2.6308367424    3.4033093685   -4.7902553619    0.6426844430   -1.2035501703   -0.7843550533
  -8.4057906004   -0.5798814191    1.1418211390    1.7512075030    1.5359410470   -0.9053706324
   5.4411151326    0.4571053562   -3.3878734454   -0.1867850829   -5.8432295417    2.5416564122
   1.2269931208   -4.2150834549    4.1448333081   -2.1816317079    0.0148205413    0.0624881491
  -2.5678911109   -1.3444599104    6.7908837513   -1.5336238566   -0.6357712916    1.6278888268
   5.2932407692   -0.1512069121   -1.9021878623   -1.2896652935   -4.0207263277   -3.3773309229
   4.9111566946    0.0151317678    8.0640099614   -2.0066135138    2.8842837894   -0.3413830795
   4.3287289833   -8.2300365771    3.0013594601   -8.4535879644    2.1833770671   -0.2605895014
   2.6477706985    0.3891534419   -1.8857378694   -0.5739304584    0.8686056441    2.1529874493
  -5.7526698019   -6.2122684194    3.1792148952    1.7952370538    1.0514516640   -1.8342108185
  -0.4490028916    1.9940804348    8.3345913049    0.6871036364    1.3083780726   -1.1133687860
  -6.6219828589    0.7022706117   -2.0196090665   -0.9145801271    1.1126223900    2.9570062199
   4.7430840369   -0.8246403724   -1.3638119247   -2.2727964202   -3.3719054664    4.2918962653
   6.7251690594   -7.6561959423    3.3309212746    2.0993562486   -0.6654780462   -3.0428844158
   8.1100166607    2.3910621645   -4.6379159274    2.0297184142    1.2035156697   -2.5253515878
  -0.2297841817    6.6715025885    8.2594265772   -2.1351744547    2.6245312960   -1.6665006387
   8.4048111988   -2.4193353344   -7.5761076968   -4.0443810663   -0.3605202559    0.5639584932
   7.1842686207    3.5293735761    5.8741794682   -0.5167526710   -0.1595465229   -1.4996677597
   0.4572889166    6.5446709721    0.2134886164   -0.8098808390   -1.9392800127    1.5112517848
  -6.3431645449   -1.3662758754    8.4698591892    3.7379488951    2.3181541443    1.9115160323
  -2.3652122451   -5.5258607022   -4.9907732560    0.3871576260   -3.3149457699    1.1046752539
  -8.0735334742    5.8484054966   -0.9754038626    1.2842253844   -2.3922131807    1.0235173563
   2.4237340133   -2.5228926147    5.2078373677    1.8426766191    2.2252281844    0.7038249472
   0.6525620378    1.7705773347    7.2179457297    1.2537594309   -1.7371782280   -1.4812737397
  -7.8394818359   -3.4180214654   -6.7528954753    2.1029652086    2.2772585901    1.7796587590
  -6.9484994518   -3.7930466775   -8.0721837951    0.4027232176    0.9903956541    7.5205439608
  -5.2020182525    4.3770716268    8.2468016983    0.2529950847    3.4570180570    1.0082137104
  -6.0683062215   -6.2897556792   -2.1799040982    4.0266864973    0.6264175740   -0.2111961842
   7.3537120708    6.8163723263   -4.2120858822    1.3674128389    2.7167334841    5.2791062106
   1.8018253259    3.7402826697    1.3030987345    1.1222923535   -1.2737950434   -4.8153031441
  -5.6350605144   -2.6067650052   -7.4418029944    0.2582713787   -1.8887343839    5.2015431401
   6.4359857253   -4.1971378311    7.0890787801   -3.7832831861   -1.8059561122   -3.1357620612
  -1.0203742184    5.2666782055    6.0690926835   -2.7990673017    2.9007413396    1.0859672898
  -0.5782448712   -5.3359215103   -1.5053345517    0.1364174142   -2.8611945215   -0.6664739903
  -4.9447636887   -1.7654637979    3.0721114395    0.1558543706    1.5533638626    0.2325620726
  -0.8660157663    2.5429510860    4.1001584341   -2.6223948611   -1.3294314525   -0.9938616216
   3.4679368872    3.6487132959    4.7403671194    2.2581881449   -1.3127900521    0.9827408604
  -2.4770736060   -7.4181850099    3.4908440182   -1.6047210010    0.4267192427    1.7444132175
   4.1932929752    2.0566877248    7.5265469908    0.1097290384    3.7723981110   -0.0593977689
  -5.2879286423   -0.5697591824    6.3729082492    1.3752644700   -1.6093417194    0.1768850017
  -0.6057395555   -0.6977207666   -8.3069131010    1.0847888307    1.4135303802    0.7482135762
  -2.5012686315   -7.3565602902    2.0574893756    0.5103171275    0.7414009078    2.0192112228
   3.5044410592   -0.0513914950    3.8217970095   -1.5280403132   -4.0699418090    2.3657955495
  -1.1714069942   -1.0465954902   -2.0444611948    0.4396913025    1.2152353002   -0.4289185289
   4.8840860149    8.2397485336    6.9856082613    0.0380192794   -2.2713831468   -2.6254374081
   1.0085639143    6.2930850777    2.8541995643   -1.3134850486   -0.2779128335   -0.4109408598
  -6.4832291679   -2.3540196801    8.2548567854    4.3215926022    2.3934977214    0.6175699408
   1.7464756205   -4.5725578210    5.1171061666   -3.4330283466   -0.0210610656   -0.5578294907
   0.3090028559    4.6689206152    1.2222297845    0.4898838555    3.0453430899   -2.6875565862
  -3.1320589392   -7.8997672397    5.8038491603    1.0389291125   -1.9046071286    1.1241215980
   6.1822636311    3.4578070819   -7.5171701009   -0.6043566302    1.8591623079   -0.3812680222
   2.8390915709    2.9873365144   -1.6507030569    7.2013496751   -1.8589815517   -0.7745438012
  -3.8094025265   -2.6252719725    1.1303259324   -1.6321155031   -0.1778435719   -1.0294987217
  -3.6130618217   -1.8357841349   -8.2864898179   -6.9667460629   -1.4857708141   -2.4421407000
   7.4593400038    1.0842625661   -3.1741547251   -2.1884662634    0.8412024387    3.8291346871
   2.6300493248    7.3121975889   -5.6195212205   -1.4320506459   -0.3132481541    1.2290412876
   1.4860418927   -0.1802893642    5.4037146146   -0.4377544697    0.9752516490   -0.5333788563
   7.2078019488    5.2293254456   -6.3544012844    1.5626493418   -0.0022979760    1.9748199248
  -8.4298781439   -5.0663235131   -3.8156572032    2.7354347243   -1.2675270855   -1.0919873479
   0.7539191199    6.1460761428   -4.5129629755    1.3004011309    1.6430337981    0.1860194047
  -0.2884297558    0.1215687352    8.1375975234   -2.4659921592    0.3549024468    1.0866253670
  -2.2022797482   -1.0777612838   -1.2088963968    1.3149032457   -3.2636192945    1.5469202940
   6.4808865491    0.3607316346    4.9909006548    4.7850750135   -2.2745218812    0.0448090019
  -5.0785789430    1.4398045675   -2.9504833918    2.6136746314    1.8507453632    2.3780647637
  -0.9793445065    8.0444598412    0.3596784489   -2.1003317644   -2.0349072082    3.2922860943
  -3.3160692351    6.7876307728   -1.2289272629    1.3315697484   -0.3943979940   -6.2034980921
   2.3044861260    1.5253876437    8.3300309151   -1.3348595717    1.3753851711   -2.2678808905
   4.0718279411    6.0922626676   -0.9242562267   -0.7369882470   -0.1684219244   -0.5452358889
   0.5382483058    0.3774382333   -5.5111946782   -1.4316702352   -0.9168660719    6.0024197132
  -1.0854927589    4.5767652308    7.8790609825    0.6156900180   -5.5375694280    4.1297281024
   2.5709106730   -4.8076900001   -8.3080707568    2.1208946144   -0.4104864296    1.5584415005
  -3.5843834793   -2.6983895398   -1.3010631136    2.4999666772    1.8583842296   -2.4427686143
  -7.6253288957    4.7769232584   -1.4709496830    2.1484057456   -1.0844532394    2.3388978620
  -0.8800500529   -6.7700770260   -4.2513558799   -7.6870487200   -4.2961337028   -1.5384153250
  -0.3065998386    3.7909912013    7.6327762993    0.8622326308   -3.6160205159   -3.1049418973
   0.7623464809   -7.4462318784    2.3633914641    1.3871798692    0.3194293989   -6.7272787568
   8.4314515619    5.4124824454   -6.0331536105    3.7026760547    0.9151619080    2.6949402205
  -4.5090042536   -7.1802378944   -1.6970578316    2.1004548926   -1.0572532309   -0.6248071375
   6.8315895794   -3.2373601498    2.5520789194    3.5450972177   -0.1620849216   -0.5122732336
  -2.1792357721    5.1123303256   -5.7808773186   -1.1995472875    1.9979963625   -1.3459998683
   8.2314505515   -0.9124480647   -4.0222320772    2.4722919183    0.7572790494   -1.7300004394
  -4.7094312341    3.1572087443   -2.3724712335   -3.3513753621   -0.5817056488    1.4744267109
  -5.0355788552   -2.3041050733   -4.1950054290   -2.6948131491   -2.6923843003   -1.0357346882
   1.1981930140   -7.0551874010   -5.3010644260   -1.8455573516   -1.4383036966   -2.2192092773
  -0.0359036578   -6.4569949516   -5.6318289752    1.6874437392    2.0983271910    3.6395760308
  -3.5550451462    3.9728010478    1.4171046757    0.2466477328    2.3995601819    1.7925991803
  -4.5931280949   -1.5953838665    2.1733350149   -1.6908072188   -2.7250680142    0.0204226712
  -1.0624149056   -0.0671130457   -7.6831011127    2.5318042081    1.5762304187   -1.3524499782
   5.5978355902   -6.7436656179    2.5787187522    0.1619116744   -0.9310357259   -1.3487306228
   5.5690593638   -4.2579457555    7.4996534871    0.7333344743   -1.7529969908    0.9798146722
  -3.9808705102   -3.4521558427    0.3126888033    1.0695292728    1.2617495593    0.7783009077
   4.2948472123    3.7268266585    3.7928409417   -2.5973215078   -0.3404722992   -0.0680171798
   6.2700657509    3.9580002593    2.1474971033    0.8663875086   -0.2513136541    3.5619914780
  -5.1120715792   -4.4066146312    6.9890708827    0.2525502059    0.7181624792   -1.7796454475
  -5.9228024146    3.4251424960   -1.3574711179    1.7269825751    1.9263640992    1.8682974136
  -4.9548272937   -4.7936238853    0.3322009103    4.0622628479   -1.4409325261    0.5773307898
   7.4202365190   -6.3087703950   -2.3040207948    1.7543596320   -4.6774381221    1.9528448867
   1.0340999340    1.4058555504   -3.9916580782    0.7629063739   -1.6933296043   -1.0514803395
   5.8240403138    3.6113885788    6.5417022896   -0.9681694327    1.0238388488    0.5663176246
  -1.4745498717    7.4636755234    3.3954209785   -1.9959059648   -0.6578386716    0.8516439707
   1.3803346234    7.0728891539   -3.8314387455    1.1787588082   -2.0750862112    2.4294639110
   0.7301992275   -4.9408060651    2.3786018296   -1.9181578925   -0.8791962564   -1.7095786514
  -7.1152044437    5.6706405563   -5.0913590265    0.6757884436    3.4850849284   -0.0216462396
  -5.6221397657    1.8311905793   -4.5621141220   -4.7976146189    1.3561065432   -2.0734393883
  -7.4711415510   -2.5998682996    2.7007163766    3.1811217802   -1.0943265235   -1.9509405385
  -7.6602078938    4.8389460802   -0.4481187138   -2.2295897190   -3.3007155124    3.2965271604
  -4.5849378850    1.7033005419    2.4362810756   -0.7644933437   -3.8043468789   -0.2532419759
   8.1016615464    0.4104237428    4.9330461274    3.0833222447   -0.8243139008    0.3972708151
  -7.9668634316   -5.8385709210   -0.0669327991    0.0243905565    1.3433931100    3.9093271796
   6.7435166346    6.6238843365   -2.6284563673    0.6657168603    3.4525743761   -2.9587279793
  -2.8552734872    6.7636767198    5.2454678540    3.4805262915   -1.8381050863   -0.8360503860
   4.4156623319    6.9534991679   -7.9427435527   -3.4553897563    1.8286186305    0.3899076697
   2.0447452309   -0.9984798907    1.6708813704   -0.9702097557    0.6010481377    3.5892268480
  -1.1426211233    4.7084373302    3.4977343201    1.5399479185   -2.2952239324   -1.2418457960
   4.5303246760    4.6539897566   -1.6515824346    0.6251133076    4.1334975144    3.1368629775
  -7.8656281650   -1.0549315903    4.4656487460    1.0706829521    2.1113120732   -2.0907495540
  -7.5600442091   -4.7647044197    6.6435230584   -0.2633552091    1.2918194429   -0.1619944105
  -0.4285978085   -3.4763494542    0.9502530771    3.2605639452   -3.6502770037   -0.3672422700
   8.1316883564   -0.1023210225    8.4313444362   -0.1973911095   -2.1712891734   -1.2258514324
   5.8587625920    1.1370115414   -7.4545208696    2.7767937323    1.4030148471    6.8051339693
  -0.2527157142   -5.4222509238    7.3282059735   -0.8831366199   -0.8655138542    1.4362414689
   3.5205020885   -2.0462558302    4.0150328141    1.4056386590    3.2227557971   -0.2265579782
  -5.5610793918    0.1984017677   -1.6884621027    2.1419287222   -0.3625744767    1.2346168954
   1.8553335243    2.8928139817    4.2013049721   -3.6238369384   -0.3303484889    3.4115165112
  -4.1934165296    2.6861325535    2.4535761353   -0.6263921128   -4.6811265201    0.4762915098
   7.3845332210   -2.7686486415   -2.0609735011   -2.5850396301   -2.6267458303   -0.5921314451
  -1.5604967635   -6.8052565780    4.5370091773    2.5429860394    2.5562666010    1.3332472735
  -6.3492506151   -5.0546411772   -6.3642648657    4.4496856241    1.4637919508    1.0532113925
  -4.8996309347    3.8661763040    2.5207831483   -2.0864549623    0.5316119619   -0.1991594530
   4.4592826977    1.2990665192    4.1383694592    2.3155594917   -0.4991946276   -1.7871394413
   5.1371647503    5.4083300102    6.1828111898   -0.0941595765   -1.0458857539   -1.6257455325
   8.3559900710    1.7596820099   -3.6942234643    0.5979825024   -2.4477499288   -0.2430272040
   5.6494749880    5.4446736484   -2.6578595388    2.4836627819    3.4674140762   -2.3342354932
   2.7001186673    2.7724715037   -7.5532755438   -1.8883107742   -2.8164703347   -0.9042894620
  -1.5315940885   -4.1845232026    1.3258660101    1.2385764898    2.0445298398    2.9615971433
   3.8967045607   -2.8082415594    1.0064284423    0.9949998047    1.5761930353   -2.9194775654
   1.4974802255   -2.4590216208    3.2563535924    1.6028522388    3.0335407676    4.6010728643
  -1.6666941022    2.5415082477   -1.1391397059    3.9973708890    0.2715303369    0.4817628225
  -0.1901166109    2.1580470180    7.2958851105   -3.2955967761   -3.2992029101    4.6706888679
   4.4108882104   -3.9464496351   -6.1134006085    0.0651589872   -4.3389392600    2.3650837061
   7.7779668003   -6.6115421995   -6.0617818087    0.7664853330   -2.2937938272    0.7432967915
   7.2467394252    5.3651345144    2.5336316668   -1.6536638697   -2.4279592016   -0.2388212052
   6.2252632450   -3.9507421344    0.2582559098   -3.3027308917    3.4255532382   -2.9140102346
   1.8964074600    1.7455716458    3.3458849447    2.3354709177    0.0210469660   -0.7911365240
  -3.4955356276    5.2988801232   -6.4212193163   -3.7632201873    2.2593641863    2.4470392045
  -3.9160537395    1.6105547742    0.8628279739   -1.4516496336    2.2206534346    1.0269107848
   3.4153959573   -3.0059677296   -3.2494210705    1.1002282597   -0.3529638426    0.5249042174
   0.2459266947   -7.1662442441   -1.3018659544    4.0204271586    1.5785765997   -1.1267766602
  -0.6839627661   -6.9740023760    5.2460880735    0.5657775907    1.5728329546   -0.7272176706
  -6.8105881501    2.8147359965    7.4530598828   -0.8111130718   -2.4635127170   -0.7907793469
   6.4466759603   -0.4499963375   -7.7443642609   -1.2659321664    2.3155066188    0.0883409796
   1.9010965093   -5.2019404480   -1.9468314594   -2.6465110490   -4.2773190819    4.3436998394
   6.7734483991    8.2991284478   -6.9129413938    2.8190236006   -0.7594542057   -0.0688506405
   0.6212010319    8.3997830200    7.2656500569   -3.9694158320    2.7723523106   -2.0701651406
   6.6861659332    1.4874491939   -4.1776101234    4.2344428676   -3.7720018231    1.6487870417
   8.4688190893   -7.3657958875    2.4948383388   -4.3514930202    1.2294520914    0.3753628999
   3.5774305207    6.0298035741   -6.9813685332    3.3721909503   -0.2710771907   -0.0962782297
  -3.7000632257    7.6043157965   -3.7355369342   -0.5619626451    2.1493900319    2.7810368779
   4.8711673870   -2.8616085201    4.8265922813    1.9584504332    1.0136789835   -3.3927614394
  -1.7868850964    7.1507368015   -4.6396169792   -2.1241994026   -0.2487146570   -2.6762605109
  -7.6669536632    1.1299658425    3.5452680804   -6.8201083756    2.4117450283    0.1369957325
   7.1517225821    3.9863016208   -1.5744384314    1.3501795156    0.0729214319   -1.7540110593
  -3.5418843469   -8.2951726823    2.7884671008   -2.1241282286    1.0386271964   -4.5073642035
  -0.3950259448    1.9071647996   -5.3330130595   -1.6305640236    0.7179459617    1.4515219685
  -2.4980939399    2.5678465421   -2.0440154083   -0.6672445927   -2.7798099960    2.6894909669
   2.9620621058   -0.9377026513    7.1122853512   -2.4404656904    3.3468163730    1.5912484988
  -2.1167227049   -0.8925607313   -8.3894525428    4.3857505289    0.7434055938   -2.0267052802
   5.3285923821   -3.7866232745    0.3676596064    0.5671699348   -0.6559686234   -2.5527228550
  -2.4190495635    0.7629046729   -4.9664492763    1.0042741353   -1.9763107651   -0.3827829145
   4.1451462468   -4.1936694288    0.6400688635   -0.9971257437   -4.5645348146   -0.3768421984
  -2.6245549250   -3.5502165568    8.1517125543    0.9445718253    3.0360795443    0.4259367930
   3.1545846970    7.6713305452    1.9296957961   -3.0621687966   -2.9047561826   -0.2872280785
   7.6496912585   -3.5036401692    6.5024598778   -2.4687984026    2.0622270828    3.1673504478
  -5.2620293760   -7.8554917491    4.5564509870    0.1320491811    0.6341818563   -0.3771021680
   0.9446170774    3.9825132128    1.9208003165   -1.6418914431   -2.1890089175   -1.2115245582
  -4.3230070392   -2.3661233577    7.8613692110    2.7167226159   -5.5670160133    2.6323336238
  -3.8826256581   -5.7577084445    5.1378385198    0.3632423558    1.6994863015    1.3450265645
   1.8792098412   -4.3914746742    2.2554307928    4.0331210613   -0.4353600674   -1.7731563035
  -4.5916667265    4.6073062717   -1.5356094940   -0.0187772096    0.4225035908   -0.3942872094
  -2.5632488712    2.0634298365   -3.0625395940    1.1633268271   -1.7395088622   -1.9433218895
  -2.3758966413   -4.4835326338    5.2901358451    0.1199485961   -1.6342604359   -0.5281543903
   4.6845567958    4.5257990978    1.9558818993   -1.6909423846   -2.3520248089   -5.4778111898
   4.7638787706   -3.4643831701   -8.3213016797    2.4738273773   -2.7312067089   -2.9075046057
  -2.2718467837   -8.0351235011   -8.2649386244    2.3869124084   -3.2249024456    0.8198918992
   3.8410025939    0.3283440386    2.4249274867    2.4889988131   -2.9850331451   -2.2274817631
  -4.1308499639   -8.0556940239    1.7213032997    3.4059690056    1.1728864824   -0.4478808082
   0.1087158762    3.4084891903    6.4078951963    1.5439932921   -1.9482823960   -2.9154254923
  -2.8656722703    0.5464121242    1.6093178767    2.3856307460    0.8208734557    1.7921885370
   7.3015678044   -1.9624770605   -4.3945607506   -0.6488645465    1.1945954471    2.4361032528
  -8.5218640061   -8.3803141965   -1.5746818401   -2.2745122245    4.0658082708   -1.3576286013
  -1.2350543050   -8.1677401511   -5.9521113950    2.6033160374    1.1638050574    3.3800247592
  -7.4677712128   -5.9355804886   -4.8659718303   -1.1746922406   -0.5643798528    2.9106300044
  -2.5012992106   -7.2144873660   -1.9368868453    1.2225781549    0.3650579506    1.1727315560
   1.8687461010   -5.4309002016    5.9559306910    1.6956791722    2.1363315918   -0.2088864238
  -3.8504014360   -0.7939407862    4.0489709881    1.9132180312    3.8601713801    0.7854391286
  -3.6279521621   -7.2426599307    4.1838573550    0.3002889270   -2.8129214576    0.8543464215
  -6.6039883360   -2.8260041887    2.7886263525   -4.2339788140   -3.7419102848    2.6495936128
   0.4114132526   -5.9225183775    5.8561458580    3.6498374825   -0.1791260423   -0.8082832661
  -3.7598218985    8.1372492033   -2.6026420997   -0.0328485767   -1.2087548698   -1.0828030765
   2.7998998292    0.5065492218    5.0891509405    0.1926097269    0.8199053496   -2.9287586788
  -2.2336901209    1.6840264984    0.0673842589    1.4868325227   -0.9461935126   -3.8617073548
