           1000
    17.09975947
  -5.2777041225    0.4420874591   -6.1973599345    0.2841267819    3.4218462065    3.8888798094
   4.7656246122    7.8951753200   -0.0108317160   -0.8768236159   -2.1136237049   -1.0092503097
  -7.7303242033    3.8734771627   -1.7561941774   -1.3024905039    1.7626363804    0.5160568824
  -4.8449577381    7.3714139075    2.7812374551   -0.0015244564   -0.0526733023    2.3014989215
  -2.3682311123    1.8370502209    5.2578886852    2.6779459263   -1.8575396360    0.7592965919
  -8.1070929084    8.1843955340    8.3225842277    0.2656113663   -2.1522562087   -1.5290696844
   4.9765258611   -5.9920337839   -4.9487111424   -2.1368440125   -0.8552569135   -2.2547545790
   7.2514626420    6.7982618127    3.9709189382   -0.3056380600    0.7591312763   -0.9122749033
  -3.4109878936    1.2317666319   -2.2073821415    0.5880948178    0.0361784054   -0.1709536613
   1.3894733692   -5.8241917345    5.2415371164   -0.2921121370   -0.6135818328   -6.7079218642
  -8.1682322338   -7.7485882365   -7.5169756990   -2.6745779286    3.2955249661    1.0526266072
   0.6527095986    8.0831368749    7.8530778878    3.9726576270   -3.6713450299    2.7722341874
   6.1957277349   -2.9631493583    8.0169607294   -4.2510108575   -0.2665842048   -0.6495247431
   3.9460671429    3.4549349832   -6.9390327746   -0.0485014567   -1.7128834115    3.5048546719
  -0.2727920077    5.4188971530    8.2915323529    1.1232179520    2.5031715779    0.9744053151
  -6.6660588204    0.4331511223   -2.1912964001    1.5880455906    0.3197973841   -1.5615805005
   1.0110245395   -2.6104650592   -1.0615178993   -1.9429056311    1.3455378113    0.1904191044
   2.3228311676   -4.0825820320   -0.2884591638    0.1693295819    0.6113732411    3.8447719783
   1.8476698201    7.0188859753   -3.0676272541    2.5490834682    0.4952672612   -4.0676951025
   6.6041082796   -4.1991780434    7.8548013018   -0.5344223443   -3.1181255619    2.6109125183
   2.7518069264    8.3836275011   -1.5891828396   -0.4600086471    1.9876303156    1.7780863902
  -1.0741242726    8.2114853350   -0.3139086562    1.5654563850   -0.7650184698    1.8700241296
  -4.6827124000    1.2996133572   -8.1472707431   -4.4728169010    1.9714552760   -0.2763965676
   0.1320429092   -0.1921457817    3.0358329660   -2.4477827109   -3.1820278542   -0.4249471556
  -5.4961194778    3.1523650558    8.2956350833   -2.0381271008   -4.1554383370   -1.5025129054
   5.4172077230   -2.6817077724   -5.3636441723    0.8666473900   -0.1579574702   -0.2472830734
   5.9977303282    5.8159437615    1.6852416284    1.3970718152   -0.8949652064   -3.7957581270
   3.0455384995    4.6785358741   -6.8827727454   -1.4588878054   -0.3741656891    2.2304996970
  -1.4281353747    2.5331727964   -4.0156373189    1.4796993480    0.7462545352   -0.8571341249
   2.7528040779    7.3857468271   -6.7510793014   -3.0487112689   -2.8267952836   -0.2766896610
   7.9924194298   -4.0129868057    4.7256120586    2.5602494092   -0.1450402814   -0.7724869094
  -4.9410842285    3.8198500939    1.2099726638   -1.5405871045   -1.9434792427    0.7651545819
  -1.0139960131   -7.1362163569   -5.3172882740   -3.8190436246    2.8028022323   -1.3250422323
   1.8201197837    7.7931001805   -2.2196079741   -0.9521434467    1.5083895892    0.5659998236
  -3.0336378722   -6.9278267898    0.9166764626   -1.9414211810   -4.1774450501   -0.9755124053
   7.8421485586   -2.7699621023   -4.7901619002    2.4040659636   -3.1516317636   -0.2661035569
   2.8868632798   -5.7454477558   -1.9332123415   -5.1089081893    0.5291769576   -4.0872452682
   4.1311329985    6.0192707774   -3.1222470077   -3.2228639690   -0.0373740429   -0.3790931942
  -4.1393258620   -4.7531622011   -7.0082925882    0.8696731714    3.6714671185    1.3281028899
  -5.5683757787   -7.7925133794    8.0897424931   -0.7797992597   -0.9744725400    0.9388227501
   6.8031488286   -5.5933164089   -4.3381847034   -1.6690666107   -6.8015978505    4.5832483177
   6.4502205166   -7.1911679222   -3.7931331232    1.5853954878    2.2091693544   -0.3182204518
   5.9793149098   -4.4020458305   -7.3768542919   -3.3816112944   -2.0178362496    0.7132000163
  -6.3609503263   -7.3150218802    2.1715764609   -1.5033258073    1.9100684210    0.5728925987
  -6.2949192485   -2.3413787827    3.7330066040   -5.4768702235   -1.3390655432    0.9962978661
  -6.2583196537   -5.3125829101   -8.2107583140   -4.7695483289   -1.2112466995   -1.5958789928
  -3.7079931623    7.0175689002    0.6759110414   -3.6223312911   -1.1513199912   -0.0913823134
  -1.4029480428   -6.8890606992    7.4156425626    2.4420996937   -3.3639126822    3.5602224302
   6.4980157427    7.3417850107    4.7160731482    2.0103909890   -1.1682693441    0.9508339269
  -3.4621702526   -6.6501512640   -7.2121794106    0.6758553499   -4.7921835455    4.4282651303
   4.8191193205    4.8357481682   -8.2431580387    3.6128398223   -0.3981699880   -3.0737275690
  -6.8660875233    0.0071973439    2.2029027762    1.7356604321    2.7052071985    0.2596442863
  -5.0602664886   -0.5836267093    6.0463797206   -2.0124499065   -2.8134222131    2.2522032246
  -4.2061258043    4.2622812328   -8.2969032643    2.2673434239   -0.8110604521   -3.5103929387
   8.0760027227    6.1786311776    4.8058118428    4.6879164640   -0.1011479282   -0.3911103520
   2.4531538275   -0.8053801786    4.3199171015    2.6346854689   -3.5124779518   -0.9288871080
  -2.9681492919   -7.8956141465   -2.6663649886   -0.7418724925   -4.6118516447   -0.5071110530
  -7.9287183994    7.5313445893    2.6465639107    4.3324924244   -6.2809769383    1.4960180415
   8.0470722038    7.0269954677   -5.9090525548    3.2628548763    1.4626657851    2.3570117790
  -5.5439831395    7.2349506643   -3.7088310742    2.2478173425    0.0139350440   -1.8260278948
  -2.6759319063   -5.1027032899   -2.1153193330   -1.3794130679   -1.6866172618    1.6003069079
  -4.3105929719    7.1410691264    4.5588338622   -0.0094625637   -6.1148911594   -1.1783311176
  -4.0458659616    0.3470148216    4.5316705041   -1.7453977016   -0.2722071624    0.5835944017
  -1.6336333155   -3.8373114846   -5.8723970686   -2.1056932973   -2.2413527849   -1.3223605579
   3.3305165977   -4.6715009668    6.2631563973   -1.4807947209    0.3794779294   -2.4100851699
  -2.3917077154    3.0603680008   -6.6188780399    0.4526007923    3.1081334049   -0.9572980492
  -8.3979971671   -0.3803699457   -0.0725309623   -1.7496445892   -2.3835784711    3.6706168693
  -0.6776077658   -0.6470163865   -3.6888033387    0.2095984111    1.4282507633    0.3511784414
   0.4253114770   -6.9088343132   -4.2165015765    0.2751244003    1.4577711790    1.4061737773
  -3.4911420457    8.2162290436    6.3670078364    1.2825639322    1.7782412985   -0.6952283295
  -7.1040983180    8.4958732981    6.8623893648    1.9594581504   -1.1483288920    1.1761732880
  -1.3744525980    0.0651787330    8.1557655661    2.3360690182   -1.2539070095    3.2262959991
   4.1263544499   -1.4106477210    8.2492157745   -7.3324489198   -1.6390166716   -0.5415368109
   7.3350872609   -2.9274752249   -5.9354999772   -2.2510870134   -4.0665993159    3.4988467202
  -6.2380545687    7.3864317346    0.9053619481    1.7137126109   -0.0292918386   -1.5128047470
   6.6580827620   -2.8342050354    0.4658199894   -1.4660851077   -2.8075154986   -1.1661381005
  -4.9414484429   -1.8446306935   -0.2005485995   -0.8493299542   -0.9173246415    2.9799300171
   1.0122729148    5.6618091255   -1.3890686103   -1.3874565454   -1.0095761370   -0.5386887662
   3.3291395347    1.3139026141    3.8709561370    2.1606374229    0.8555239040   -1.0118731180
  -2.9080816312   -6.1590400735   -4.2955566961   -4.8217707359   -1.2933500267    0.0521816574
   7.8548942146    1.2015362095   -4.3970930618   -1.8934094921    2.8838282470   -5.6277959617
  -3.4795464862    4.3299745455    3.5512213429   -0.0035560880   -0.9796288368    3.6403946576
   1.0736087469    6.5631218325   -0.6181632781   -1.3225954727   -1.7921489069    0.4442791540
  -0.3242708755   -5.7928866129    4.3373537171   -1.9276714456   -0.8860302771    0.1208683264
  -4.2930830716    2.8263918776    2.4480646866    2.3162563178    0.1981991942   -4.2696532124
   7.4440828148    0.9691038782    7.7702331264   -2.3017464810   -1.2388832298    1.9764849496
   4.0805058656   -2.0858612999   -2.6858991316   -0.0565680168   -1.0496017883   -3.2241950355
   6.2227577792   -1.2042127815   -0.1422964316   -5.6506489191   -4.5971490012   -0.4261206971
  -8.5275858392    1.3565129368   -3.2133389636    1.2185233550    2.1129329014    1.0229228229
   4.3923889332    0.9785461443    7.0870325867   -0.7705518475   -2.9253593582   -1.1134043520
   2.4479656142    6.3321864121    6.0629056604   -1.7911724946    1.3603877699   -0.6948657736
  -3.3462676655    0.7809855696   -4.6173758976   -0.8814298675    2.6107505293    2.0237284830
  -8.1969954577   -0.9511362928   -7.3888655228    0.0317668131   -1.1449651767   -2.4583791641
   3.9136504156   -0.4991374945   -6.7062664006   -0.9324786932    1.2215749167    3.1868081013
   0.6806435300   -6.1813433602    7.1268801878   -4.7004333003   -0.6308802444    3.0371825264
   2.8711896435   -3.8904366271    1.0579818641   -0.5078228806   -5.1939920055    0.2488175655
  -2.6214910595    6.8997887399    6.5790086252   -0.6533294799    1.4823053383   -2.5949717484
   7.1717829675    0.5502408192   -3.1888199725    0.0727770067    1.3728350066    3.3434451317
  -1.9300676630   -2.4640096755   -3.5478470211    2.8571957832   -0.1356730080   -1.6258233388
  -0.5457687863   -6.4254297342   -3.6424200786    5.1674934642    0.8494001762   -2.5500247194
  -6.7529470777   -3.7684178580    4.8195806232   -0.8312831183   -0.8010385691   -2.3205560434
  -1.0715095016    8.2036565659   -3.6558152094   -0.8903747712   -0.2840810070    1.5030965375
  -7.5104509170    0.6978157547   -1.4924441432   -1.6245053792   -3.8326627382    0.9606408217
  -5.0697803940   -4.9691030217    8.5020422630    0.9781148268   -3.4795448746   -1.3541689362
  -7.2317617984    7.2699129991   -7.3145513103    0.4692844710    0.8436383694    1.2985489060
  -6.9190393247    0.4836273313   -8.3081709879   -1.1751643577   -0.3985909313    2.0052138069
   5.0738760737    4.3863907855   -6.2498034346   -0.4359071199    1.3163700706    0.7191227637
  -7.5356134873   -0.4033978699   -4.9715738247    3.1004463467    3.5413108777   -3.1149192871
   6.4484529522    2.9922464137    0.2304026487   -0.6353083795   -2.1114896948   -1.8723898719
  -3.4424248649   -2.1283532406   -3.6160414748    0.8529929062   -0.6040735652    2.9348106421
   2.1621367717    0.5404739856   -2.4738298961    0.1287895861   -1.9542579620    1.5360958243
   1.4441853010   -1.7464527627   -0.5687664587   -4.1267904860   -3.7925477837   -0.4391144296
  -7.7546125760   -6.6410140782    6.0891793853   -0.6381449576    2.0210513236    0.2447897492
  -0.1568886713   -6.4055642203   -7.1687389462   -0.7941343664   -0.7898592881    2.6662595047
  -2.0830919976   -1.4101423609    4.5008929710   -1.2024794407   -1.1573561372    1.7088241522
   3.5897459201    6.2273118996   -5.8876774802   -0.3402360653   -4.0478393294   -2.4411331318
   3.4767271497    2.2854088912    6.3011256667    0.5256514835   -1.4788078606   -2.4715846224
  -0.4852552015    1.5925618793    6.2028454538   -0.3366853272    2.1983152398    2.6425696055
   8.1020511531    4.2929801184   -5.6612837463    1.7835254161    1.0668177106    0.5424583596
   3.8360053680   -7.5245776317    3.1132355343   -1.4954311728   -0.1477150087    0.7199786100
  -2.4592577659   -6.0904117041   -5.9650589873   -0.5849956578   -2.4239497909   -3.7774288836
  -7.1659173553   -4.5817720829   -2.4699867567    2.2312466893    1.6723737869   -5.5105126544
   5.8501605517   -6.3200341962    6.0724195383    1.5982968547   -5.1768942140    2.8729035713
  -1.0228203990   -3.5437160868    7.1739749692   -1.8658386800   -0.1703376240    1.6735177129
   5.0952397636   -7.4830969060    7.6330071549    2.2644405690    1.4986957896   -1.8053564109
   2.8613364013   -3.6225736898   -4.6572607194   -3.5738972777   -2.1285557442   -3.1275430656
  -6.8114935688   -1.6837133403   -2.8252094612    0.7904963448    0.2236259938   -0.8759290207
   4.2829071755    3.7966365800    5.2500134009   -0.3413327225    0.1663725795   -2.7618745666
   3.7193568927   -3.9205260648    1.9819431098   -0.4131701479    1.6571636902    2.7414300936
  -6.5514204575    3.1231789057   -6.7001528559    4.0752622150   -2.3133582500   -1.5233554460
  -5.2338563141   -3.8279390145   -0.3479787610   -1.0442278196    2.5189383332    0.6882891894
  -4.2543938939   -7.2271390685    8.2864826472   -0.7546722030    0.9290079723    1.4747486351
  -4.1550467105   -4.1096418228    7.9726369341    0.1474886319   -1.2090222659   -0.3927959559
   0.0771994867   -0.2846015910   -7.4160963483   -1.5179072979    1.8215845687   -1.5733840427
  -0.4810376619   -7.3813900096    5.3960694780   -0.2059391746    0.1257116767    0.2730381374
  -6.4664072515    5.9191715563    4.7773513256   -6.3564366284    4.5277404455   -4.4264332216
   2.5308628308   -5.2469747278    7.4123541519   -3.1669579031    1.1514049932   -2.8710267185
   8.2404573281   -6.3489032618   -1.3419039861    3.7915725587    0.4195909595   -3.0267216978
  -3.0775884367   -2.3709613390   -1.4727577832   -0.1812065847    3.5420227168   -0.1455830352
  -8.1180521191   -7.1712986006   -3.0261655959   -2.0952964491    4.0983606640   -1.2409916355
   1.3884606887    6.7959418417    0.7101708824   -0.8396802351   -2.8859692701   -4.3178491640
  -7.8479731128    4.6226165989   -5.4128661076    0.2096295499    0.7199456758   -1.2235373442
   4.1352161060   -1.2327194841    6.0014007260   -2.9101067827   -1.9651802733    1.0710177398
  -1.9367799329    0.5062615936   -7.0701033890    0.7947892899    2.3436164505   -0.8332695505
  -3.3780249057   -5.6841583616    1.0519619656    0.4070858361    1.6421318166    2.8569359784
  -7.4479128711   -2.9773197256    3.9003406310   -0.3209008922   -3.5701561692   -0.5679062739
   7.9206712328    5.0472833195    4.1434087358   -0.9507154512   -0.6095688447    1.6914523649
  -6.5622818187    0.9875338781   -6.3878965323    5.0162443043   -3.0663377176   -0.7875248723
   3.4791722105    3.6846273016   -0.5181400837   -3.5477820237    2.4502393548   -2.5504577773
   0.5986555206   -1.0606045527    2.3904469408    0.6096458505   -0.3031720219   -0.3257118527
  -5.9661018594    5.1225414445    1.0927541145    1.1916766818    2.9031874294    2.3969633414
   3.9211156499    4.6617777445   -5.8969931483   -0.7782571719   -0.3040542096   -0.5937704844
   2.9232640439   -1.9800699972   -3.5432880590   -0.1623712414    4.6564827151   -1.8339318196
  -2.7163594863    7.0342266171    0.6392262402   -3.6175038633    2.5004352422   -0.5019851181
   7.4608082727    7.7251634436   -5.7265330139   -0.1160563998    0.2806514569   -1.1951834552
   2.0837411671   -1.3062460016   -1.2355350640    2.4507283451   -0.9191408860   -3.1489130335
  -6.4720139216   -8.4274691868    0.7343193650   -0.8899464312   -1.7511855744   -1.2848622533
   7.8530692708    5.0802496997   -1.9791527095   -0.0992309311   -2.5236245689    4.0893380922
  -2.8168342049   -2.9941006415    4.5431252913   -1.5277221071   -0.2781983205   -1.5041047964
   1.1283168980    7.9821733151   -7.1607628388   -0.2016061489   -4.3941510621   -0.3603871137
  -7.8375959365    6.5864469247   -5.6784611920    3.5180477003   -1.9018197465   -1.9638590494
   5.5921858483   -5.9275561942   -2.9990142145    1.0533169680   -0.2885133839   -4.4060506107
  -8.0935730312   -1.4737229699    5.2398372548   -3.8217993791    0.2031878381   -0.8179286570
  -5.6369695461    1.8507328745   -7.9793207651   -3.1221041135   -0.8638022443   -3.6671400716
  -0.9125430535    2.4109923575   -8.2893235589    2.7674953977    1.3777173347   -0.0949397177
  -1.7692941019    6.0508285562   -4.0489826718    2.1689031536   -2.4708068045   -3.2060086905
  -8.1647838101   -7.1109744193    3.8304939325    0.1891011364   -1.1494293465    2.6911914471
   6.6757095359   -6.2884998403    3.8550412371    0.5801734705    2.5527632768    3.7111246737
  -2.0931366927   -4.1695803834    8.5009620729    1.5775488347    0.0402796806   -1.9338733880
  -5.9382320587   -6.9875496001   -4.7672458682    2.0875751363   -1.0359564887    2.9884854130
   1.0357901703   -6.4888625952   -2.0090512437   -0.6699517442   -0.6875039537    0.8036772249
  -7.4848456979   -6.4244723315    0.1598708226   -0.9823287276   -2.5840019338    3.6690807266
   1.8007783352   -4.7482262101    7.8469540747   -0.1671107038   -1.0772337461    2.9339038999
  -4.6964585672    8.0367539820    0.4665785791   -1.2427911799    0.7453332621   -4.7771007842
   2.1332296030   -4.2064094723   -7.3124611166   -2.0156997524   -0.6411034344   -0.8114297583
  -5.0160148944   -7.2402514825   -2.7099364078    0.0943686896   -0.4365793946    1.1996615674
   1.8259290218    8.4323527270    5.9229571374   -3.0836921294   -4.5354103214   -0.2141230764
  -5.2401441075   -7.9455357237   -2.0040099595   -2.7291946177   -2.1331494471   -0.7554599172
  -0.4817237083    0.8686950574   -5.5507035879   -2.6046774063   -1.4573563154   -1.2347882595
  -6.9145455338    0.5093961402    0.8618816954   -1.0206883046   -4.8927181995    0.7142935323
  -6.4344088305    5.6723624823    2.9191687239   -2.1355526261   -0.3377258076    0.5779963915
   1.9828546973   -4.7612809527    4.6612897132   -2.3028857929   -0.3345319233   -0.8008943521
   3.7757389796    5.0437137666    6.4671926755   -0.1281998657   -2.1771229012    0.0848652744
   0.3356580771    3.9036111803   -1.8387732739    2.0107255438    1.1383583923   -1.9648351971
  -5.4190783744    2.0816021796    3.2107166613    0.0933944149    0.4211619230   -2.9312566848
   6.7773644634   -5.9377017082    8.0768453871   -0.0469823327    1.8962209187   -1.7665241637
   1.1443114598   -8.0217578941    6.3698863614   -0.1522578602   -5.3031820743    0.1188255679
  -4.9684549271    3.4328043961   -1.3937235244    0.9054820452   -0.6928711824    1.0687850173
  -1.7395396598   -2.9287568781    5.2904383529   -0.4727500330   -0.7121143352    0.8132847782
  -4.0700680496    7.1641013376   -3.9893384401   -0.3394131283    2.6165909100   -0.3215093583
  -4.0972518765   -5.8343833433    4.3712277761   -0.7800526059    0.5617871776    0.4478823236
   3.7358649745   -4.2112928406   -7.8970869691    3.8817009082    3.6199306029    1.9408851994
   1.4647910904   -3.9179148713   -1.0444328122    2.3084949848    4.2057536690    0.5267868733
  -5.1471231068    4.9573043393    6.3452056800    1.8966400275   -2.5298343304    2.9960101666
  -1.9799805661   -6.8259764574    5.3255035912    1.2249677628   -2.0220660929   -2.8689265995
   7.1607319273   -6.3683019929    5.7234556733    1.1623017223   -2.1297004142    0.6286592299
   6.5445189289    8.1474396252    2.6415504712    0.3842877295    1.9480627190   -0.8912352625
  -5.1575253099   -5.6734958815   -3.8562125643    6.0397779459    2.8380379396   -3.0470098479
   1.9571834839    3.7647170524   -0.5576034826   -0.3501623866    3.3255953817    3.4466727372
   3.2221161792    2.9649244943   -6.4410768742    2.7848066819   -2.9834160529   -0.3789016294
   2.1128928153    7.2082503096    5.5071310679   -0.1513476305    1.8508820095   -4.0132904426
  -4.9925727154    4.5212753770   -2.6658400251   -1.4316997542   -2.7736638419    1.4327610266
  -5.0862775868   -8.1639615530   -7.2367785985    1.8843964523   -0.5364452289   -0.1207779791
  -0.6372499267   -0.5497228878   -1.8665267038    4.5849551883    2.9023872033    3.5707937087
   4.3318445261    7.5590757502   -5.2009965926   -1.0053382037    2.5132024687    0.5208899927
  -6.6182360670   -6.1508541859    1.8568774186   -2.3729119311    1.3654862849   -1.5103568416
   1.8819641878    4.3823435270    1.5810754511    2.0560212485   -0.9867638715    1.5373640909
  -3.9809973887    5.9155640587    5.3513241978   -0.9006864824    0.9001197541    0.9214016469
  -6.2678535320    6.0595147269    3.8878882102    0.6130849358   -1.4955143677   -1.4982906253
   8.0193069544    6.0214940597   -2.1058458821    0.3986071986    3.2063833426   -2.3608531082
   5.5795687860   -0.0752086505   -3.4798795255   -1.9531121742   -1.8745570061    1.6687309521
   7.0705487043    1.9386214534    0.9486326863    2.4791239677   -2.4538404655   -0.5921884605
   7.6171963775    7.3159554781    5.1705736958    1.2610469385    1.0560192448   -0.6187795846
  -6.0150019615    2.3995779997    7.7582989942    1.7728854149    0.7984034363   -1.6787556541
  -2.1903229013    4.1782411812    5.9915925443    0.6361576255    0.1390089635   -1.4733608413
  -0.8985879704    1.9316878305    4.2086343397   -0.5627684558    1.0385159292   -1.4999906339
   5.7302081157    7.5827739560    7.9964383701    0.0420016167    1.0461192934    2.6187612191
   8.4805019237    2.1812850526    0.3023331610    1.8769494567   -0.4279037274    3.4414936338
  -6.9243563714   -3.8034843217    6.7281697817    1.3803239702    2.1880432244    2.9082008055
   1.4249211255   -3.2888981723    4.6108776033   -1.3314599212    1.3523214318    2.9568431569
   6.6350087477    7.1670463720   -2.8955446989   -0.8852597941    0.5127920093   -0.4677564270
   7.5238420692    8.3382554774    5.5498170063    4.4197150376   -0.9608142665    0.7752525628
   3.0240602638    2.1803972173   -5.7005790578    0.6271694687   -1.4532555994    2.4582868723
  -0.5399277961   -7.2400306658   -1.4084612878    0.8964226245    0.3868682564    0.9976023332
   6.3277295507   -8.2703573502   -8.4463102572    1.3949157662   -3.4820597622    2.0501680311
  -4.6390499805    8.0993510469   -3.8220829083   -0.7125637534   -2.3133690797    0.0456174459
   3.9257336973   -6.7023087419   -0.6274052822   -1.4544792394    3.4783368189    2.1961524975
   5.7297837914    1.2464268321    6.5813821975   -0.9825866562    1.0031893499    0.2781327326
  -8.2713105861   -2.6361590999   -1.0477455104    0.5051237300    0.0713921116    1.7020828010
  -8.1213826126    2.9913854794    7.0156896725    2.7174901751   -0.4464274746   -3.2806152213
  -2.7821507461    3.3695359036   -4.7577289067   -1.9093118685    2.1971549674   -0.9542025064
  -5.9666883086    7.7921159312   -1.7058742732   -3.6529735713   -1.9032449780   -1.6743024983
   6.1704702698    5.6746444374   -1.8703479431   -1.3960957065   -0.7106528538   -2.7344707511
  -3.2758233253    6.6292952456    5.8471042708    0.5371440196   -0.8958981429    1.6396832758
  -7.6231646591    0.4548735606   -7.3701683903    0.8391676973    2.4856427499   -0.7478426466
  -1.7030300900    7.5152808993    1.3615787788   -2.6695018571    1.5853650262    1.1999401190
   3.3735344425    7.3549096633   -5.2358328084    1.0957756827    1.6276724560   -1.3803941568
  -1.2131200433    5.1381015872    3.2002978591   -2.6302236127   -1.4993828153    3.9829786321
   7.1546522967    6.2969808795    1.1221579377   -0.2869759441    0.7412657972    4.6025187423
   0.9382718906   -0.0779169918    1.5008542498    0.9148862978   -4.2726635747   -1.7188618270
  -1.0766819884   -7.2884141235   -7.1557880834    1.0497676752   -0.0273012567   -3.7549592795
   7.7180168566   -2.8962086328    2.6955302523   -0.3948753623   -2.1978920817    0.8789234408
   6.2956298638    1.6680428374   -5.0534736317   -2.2999452344    1.3813862162    3.1475608303
   8.1985522674   -8.2228671593   -6.0384501412    1.7454581483    1.0557871844   -0.0610927793
   7.6636633327   -2.2031810342    5.3754197790   -0.3415889571   -0.5265902041   -5.5571725493
  -1.0844592532   -0.7470131306   -0.6931587674   -0.1541173432    0.4949610852    0.6157247946
  -3.7680835700   -5.0698019988   -2.4126161352   -0.8516810933   -5.2764479261    3.1562163469
   6.5015292190    3.7395997028   -6.0314480280   -3.2907981875   -1.2668328748   -0.3492552345
   7.2361777203    5.8118454578    7.5382989159    0.8804349946    1.8568810727   -0.5378514663
   2.2902386972   -5.3261059505   -8.4207608970    0.1930160234   -2.2412669217    1.7575586707
  -2.0235267486    0.5396554257    3.2536767640   -4.0146870368   -1.2356552779    0.4283678413
  -5.5963211321    4.3537342584   -3.4583260532    2.7959898488    1.2748908062    3.5412561279
   3.2030489614   -5.7805570151   -4.3839399836    5.9774639480   -2.1473629144    3.0347174799
  -1.7498501061   -8.4197731513    0.7831962833    1.4326820072   -2.0792682148    2.3736745251
  -2.9634173659    2.1374384972    3.7095271618   -1.6444505103    3.9217905820   -0.2825656006
  -6.2212672267    7.9318492819    5.1136348267   -1.7096796167    5.6913599027   -4.1199563753
   6.4225822411    3.9819508568   -8.3270153382   -0.1864127808    1.3572638562    1.8752244331
   0.7090562020   -6.9896975427   -6.6780859114    1.3011531274   -3.9014322791   -1.7944203775
   8.1437036903   -3.7793840399   -1.9045723231   -2.4258798140   -1.7735351780   -0.5438256236
   2.0331267014    2.7249004928   -2.6796951707   -1.6392246941   -2.0702404759   -0.9050255778
   3.2202627482   -4.7614294718    5.0744003008   -2.5436414691   -2.6524594304    1.1208802678
   1.1478919245    0.4418299874   -0.9991368131   -3.2566491569    2.1596940513   -0.2567768000
  -6.5893612673   -4.7455762561   -3.6255809466   -1.1596881544   -0.4904119947    1.4983706269
   7.4619607527    6.4292118755   -5.3531992031   -0.3878411265   -2.1985113228    0.9719882627
  -3.7419307685    5.3375700814   -1.2887638091    1.7376718325    0.7319205394    1.4280849746
  -4.8140674816    5.5637118450   -3.4358938075   -1.7752762846    1.1032213432   -0.3650457632
   8.1623425224   -6.4681720213   -2.8689772930    1.1393462806    6.3617363873    0.9545772171
  -3.6761177435   -1.4157590488    4.8704886587   -0.8521428195   -2.9930778532   -1.1851121416
  -4.5141132743    3.5588386389    7.0175010206    2.4819525120   -1.2908572948    0.9448600527
  -4.3873681862    0.8463985355   -5.8944710644   -2.3672625586   -0.5510065929    2.7896957567
  -0.4819089381    2.6940977617    1.3990004533    2.8021665660   -0.0788941941    2.1270236466
  -4.9213633318    1.8432248287    2.0298247883    0.5486206849    0.5986413350   -1.2090856072
  -4.6784042890    0.2786195494   -7.6326548147    2.7647763505   -2.4755673259   -0.1671363571
  -0.1933462624   -4.3402240789    0.4217531780    1.3208159296    0.2812730153    0.9667627220
  -5.5886081485    6.1323787724    0.8697827433    0.7006189685   -0.6540368633    0.0060863479
   4.1503295475   -6.6531264879   -4.8465706881   -6.5984524449    0.9770190243    3.9555031809
  -0.8331601125   -2.2703409757    1.0951398188    4.8948034500    3.5689684199   -1.3910496096
  -7.0296751048    1.5948297809    3.6779170510    0.0210648055   -0.2362337760   -2.6913120931
  -4.3026076132    3.7365041726   -2.5498923510   -2.2393296549   -0.1657419308   -0.5896622328
   4.0755767957    0.0908442233   -7.5400236049    1.1599778489   -0.6792736894   -1.9711562322
   3.1486343990   -0.5944073110    8.1541795664   -1.0935380876    1.1017573553    1.9814454234
   6.4650556210   -1.1897797122   -2.4733526611    0.0444937986    2.2158307469    0.0121708353
  -3.9404313491    6.4212261179   -4.8330670110   -1.6234766845   -0.1965150737   -0.2938663952
  -7.3891965007    0.4530154832   -4.5559358845   -1.3129883840   -1.5991332191    1.5985335214
   5.3796363026    2.5176953257    3.7765555585   -3.6376138239    2.0686267841   -0.8385866571
   3.7926112598   -7.4823362943   -5.2666924478    1.3500294852    1.3943287337    1.8719299466
  -2.8027145816    4.3503648369   -2.2569040628    2.0134963669    2.4466933306   -3.5387716709
  -0.4504235078    3.6114662273   -8.5310013718    0.0831436819    0.3954153257    0.1713858515
   5.4347325548   -4.7538750576   -0.8424508123   -1.5661609867   -4.4503083704   -0.0905314983
  -6.9634969433   -1.7910063072    0.8041980553   -1.8332759365   -3.3394605693   -0.6335173304
  -0.6821154690   -1.1572772122    6.0254717059    0.4639243630    1.9891288734   -2.6187711477
  -0.5735141549    6.5269875512   -0.5321786164    3.1575563808    0.2633875377    1.6265445864
  -8.1101997884   -0.8221589751    7.4201063632    2.6525176606    0.4191848949    0.6832813827
   4.3228796125   -3.8330392829   -4.6751745128    3.6423897495    1.0277360995   -0.0117741097
  -2.6478733889   -4.0519488887    6.8249732919   -0.9753459638   -1.3504536656   -2.2174238729
  -3.4731460355    1.6079881188   -3.7760559606   -1.3975683478    2.9760919673    1.9793047300
  -0.8518858958   -0.2487118640    3.1070875261    1.6437669973    4.1305203251   -4.1984071198
  -5.9859271437    0.5693099014    3.2697620062   -2.1624880279    0.7197273281   -1.4212341658
   6.1781715465    1.4989512771    4.3401836155   -1.8955284804    1.4153212376    3.0647427679
  -7.8101232523    5.9701501043    4.8155803254    1.3526391890   -1.3331453714    0.3692452746
  -7.9816203380   -3.1584736625   -3.8599995731   -3.9343524016   -2.5048512392   -2.6115868242
  -5.9913684449    0.8427875136   -5.5827205701   -1.7899941453   -0.0155423445   -2.1530593134
   0.3865728397   -0.0441339878   -2.3401392490    1.1924497648    2.2840143791    5.0612512239
  -5.2639331783    1.9841374111   -3.5323797510   -2.3851254714   -4.8673932240   -1.6681713559
   0.0230517125    5.7449644292   -5.1200771553    0.0014685927    0.3679292303    2.1306904806
   0.2946380106    0.1045107190   -1.0468622332    2.9070338723   -6.8463122722    1.4340836240
  -0.6349115824   -6.3844762941   -5.9712252643    2.5002517436    2.6060502252    3.2877728728
  -3.4586131766    4.5781910608    5.3633638316    2.7580481573   -1.8410870486    2.3225165031
   5.0283741445    1.8835874439   -3.4790661579   -2.3499406767    1.6432981597   -0.2367171262
  -1.6360694969   -4.6876296329    7.1018360368   -0.7045961043   -2.8415449966   -1.9271184691
   0.1882527235    1.6068250723   -6.2928247481   -5.0897180459    1.0271650982    2.4724784323
  -2.3838905836    1.5221524566    1.6022374763    5.9884755227   -0.8874635123    1.5350454732
   2.3538226288   -1.1913511676    2.0213698719   -4.6652893930   -0.0116626499    1.2187140683
  -6.3178108585   -3.6085955159   -7.4781236308   -0.3859324168    1.9749886747   -0.1998923893
  -1.8512806648   -3.4160268913   -0.6831282048    0.3290237631   -0.4262800257   -3.7291860254
  -7.5545753273    8.0922505810   -3.7699142298    0.2557540887   -1.4394082683   -1.3337485915
   1.1731996749   -7.2008633973    7.2130358938    1.2194224800   -0.7328844410    1.4824164346
   8.1469884815    0.0436993289   -4.0550805956    1.8490678962   -2.1236100971   -3.9999572791
   0.9074623145   -8.5303609918   -8.1312420391   -2.1805921340    1.1437866128    1.0295982477
  -1.3664476169   -5.2993558153    4.1666569689    0.1891201013    0.5335907744   -2.7534438874
  -1.4206587904   -1.3872179649   -3.1363752441    1.8014493552    1.5077104068    0.9792986416
  -3.1220833098   -0.8034141617   -4.4119151060    3.1750316947   -3.6629227242   -2.0277689713
   6.0069371923   -4.0472458312   -0.1392745415    1.9388709986    0.0813448816    3.7527686055
   1.7100022823   -0.3902672591    2.5954390368    5.1781643484   -5.4775626929    2.3274744131
  -4.7813583702    5.3229431040   -1.7562762885   -0.6163733600   -4.0585445564   -0.9253460274
   8.0314090289    6.0587443481   -6.1124770830   -2.1836735050    0.8392539287   -2.0501904893
   7.9723857339   -3.9062305259   -6.1369547218    1.3322838011   -1.9821968746    0.0522539715
  -7.8555854045   -6.0276411647    1.9214229498   -1.6272172022    4.8090251099   -1.0188727686
   3.3862890485   -5.4098465310    3.4031464687    1.0513177142    4.0993849629   -1.4008013630
  -7.2294835419   -3.9976226525   -1.6273804191   -0.1920324037   -3.9142394895    1.2252788224
   1.7701300752   -7.0875741541    1.9971572453   -1.0929085444    0.0828832629    2.5322307040
  -8.3551665115    0.1030641403    8.1897052465   -1.6905067125   -2.4464341049    2.2984768690
   4.1383072755    8.1529056850    6.1032580600   -1.8954878910    0.6501896013    1.4639257325
   3.6622014837   -4.2505694243    7.3655028282   -1.5436313864    4.7463407903   -0.2225697643
  -2.4613532594    3.8733891686   -3.3799402076    1.5267153533   -0.0991758153    2.5260726762
  -1.3641500371    0.5604598267    6.1697703998    0.4361798906    2.4629555629    0.5834303153
   4.8581727110   -7.8306342162   -0.0706578059    0.6735679892   -0.3046218256   -1.6069445201
   1.1099966011   -7.8456683025   -3.0519789870    3.0129573052    0.4324364745   -0.9046759258
  -5.2037272280    4.5628257536    1.9091369875    1.7195811994    1.1417255440   -1.4301687179
   6.2454626753   -8.2667701195   -4.7481351761   -2.6593526397    0.7499023073   -1.8099712534
  -6.6687211596    7.4848436499   -4.3058580198   -0.6311778026    0.0010854458    0.6927092770
   5.2757095549    6.8728909000    8.4435124394   -2.8839022730    3.1417273699   -2.6401521871
  -7.2256083547    4.9239240414    8.4116918669   -0.8521940208    0.3749979677   -3.3780064582
   5.3319035877    3.7723601205   -5.1840668282    0.5424939852   -1.9590563420   -0.3094817226
  -2.9939553521   -3.1409549127   -0.1556415694   -1.1695431351   -0.9582949925   -6.4364225600
  -3.0508620723   -4.3456672022   -6.1522188446   -5.6761146665   -0.3187015506   -2.6304229030
   0.1319472472   -6.8422720585    4.8513777739   -2.4182598623   -2.6736830022   -1.1821351896
  -8.5166609970   -7.6907591961    1.6180415221    3.3336814157   -0.6021119316   -5.0149350117
  -6.8376169867    7.4211480846   -0.4607747401   -0.4314559415    2.8364807064   -3.1877771398
  -2.2606221465   -7.0135095843    6.2201173774    2.6813941185   -2.3277877335   -1.1352738665
   4.7084989640   -1.7161694452   -6.1414362740    0.5259873235   -3.8358958062   -2.9384208977
  -4.8105329477    1.1691539193   -3.9815107841    3.3974242373   -2.7213153923   -2.3343920065
   3.8407250375    7.7003062061    2.6760920024   -2.3909944477   -0.8290175885    2.4508399464
   3.0277620845   -3.6131254133   -8.1813759556    1.9484781035    3.5941109667   -3.6264120734
  -0.7164558058   -0.7967857696    4.7317722976    0.4435858579    0.2637929620    0.1146526465
  -5.7104328730   -6.7287324354    6.2111182722   -3.2445461632    1.5500156084   -0.3672723559
  -2.8268724399    6.7978326492   -6.9635849786    1.0313954696   -0.8219906351   -0.7415153265
  -1.6692529231    5.0854349074    6.1711937745   -4.4037556078   -2.0608512815   -1.4444877970
   6.2756813440   -0.2811964579    1.3929648704   -3.1276851013   -1.4863843178    0.1324349173
  -4.3305551350   -1.6494919437    4.1792938310    0.6683977568    3.4342311394    1.6811839302
   2.6947709168    1.5125019086    7.3495852993   -2.3635766424   -0.5605978510   -1.2887306624
   5.4185911595   -7.6144308706   -5.0536566906   -0.6634410044   -0.3798986626    2.4628288571
  -4.6630911161   -3.6268240880   -7.7529818662   -4.8480590717    0.6351067202    2.3543290216
   3.0248870519    6.9550909010   -3.7696565253   -1.9149507288   -1.6722267130    2.2357473757
  -2.8159699677    8.1861810476   -1.2442532192   -2.6212259206   -1.8360510699    0.7536075146
  -2.4750590644    2.7843512065   -8.2191128702   -1.4770699154    4.4553948384   -5.2343703610
  -1.9995155029    3.4823572806    5.0124183758   -1.3611276867   -0.6129842884    0.2426800746
  -6.7367266688   -4.8645351258    1.3989257402    0.3012052028   -2.5124166705   -2.2664704693
   7.9950149216   -0.8964484768   -2.8206677913   -1.1393340117   -1.0996325874    1.8744262972
  -0.2477730296   -3.6434383910   -7.2951825731    1.5336579466   -0.6724509081    0.4442942940
  -5.1377547138    6.5880290652   -0.5375852771   -0.8503966452   -0.0669897591    3.8306841896
  -3.6001154218    5.9378867397   -2.3498392552    2.5598634384   -1.4073162620   -1.5076438265
  -6.3911509470   -0.4521278833    5.4316475145    1.7370868184   -1.8636412686   -2.1898189854
  -6.5223910252    1.8638767212   -2.4211360216   -4.9674873002   -3.6920013157    0.4898098133
   3.6885997684    1.9025371241    2.8998972982   -2.2343395173   -0.3726445208    4.6013056141
   0.2254781720    6.0771498998   -1.9223108280   -4.9256098981   -3.4985539100    1.2663474900
  -6.1245642913   -2.8905083543    6.6786337267    0.8275548032   -0.0044189551    1.0092448389
   0.6863304226   -5.9984524278    4.0888275487    0.2219352479   -2.2302374260   -2.3762506444
   7.9233443875    0.9271055055    6.3939865030    1.9099117644    3.4666598055   -1.0074646197
  -1.7088092810    2.7896737201    3.5757645162   -1.9475020276    2.7206677415   -1.6174650681
   7.5670100184    4.7930401752    6.3257043637    1.5127784939   -1.9088058177    3.1890317076
  -6.9462208642    7.5189004202   -3.0529853985   -1.9743501794    0.3398693211   -0.5300736517
  -0.7284606164   -0.8085200981   -5.8941389782    0.9087788735   -0.4432138945   -2.7678507555
  -4.5570803593    1.2484791453    4.6938377735   -0.2917128563   -0.5189808035   -1.9019121898
  -1.1260554183   -3.2467427586    1.7411707278    3.5913326955    3.2550195673    0.9089261731
  -8.3449030913   -6.2215298684    2.9904467846    0.3719265008    2.1144195911    0.9544529437
  -1.1028533138   -0.3695977821    6.0897375467   -1.3635972587    2.0938107028   -4.7067656510
   0.2866447644    6.7280425842   -8.2211101687    0.7037865138   -3.4650489155   -0.1269283691
   6.5001700950    2.5100487548    5.3120761054    1.0348941189   -0.6637042430   -0.8172305780
   6.4248039794    7.5406677247    3.6927838009    0.4119458073    1.9758445484   -0.2794377984
  -4.0650058610   -0.2266263093    0.6094703822   -0.7642003725   -2.9056784328   -2.1532949015
   6.8419314632   -3.9563570958    6.5884462168   -4.2409810416   -3.0552188723   -0.3311388394
  -2.1376944188    5.8544732644   -5.3315844856   -1.9501110591   -4.1459754971    1.2198108572
   5.7521783060   -4.7732317684    0.6397270000    2.5004248071   -5.9230340010    2.3927510605
  -3.9126886138   -4.9698280309    0.1434564556   -2.7118488531   -3.0842525646   -1.9363488446
  -3.7527644803    0.0957264072   -2.8800806059    0.9872305786    3.0238884265    1.0759483448
   1.6836419966   -0.7213770353   -8.1857130348    0.2318741789    2.8129871220   -3.4550256743
   5.3553062536    1.5540505108    5.3703148158    4.4097190923   -4.3956234321    5.3336268813
  -2.8470200643    7.7777677351   -3.6139378598   -1.5435834800   -0.5718681063    0.0257968427
  -4.8881005136   -1.9062928107   -4.9660392526    0.3894473889   -1.8537541061   -1.9889468052
   4.4464850551    2.8817354778   -4.1097440237    2.9106707001    0.4883686013   -2.7553970570
  -6.9033739057    3.7118231696   -2.8657529881    1.4759884097   -1.5105554179   -0.5522091828
   5.4085159121    1.4306343871    2.5450918270   -2.5944675555    3.8228658269    1.1703016971
  -3.1165719473   -0.0477247999   -5.4019202077    1.2361220688   -0.8106625830   -2.9490153591
   2.1492983961    6.0869874005   -4.0225767943    0.3796913485    1.0418144265    2.4106551854
   0.7788371914   -2.9968357831    0.0179103638    2.8093753880    3.1051756012   -0.3108794162
  -5.6621585330    1.7949830845   -6.5365779430   -1.9338422805    2.2557099575    2.4904355351
  -1.0801119528   -4.7772946431   -5.2030906981    4.0230615500    1.0102942899    0.7004900655
   7.8285169539   -3.2903218577    3.6855630965    3.2963198204   -3.3154844283    2.8640024283
   7.6703785261   -0.6118393691   -6.5166963969   -2.4379740266   -0.6791359572    3.2927995358
   3.2884193255   -2.2570683888   -5.3472821531   -0.3564138660    1.8214133960   -2.5015576988
   2.7061008492    3.1594527776    0.9177555714   -0.6904792553    3.3829770609   -0.1943244576
  -3.7921811823   -8.3375796892   -0.1016712539   -2.7291745141    3.2591506222   -1.8457017468
  -7.4092719829   -0.3121983404    3.0988179531    2.0066419105    1.5655743616    0.2214312624
   8.0686594237   -1.2771462756   -5.9266240358   -0.1677316319    1.3785853148   -1.5278458381
  -3.9503018282    6.5368601789    1.9634215450    1.5338736920   -2.5901709530    4.4195355821
   3.0653005039   -4.7347513610   -4.8084061948    0.3377626071    4.9650963426   -0.2057400134
  -1.8394705087   -2.3810796122   -1.9802589743    0.3696030955    1.0937556589    1.0057723541
   1.3654077142   -0.5973317025   -5.7579696206    1.2388084525    1.1881898304    1.2690024018
  -7.7516870040    7.6583541911    0.5660513337    3.9391032156   -1.5594142993   -0.8039227085
   1.0448373418    4.1865448020    8.1109795912    0.6416973416    1.9153566970    1.6209773477
  -6.0812956737    2.2146395570    1.5628043527   -2.4935385672    0.2395053267    1.1578465169
  -4.1565748474   -8.2167716996    4.9512687404   -2.1329772117    3.2010574385   -0.4256914690
  -2.5237789165   -7.8258473069    3.5186220860   -2.9968372436   -1.0489115985    1.1202241019
  -2.9021398602    1.0544391358    0.6920423752   -0.2490389666   -1.0846324353    1.1824787392
   1.3095836392    0.0193441463    4.3423159945    0.2146708740   -1.4676535860    1.6534946398
  -2.5351452893    8.0970567428    1.8416393309    1.3137852721   -3.1941807207    4.1012767812
   6.1401491486    4.1227189369   -1.0584085243   -0.9201731534    1.5427092291   -0.4226902327
   5.3127212650   -1.4498067535    7.2334161497   -0.7059343482   -1.3661153661   -2.3791350523
   5.4414746020    6.4708026450    1.1235352558   -1.1221212344    0.4190482568   -2.0732448175
   5.9137411501   -1.6882192092    1.0624766939   -6.2633148043    0.0680172426   -1.4212876380
  -1.1524872463   -8.3801431463    3.6054872033    0.3189491716   -3.8440138406    0.4811014052
   2.2511945002    6.0239938781    7.8474349488   -1.2451683631    2.9949699603   -0.9947629856
   1.3194791743    1.7482506302   -2.5805628013   -2.3477667274    0.4433081130    0.4983055883
  -3.7955624682    7.5059289905   -0.4275836051   -0.1755292297    6.0496643643   -2.1670753003
   4.7059387132   -0.4364158280    1.0488839999    2.1393794095    2.7007348436    4.6973110356
   8.4279093495    8.0689030929    6.6640872696    0.9649688151    0.7860929001   -2.0636461533
  -5.6431704832    5.9272083687    1.8603673915    1.8111829914    0.6219427815    1.9479558530
  -0.1178337651   -0.4996334303    1.7342286739   -0.4816759944    1.5668144368    0.3017637751
   5.7363201113    2.7136425956    8.3298311645    6.4626751619    3.7325124774    1.3569966151
  -0.9589405962    3.3686560208    3.6533606637   -0.8599858636   -3.0967836224    2.3752723838
   0.5013964945   -4.3507707559    7.9067035031    2.0520134302   -0.5052360028    1.3775803605
  -1.4645543410   -5.8853407603    0.0076713386   -0.2954378655    1.0652122382   -0.0956726865
   1.5947459154   -6.2899188056   -3.6484444501    3.2764608620   -3.2507766802   -1.2122775760
  -1.8804411255    3.7824661609   -8.1752613612    0.8133069629    1.8935235923    1.1489840131
  -7.7140133308   -6.4173376145   -3.9993594770   -3.5282812034   -0.3302446485    2.5371287325
  -2.9675429576    6.5430363978   -1.6365595893   -2.0656821262   -0.9879621866    2.6661975818
  -0.6223104929    8.2663421953   -8.1223318144   -0.6296101516   -3.6518639100    2.1065278595
  -6.7768118441    4.2978662178   -5.2114801714    0.0141703814    2.6471827728   -1.0655291331
  -1.0678783856   -8.3924261264    8.1563765426   -4.9160251203    4.7950414353   -0.8139316425
  -2.9315808071   -7.1809997036   -3.9131261578    0.7533997585    1.6393187451    0.6884033732
  -7.0806061139    6.3523953944    1.8038007500   -7.7171892463    1.8393532866   -4.6284429812
   6.4880535759   -1.1825325141   -6.2268407779    1.3937970694    2.2302928646    2.8163886553
  -5.5599728112   -3.2680649814    3.3390549428   -0.0224860561   -2.3376102123    1.2245535788
  -0.1217207200    8.1333627022   -2.2453285174    1.3498828395    3.1692096394   -1.8353345857
   3.5377149311    6.7779264085   -2.9119651549    2.1595556769   -3.1640171223    2.8472986278
  -3.1532701911    5.8199160798   -7.7533666045   -0.0553794495    1.6414755644   -0.4806641843
   2.8717101412   -6.2749145116   -2.9172526287    0.2881009835    2.2765769293    0.2930842683
  -4.3916289457   -5.4502055877   -4.8891461453    1.3780328451    1.9120369340    0.6254742151
  -4.4028047798   -5.4772099599   -1.7045726694    0.5992158878    1.2163216402    0.6035941246
   6.7901846606    2.4211534335   -6.2754392077   -2.7362091935    0.2785802981   -1.3267691561
   7.8843823993    3.0833146705   -1.7267317277   -0.8305141654   -0.4254842120   -1.6263324539
  -8.4225351353   -4.1257507338    3.8711648862   -2.8876620609    5.3814681635    1.6627066171
  -4.1686743084    4.0806613189    7.7922585086   -1.1516168415    4.5965886689    0.5578014827
  -7.8201123247   -4.1851541084    0.6683679319   -0.5514135249    3.4609544030   -2.8122800912
   2.1247288233   -5.8200845743   -4.8479573977   -0.9228080884    0.6256687376    4.1019461842
  -4.6549035884    8.0100929038   -5.0556758422    2.8407559890    0.1194227472    3.8073396499
   3.3785639100    0.5416382944    0.9498756896    1.8171383367    1.6988829457   -2.5313045901
  -7.9872786080    1.9192373151    1.9833307635    2.5167861497   -1.6608823378   -1.7421859237
   4.9916520396    4.7311937855   -5.2953175013   -1.2593334872   -2.0851367060   -1.8262653403
  -8.0358184421    3.0581005935    5.1590446296   -1.0418878464   -0.2655012871   -4.5352719803
  -3.0785542555   -2.2311756165   -5.8960366196    1.3255143773   -2.6724686040   -0.3515328536
  -0.0080825384   -2.7516813576    1.4895384412   -2.1564293659    1.1022665558   -0.5427816214
   5.7294081391   -0.5681463845    6.5262778780    7.1434191630    0.2525458416    0.0988841746
  -2.1652134965   -2.2534161889   -0.4911605427    1.3155451904   -0.1498697931   -0.3277947891
  -2.8913848091    3.4464456623   -0.0840043391   -5.7402965868    0.5945822757   -8.0649329207
   4.5521532309   -1.2842042087   -7.9586350707    0.9102607352    6.4490921069   -0.3559925560
  -3.7586753292    4.5802182783    6.4494892403   -1.0327160602   -1.3863904765    3.0165209268
   6.3744785494    1.1546939233    8.0639499535    2.8904239565   -2.0651668064    0.2879190408
   2.8690926580   -1.8296025156   -6.7847810050    0.3302836539    2.5488794795    0.6219146225
   3.6977485063    6.7401088409    5.7447489486    2.7037943338    4.1611743436    0.2503336743
   1.3276492680   -6.4268237116   -5.1998996214    3.0067530056    1.6321459835   -1.8767633601
   5.6697853571   -2.3743732352    4.4496772417   -0.5757270555    3.4389610576   -0.6919689554
  -5.5283173435    0.0187986514    1.8463273208   -4.0082405481   -0.5916301150   -1.2618215204
   4.5358279951   -6.1612242770    0.7443415395    2.2880405362    0.0039901576    2.8729888890
   1.8986592815   -4.8790789945    1.0318492986   -1.5106554604    2.8331305963   -2.0450968112
  -3.8657596230    7.6186684834    2.4096175272    0.4212624887   -1.7995159806    1.6800149120
   0.8353234185    7.8725353828   -3.6394838482    1.6096285667   -2.0779121286    1.6317265987
  -5.5490834490    6.3293777241    3.2112401330    3.7457111400   -0.9215411354   -2.3294893250
  -2.2788848051   -7.9773354820    7.7100096383    4.9087767466    2.0537745134   -0.8190696722
   0.0779867992   -8.1699321403   -0.8681894751    2.4551185483   -1.9087812816    2.1484886776
  -6.9833799178    8.2581455442   -6.8985778569    4.1811221383   -2.9994118167    0.2452444623
  -1.0990529380    2.6746228559   -1.9115649187    3.0392582087    2.2081508275   -1.3523549947
  -4.4622864164   -6.1478768620   -7.3233097654   -4.6614438468   -3.1166129629   -0.8149011761
   2.8402410411   -0.5400122916   -6.1721879598   -0.4740181832    4.4650746571    0.3047693726
   3.2909182765    1.1188845426   -2.8000513093    0.0886658808    0.3173761148    0.2506332973
   6.0390554684   -7.1114619613   -2.4193925250    0.2212990727    3.7112914450    0.7941396430
   5.8116537736   -8.3125731492    6.0783546225   -1.9123749704    2.1578007657    0.5317577678
  -8.5079534113    0.0684425266   -6.9997398988    1.4377023212   -0.3502915212   -1.6315131011
  -4.2186332331    2.4251516449   -6.7216260343    0.9924753373   -4.3310818163   -1.1882829983
  -5.2979142336    7.7739637152   -2.8567599623   -3.1733630725    3.8665336996   -1.8601859795
   1.3989758763   -7.7072839338   -7.7573398691    4.5550106693    1.3100727248   -5.1813596790
   2.7669210614    6.5231660043    2.3562090217   -0.4325262803   -5.0846659271   -1.1278251357
   4.3321782594   -4.2454286480    4.7137570262    2.6790049325    0.6571345189   -1.5737521114
   1.7622419839   -7.7400941966   -2.1814073943   -2.3812383565    1.6103051446    4.2008484924
  -6.9601204167   -1.9208387422    2.9775012536   -0.9269106637    0.2099336593    0.3934076770
  -7.9567277644    4.3797401874    0.7919588034    4.3893669045   -0.3483167156   -0.9265192654
  -5.3512904387   -5.1143720170    7.3044969155   -0.8639567924    0.7656202638    1.6996856085
  -1.6003841514   -2.4708221846    8.3289020849    0.0201187692   -1.6701800237   -4.3144472546
   5.8248911279   -4.1151160434   -3.7914707080    1.6019813937   -2.3183087851   -2.1561847473
  -6.1416843459    6.5243798217   -0.7303299813   -2.6982239915   -1.3397452248    2.7310930771
   7.9861287191    6.0611438619   -4.4492851833   -1.2301928832   -3.7641337085    0.5075305929
  -1.0645812678    0.1087351104   -5.8355749110   -0.3011826455   -1.8323386710   -0.2274140981
  -4.8392639601   -1.0600071070   -7.5975396132   -2.0035148442   -0.8484770897   -1.0608704103
   1.6829126310    2.0540335814    7.9588710677   -2.0389281611    0.5387861887    1.7796801236
  -3.7929668509    3.0822872216   -4.2460101071   -0.3924012948   -0.8828213861   -0.9260210431
  -2.3261209840   -6.0794160350    4.4504007066   -1.8194176127   -3.0002270655    3.2003906250
   7.3381668044   -6.6103124679   -0.2436115411    1.8384398057   -2.5385081078    1.7283996238
  -8.2361489870    7.1641384009   -6.6706828113    0.2102970501    0.1458998680   -0.3860383063
  -7.6610149340    4.4330598198   -7.9209931212    0.2919593807   -1.2781210595    0.0664986894
   4.3846913055   -0.8714597585   -3.5947900215   -3.7580162046    0.7305690498   -0.7933624084
  -5.4913457938    7.8012919114    8.3718904936   -0.7326332778    3.3276869584    0.4387873587
   4.3339949016   -3.0991273472   -5.9965747356   -4.7006363228    0.6134537504   -0.4443821616
  -5.0986779516    6.2630771441    6.2257159417   -2.8484825499   -2.3821144473   -1.0879717790
  -0.0619577219    4.9629085043    7.1204268330   -2.3944272009   -1.1108254914   -0.7336236336
  -0.3498877198    2.2120771647   -1.2856854652    2.0825224356    2.8752396134    4.4275142900
  -6.5858303156    3.3222350086    7.3215381767    1.2265093360    0.5879538477   -0.0093595461
  -8.0185349658    0.3269499369    6.8001926856    2.9103768520    0.8293171802    0.1022645654
  -3.9736562611   -6.8983411599    7.4314728765    0.0123602152   -0.3689447548    3.5506487714
  -2.7828632637    3.6507995910    1.2774457678   -0.8858074522   -0.1094441500   -2.6436008996
   4.7833695247    2.8688631199   -2.5818465010    0.7005281569   -0.4594459599   -1.0087363038
  -7.9838079561    1.4619296243    6.1309819678   -1.9738219133   -2.6887087565    3.0979880937
   2.3373768005   -2.8885225626   -6.8444536077    1.0849312748   -2.8102097937   -2.6074129729
  -2.1958603732    6.5585721923   -6.1045262507   -0.7710521945   -0.8070255294   -0.2887334527
   7.5820639070   -8.0715572742   -4.5806063741    0.9207529547   -0.3194573462    0.1476191485
   1.1637562172   -2.2210547944    4.1145109744   -2.9915952809   -2.0546243239   -3.4164623425
  -0.7083116926   -6.1516944155    5.4688776137    0.6987836477   -0.6814869772    1.4162434528
   0.4317389950   -0.7159842189    6.9051175941    1.6383577897   -0.0330842860   -1.9134121823
   5.7180151779   -7.7083743943   -7.5071624550   -0.8574257439   -0.7912872047   -1.9866525598
   2.7638224240    0.3552773462    2.0234295148    0.4723580021   -3.2352901362    1.2153345522
  -8.3469898859    4.9128853267   -3.8256459304    2.3448347737   -2.8333262520   -4.9349451214
   3.5162349234    7.7255793681    0.5661357083    0.5397152545   -0.0915246467    1.6564258812
   4.2319404611    4.8154262080    3.5088340652    0.1614349341   -2.0924838031   -2.4467541890
  -4.7644051748   -4.6218599443    4.0753357748   -3.1430594645    0.2630077418   -1.6862384238
  -8.5379044472   -7.3122728661   -0.1719143685   -0.1253404740   -3.4685996860   -3.0929583219
  -1.5261146387   -4.6073717816   -4.2863372572    0.0922327329   -1.0690294088   -0.2727724080
   0.3266307913    7.1262953497   -2.4252032543    1.1322122426   -4.9982549521   -0.8562182981
  -5.9844611101   -0.8313069583    1.5536181066    3.8388264439    5.0113079317   -0.1635603406
   5.1700409766   -0.3875667032   -2.6462550075   -1.4913792565    0.6796017899    0.2543412886
  -8.3847798478    2.6976805892   -6.7451957600    1.0341404921   -0.6813334996    2.2647699620
  -1.4594258533    8.1921558593   -1.2759364897    1.3255796225   -1.1898455580    2.6495360302
  -6.4853455116   -0.1336461251   -3.2653889865   -0.5998335097   -0.3454126740    0.0244665601
  -3.1481681795   -8.1470336979   -4.0536771435    0.9597213413    0.0968780112   -3.0404106050
   0.0507493423   -4.0494783376   -3.1379377325    0.1417685749    1.3845180645    1.9981249524
  -1.6683159295   -3.9633536063   -1.3789453262   -5.7420119985   -0.5980310071   -3.5868081423
  -4.0410459870    1.8211456564   -0.8643862479   -2.4076602342    0.3161211511   -2.3642418407
   7.8075692217   -2.0513709318    0.7968404586    1.0961341147   -0.1158513125   -0.1933947982
   6.5511075871   -4.5273307940   -1.0468769737    2.5292065481    5.2433102442   -0.4168995748
  -1.3790061420    4.6560035656   -8.5078367955   -2.8045335212   -1.1132600923   -1.2797058950
  -8.3671598651    5.2230995395   -6.3327331867    4.1459606191   -2.4587025761   -1.6450506228
  -1.5810190952    5.5259391544    1.8809904275    1.0439670309   -3.7417979581    0.8739093517
   2.3022740877   -1.7805424554   -8.3816179795   -0.2253350426   -0.3485251603   -1.0927901355
  -6.7170388883   -0.7907861653   -1.6982790340    0.8907118692   -3.6381724826    2.6729007261
  -3.3393055742   -1.1282873247    1.5125493631   -1.6005038522    1.9274008845   -2.0942403441
   2.5241559689    4.7381242048   -3.1861060555    1.9729181800    2.9311961104   -2.9544791137
  -3.9016878290   -7.6327488114    1.0090044345    1.2343490519   -1.9509439139    2.3054402271
   6.5934119970   -4.8987225120   -5.1465495022    0.7975827746    0.3731802642   -0.8083280155
  -3.4641278821    6.6579273669    7.7813339287    4.1892822951    1.2267536510    1.8408609428
   5.6927469340    0.8449897885   -3.8837527375   -3.1994994627   -0.9209666942    0.4404483349
  -4.7930738634    3.2817255372   -7.5746535363    1.3428693152    5.9703274947   -3.0392085021
  -0.6220840000    5.5685384127    0.9226244203    3.1245148812    1.8480140485   -0.2697813365
  -3.0741562178   -7.1249450268   -1.8453842299    1.9217524906    0.4369323330    0.6482808614
  -8.2903004709    0.2142578799    4.5800143391    2.5487429425   -0.6071291802    0.2660435581
   5.6498940999    6.1579156873    7.3976232916    2.7026391543   -1.6477033642   -3.5836688352
  -8.2525849737   -3.7597391262    7.0755618304    1.3251618184   -2.5706009395    1.3423392570
  -3.8556769072    7.1330232090   -8.1721196045    2.3196802537   -0.9263411570   -2.1801166132
  -0.6665344489    6.7104907046   -4.5431679169    3.4827901437   -1.2004395766    2.4242923340
  -3.3200796618    6.1999860820   -5.9818650772    0.6716104837    0.4715058143   -1.0043481356
   0.3015705693   -6.8172705271    6.1454052122    0.0153240264   -1.0432318165   -0.8324005964
   3.9141212121   -5.4494476452   -1.3510733186    2.3199598736    2.3120130965    0.9108907706
   4.2437035702    6.2555182660    6.7798049802    0.3430137812   -0.4254886065   -0.5566891112
   0.2809851905   -0.7581240269    3.8131257735    0.4081684281    0.5687141019    6.5185307219
   4.6705770490    6.0439930552    1.3795021676   -0.4338108541    0.8178106237    2.7303809863
  -3.0012009023    4.9224930008   -8.2215992734    1.6684327039    2.4955493839   -0.9038437173
   3.5475683030    4.5833136168    5.5089678440    0.2099142320    1.1231951206    0.7601955740
   3.9569141864   -0.0604792712    6.2722982474    0.3596412707   -4.7478472366   -1.1271330083
  -8.2149018960   -4.3650353926    6.1570843604    0.5481982322   -1.6899128220    0.3717931856
  -5.2581996647   -6.4186433261   -2.2666791528    0.7486038798    0.6313734214   -1.9309485767
   3.0824241382    7.5727145169   -8.4718561720   -2.6576781874   -3.4327778129    1.6009148212
   0.5334431885   -4.9354516348    2.8192777209    0.2122469314   -3.2624181478   -1.3571271921
   4.8360767663   -1.5052233218   -4.5358504907    3.8124784216   -0.3706521963    3.0197016218
   8.3228311993    7.5202099091    1.8907957243   -2.5070946000    0.8186192824    1.5773105675
  -8.3057022796   -2.5840267741   -4.6132419537   -3.7093923426   -0.5342266894   -3.2251415055
   3.8050703169    2.9538526661   -3.2034645290    1.8957757198    1.1470740775   -1.2609033571
  -6.1906715956   -1.5929225818    5.3749719031    1.3410234510   -0.8452621318   -2.2806793183
   8.0332179189   -0.2973833019    2.6240542403    6.1357467791   -1.1591005723    2.8477978958
   5.7316481272    6.1417363732   -5.1932556253    0.3630329204    4.5019409090    3.4995904173
   0.5213483092   -7.7042091442    3.4089019694   -2.0189753020   -0.4042216009    2.6887418579
   5.1429088356    0.6218190911   -2.7432961350    1.3012221314   -0.2998439855    0.9335419410
  -8.2426566326   -6.1673166498   -6.1637569977   -1.2008207453   -3.1625343363    1.0393394820
   1.7050605887   -5.1602426169   -1.7571059758    0.5696548824   -2.4249445831    2.5395295305
  -2.4450944934   -4.2797639004   -0.8062697806    1.2541151682   -0.6584035054   -2.0768535433
   7.9090357440   -2.6771118789    7.3768001649   -1.2617962596   -3.1472134692    2.7340718018
   3.4788464572   -0.9989307100    2.9310779437   -0.7836760949   -3.6253265380   -0.7078675559
   8.4819921384   -2.0168234859    6.3904039129    3.1040216187   -0.1365417068    0.7546587054
   1.0963666846    5.5954714595    6.0118778320    2.7500765899    3.2513805478   -0.3692052640
   2.0349276833    3.7740963355    2.6283749025   -3.2929643341   -0.5069242473    1.3917038386
  -8.5177306030    2.7955910847   -2.3711171688    0.1401972216    4.9556527065   -3.9789374321
   2.3700568900    1.5678601082    5.4743684014    1.6165940181    3.5727101304    3.0871969187
   6.8572506537    0.4788109176    6.1456572644   -1.5697116176   -1.2647026499   -3.6166423829
   1.6032533723   -6.3068808227    0.4914159987   -2.0106365816    0.2270585613    2.9658944687
  -2.7371947383   -5.2398091202   -6.7345679939    0.9834256284    0.2881974508    3.4612848088
   2.4756522419   -6.9722053413   -0.6453932125    1.8780726657   -1.7160910039   -0.9181296913
   7.7065291298   -4.9050585335    7.6210133480   -1.3217181094   -1.9344284040   -0.8340514005
  -3.1719421994    4.3897649304   -0.1080451330   -1.9523757469   -2.0637383000    4.6683870225
  -5.5962659193    4.4270450264    2.7626604015   -2.6488913613   -2.3944501485   -0.5224361455
   4.8014399448    4.7735081629   -0.7675455897    0.8134297504   -3.0402685675    2.7737913381
   5.1778918121   -3.2072851195   -2.6276237028    2.9980752021    0.5529930811    1.9314298569
  -5.4232493476   -7.4874822304   -8.0094092063    3.4891796533    1.7725245914   -3.2957105362
   3.2691404608   -6.8456911150   -4.8592270726   -2.2860755197   -0.2259746170   -0.5056983168
  -3.1423129510   -6.1851159191   -8.4503438413   -1.4851684950    2.4728838262    1.8545132917
  -6.3104050459   -2.5188151084    8.3002827377   -1.7141959764    0.6676805495   -0.8331154573
  -5.2616667020    6.2133083571    8.4063982084   -3.6763394654    3.3511875348    1.4703383848
   5.8070564189    5.0766464623    0.7034295048    2.9090531383    3.3102670845    2.2960899716
   4.6898570808    2.9347692487    1.3722143690   -2.3384973103   -2.6360361964   -0.5585381384
  -7.6532210047   -1.4020095362   -6.4501280972   -1.8655029889    2.4145469789    0.8372078259
  -6.4688673086    2.8095266550   -3.2617858779    0.5222572865    0.2471869468   -1.0160643299
  -5.4552759147   -5.7413626894   -6.3568505183    0.0686240949   -1.8402422378    2.6144645319
   4.4631881643   -4.5048617324    0.3087222985    2.3726871285   -1.3653602254   -0.4399695750
  -5.4734087099   -2.3355541591    4.5439979899   -0.8775337527   -3.3471613090    1.2335503647
  -5.1298113269   -3.7685719795   -2.0553073464   -1.1834296799   -1.3837644370    2.2978056236
   1.5282123572    8.2614336392    2.6532496253   -5.1171477678   -1.6888238818   -0.2180958788
   2.1785278662    5.9786475417    2.8221717949    0.8630779206    0.5018743061    3.0616240906
  -1.4028805968    6.7058307947    2.3888239011   -2.5136289428   -2.7166184315   -4.2030421882
   0.8145716575    4.5038026524   -0.4626062746    4.3569735884    1.1508474884   -0.3299435275
  -0.4281486158    0.5398494429   -6.6718900516    1.2725477475    0.1938951037    1.7070511176
   7.7686855127    2.3038181731   -7.3971121206   -0.7923025863    1.4975060932    2.0894959050
   1.1316075284   -3.6959618784    7.6732603233   -1.1858656936   -1.9184876177   -2.8360375367
   4.7032386401    7.2111975053    6.5836925513   -0.2508380819   -2.9031114480    1.3538174801
  -5.9772077319    2.4261394715   -5.5603539883   -0.4382805009    0.7691652637    1.9427187349
   6.8560665009   -4.7914832579    0.2306200174    2.7040310773   -1.4485305747   -2.1870311271
   4.6177143075   -8.0130746432    1.7082067197    0.0620079308   -0.8419065909   -0.3544818767
   2.6147007742   -3.0454138608   -5.8402098650    2.0109673384   -3.4114637541    0.1771814274
   3.4087343001   -3.2631041152    6.5335371954    2.7345551958   -0.0081811392   -1.9827173641
  -8.1417201708   -1.9634694986    0.7597686275   -2.6661187665    3.8169623619    0.1734726098
  -5.0062664826   -4.7590310487   -1.4402444913   -2.1352505833   -2.5347692400   -1.3346448143
  -0.7784737546    6.2495876232    1.9388253483   -2.6182378318   -0.7753248460    4.3154179570
   3.1503010112    1.9274525167    4.9804392475   -2.4599254042    2.6605048029    2.1462509103
   2.0702825147   -1.1628632356    3.4805060397    1.9076378204    0.5246473659   -0.8580926965
   6.4357430114    6.0512000791    5.9997332903   -1.7040921709   -0.7928144334   -0.4065961158
  -4.8032184095    6.3202095315   -6.5115471336    3.5438490535    2.3379134692   -3.1685303494
   1.7527967003   -1.7972508943    1.3929044683   -0.0521133396   -2.1128401638   -2.8206141451
  -6.7607313718   -4.2263236011   -0.1411696734    1.6798269372    3.5404402736    0.5228838976
   8.2055744661   -4.9394686204   -4.9440178084   -0.0102595791    2.1074230415   -0.2973596945
  -6.5792507147    2.8885651673   -1.0583837041   -2.7810403254    0.0174270078   -0.2965296877
   5.2286348654    4.8957071213   -2.2523300191    2.1715931374   -1.5593887627   -5.2961147459
  -4.7026709460    4.9255313762    0.8007579100   -1.6413078412    0.4992608102   -0.8926810296
   2.4506178478   -7.7041200036   -7.5564870393    0.0247252948   -0.7656639931   -1.2210306514
   7.0736911249   -7.6319761536    5.8206623118   -0.0400572010    3.7273357905    1.4709101984
   6.9879671723    6.3455810425   -2.0971103330    0.1186900487    1.2235705545   -3.1756162704
   5.0755332198    1.4936237128   -1.7819825434   -0.6815123638   -0.0162590226    2.4214087817
   6.8264308867   -2.4514410749   -3.1293958285    0.5709971501   -0.0324511486   -1.0495850775
   0.4375373419   -4.8640758037    3.8658834566    1.5341304816    2.7574257145   -0.9122072873
   3.7001983086   -7.0520332150   -3.8706250808    0.5985332865    3.1361906023    0.5505907510
  -1.7067019192   -2.8123793689    4.2929488331   -3.8168669371    0.0353006884   -0.1673410615
  -4.3249226250   -7.7398525055    3.1425355520   -3.2396770753    0.8550037602    5.0705912931
   6.1286209294   -7.5969242522    4.7034165434    1.2208214446    2.6737583189   -1.7512756047
   7.6579616561   -2.3575727471   -1.5210492699    2.5524315769    1.3631022579    1.6259850402
   7.1835880627   -6.9000499995    7.6225797221    0.5771620160    1.9065131602   -1.8462462681
   4.9298822945   -2.3740922463    1.2742942725   -2.9757080590   -0.7348479757   -0.9024971474
  -6.7985403991   -1.5275496436   -7.5452973396    0.0745782004    0.2184066306    2.6572374488
   4.7716760769    1.7493025730    0.6744892050   -2.8815806884   -1.7785457066    3.0071439280
   7.5564071656    3.1993579423    4.6366192260   -0.3635696213    4.9524656517    0.2074380233
  -3.9421203924   -8.0735046101    3.9844716413   -0.7313420448    2.1285292467   -6.3349171568
   2.1357622705    1.1503837197    3.7161384747    1.3947339681   -0.9898710423   -2.2273934782
  -5.9606668685    5.0277624750    4.8869114371    0.4882353190    2.5865688999    1.4802056138
  -1.6819786831    2.7551534830    7.6603868524   -2.3082839755    1.2120094603    0.7359575660
  -4.4741605537    1.8290643707   -1.8872637421   -1.1533065340    0.4681431380    0.2120023120
   5.4777594679    5.4702756807    2.4400721080   -0.1702108424   -4.3155658758   -0.9757732909
  -4.1567560801    5.2892219524   -4.7440731749   -2.2312485402    2.7390331542    2.2273541938
  -1.5120359414   -6.0014259827   -6.4956735124   -1.1428208624    1.1998655956   -0.4733123250
  -5.1599535057   -2.1863507778    6.6756404905   -1.2728577237    1.2246944960   -0.3427885502
  -8.4239947061    6.7267808716   -4.9065826319    1.1492815903    0.2551681999    0.0806182310
   0.1291630642   -6.0840460660    2.8628350033    3.4050636353    1.3913627699    2.5651429050
  -2.6079204563    1.1620810906   -0.2794588380    2.4112982836    2.1792689889    3.1616075669
   7.2986849834    8.2692819746    6.7220613528   -1.3272505971   -0.3863632428    0.2552836644
   5.3438966843    0.6584290740   -5.5915403099   -0.3648526048    1.5736376034    0.8283082436
   7.6008271547   -8.0395150477    3.8881220552    2.0852399224   -0.3182109532   -1.5171902518
   0.5714302930   -2.3732777915    6.3861068897    2.2243994693    3.9032093757    2.3461804217
   6.4489537054    7.7678184378   -4.3588069635   -0.7767948481    5.6348023825   -3.6224150420
  -4.0743245049   -8.3673934588   -7.6922677927   -3.0165161410   -0.1952228116    1.5851506853
   7.6988698108   -4.1167063845    2.7746247276   -2.4193857480   -1.9154649452    4.0005539562
  -8.4087855236    2.9411022344    2.1887476739   -3.0595005777   -1.1905567843    0.1776332159
  -0.7249512971   -7.3475789342    6.7201327322    2.3935438877   -0.4663727256   -2.5315259024
  -3.2719922287    6.1850672233   -3.4619269439   -3.2817756343    2.1040825074   -2.5361188695
   7.3202104724    7.3571992831    7.5117934090    0.2307910505    1.3238401915   -1.1125638002
  -8.2240776844    7.0355005464    7.4750838224    2.1364470045   -0.6168881627    2.1937483321
   6.6454460680   -4.5017218794   -2.0490460045    0.1412979125   -1.2623756010    0.7402537627
   3.6099163571    7.4106604415    7.3387191842    1.1839784238    3.8206554666    0.5369633149
   0.1880994981    8.3875613480    1.6103545611    2.5739357614    1.4287286280   -3.3612640937
   6.1429808847   -0.8690683858   -3.7897551891    2.1806836665    1.7427354021    1.3542172410
   4.1063422376   -8.4965504877   -4.8057820125   -2.9667299089    1.1141593724   -0.1574919841
   1.8542548800    3.2581642158   -3.6493688724   -3.5930734193   -1.1384386187    3.6314512471
  -4.8306492099   -6.7758682699   -6.4381776879    0.9539893925    2.8928153942   -2.4003315959
  -5.2973527371    4.9043715369    7.5337279842   -1.3701540161   -0.6121783842   -1.4845995503
  -4.5958174785   -3.2269268099    7.6990702659   -3.1109358098   -0.7792120361   -5.3737659999
   1.7688280305   -0.1629874429   -3.4394880216   -2.6516095947   -2.5619391503   -1.4331742106
   4.6498489123    2.8915521650   -7.6989692913    3.3679978648   -1.9169390606   -0.5960249294
   7.8405276063    4.1361696682    7.2453815973   -1.1091678989   -0.1033667248   -4.0895428426
  -1.9474421087    3.8969524556   -0.1512437331   -0.2565127960   -0.8934216639    0.4448600588
  -3.4321715528    7.6823174259    5.2318751296    0.0223146258    0.5452719741   -1.9813705557
   0.9843081271    0.9994126548   -1.8124701415   -1.6021436595   -3.6413204313   -0.4159158731
   4.1940306075   -6.8356163948   -6.1990046948   -1.4430122863   -1.7641581784    1.8595246880
  -5.9952800685    4.5857693319   -8.4447569175    4.2135587837   -0.6301447997    1.8467789853
   3.5431881602   -6.5471211669    1.2457617292    3.7650708577    2.9786375558    2.8472253498
   4.2569850490    5.6798610784   -5.3015700316   -3.1491503858   -0.6810492740    2.2667515772
  -5.1867573890   -2.0704769922   -3.0560545183   -1.0530540630    0.5729200936   -1.0120471592
  -5.7617918784    6.5081082782   -2.9461641769   -1.6415523014   -2.4695871854   -1.0944076497
  -7.4778369892   -5.2431275131    7.7022909398   -1.2262041564   -1.0284012984   -2.1782366144
   7.4252230737   -5.7922331819    3.0047887908    1.0940961467    2.2534862862    0.0916989902
  -2.0634314486   -0.2705634258    5.8947585662   -2.5178039559   -3.7679918356   -4.7985488171
   5.9888418422   -8.0176824838   -0.6598960101    2.0714935309    4.6275673904    2.0728255595
  -4.7572952414   -6.6593596387    6.9712687090    1.3467151284   -3.4766801010   -0.6096016800
   3.9721232474    3.6693035894   -2.5757778675   -2.5829547918   -0.7358870229   -3.1247098626
   1.6068736635   -4.8504192260   -3.3004255514   -3.6279677341   -4.8963489382   -1.8185351466
  -4.8888902189    4.1273522554    5.4268619585   -0.2402826889   -3.5643223792   -1.4375670569
   1.9007219234   -3.8825499383   -1.9647496759   -1.7211988080    1.1619498482   -0.8966584821
   2.6855571137   -7.1997496024   -2.2527817549    2.1972283716    6.5236056998   -0.7451061718
  -2.0155414480   -0.4690674733    7.1310336416   -2.7252673141    2.9677270081    5.5334793699
   7.7785938523   -5.4340853404   -1.4343433420    4.5326226772    1.7939934801   -0.9006971928
  -3.4241064069    6.8870237374    3.3802105019   -3.8797264984    1.8308494072    1.0809432738
  -7.7391205793   -4.3118838880   -3.8853611131    0.3923450825    1.8389045895   -0.1392543115
   7.9692642410    4.0332241454    5.7982817998    1.5760636334    0.0784723820    3.0987150983
  -2.5280062066    6.1983453805    8.3491711619    0.3141117668    2.8084378526   -1.2468666714
  -8.1345108040    1.6562501845    1.0549611072    0.1823300738   -2.8065812562    1.7387055917
   6.3177587622   -4.8503971943    6.0175001877   -0.5344198826   -1.6382540154    0.4711553991
  -0.2461831462   -5.1868075195   -1.5194555313   -1.6683232009   -1.3286196346    2.2036822321
  -0.4081521262   -5.9329173195    8.1261734149    1.3235601056   -2.1635085746   -1.4410723604
   3.8058679587   -7.7993607818    8.3399728076    4.7802791147    1.3564790194   -0.4186964159
  -8.4818543368   -7.0721881884   -6.5215572086    2.2013579306   -0.7819527378    3.2283958929
   5.0261925660   -4.3932483915   -2.0131470456   -3.9134022847    6.6422378670   -2.1025714853
  -5.2172305876   -1.0560991472    4.7796873600   -4.2958355295   -3.1476394858    0.5730487677
  -2.5117392611    5.3712519899    4.3530675549   -3.3336322372   -2.6853160689    0.0423361896
  -8.0251993926    5.1411815673   -0.3662485498    1.0741152339   -1.6074891900   -0.3574701813
  -7.6565763773   -0.4926776242   -0.9966567424   -1.1837503270   -0.8476649323    3.7522489801
   5.8935200257    4.5370676072   -7.4453017274   -2.5345110279    2.9767921573   -3.3038409792
   7.3424264232    2.7415406610   -5.1743513490    1.1230465184   -1.0656971632   -4.5207151232
  -7.1522583625    1.7078490387   -5.1159087521   -2.2783835782    0.4290948892    1.0095733688
  -7.6157523332    3.6535731892   -5.7261350623    4.2377790587    3.2555671508   -2.9728288931
   7.9291852474    5.5343180233   -0.6958722835   -2.2878544280    3.4390251359    2.2259477855
  -3.9270385979    0.6962240189   -8.2079658866   -0.2054039367    3.2787646204    2.9638870448
  -1.0342349344    3.2950221047   -7.6694041828    1.5208594325   -3.7889422774   -1.9807109914
   3.3760068924   -5.0223170330   -7.0437806542   -0.0309539150   -0.4965413132    0.3583456824
   3.9433932925    8.2318073861   -7.4460526613    0.2961270840   -1.1701810608    2.1911436406
  -3.7853867724   -3.5820087957    6.4268107833   -2.8753474200    3.4908833365    2.0312574120
  -1.5246013237    3.3116760031   -4.7817122505    3.3107404612   -0.2214168809    0.4870963454
  -4.3518486643    1.0637799721    5.7634140490    0.2415421873   -0.5588716555    4.3469127127
   5.7964818325   -2.3753540469   -7.7369685485    1.7930344381   -4.0234525253    2.3648832450
  -2.2236561693    1.9502944552   -6.7043220805    0.2670994828   -4.0412100161    2.4655471339
   2.4218148963    5.8469820983    1.6863767792    0.0320973670    1.2647849096    1.3272592920
  -5.7966032877   -2.2104068378    1.3328666642    1.9666625379    2.3813169583    0.5045250840
   1.1165690526    0.7184064542   -5.8925823102   -4.7012985447    0.6338533347    2.5556425650
  -0.4465050511    0.5948250843    3.5952571120    1.8914359926   -3.0898026129   -0.0906105933
  -7.9924230415   -8.1610514470   -2.6711522016   -6.8992736861    0.5587695126    0.5951801347
  -2.1158841117    6.4513696068   -0.0651052197    0.8629930047    1.2441753099    1.9191741239
  -4.0213925612   -6.0333657750    2.4225122731    1.9048833553   -7.4307932127   -2.7443435164
  -6.8798664507    4.7031940804   -6.3704895175    1.2772779086   -1.2017716073    0.8570009482
   6.2303614678   -5.7050233631    0.4289506277    6.2975288223   -2.3414579661   -3.4999958400
  -7.5657025818   -8.1106730278    5.5686384583    1.7788104423    0.6474150219   -3.1210648900
   5.5509015441    7.3124970773    3.2062836465   -1.2978396938   -0.1799620379   -4.2782219120
  -7.6814387399    2.3078277239   -2.4352105654    1.0527422869   -0.8499194128    1.3174735297
  -4.4951837089   -2.6702963061    4.8108601775    2.4848295348   -1.7009456111   -2.3369704298
   8.1256981608    7.9197241009    7.5873583443   -1.6699594739    1.1567265555    2.9860453636
   7.6025157568    0.9828712461    4.0939338305    3.6912700229   -0.8136654437   -0.0535878037
   1.3133911348   -0.1810286377    6.0744066309   -0.5731896758   -0.1605546748    2.3543307965
  -3.0419072709    1.1816185788    8.1346469689    2.5563264016   -1.5456240574   -1.4249725040
  -4.9667943117    1.1107202915   -2.7747017846    0.4425969405    2.0731994723    0.3762969700
   2.0216744590   -5.4360089481    3.5377112640    1.7866996765    2.0087803729   -0.5125056809
   2.1658233083   -0.0412136761   -7.3692398241   -2.7755803596    1.3992365198   -1.5254240891
   0.5507112018    1.0022983186   -4.0753210411    0.3938104374   -3.0510550831   -1.0786257028
   5.6205428363    3.4539557985    7.7128553224   -2.8716091495   -1.4718407754   -0.1446662139
   0.2246110983   -0.4248693421    0.7779412036    3.2490753601   -1.0807566452    1.4979153583
  -6.3805454901    6.1797059728   -5.9139744307   -4.0363434721   -0.6581632114    1.0832361540
  -0.1110199804   -0.3934537209    5.8756477092    1.2952918211   -3.3689078901   -0.0896235901
  -7.0548312731   -5.0576052516    4.3384240471   -0.7094258910    3.7914224260   -3.1681933657
   1.0330015913   -1.5596452870    7.7382416410   -5.3813935083    3.3339805687   -0.0958353936
  -6.0525869958   -0.6517928902   -7.7578197109    3.7526874617    3.2484090844   -1.7847717912
   5.7554007316   -2.1061292544   -3.0332562513   -0.5525614499    0.9569725644    0.3009484665
   0.5515859682    1.5355898361   -8.0803949267    2.3848998657   -0.8592014784   -2.1241287071
   8.2594553696   -5.9738703977    6.6375112463    0.1427956998   -0.2133065316   -0.8974738933
  -7.9472395744   -8.0892312991    3.5975091386   -0.9468682071   -1.5469590039   -0.1594319831
   3.8561452059    2.7668591100    3.3399935779   -0.3656643389   -1.1610411269    0.3259259309
   4.5547824610    8.1984353209   -3.8516782886    2.1495712229   -4.9352508251    2.4225537080
   4.3713339791   -0.2895728059    0.2009847872   -0.3116429316   -4.7307528204   -0.5022803710
  -4.0631353069   -2.4142904222   -7.6767339948   -4.9407320221   -0.3237516630   -1.3911143974
   5.4196299239   -6.6542404410    3.0252673962   -0.7643952022    1.6157827690   -3.0423641614
   2.2341137638   -1.0077152671    7.5080592928    1.4754957399    3.3636751359    2.2544337523
   0.5237601603   -8.0328533945   -6.9064980311   -2.8577757745   -1.7511146683   -0.4673825743
   6.9476226693   -0.9239140923    7.3086185852    1.5878619143   -0.3897752806    0.3098581601
  -0.7783003024    3.9299530022   -5.3513496703    0.0157846993   -0.0837429806    2.2603046829
   3.6315803568   -4.3097063469   -1.6712436465   -2.4754104704    2.1596095712   -0.7639435546
   7.9305940276   -6.0836822779   -8.0489097899   -0.1440206298   -0.9761313940   -2.4163369898
  -7.3774778958   -3.5205664455    1.2973789043   -2.2025744424   -0.2343641732    2.6752060781
  -6.5246582993    2.7912857064   -7.6950371390   -1.9003583559    0.7149517190    1.1181084845
   5.9307439733    7.6829808452   -0.2412277464    2.3372117999   -1.2144039799   -0.1483262352
   2.6323223338   -3.0867951374    4.9590567222   -2.4799240829   -4.1227998657   -1.6101778808
  -5.9902809525   -3.9952965154    5.7987271175   -0.6050722777    0.9550340232   -2.6859703360
  -0.0549814450   -2.8138492632   -3.8254086356   -1.7576581752    1.3696412226    0.1226870555
  -7.5569561163   -5.8391421897   -2.3265254581    0.1441374234   -1.0128577368   -0.4702994818
   1.2603756477    4.2318493394   -5.1750526647    1.7067176063    0.5774081725    1.6816703002
   4.5436539817   -2.7702830869    7.5115106663   -0.8773621174   -0.0437640073    1.7970648379
   8.0359667508    3.2968535672    1.6588611905   -1.6885196914   -1.3389491480   -1.8129124469
   6.0044357098    1.7065339945   -2.9504486707    1.7704547798    0.0730595724   -0.2276980489
   8.2616627553    0.2381761052   -2.9907214456   -2.1248824261    2.6695592936   -1.0568494325
   3.7142523397    4.2075860380   -4.3244191374   -0.3566083865    2.7175974639    1.2282669249
   3.0547757250   -2.6439555387   -2.8610118777    1.2142321886    3.4021351362    2.2157335640
  -5.4949098181    5.0056848472   -0.1316622727   -2.2689167125   -2.2755025883    0.0384070616
  -6.0144022288    4.5189038194    6.8435926752   -0.5728203452    0.1495080391    2.4134641365
   2.1578501359   -2.2125428183    3.3959472749   -1.2999176938    0.3314636773    3.9678427848
  -5.3773428969    1.9471719289   -4.7283436175    2.5909305099   -1.9831226494    1.2699315033
  -3.9580300238    2.6995705023   -0.9077806511    2.3792310323   -0.8246077814   -0.7678700416
   2.4986054763    3.3784565639    3.9916719346   -2.6952854195    0.6796145021    0.3480338591
  -6.2667812074   -5.5834307966    4.5409475550   -3.7882954512    2.8205396439    0.1091985952
  -5.9908719278    8.2984766217    1.6476568305    0.2055823654    1.9497942435    2.7558736407
  -8.4676015414    5.2588618512   -5.0060173009   -0.3885723649   -3.5364280153    3.6422685486
   2.3541842524   -6.8883721806   -3.9648091791    3.4472168872   -3.1717986067   -4.8424143113
  -3.3255363717    8.2236711255    7.5027477353   -1.0043648898    0.8615865205    2.7186812457
   1.5765815335   -5.7097052617    7.6261054674   -1.8529879457   -0.7925629145   -0.4510522083
  -2.0243811511    2.0051851857    3.9580777482   -3.1169871787   -0.0552204731    1.1381099221
   8.2968414038    3.8754955174   -1.4061257053   -1.7826319736    1.3716952171    1.3141701719
  -5.8065975230   -2.3571985327   -4.3740938651    0.7213404504   -3.2219476174    0.1412613826
  -6.4682850069   -4.9371575677    3.5181554427    0.0859624562    1.3140197798    0.0705220169
   0.0400505599   -4.3923422490    1.3398161830    2.2222650019   -2.6969248132    1.7522971423
   1.4401742854   -8.1006411809    8.3138250390   -2.9442160893   -1.6561906156   -1.7724350236
  -4.6646067101    7.5143627150   -6.0082472462   -1.8622909168   -3.0888972170   -0.6786211982
   1.3186658444   -8.3017985245   -0.6464089706    0.4755088604    2.5652657280   -2.3025024475
  -5.4963706923    0.2156386479   -2.6095175101   -3.2055247722    0.9189181853    2.7861434127
  -6.2736499013   -5.7050290307    0.7476190429   -2.1961950397   -0.0316474845    0.4649171724
  -3.7380841503    5.2646113048    0.6583146597    0.2197921350    0.5231852007   -0.8328213751
  -1.3497175094    1.1207436673    5.2436983781   -2.7643316977    0.4876840802    2.1264000021
   2.2055347494    6.0713521547    5.0972858732    2.6969253938    1.7974519869   -1.6354884787
  -3.1105943752    2.3719689052   -1.8120711327    0.8562654060    0.0320236804   -2.9484224219
  -5.8542613717    3.4067393306   -5.1834992057   -2.2247966017    5.0458396913    0.7906380077
   0.1413220565    3.5481330062   -4.3408244576   -2.8817770277   -5.2207315154   -1.4811358500
   6.7603223880    1.9998344925    6.5371498235   -2.0948693259    1.4608967210    2.2435803133
   6.4170422376    0.7704720028   -2.7894342301   -4.0264143049   -0.9451490858    2.2723316335
   6.7147489549    4.9214796533   -2.5182043923    3.5673896551    0.1693670850   -2.5867197242
  -1.4583264179    0.9481036015    7.3853806601    2.4860297209   -0.0242919259    1.6193788727
   8.5128706794    2.4249569072    5.9414555413   -0.5061520773   -1.3485432774    0.3403864451
   0.7335616822   -1.4229577045    0.5072814507   -2.1941842132    0.9182632117   -2.6327883204
   4.8109079849    5.6243100514    5.6464209120    0.6353148170   -3.2653290936    0.2864816452
   3.6486267010    5.1993697172   -1.6203413946    1.0524084641   -0.8324559022   -2.2469531751
   1.7476778531   -8.2320208841    4.7090835481   -1.1008571481   -1.7002668206    0.0917006059
   4.0788266592    8.0262502382   -1.1206984272   -2.2186562906    2.6288485361    1.5161680917
   5.8992710286   -6.6097424197    7.7767066079   -1.6931722562   -0.1746479791   -4.9808807340
  -2.1226761201   -5.1266299646   -0.7784584471   -0.2039710866   -3.1345991664   -1.7402972780
   0.6590045830   -5.7209203683   -3.4357423070    1.9295851268    4.3093842129    1.6062166903
   0.2299136732    7.9459215628    3.0409562184   -0.8143475435   -1.4830401000    0.9851379539
   0.2022311167   -6.0985494703   -0.3744514688   -0.4423449443   -0.6447006902    0.9152364303
   1.8079371100   -5.1844374508    6.6662495305   -0.5720158723   -0.3190337041    1.2720535550
   6.0874253890    4.7233539037   -6.2785504375   -0.0849339065   -0.1423581520    2.4703709004
  -0.2784010482   -7.8664680954    0.8453959651    0.8348456070    1.0499987070    3.0900037569
  -1.0417439682   -6.8239910821    3.7914253497    2.4881338767    0.1125052453    2.7736518360
   1.2607849086   -6.8828056566   -0.5565586232    0.0360169822   -0.7406235683   -0.6650193445
  -2.5304255543   -8.0120791452   -1.7781914526   -0.7435681838   -0.8282815196    0.4812447532
   6.1020020728   -7.1509548991   -6.1631587786    1.2750568564   -1.2655087592    0.7985579508
   7.4278308875    1.8485716864   -5.8438122312    4.6896368139    1.5715458167    1.3277430971
  -6.0425996477    4.4446678270   -0.8223423325   -1.7564842680   -0.8626986841   -0.2213307053
   8.4251932794   -3.8387181181   -4.6050337771    2.6163166340   -3.0993469210    1.5825388399
  -2.0104737373    4.9008305679   -5.1351751416    1.1796528106    0.7873646113   -2.1973549766
   2.3686923900    2.0897343778   -8.2996818591   -1.2924510799   -0.6797512598   -0.9014297232
  -0.6034311917   -4.3511697772    3.2187664448    1.7178580357    2.0551977006   -1.6023643181
   1.3139272836    3.7030461953   -7.7797374319    2.1469698666   -3.4404351120    2.0084693195
   7.6003600713    5.2470712318   -5.8884787815   -4.0813226263    0.7853306147    2.8592915758
  -4.3392998977   -1.8022515729    3.1476084815    1.3972124759   -0.9343228594   -3.2589019035
  -8.2292273156   -7.0990637848   -5.5535474688   -2.3662882242    1.4978802049   -2.6147352881
   6.4516450267    4.0863382625   -2.7238367310    0.5667214739   -0.4290882731   -2.6094068288
  -1.9288120455   -5.8788728168    7.3836004652    0.1908602622   -0.4748930892    1.1346255554
   4.5714097498   -3.8455504266    6.4525833359    3.1078128320   -6.0130988366    2.8549455402
  -5.9448215646   -4.1006645028    2.9671091843    1.0102340541   -3.5667840888   -3.0876321902
  -3.3738338444   -3.2760025025    1.0471262309    0.6861034906    0.7158534934   -6.4632245662
   3.2271436727    5.9524469382    1.1141156083   -0.6871192493    2.9085818838   -2.0437119856
   1.5270989122    1.3811075705   -0.4818603929    5.4840559383    2.7191498782   -0.3169024804
   7.1687964243    4.8352621131    3.3083927033    2.7954513407    2.1053675452    2.9860940525
   3.8645152002    2.5225473056    0.4534978842   -2.7741755171    0.5839938953   -0.9886805690
   3.8336170553    5.5991868845   -0.3896236874    2.7701854449    1.6051575274    0.9991997258
   5.7326106989   -6.4437915417   -0.5249773316    3.2399906976   -0.5217038821   -2.7784883245
   2.9228671442   -8.3933966767   -3.6812984213    0.7145481396   -3.3933567588    2.8998278870
  -4.3298843195   -6.6229271751    1.2906696823    1.6613267527   -1.9490317863    6.5656990932
   7.3048165247   -4.6215253205    5.4430691986   -0.8760935079    2.7170318606    4.4519508639
   7.5956983295    3.0272481475    7.6004870992   -2.3461502740    2.6627003690    2.8784563659
  -6.4596424509    3.8223189384    4.2887086581    2.3358036658    1.5731045427   -3.4018999602
   3.6376062671   -3.1684038788   -0.0779218405   -1.8321258539   -0.9976347457    0.0492271103
  -5.4961165626   -0.6953502349   -4.1842901697    0.1810736515    0.9018590043   -2.0440894582
   7.9250098845   -1.1081155937    0.4423257005    2.2751812044   -5.7881491766    0.2903367946
   5.1489116140   -8.0249128872    0.9755739297    0.9624128899    1.5253761980    0.5318761349
  -5.5144218885    6.4026980790   -7.0599660888    1.9587457263    2.6135863218   -1.6315268093
   8.3878191908    7.6312244246   -8.0951049678    0.5516809473   -2.6485211191   -0.5371892733
  -5.4722784301   -4.8171992077   -0.2325624822   -0.0175606283    3.8800058141    2.1950421670
   0.4722339184   -6.8447469013   -3.0816111701    1.0210821028    2.3739253205    1.1368567796
   5.6841293017    7.4781398379   -5.3419987179    1.1188040617    0.5221841663   -0.9247470308
  -3.4186668251   -2.8736406928    7.6176323617   -1.5249199591    1.5331009224    3.2989498496
  -6.0756867271    5.1362916287   -5.7002678985   -1.1771790783   -0.3594328665   -0.8299120464
  -0.5611322457    0.5232169487    5.6882848881   -0.6118431144   -3.2625814773    1.5265439896
   8.2550629926    2.8870786020   -0.7633424846    0.9449470591   -1.3582293827   -1.4482525557
  -1.8783769594   -4.3628462613    1.6350771604   -2.7446019593   -1.1208635071    2.4083874025
   7.4009400669    3.6538379925   -7.6256838482    1.4646200202   -0.5022263169    0.7197244099
   7.2256623227   -5.2597540008   -8.1828545615    2.1977824588    1.6237375586    1.0613914050
   4.3606026780   -0.0664161167    4.9629433340   -2.6922185390   -0.4139754608   -0.8466636805
   8.1155883820   -1.1441522775   -3.6905008353   -2.0226158514    2.9711580058    0.2714813647
  -1.7164623581   -7.9213725015   -5.3689380543   -2.7995582120   -1.3300883094   -1.8792623940
   2.7475191292   -8.2258260212    0.3570433088   -1.7325372380   -1.8258691070    1.2278460015
   0.6891885591   -7.1932064719    8.0096655319    1.5912054407    7.5366031851    2.4904072303
  -0.8986026228   -0.0376007480   -7.9955428857    2.4031691240   -1.2064570710   -0.5996212467
  -7.1127962809   -6.9277044887   -3.0928193815    1.1359672348   -0.2427369082   -1.9817548420
   5.3663255633   -6.4347495004   -2.1520231633    1.1615775019    0.3385705725   -0.2108237755
   0.1820471637   -0.9572738778   -0.7673951671    0.2957183103    2.0199002625   -4.1344378111
   6.7596656167    3.3559397170    1.8203302469   -0.4367760790    1.4352333138   -1.5461994653
   4.6369299556    1.5032106524   -5.6901198641   -0.3824562542   -1.1394052757   -0.1757935506
   1.1752856272    5.4437952465   -8.0103966892   -2.4583326077   -1.0211159001   -0.3153246939
   7.1368331133   -2.1409316673   -0.5300643305   -0.6287499104   -0.8511332206   -1.0854907024
   2.2398064295    1.7764723574    4.3654789320   -4.0080627864   -2.9452519752    3.0788335733
  -2.8899953457   -7.7153117743   -0.5491725735   -1.2984693551    4.9150656825    1.2302530787
   0.1034063257    7.5188198674   -7.0386157601   -2.4252076625   -0.3033083964   -0.0908668427
  -2.6814753034   -2.2551656393    3.5954257443    1.1801531880   -6.3165915370   -2.7897641368
  -7.2442955139   -5.3789809524    3.2648151427   -0.1477880671   -1.8036014977   -3.0241374798
   3.4049865538    4.5666533200    8.1547272076   -0.7986255397   -0.3795925153   -0.7773269355
   4.1445734914   -1.4528158714   -6.8641371392   -2.1307248726    1.8913683409   -0.1755994096
   5.3605100569    4.1026294340   -3.3091607699    0.0618787888    2.4619289993    1.0911884800
  -1.2032994856    1.1373429190   -4.7136806880    1.9114528927   -1.5749639103   -1.1546415354
   0.9943018060   -4.6214975418   -5.7007405232    3.2786629890    1.1663156630    0.3537680701
  -0.1991441478    4.8818328693   -7.3323490599   -1.7257121310    1.5910657014    3.2218562592
  -1.7949152592    6.1757439622    3.4269162258   -0.2208487343    2.1535446734   -1.6012169832
   2.6967461792   -2.0198292167    7.0420380876   -3.0531689011    0.2491550587   -3.8695728219
   3.3234839568    1.0462837090   -7.7500304822   -3.3131767300    0.4539032775   -0.6417472362
  -3.2018327729   -8.0011212861    8.1913517374   -1.1881767592   -1.6118602623    2.5774621391
   7.1071834377   -0.2927666203   -2.4444893646   -1.1666630605   -0.9676582752   -0.2029444108
  -6.2855917229    7.5279859424    7.3007027710   -2.5520770787    0.0503745717    0.7455130783
   8.5427387568   -0.9337460527   -4.8745172483    0.6946756843    2.2637273728    0.3228342075
   1.5046703638    2.5701903167   -5.9202002864   -3.2284738892    1.8865378552    2.3033703120
  -7.0023176726   -1.9941710698   -5.2885169961   -1.4357542174   -1.4505485356   -2.2862679502
   5.9921282408   -7.4341449984    6.0741873914    1.1995560890   -0.0736408946    1.2615810541
  -0.8776217191    4.7746613698    7.2675057446    0.4316670050   -2.4793572196   -1.2491312871
   1.1113650182    2.1490113022   -4.1882711762    2.9120754717   -3.5264682047    0.1724033506
   4.4657313579    1.9734382765   -2.6308029658   -2.8496591556    0.5014345467   -0.1521760192
   4.3982338020    5.6625080774   -4.3292877173   -1.3453160558   -0.7557963324   -2.1760142545
   3.9179355942    5.5894336261    1.8534468887   -0.2502083935   -1.5168482570   -0.8254091020
   5.9453833441   -8.3447021459    7.8281083826   -1.6249070239    0.2848133699   -1.4848345354
  -2.1717413013    0.1792409084    4.9590829672    2.6133774697   -0.7432079061   -4.3800706612
  -3.5185097870    7.5998148666   -7.2048778461   -0.0357678651   -2.9371849305   -1.8622026598
   1.9831248132    0.4818639315    6.2613801710    2.1763211442    1.4416475937   -1.6146186403
   6.2976152507   -1.2017788608   -4.7181973733    3.0464866612    1.3059241232    2.2656130011
  -6.2857847066   -8.3031673333   -2.0987619502   -2.8934688103   -1.6464060214   -0.7972510057
   7.7918239075    8.1787045430   -6.9142338832   -0.5742106726    0.4742489916   -1.6049420237
   0.9487977786    8.4432410007   -6.3062166683    0.2708567197    1.1863047823   -6.2619303489
   1.3114346464   -6.5733420404    6.3642164793   -0.6083834543    1.2770925846   -0.2942319691
  -6.1427761011   -6.8314092959   -8.1935489653    1.3964730448   -1.1086318769   -0.1570075713
   5.6183294356   -5.5897062887    1.5236542402    3.9983532074    1.2514216830    0.7695781412
  -3.2351774590   -5.6997668538    7.2384382112   -0.8273942502   -3.8737614324    1.1522810469
  -6.8544280066   -6.1777449053   -5.9196827585   -2.7570434793    6.4755172048    2.0086083789
   2.4834993277    3.2985538432   -1.3370850901   -1.4504200080   -0.9762389278    1.2513660657
   0.7526256086    6.8708341486    8.0982437114   -1.3998550039   -1.4532599778    0.5504432915
  -3.6913317876   -3.8746727070   -2.1183707865   -2.1306400759   -3.1025774943   -0.7975416393
   7.1207270336    2.7357453472   -0.8423801513    4.1614111406    0.2703605040    3.4793539106
  -4.0362763082    7.6027478862    7.1040611788    0.4419638067    1.4846528066   -0.8721070382
   5.8686580500    0.5929797641    4.6642631905   -1.7531353266   -0.0021528588   -0.1521402199
  -2.7209434026   -6.1603807717   -3.0982900394   -2.0109148881   -1.5081862826    2.6970272552
   4.0924291053   -4.5716801231   -6.1335980452   -3.5855035244    0.4029047707   -4.2036316359
  -6.4796808587   -0.9435694003    4.1789241961    0.9636324624   -0.6255067232   -1.1832966697
   8.1626669159    6.4424341013   -1.1866853543    2.3642226377    0.7013806445   -1.0461967970
   7.3571840640   -1.2055461872   -5.1340685659   -0.8371680559    0.1660685088    1.3152215107
  -7.7570818680    7.2359247229    1.3326215656   -2.3001545390    1.7412622452   -0.1020862553
  -6.5565155080    1.5290935469   -4.0459624879    0.7671384334    0.7165815326   -1.0633080392
  -0.3568671414    1.3196992575   -0.3023253954    0.5468948382    0.3756356737    3.8243737202
  -8.2704406963   -2.6873586222    5.4580368180   -3.1126461453   -2.3758981624   -6.1416427833
   6.3879320140   -3.3013864956   -0.9537005246    2.9755996011   -4.1017568228   -2.0710972250
   3.6378106837   -1.9100627579    2.0092663069    1.7224038872    1.3532424783   -0.3346540069
  -7.4890728553   -0.3600573072   -3.1967743978   -0.8351329701    1.4634370301    0.6361695954
  -4.7883293793    7.8106688060    5.8230881472   -3.6147461505    0.4510144423   -2.0593361544
  -0.8709474698   -3.1127056896    0.3607791477   -5.6139745330   -2.6891274003   -1.3422243385
  -2.2709230584   -5.2044357065   -3.7935939671   -1.7800747712   -1.7140799407    4.0885228047
   4.7265898948   -0.1056943840    7.0996036328    2.0786913879   -0.8444050919    1.7902920263
  -0.9760566858    1.2112859095   -1.3763544498    0.4476625404    1.0894855440   -0.4498899814
   1.3831952145    7.2675877358    7.1503683198   -1.0180478728    0.2232473529   -1.6425784643
  -3.3401610400    4.2503189705   -3.5158277275    2.8226108061   -1.8718344120   -3.0553051930
   7.6384492184   -4.3610799098    0.9370371619   -1.3824298241   -1.3448830839    4.7081894698
  -8.4456465515    2.9502055898    1.0036598991    2.7423861963   -1.2508928163    0.8478967539
  -7.4876098408    2.3243131698    7.9577143642   -1.0478051141   -0.8912521934   -2.1859915124
  -3.9591323858    6.0020673447    4.1151294754   -1.7336214070    3.1866079662    2.9305833455
  -2.8333805048   -2.1875858949    6.7191605097    0.4359939157    2.9062510270    0.5657720773
  -8.4393132183   -2.0047967821    3.9756519223    0.1889846155   -5.2964336391    0.5098450634
  -0.0221086050   -1.7797414422   -4.5751438089   -2.4937816451   -0.1746423460    2.6244755987
  -6.7782933899   -1.7665501797    7.5051392283   -0.2388745881   -1.5271193232    1.4208770186
  -3.6540231126   -0.3637511826    7.3908178281   -1.5061947017    1.7044849829    0.2882354464
  -1.1610087722    3.7104175910    7.4340242835   -1.8722176863   -1.0453393723   -1.5249529598
   0.2650251077    6.1215073437    7.3946885530    4.5338483450    1.3349351446   -1.2071416162
   3.4640009575    2.1026039106   -4.5868665645    4.3229843330   -0.1395009786   -0.0872916774
  -5.0898224691    4.6485048982   -7.8167109863   -2.2019685423    3.9669783676    0.3667774483
  -1.9084835897   -8.2197057094   -8.0932138815   -0.0122737352    0.3103918713   -0.6947245396
  -8.4834043461   -2.2139559412   -8.1636302044   -2.7678601275    0.0704241879    2.0129718959
