           1000
    17.09975947
  -4.4388261978   -3.5782870559    7.3202890010   -1.5618246427   -1.5085484308   -0.5906597446
   5.4776018579   -7.8418246455   -7.9908264889    3.4375929184   -2.5031608090   -1.6268092903
   5.4592560256    3.7731860296   -6.4168732900   -4.3168150983   -1.4645564094    1.0574025262
  -3.3075430586    3.0487979064    0.7657603436   -1.7793305997    1.9013828470   -0.5143221814
  -3.5363946888   -3.7582434196   -0.6622755396    0.5417632605    3.7493727581   -5.5472649213
  -0.7901105304   -6.3714749127   -0.0560860455   -2.2892529715    0.8369651425   -3.3632065357
  -8.2609489817   -7.6572431734    4.8222784153   -1.3584999382    1.9185220525   -0.3626262501
   3.7959821183    0.4002697097   -4.1175635863    4.9898689141   -2.6941502314   -4.6306730224
  -4.1193444714   -5.4248174826    7.2259866157    2.3464780420   -0.3202272567    0.3401550685
   8.3315197501   -4.5568759773    0.4291440777    2.9878784866    3.2923090168   -1.1953492147
  -7.6038283409   -7.0815188408    2.1836444265   -2.0197126438    2.5611229196    3.2065272151
   5.0924526739    6.7989460798   -4.3126476333    4.5090553388   -2.0887729911    0.4151495670
   8.3401207010    8.4138554129    3.1873661048    3.8508220708   -1.8361254391    1.8524311664
  -3.6580624823   -6.9205851611    3.0149454325   -0.5279051638    0.1637587801   -2.6722936639
   3.6573023327   -0.0418833627    2.3406717257   -3.7619256204   -2.3336601184    0.4147745192
  -2.6626611467   -2.0703478203   -5.5707412811   -4.8179519965    1.3589446912    1.6212716218
  -4.7996681912    0.0888220916    3.9021007254    0.0277142251   -1.1434408629   -0.5896111549
   6.6584529656    4.7171678398   -6.2790343874   -2.2496299321   -0.6158736770    0.8758215546
  -2.2068487457    2.5963343825   -3.0446308535   -0.8305942152    2.3110419135   -0.1130500579
  -5.1258291725   -0.6800467149    8.0597073836   -2.3896018421    1.4248295487   -2.2610695019
  -3.0282775475    6.5983262132   -5.5223958733    0.4095221136    1.5509971350   -3.3375834361
  -5.5207254790    5.0569151375    2.4035426807    1.8691237971   -3.2733560202   -2.0939750048
   6.3108969613   -2.8248667461    3.6262559151   -0.3783869129    3.8511799281    2.3670128555
  -5.4108333666   -1.6522596558   -3.1053228238   -1.4202920370   -1.4410168706    0.8385677950
   8.4708584092   -0.0151150766    1.4810518584    1.6381928418    0.2120931527    0.9947581854
   6.9754878386    0.7442725324   -7.5481920743   -0.9965608603    1.7369722443    4.5877737698
   1.0913986103    8.3761774216   -5.5758596336    0.9089692460   -1.3958057868    1.9447042578
   6.8180875491    8.5396790854   -4.8149312712    5.2373410126   -0.7508233107   -1.2563082612
  -8.2967737366   -4.4688335313    1.7526918210   -1.6712478984    0.5947047012   -1.2238428447
   5.5650296452   -4.8620006550    6.7786636617   -4.8456134583    0.6292439717   -1.2446126873
   6.7434021192    5.2313094542   -4.3606583683   -1.7714297706   -0.4002630158   -0.3417588952
   4.0519382021   -6.6095495855    3.8863050171    0.5622625657    3.8800097902    3.3789101521
  -1.8060137162   -4.6660753010   -6.6671689696   -0.6331858349    0.2876576215   -2.5163961545
   6.8936472122   -7.9763556020    7.2342444846    0.2587640028   -1.8059481783    0.2087285580
  -2.8260049071    1.7987943249   -8.2345745531    1.4197506419   -5.6901039617   -1.8539858464
  -3.3776187656    7.5943130942   -1.9882648525   -0.8261842143   -0.5628052623   -3.4901139268
   6.5641352983    5.4536935786   -2.7172326013    0.6444906193   -0.5703470016   -1.7988058310
  -2.7738545694   -5.0485579889   -3.9176319431    1.6866584620    1.4554026287   -2.5376313638
   8.3220103834    2.6650378239    1.6079554465    3.2271048681   -1.6561383414    0.5394995964
  -2.3778187992   -2.6904402268   -4.0180219153    0.2179759453   -1.0994775438   -4.1284020387
  -0.1516922639    3.8505834320    5.6709260520   -1.6848880150   -0.9570480778    3.6401902584
   4.5748196283    1.4790873119   -5.7531675989   -0.6812551791   -0.7022134184   -1.7184622995
  -1.5208271316   -7.1538629389    5.4757253811    1.2498575689   -2.3896905767    1.6883925045
   6.8133580563   -7.5621302041    5.5579026429    2.5620962186    0.4366215701   -1.5635294755
   4.8158709695    4.0232014823   -5.2649757258   -1.0799552340    0.9197466795   -2.4284874399
   7.3697026276    3.9564957820   -6.9760741844    1.8611819482    2.1374096866    0.1441715907
  -5.1716382780   -5.0724538435    7.8007263658    1.7540528621    0.8189698437   -0.5840556048
  -6.2700956929   -2.4979822430    5.0616339809   -1.6064564629   -0.9306685924   -0.9952627851
   1.0386702896   -4.3592104680    6.3426250124    0.5082000894   -2.7270555624    1.3453526973
   3.3119914036    4.8471597636    0.6948197990    0.7280154223   -0.2482515895    1.9171342780
  -2.7365390912   -8.4226497537   -8.3327695677   -0.8659969787   -2.0503368620    0.8580128306
   2.9110243896    4.1817597415    4.3503170584    1.3710035363   -1.9361565349    0.5642321076
  -6.4943838950   -5.9105083760   -5.0439379362   -0.0878808644   -2.0449242994   -2.2584943325
  -6.8013427985   -5.0918934708   -7.0162964305   -2.6629465886   -1.4601308110    2.9215966338
  -5.5737326365   -8.3859597080    3.2501918252   -1.0166818448   -4.2021886040    1.5294091569
  -8.1125992773   -6.4349577272    7.0074090936    1.6679184220    2.6676271240    0.0032918554
  -5.1681339202   -3.9698164422    0.1750973936   -0.7473529971    2.4065074701    1.9569494580
  -3.6581383729   -8.3650404886    8.4576056603    4.8888682856    1.1339316057   -1.7223958998
  -7.7706519788   -0.3762962100    4.1225575022   -5.7235023920   -0.7800010618   -0.9712404936
   5.8030184924    7.6548413914   -4.6098224720   -1.1383173877   -1.5267540163    0.9412373795
   1.5583826583    2.8197233674    2.9273738920   -2.5614919869   -1.8739401871   -3.3080611632
   2.4018704245    4.0765906573    0.7575312104   -4.6992692910   -2.5495405232    1.0724718260
  -7.5876259153   -6.8747203091   -7.0745534808    0.0890028773   -2.7687064616    1.4856927334
   6.7413575479   -6.8093362903   -7.7551350830   -1.4219080571    4.0096986363    2.3587955679
  -7.6396155410    2.2221730325    3.1812037857   -0.4043290568    1.7479937267   -2.5207835672
   0.9117645708   -5.5500917804   -0.8075579687    2.3636502335   -1.4806166929   -2.6347599511
  -7.7146724695   -0.0322347963    8.3930468206   -0.3834524000    0.3084459977   -1.0682667020
   2.2284910534    6.3315398337   -7.7568658200    1.9636584675    0.3963759974   -1.9354263099
   1.1637266045   -5.4313966028    7.7989072512   -2.1583415514   -0.7696070075    2.3514672713
  -4.5747203120   -6.6245128224    7.3759723755    4.7430169860   -2.3663157317   -2.8490608694
   0.0393285470    0.4947410751    1.3225402946    2.2111978313    0.5084888358    0.7288348344
  -6.7655426214   -6.3553665004   -1.1197023756   -0.2218798704   -0.1613504559    0.0647298751
   5.4097149974   -1.8490285520   -1.5228827802    2.1463381966   -0.0359261334   -1.1215974243
   5.5475011453    1.7679730060   -2.4834910505   -4.3923718683    2.4884429455    2.7249810774
  -3.4109997822   -2.6849853868   -4.5742786334    1.4647678729   -2.4428262305    0.0904210587
  -4.5529766004    1.4715694454    5.5718702053   -1.9054091627    4.1603564368   -0.5566338147
   2.5649990887   -2.8724489867    1.5698415852    3.0125320649   -3.3365738977   -1.0816134808
   8.4135393961    3.6148566134   -3.7259775456   -0.6986668381   -2.4307787466    2.6172460300
   0.6147218971   -2.7094647750   -4.0906910331    1.2653184711   -2.4942652238   -0.1809225262
   7.5001601679    0.0650407399    5.8276088650    4.1137095014   -4.4464605726   -0.5759696943
   1.0836125717    6.2239042216    2.3991163509   -1.5814290974   -2.6045722244   -4.4360122102
  -0.0650112822    6.8122865816   -7.0948637800   -1.0390879317   -2.2524485239   -0.6843118914
   2.6310594631    5.1275934012   -5.5453948411    4.2397635262    0.2941574320    0.9731742389
   6.7017672665    8.0608764335    2.6967135878   -2.4014845367    0.1413187273   -0.9314252202
   5.3924571950    7.4636810451   -7.2433258110    0.8087564401    1.9976223186    0.2117750307
  -5.6768801577   -5.6659816016   -1.1047173157    2.4754865128   -4.2469918043    1.8368592397
  -0.7172681760   -3.8913244828   -2.9671170628    0.8007742848    1.7351948327    3.2757300777
  -3.8750477668    1.8847967164    7.5817855857   -1.1000224433    2.4365389248    1.4534949209
  -6.3033720170    0.5437085966   -2.8922030959   -0.2181203619   -5.9752766524   -1.0234691822
   7.2029731700    1.4646503038    5.8753667732    1.2972667261    0.5778362236   -1.7804103395
   6.9062337554   -2.0681139193    1.0166072982   -0.0284926020    1.7624365616   -0.7740277329
   1.3348038125    4.6707800366    1.8425067184   -1.0156181028   -3.7287340585    3.2582039497
   2.6612309344   -1.2914008039   -6.5420804264    1.1553458258   -4.1016643474   -0.5432626287
   8.2644710236   -7.1677598812    6.5264907902   -0.6717053211    1.5702430337    1.3698993148
   7.0075548225    5.6702740114    2.9826478545   -0.9504006843    0.3585950672   -1.6163462753
  -0.6694857399    2.5316892057   -2.6468429461    0.2163882992   -0.3851622371    3.2758709851
  -0.5529821865    6.3697663282   -3.2024457888   -1.4723293599   -3.4847814814    0.5227318663
   7.0466276202    2.7910192879    1.5625180463    0.3452709735   -1.9964598546    4.9866690930
   5.4095074202   -7.7625895934   -2.4042174197    1.3887458528    3.0858481658    0.3270692805
  -7.9848235241    6.7281805518    3.1694589293   -4.0927306215   -2.1738891295    0.0163941496
  -1.4456651838   -4.1939965876    4.2945739382    2.0308176904   -0.1024733762   -2.0272239113
   7.5761577613    6.3210277620   -2.8090058658    2.0401093379    0.7907565801   -5.8339564124
  -7.4225024719   -2.7217177018   -5.3443918504    1.2707613078    2.5434724003   -2.4360372346
   7.9403533959    2.3755232606    2.8346496673   -3.0009433413   -0.9988954360   -1.9136969940
  -2.1631967883   -7.2542354796    0.2718410451    2.8413013382    0.6388072820    2.2493317391
   1.1324210961   -6.9909916211    1.7696807583    2.0468260056   -4.6936383369   -4.9113928064
  -6.1296565358   -2.1545031246   -4.9811174352   -3.4918732272   -4.2381556690   -0.2431521048
   2.8693891269   -4.1173224574   -2.5497434035    1.4328012460   -0.3050621143   -3.9745822089
  -4.7509293243    6.7623011839   -0.0776023364   -0.5188266603   -0.0181882796    3.0564308710
   7.6567883672   -6.9257066670    5.7359200499    1.6396985896   -1.0186726642   -1.8941507657
  -7.6252216808    8.1274379121   -0.6990577217   -3.1697076224   -4.2507756604   -0.9311498858
  -2.6782277153   -7.1975989933    3.7280047937   -0.7720598015   -3.1833064245    0.1637086904
  -1.7602153953    1.8470357317   -7.3985336142   -1.0801251424    3.4654396847   -2.0275922263
   2.6563166660    0.0044531761   -8.4381279916    0.2476637497   -0.7633285085    2.1674419938
  -2.1304574886   -4.1598363611   -0.4933114919   -0.8411765575    2.5875047633    1.9347104227
  -7.3786033091    1.9716610266   -7.6600176695   -1.6629799598   -0.0474049596    1.5273902242
   3.6223085793   -3.1264438650   -7.9624390340   -2.8482133460    2.6344345355    3.1668806364
  -4.9414360307   -3.9291310870    5.5588444094   -0.4181659883   -1.5060845787    1.7199856620
   5.7122259721    6.1130940932    5.7428119478   -1.7055724011    1.1687686170   -0.0018468617
   0.6347707072   -1.3792206041    1.1125705473   -1.5854708797   -1.0434336027    0.5159405264
  -4.6146210862    7.2297546009   -1.3910791594   -0.0200670326   -0.4498957978   -3.1409192692
   7.6948215363   -7.5717982476   -0.2697132085    2.4794240047   -0.0651860902    2.4716058249
  -5.3105443870    6.3079244230    6.0090956657    1.2115225496   -1.4223296230    0.6508642915
   5.3903249720   -2.3197417874   -8.2099449749   -0.5463311760   -1.3504878139   -3.1943564822
  -5.5013290888    4.7531625380    7.8027236705   -0.5771848404   -3.0270047658   -2.3119819144
  -6.0876488735   -1.1032231536   -4.1512880984    0.2322303695    1.9656691742   -0.7752899504
  -6.6371121679    3.0086717265   -1.6469807158    1.3399859604   -0.1959072691   -0.3869294230
  -2.1234707317   -7.4112422604   -7.7864127337    1.8452361702    1.7171163248    1.8325344307
   1.7221082472   -8.4959374082   -0.2029254514   -5.6986567476    0.2315124595    0.5300533064
  -4.3217267550    1.8705227627    0.8411375544   -4.7869225973    1.8381692784    1.6792336883
   1.7202328127   -2.2140683816    3.0432194112    3.0921962336    2.0912937880    0.0063273515
   3.0476942141   -2.9661463233    3.5323350425   -0.2706503702   -0.6660610341    6.4515405716
  -7.3427667486   -0.2237385974    2.0353289608   -1.4269091352    1.0651532018    0.1384472576
   4.4183176896    7.0003021828    2.1042391256    1.4972139294   -5.8816681692   -2.6088980025
  -1.6343591549   -4.3787418351   -2.7824535127    0.2626872329   -0.6848620807   -2.8636110795
  -8.3757136145    6.3141019268   -6.1648869954    1.8888944527   -3.0142902120    3.8350152152
   5.8418712592   -0.2387126300    2.2162218459    4.9885698399   -1.5739849786   -2.2374263517
  -1.0968714683   -2.7781685822    8.4192338174    0.4287460098   -3.2377398898    0.7493839483
   6.3669359391   -4.2619741347   -3.5308103633   -2.3709793692   -2.2855967750    0.3920194619
  -0.9012745667    8.3787335446    0.4507049051    2.6974186914    2.5541797715    5.0028430220
   7.2335955870   -0.8311058014    5.5187041911    3.3909051586   -0.9145846951    4.8782362385
  -7.0408586219    0.4975140875    4.1853107572    0.0762644154    2.9715679872   -3.5461242739
  -3.7208701734   -2.5432513259   -7.0327801101    3.7023149398    2.5666911819    0.0689691088
   2.3223993077    2.8827059697    5.8842129294   -0.3467209737    1.8194160675   -2.1276964937
   6.6991020039   -3.1322841859    0.1023983036   -3.4160486834   -1.3918608813   -0.0373906887
  -4.3546966040   -4.3883405884   -6.9753566179   -1.2993608447    1.5712889427    0.3046174879
  -2.6095222609    3.9107013453    3.8202823029   -2.3787865529    2.0686152421   -6.2330468002
  -5.3141383323    2.2969872093   -0.4654383684    2.4890635872   -0.5647621904   -1.0011248134
   1.9154452441   -7.3251590881   -4.3653335908    0.9502765037   -1.9268089263   -0.0201137252
  -1.3943269182    5.8796175588   -7.0733522966   -3.7933127487   -0.2573860919   -1.5224742506
  -6.3152142092    1.5399299016    6.6962378637    4.6552167092    0.6195309285    1.6725985274
  -6.8411127545   -6.8463535758    7.0989502737    3.0741863489   -0.4117795670   -0.1026361838
   2.6851607373    7.1966565745   -1.6855764507   -1.7739400441    0.8312474422    1.0675511131
   7.4953888645    2.1651543756    4.8913762417    3.8065625578    0.3320016994   -1.3178285345
   5.0954646921    8.4809191980   -3.8780718982    0.6485278594   -1.8022381644   -2.3549209617
  -3.6982331844    7.3621055138    0.8709557777    2.2618979746   -0.9628710415    0.6240196669
   2.0592905831   -8.0211375890    8.0019755109    0.5280690425    2.1347667200   -4.2423753584
  -5.3515494863    4.5976614769   -3.3970725909   -2.7941059842   -4.2395491313    0.6729192418
   2.5933202064    0.9178608690   -3.5449936573   -2.4178926427    0.9660911755    2.8258775491
   7.1557329915    7.2443749616   -5.3058077614   -1.3698286243   -1.9606417973    0.4741042382
  -5.5035744360   -0.5369690614   -2.1466763076    2.3196557137   -2.1589461369   -2.1081244138
   4.1855979809    1.2539315829    7.8474995414   -0.5416346131    1.4670859130   -1.1101743534
  -6.6636861618    2.4926633577    4.7092824380   -2.6658252704    0.8650102534    0.9341918912
   3.4392617755    1.6896566931   -7.4584148522   -3.4757403557   -4.3237174426    0.3480985513
  -0.2236688260   -2.1149951370    6.0512694295    3.2002279941   -0.4996608181   -1.0153039597
  -1.2730214699    0.1161125910    5.6961960350   -1.3077312550   -0.1321644615    0.3582048809
   4.6850564180   -3.1078729725   -4.7010913708   -0.1894663631   -2.2685421947    0.6781882896
  -0.7847793284    7.2180934521    7.2694443149   -0.2653841723   -2.2193825672   -2.2984863149
   6.2457713892    5.8024453976   -8.4078821146    2.1517490106    0.7328818724    1.4102343557
   1.4370643259    5.9331405893   -0.4531477782   -1.4351167620    0.5446923410    2.6875374848
   0.3266079408    7.5768515043    2.8396709042   -2.5424173775   -3.0948139316   -5.8219732182
   3.0142041912   -0.1593121930   -5.1174463994    0.2174945503   -1.0055182435    1.6594901991
   8.3477146884    2.6106692462   -8.0357358997   -0.6736662677    0.2061226936    0.8517428256
  -3.3193554702    0.6045076536   -8.2431462577    3.8127740622   -1.6011075155   -3.1382213758
  -1.3142551556    4.5852121709    8.2198408636   -4.9163698894    0.4837915100   -2.2528849521
   1.3200881281    4.6807064951    6.6393836278   -2.3441045564   -0.0084281381   -3.2828154143
   1.0355981565    3.0759047622   -5.2685051330   -1.9534727090   -1.6155409409    0.0258912464
  -4.8335811704   -7.8863370578    6.7673550418   -4.7090801611    0.7867394816   -2.8858296883
  -3.2810832943    6.2484072113   -2.4524514649    0.9212402340   -2.7839140415   -1.2201965001
  -0.7046286028   -6.4115671768    2.2251767169    4.4417388940    0.4741762556    3.7390769737
  -0.3738422035    5.4542447844    6.7873009486    2.4705372402    0.7484645227    5.4083287614
  -6.0716602673    1.0036750031    0.1563997822   -2.9246074036   -3.0501916988   -7.5472504201
   5.7209035645    4.5369470179   -4.9039376066    2.8696581748   -3.7154173417    1.0483997045
  -0.2462566512   -1.1668345941    2.5645835457    1.2523654938    3.6782027349    1.0509788622
   3.0954787011    0.1717308883    6.8556976681    0.5589733920   -0.4290824881   -4.3884758964
   1.8451285696    1.6094740948   -5.8734140241    2.3400985855   -1.5927061523   -0.3430703246
  -2.2302225867    7.6914637462   -6.3699337968    4.5825505256   -1.0000364937    1.1793585120
   7.6984504501   -1.1402021936    7.3765699541   -2.0891435950    2.5010794028    1.3134138774
   3.8740044616   -6.6829314098   -7.2500090698    2.1279068386    0.3469966828    1.3476974038
   2.3438689037   -1.2249369938    5.9079157300    4.6568392378   -2.5947990652    0.7476926081
  -1.8143309628    2.6981673702    0.8403921776    0.2149686667    5.1956668359   -2.2399041000
  -0.3318795127   -2.0178215828   -3.4164919206   -0.9221647444    2.5678162410   -2.5297226298
  -1.8629212962    5.3764464794   -3.6024217847   -0.2898662030    2.3202380998    0.6662831992
   0.9712983833    0.5261539242    2.0536139245   -0.7076896765    2.8051868316    0.1577244777
   4.5679109598   -7.6796394461   -7.6228843521   -0.4767894862   -0.6315621180   -0.6687599009
   4.3023115130   -7.3829900012   -2.5000574384   -2.4657528366    1.6155035168   -1.4065130167
  -7.0674339654   -1.2304505180    1.5666933012    1.0642193269   -2.3990154735    4.4735066503
   4.8078766665   -5.8037124694   -1.7999596356   -0.6188579186    1.0039978169    0.5600195426
  -6.4099762300   -3.2729869884    2.8324126337   -0.6483098697   -1.7597378032    1.1585163623
   2.8818906018    4.7246622875    5.1016362703   -6.6471705776   -3.3987022457   -1.0540931415
   4.4952090173    5.6516345294   -0.1903659673   -3.2406904948    3.0028524644    0.8163684216
   8.2719133433    0.5922925497    3.9653414715    1.0866338775   -3.1955614957    1.6934823002
  -2.5368576943   -0.9097114765   -6.8543827419   -1.4779577021    1.6151777824    0.1949031507
   7.3388521216    5.9023495150    7.9151902111    0.8372045236    0.5634727175   -3.4722639634
  -4.3052537350    2.7048084631    1.4241852591   -1.2001473054   -3.8354241071   -2.1602700352
   1.1919283621    1.6210340829    7.3939812797   -1.2103473883   -1.1077287541    1.1335839734
  -4.7005997114    8.4954872500   -4.7774160177   -1.5409129632    0.5690187658    1.4238580442
   3.8112715544    2.1646565308    2.2242373531   -3.6521155504    1.2615577247   -1.1360287385
  -0.2516467164    1.0683616654   -4.6545473386   -2.5539792803    2.6220325467    0.2621094407
  -0.0790680404    1.9909045282    7.3792179586   -0.4081439335   -0.3093072026   -2.4296679063
   2.4685087446   -6.7896789097   -1.4330189759    0.8274441796   -1.5932272730    0.8243072995
   7.4446471081    5.4198954942   -1.6671067573   -0.8918821755    3.5566690303    2.7597029251
   7.0919932409    6.7207011551    2.5245736183   -1.3939904153    0.6785119110    0.1302713181
  -8.3924673042   -6.7535947247    0.0060162001   -0.6905101594   -0.4039044295    0.1473078857
  -2.4831357680   -4.4348148274    3.2118404271   -0.8177642730   -2.7976008274   -3.4340037100
  -2.2787549748    7.8662313531   -2.8391682178   -2.0194244038   -3.1703500048    1.8672787244
   6.6287810965    1.2035716126    7.9415022780    0.7687960845    0.7830707824   -2.2571170942
   4.4142418615    3.4855719638    7.8441176683   -0.0077375589   -3.3409198227   -0.5661827116
   0.0630675271   -4.6107374731    5.3855360505   -2.5460685103    0.5691024361    1.7194384264
  -2.2337664467    0.9992532754   -2.3619135733   -6.6298418858    0.0806590319   -1.1735158355
   4.9664236573    6.7067101241   -6.5927305522   -0.9890783666   -2.0448346350    0.9756071426
   4.2622149412    4.6787923525   -2.8689522690   -0.4626707501   -1.4028100400    2.8442209263
   0.5492103407   -3.4305686068   -5.7819774374   -0.7656304780   -0.4454401807    1.1685210296
  -1.5616692350    3.8296847796    1.7334093341    1.5999980360   -2.3581504279    4.1561716900
  -7.2890634580   -7.9901541480   -7.8694446689   -0.9653971132    1.0845169649    1.1473351990
  -7.0574056143    3.7073239843    8.5132032018    4.5107673793   -0.7573068078   -2.1024512131
  -4.1789795110   -1.1611816583   -6.1545120488   -1.0049649088   -1.8894454933   -0.9934892924
   2.9041918762    1.5142666667    7.3761585410    2.0894728722    1.3821400183    1.0225942470
  -3.7653445775    2.1403497085   -5.8875927811   -0.1649170234    2.8171209816    1.3766883575
  -2.8131471947    2.0071691834   -4.5570147181    4.1763270896   -0.6822501171   -0.9876858114
  -8.1115062781   -5.6234116100    1.1542820696    0.6143589916    2.5386481748    3.4443817905
   2.5161731873   -1.3444003787    1.0361050524    1.6635613242    0.5835129877    1.0560885005
   0.9473092288    0.7853190791    7.7301666656    3.3247786882   -1.5177481233    0.9331189499
   5.9940563857    1.9030754176   -0.7904569388   -0.6512617021    0.0451300620   -0.9279690008
   4.9972316338   -3.0740733176    3.7049684185   -0.0525099430   -4.9370176711    1.7726129511
  -0.5914300922   -0.9934263622    5.4422265256    1.4790758885   -0.4228216494   -1.5971896242
   7.2341120165   -6.9312082953   -4.4170412158   -2.5228938153   -0.6393854585   -4.0645492794
   6.7622269931   -3.5193345643   -1.2445366736   -1.8562785280    1.9872298645   -0.2600130198
  -7.9345674704   -6.7687843854    3.2356892291   -0.8959197452    1.1234995733   -1.2932642470
   1.1593150840   -6.7885038058   -7.3371120383    3.0854381042    3.6970454490    1.7476113201
   3.6572220051    0.1636065413    8.2342020016    1.1297675283    1.9433663784    0.5341674045
   8.3217814859    5.1144028685    4.1817725218   -1.4396427360   -0.8518392263   -2.0001891279
   5.4347103788    3.5409190107   -0.6332430485    0.3215015621    0.0941323106    1.7266088257
   8.1923857776    7.6906662545    5.2653961453    1.5272945752    0.2865222337   -3.7337106893
  -5.4566102497   -7.8642419759    1.8448483943   -0.9308681793   -2.1158263284   -0.5456829641
   1.1846965380    0.5780398357   -3.4746749385   -3.1739251137    0.8030549234    0.3688254161
  -6.8850225167   -4.0252753218   -6.4727583164    3.7696222008    1.7841402887   -1.0333510638
  -4.7670558320    7.8955133226    8.4609968543   -0.4023550072   -0.5361013543   -0.0052796442
   4.4016162001    2.4442915237    1.1022505768    1.5998499599   -0.6931434076    2.0364914708
   4.0866056382   -2.5171808713   -1.5250398401   -1.7775767695    1.4450209834   -2.1516727021
   0.2954550543   -5.5236880515   -1.8533426290   -0.0999619570   -3.2930284449    0.1080853392
  -1.4174843350   -0.5099231199    4.3246955812   -0.5981027599    0.4251776788    4.5827881639
   3.0074345967    8.1426309153    5.4360891786   -1.5231052290    1.8794741332    1.0511500545
  -6.9793732047   -4.0602352156    4.7859531627    1.4106121467   -1.0852369465   -0.7927591441
   5.0479382352    3.1922817990    1.9660907126    0.7653903233    5.6924872053   -4.0997635589
   2.5316351067   -5.2218860280   -2.4440945649   -0.0910479656    0.3928879265    2.5038299853
  -3.9667554556   -2.7834995626   -2.7837349899   -0.5507571435    4.6152699883    1.6986703819
   1.5461198088   -5.9779405919    2.6348350115    3.1469896070   -1.3228375909    0.7238265365
   2.2023994303   -5.6224238196    4.6655280323    2.3956584288   -4.4804554452    0.1406502097
   7.0254028062    2.2431317310   -4.6792142686   -1.6229363217   -0.5959227714    3.1020260544
   3.2847981995    8.0454382940    7.0036793679    2.9211768873    0.0665842677   -0.9709195511
  -4.5384964418    5.5809245367    5.5864810195   -0.5128195462   -1.3062308975    0.7016386854
  -3.2097163336   -6.8705495161   -4.1211144484   -0.5549217510    0.1818011888   -3.1161473586
  -0.5062711368    6.3781194678    1.8965700954   -5.9397790210    2.5202576198    4.4811989142
   6.5563472532   -4.1221893835   -7.4374936167    2.5320377592    1.6546991766    0.9181345310
   2.7846570545    3.5455183504   -1.8498685839    0.1379329141    2.3456733484   -2.7515843312
  -6.1384383321    4.6958290289    0.3454705746    1.1189732047   -2.4954706441   -0.2172628273
   4.6747024207    7.2218482709   -5.5760459452    3.0037984492    1.3079369678    2.3570971034
  -7.9650616987   -8.4850480912    1.5731321840   -1.8217425610   -1.3311907559   -1.1936628551
   4.7997201738   -2.3114398891    4.2993320820   -1.1291695556    1.5748575283   -0.3088326650
   5.8439472971   -8.3537446115   -6.1881424887   -0.1876115407   -2.8811039249   -7.0108719783
  -4.8731804068   -5.7047174319    1.6050032222   -1.6854634165   -1.1516648937    3.5178728583
  -4.8421468899    8.4939480994    7.5248090416    0.2884545856    0.5389535645   -4.2707713936
  -7.4714436534    4.5167402710   -4.8777013473    2.7866057780    2.1765492300   -4.0510582271
   8.0654360702    1.1862565157   -8.2357950958   -0.4338470610    1.5695356638   -2.2693339950
   2.1917469193   -3.2913433248   -7.1697286667   -0.5928638515    3.6212991892   -1.5307529369
  -7.7095404408    8.0014994432   -1.6974071973    1.3459786882   -2.7737576189    0.2354711367
  -1.4223109817    0.9345850326    3.2197881946   -0.5795543470   -1.5437201465   -0.8349828924
  -0.5050328816    5.3915571721   -6.1755458997   -2.4849492108    1.6850675311   -1.6899527366
   6.7939222819    2.2157988363    3.2870465261    1.1198457180    0.6591672572   -3.7983553323
   4.1452160457   -5.4651061728   -3.2268923569   -1.3893821664   -4.7352648302   -1.6147879128
  -7.9830699994    3.8606950460    2.0148670559    2.0361530092    0.2715394670    3.4509299334
  -6.6867472364    5.9224037539    6.8518538619   -2.5036728499    1.0397330657    2.8610668812
   3.0917753654   -5.2107727331    7.8279127528    3.7291583364    5.1174108699   -0.8196629289
  -0.4222789397    6.5456199117   -5.1204930942    4.0327555536    1.7330037309    3.2077575255
   3.7344949076   -6.7636347404    0.0297007025   -2.4960402409    1.9993119255    1.8395789483
   0.7403855887    1.5477776535   -4.7621383741    3.7225942514    0.3898280041   -3.0650789645
   3.3319633943    3.2434451566   -2.8991352261   -1.3161099472   -1.3733239367   -3.4276980928
   5.4969743072   -5.9506015063   -5.8154583287   -0.2573632114   -3.3057183490   -3.2355561524
   7.5757475358    6.8805084980    5.4050163916    0.9903944125    1.7398398607    2.9863246106
  -1.5438389957    6.2296627765   -6.1868173253    3.4664201600   -2.5825847755    1.7158423980
   4.9392563119   -2.6385575685   -2.8517466783   -0.7861109911   -0.7788260373   -1.4196132881
  -7.9635610700   -1.6870600923    4.0261330231   -0.1854989384   -1.2628594803   -1.1151371320
  -7.2443172245    3.3592753694    2.9483113316    0.3929317094    3.7273847345   -0.4844196309
   1.1801636151    7.0941517327   -0.6864653348   -1.9809121335    0.3352903601    0.5474807196
   3.9612623626    3.7131820575   -4.9027552482   -0.9364804275   -1.2836457782   -1.2390059268
  -7.9907310752   -4.7066191562    2.8047054898    2.1223026444   -1.6790340807    1.8014738765
   7.7934361657   -2.7966363357   -7.8613803463    3.4340482858   -3.7020993568   -4.1673089370
   5.1928902177    5.7858578260   -2.5634403900    1.9366965878   -3.7527450090    0.3751700931
   8.0762736571    8.0601336586   -3.2142070251   -0.2867640467   -1.1780324802   -1.7880430650
  -8.5474159033    7.9901290011    0.1490198903   -1.4334663254   -2.5504221576    1.6856287251
  -7.7909839641   -3.1420389572   -1.0947871536   -0.0888868660    4.2290177741   -3.6872693244
  -4.1031924056   -5.6646233301   -4.9545387452    5.0887416303   -2.6250630855    2.8439940425
   1.1457985512    0.3483547275   -4.8173299264   -2.6566196360    0.6937888392   -2.9549198150
  -8.1030311376    0.7152370162    2.1787284154   -0.3291272131    1.8792815423    1.3348276169
  -8.1163147283   -2.3107896657   -6.3354810436   -1.7046505916    1.2479199029   -0.3989397481
  -4.6055188503    7.9074253548   -7.3642136114   -2.4111436622    4.2730768821   -3.3018536458
   6.2194760704    5.3218484639   -5.2438269955   -0.9090135060   -0.3786566759    2.0025197581
  -7.0519123954   -4.3397906507    1.7330011921   -2.0059556984    3.1205443703    3.0945469725
  -6.5185058139    5.1559473043    2.0539515073   -0.0273391176   -1.6139743745   -1.2072193816
   7.3957243078    1.9884992019   -8.3385763445    0.1682138484   -0.2128162767    1.1728604717
   5.4047937644    5.3217760926   -4.6221136879   -1.2649273502    4.1734980708    3.9692628788
  -2.9453872408   -0.8266717124   -2.1622631580    2.3780266696    1.2407884048   -3.0438687236
   5.5398771726    4.5245533178   -3.9834511621    3.2388346915    2.7241279015   -2.2318459238
   0.8735242359    8.3516335025   -1.8363283304   -2.7864958057    0.0315798765   -5.0144917664
   6.1918253265    7.2648575283   -0.0106530266    1.4592463857   -2.1343996438   -1.1255132641
   0.6393978293    4.2926978242   -5.8128458860   -4.5809055084   -1.3597016305    2.1306446609
  -4.8084290941   -3.4412944527    3.2552870867    2.0400430337    0.4195071048   -3.7983992277
   3.2830139205    6.2852296724   -4.9463945589    3.0268871265   -1.2465023279    3.1769680054
   1.1773945415    3.9135170558   -1.2704541665    0.7506910993    0.6795884074   -1.3184640039
  -0.7183253150    4.1301717512   -5.2754842839    1.3455713728    0.9539420709   -0.2801638446
   6.4095434550   -7.8359260789    4.4347082838   -2.9716398615   -3.9487689447   -0.3866256943
   2.9969046689    1.0491127838    5.5429868596   -0.1944572777   -0.6142622923    5.4729272695
  -4.3513379571    6.2258450219   -2.8466030819    2.1505224332   -0.5458777784    5.5749266778
  -3.3321947235    5.3663406222    1.6043181714   -5.8596317055   -0.6676170232    2.6155466854
   0.7835866322    4.5755468661   -3.5792079343   -0.4430190933    1.6710684977    2.4571922074
  -6.1286970934   -2.1098420820   -6.1768083806    2.4842982657   -1.0210037156   -1.3949266957
  -5.2530707210    7.2657953938    5.3031697542   -1.4927248497    2.9681261732   -1.9171239413
   4.4558319920    0.7375215393    4.3812743904   -0.1597497957    0.7029401827    1.9656518100
   1.5650407561    7.5368863905    7.4006175082   -6.0354481403    0.8298712960   -0.4063586486
   1.3593923525   -0.0343298133    8.0666115936   -0.1898247992    0.0716846682   -2.2908858469
  -3.6483441964   -4.9335854040    5.8514806142   -0.7219126524    0.2311053559    1.2241391877
  -0.0791677979   -7.4166999995    5.4778838945   -0.1513160648    0.5001899537    1.0955313982
  -6.0273550586   -6.9050977888   -7.1368626266   -0.7309285015   -1.7178937027   -1.6455002227
  -7.3316832788   -7.0047664648    5.3948935159   -0.8960653805    2.9837271706    2.5066063942
  -4.2584783421   -0.0513113996   -4.0427791620   -0.1852213997   -0.9678230293    3.5942615187
   6.1916128818    3.9558561259   -0.0821816355    1.2875934552   -1.0233571568   -4.7365508470
  -6.3184040816   -1.0469184598    5.0613457940    4.3360869929    0.4202811172   -0.4333481838
   6.4282538719   -2.1578786096    6.5706553413    2.7297136280    1.7146755466    1.5854955826
  -3.8667717742   -0.1843827735   -6.3723241108    0.3830078603   -0.2265788832    1.1184469245
   4.2466233398   -0.8329486666   -3.1910352621   -0.3790007107   -0.2283063486   -1.8383494014
  -5.0830765493   -3.5494831518   -4.3432404068    1.4376572284    1.0109878048    3.0929927871
   3.6753177176   -1.8707308794   -0.8357186226   -0.2716320808   -3.3892590696   -0.7424198848
   6.3670194752   -7.2579756123   -2.9323620767   -0.7665487366   -1.3103114970    1.5016260527
   0.9332846546   -6.4808860504    6.8423918708   -2.1401429478   -2.2168436736    1.1086421332
  -4.5471521770    5.9980934769   -4.2690397080   -1.0945283978   -0.8069707534    1.1255696246
   3.7718559447   -3.4588590048   -2.9832816373    3.7245089805    1.6410505771    3.1611373573
  -2.7252962481   -3.7498655749    1.6144507590   -2.4301492733   -0.9289172956    1.5964915943
  -4.9247284967    1.5177542142    7.0262338689   -0.1168605114    0.3115918444    0.6553231665
   3.3173630246   -5.7598944592    4.0564993957    0.8252991634    1.7553097691   -1.7374128600
   6.5708030831   -1.4449097243    3.7580783786    0.8668731098    0.9188650609   -0.5999172111
  -6.3976515553   -7.4585920108   -5.2965183671    2.4020736339   -0.4165530364    3.7696435526
   0.1586267778    8.3766614187   -5.7845533729    0.0228095239   -1.5449881365    2.2833398030
  -1.2500316275    3.6218197144   -4.5091331144    0.3841050924   -1.1058499748   -4.1781843707
   4.9846816770   -0.6041996315    1.3525938826    2.5305687899   -3.6183046975   -1.7118991749
  -3.2556658910    4.2310815848   -5.9044312437    0.1325403871    2.0641477809   -1.4882689214
  -6.2292248573    7.4516884992    2.9092286733    0.2534765079    0.6818409975    2.1115846365
   1.8765796817    1.5909665585   -4.0424884950   -0.9919110415    2.7740535418   -2.4925351406
  -1.9490146194    0.0769227742   -2.9150816245   -2.2408379599   -0.1610148972   -2.0723404008
  -7.9614351216    4.0184932995   -2.1461639871   -1.6781325114    1.3007594516    2.8726957304
  -4.0879911903   -1.0571510940   -3.0482593199   -1.5156667988    2.6060957157   -1.6462532483
  -2.5228046709   -5.9127167783    1.1129086995    2.8415630263    1.5127310150    3.1097547466
  -7.9253808942   -3.9516281511   -4.9761951296    0.3206617478    2.5277581657    1.0789834777
  -4.9838980344    7.0673859179    4.0421877370   -1.3040742253    1.4054215257    1.2913199277
   6.5434676521   -0.4578898395    3.2828483030   -0.3056791697   -3.8611079585   -1.5722997964
  -0.9159350771   -0.3186680658   -2.3069578847   -2.8072215711   -1.9541125343    4.2884728473
   6.3353972966    3.7435685427    6.2246200420   -2.2575633079    1.8464931987   -0.5211154299
  -4.5857335006    4.8588188012   -2.3642451404    1.7630411908   -1.5739393722   -1.1517084217
  -5.9466417693   -4.7869150002    2.9353154201   -1.0253640915   -2.2114937727   -0.5316734800
   6.5437572820    5.5182092753    7.2127907831    2.3149720063   -1.9088110862   -1.8697375165
   0.1849300525   -5.0029023851    2.1127464603    1.3330736129    0.6109828789   -3.0727197392
  -0.6994767508   -1.5051042372   -5.8747626495   -0.7567315896   -0.3695769189    2.3081241933
   6.6055370903    0.8860647486   -4.3933128301    1.0705193206    1.9758652204    3.6752068188
  -4.1755110510   -7.1609130309    1.9849750475    2.2394656603   -2.0861700891    3.1273089999
  -6.5229068557    2.1173890088   -3.6188289216    0.4781320614   -3.7349372042   -0.4992187964
   6.2221332411    3.9990067202   -1.3067221124   -2.7288586766    3.1752523752   -2.4887183576
   2.0919478768   -1.0425628454   -7.5855012354    0.4909091483    0.4573896486   -1.1829061415
   5.4738606333   -3.1837070730   -1.4324251666    1.9686496782   -2.0467272755    2.3787119366
   8.4107649362    0.0810942846    7.8122289573    0.5397015838   -1.2235291187    0.0543379717
   8.2621629437    5.0654819264    8.4799518368   -4.5048044091    3.7795394348   -1.1949974147
  -1.0496041333   -4.8895891937    0.6269287106    1.6758455596    2.4184894417    3.2726500353
   1.6794830157   -3.6120748838    4.7545809875   -0.3537661977    0.4052401618    1.2823223480
  -2.2489438169   -4.6773610409    1.4547387340   -1.1381428129   -4.6093143780    1.9734417427
   5.2405473858    6.2293729987    4.0389950931    0.4221318027    3.2700935324   -0.3020007464
   7.0634349218    6.4688127374   -3.9358219974    1.5110797052   -1.4902934190   -1.0272916615
   7.3744560256   -3.1924092964   -6.5358034254    2.1988123344    3.0530253954    0.8015305608
  -5.9346806977    1.6965518199    1.0827490393   -3.3698482184   -0.5577319273   -0.6875815309
   6.7777327645   -4.5115280630   -1.4851735605    1.5096359890   -0.9904713809   -1.5892449134
   3.1266766316    2.4967125283    3.4917687739    0.1113472748   -2.4098317026   -4.0866998134
  -2.1506125128    7.2677238178    2.0787813662   -1.7639876640   -0.5517043072   -1.3007961130
  -0.9925792746    4.2994200561   -0.8785231398   -5.4106297649    0.3455039332    4.4039867154
  -5.4258964248   -4.9220160697   -4.2545692510    2.2039205275    1.5923057254    1.7793146950
  -2.2612434767   -3.6600380897   -3.7118482758    1.9176739437    0.8450332629    5.6639870741
   5.7890778772    5.9862136344   -7.2361573928    1.7826327057   -1.6996148446   -0.1712235287
   1.8804860530    2.2949812441   -1.7463161632    1.6884994997    0.8407442443    4.7824741318
   8.2137953038    4.5403088481   -6.9603999494    2.0399234179    2.2067999385   -1.7150999342
   6.3242109298   -2.7978932126    2.1863315845    1.8982370058    2.4860645954   -2.3211662923
  -1.8546602333   -2.2480051229   -7.6249301208   -0.2602244869   -1.9172377816    1.5437587008
   1.6264084962    3.3907088794    1.7016373042   -1.0381726376   -0.2619462816    1.9689205258
  -2.5599930482   -1.5567324227   -0.6795857013    3.2093981685    4.1787968438    4.1591216848
  -1.6276703114   -2.4004482121    0.1419923563   -0.2245171168   -0.3633385103   -0.2984495189
   5.6706471851   -6.4480537784   -6.9878851703    0.0801145770   -0.5231371728    0.7999683208
   7.3123868249   -4.3333246967    0.3659973047   -2.8301095978   -1.5996765667   -1.8891609346
   3.3420780120    7.1065640206   -5.2855610434    1.9890103182   -0.9486675158   -2.6060952359
  -0.3202596483   -8.3758383441    5.2361459304    2.7881975893   -1.3981993714   -3.1185318444
  -0.4732176983   -3.0384118420   -4.0924559971   -0.8653217402    3.2822639997   -0.5098676716
   2.7199927711    5.1352101546   -2.5312141755    1.4871096324   -0.9883627574    1.1705669882
  -8.3421512014   -7.8428521904    0.4821869369   -1.2205647101   -0.7838144460   -0.4236444872
   7.6998454752   -6.5539797311   -1.1731557710    2.3179549116   -0.2393970176   -2.4913828156
  -4.4697050559   -4.8992325864   -8.3501937000    0.7349545405   -2.5475482070    1.5292152158
   1.8994762681   -0.4794599494    5.3698328375   -0.0154340722   -1.7503172643    2.4652860352
   4.7688336394   -6.9671634536    8.1438561867   -1.3147503289    3.2420275844   -2.8743255407
   6.9969570926   -7.3873550324   -7.0048556878   -0.6848639272    2.2960898894    3.0991664743
   2.2267876445   -0.1704270563   -5.7461810842    1.3844649299   -1.3451830021   -1.1064171903
  -5.7384266331   -0.8611709616    6.6527913474   -1.8559592383    2.1817604131    2.5778989711
   0.4294909372    0.0002134212   -8.0563037999   -1.5294963203    0.3263090665   -0.5018563965
  -3.7705659251   -5.7229717990   -2.7510587464   -2.3758615596    2.4436154559   -1.4466587766
  -4.9719306329    3.6899410211    8.0555614380    0.4162473580   -0.3741232378   -1.5345809362
  -0.1746617317   -7.1894584054   -7.8078292456    0.0064608033   -3.7170042268   -4.9730523838
   6.6638022235   -1.6207504311   -4.3967625303   -1.8364622060    0.8380704428   -0.1602949993
   2.2792650481   -2.7265945125   -2.4603708726    3.1727966505    1.9503510318   -7.3424354033
  -6.3639401634    4.8890741297    7.0398307674    2.9216880229    1.0144687400   -3.2485809105
   0.2764443544   -2.0327488864   -2.3786805511    5.2964457415   -1.1576808892    0.1763611740
  -2.8136099952   -2.5475413492   -8.2772705120   -4.7535648538   -4.3178444477   -0.3383759856
   7.0645051114    1.5692896452    7.0626173954   -2.0501867884   -2.0415469798   -1.9777261754
   2.2800301595   -6.1335154237    7.9596802544   -0.2113089481    0.6975442459    5.3251180805
  -6.5606830625    5.5088687231   -8.2462418131    0.1022461558    0.6234100773   -2.2371130042
   2.5705025628   -7.4850590491   -0.8276630848   -1.7252384145    0.3845919014    0.6013862639
   7.8426146035    3.0782098352    5.7167721832    0.2664269720    0.0103757768    1.2900052244
  -8.0496989560    3.3847743992   -7.1032252386    0.5825205232    0.7676590189   -0.7825278238
  -5.8503753579    0.1999837628    7.5216169821   -1.7479790850   -0.5968657747    0.5274585165
  -1.0847173443   -5.5995900878    8.3002527883    1.7526885771   -0.1920608974    4.2467675972
  -3.4040029526    5.5760861969   -8.0641112598   -0.7540722015    1.0228710360   -2.1919454315
  -4.7455149722    7.0790084859    7.6613458094    0.9783852375    1.6107647131   -1.4643181774
  -1.2316978261   -4.4914379757   -1.6983141612    3.6229570980   -2.5354655240    0.8005003966
  -1.1804226324   -7.7580485337    1.7570810769    1.9222760628   -0.7346079490   -0.3595032647
   6.4708140733    3.6099779640   -7.0146089765    2.2811610952    2.9959637855    4.6753498548
  -5.4214463249   -3.3137085645   -0.3693268090   -1.4789426436   -1.1663252296    3.1297000680
   4.0684100876    1.0935602938   -0.7253178747   -0.4527868547   -2.4801128397    0.2100353207
   0.0170691577   -7.1013325492    7.9906616437    1.9446447654    4.4678628122   -1.5078547337
   3.7462047250   -4.3550865899   -4.9088675696    2.2388208968    3.0399612493   -0.8693567864
  -7.4359068786    4.6649679893    7.6744082093   -0.3992164193    2.0425533850   -1.7815683043
  -5.1054629784    7.3618367116   -3.9224561816   -0.6376889750   -0.4855791967   -0.1366712407
  -2.8128698597    2.8484396163    5.7025124172    2.1338477641   -3.9288569463   -1.0736257261
   3.9192867456    8.4827155811    1.5504242631    5.3541606367   -2.9590817425   -1.8407753297
  -4.8026141637   -1.1028474460   -7.2444060876    0.4263340791   -0.1257504199   -0.2976540030
  -4.9763343883    0.8980505271    7.6555622511   -2.8031449993   -0.8631623769    1.6168963489
  -5.1575204236   -4.7248471599   -1.0901798244    0.6645973965   -0.0906664963    0.1533522105
  -2.0639298459    3.7085569273   -3.0775133244   -1.5986814535    0.3755588138   -0.0159536062
   5.4671717435   -7.6598198604    5.3745956999   -0.5685848185   -3.9516835394    1.0188988430
   0.0752760884    1.3813876159   -2.4930975290   -0.7408296215    0.2332545198   -0.2111048590
   2.5147662270   -4.7700012738   -5.4284925983   -2.0668508934   -2.4970910692    0.3383014341
  -4.4284387785    4.2699307007   -3.8391456753   -1.6423772587   -2.2182845347    3.4440859013
   6.9044130527    2.9343601731    0.3492788828   -3.9514519640    1.6643810938    3.5635211308
  -3.9662933005   -0.7744183458    2.9852659175   -1.1318577352    0.0045042421   -0.5024253246
   6.2944846712   -2.1288252123   -5.5249923701    2.8456924560   -0.5894934344   -1.7677922296
  -1.8264063799    7.6367066725   -1.7805209841    1.0239879117    2.4441283338   -0.1976131069
   4.5273849493   -7.0916284418    0.8571767927   -1.1651314324    2.7539223131   -0.3187004217
  -6.1617056878   -7.1004923025    1.4604814260   -2.3490964772   -2.4324209393    0.7999151082
  -2.0840778236   -0.8744162459   -2.8608463147   -5.6672635077   -0.6190253121   -0.5002321793
  -5.2768761859    1.2382609706   -3.4037456727    0.8766681849   -3.3077344765   -0.2646308218
  -3.3461722953    0.2492501412   -2.7260028467   -1.0733192324    0.4703196835    2.5049242099
   4.8001298907   -4.1768517134    2.0519022545    2.3129642448    0.3661300321    1.6257191089
  -1.5760025044    3.1048649737    6.6088194840   -0.1014471416   -4.4064133884   -1.9899839286
   0.5536918509    7.0662927023    8.3169065496   -3.6286644551   -0.3890035306   -0.6058891199
   1.2510407734    5.4729343050    8.3515984347    0.4769164933    2.7439544243    1.6979585548
   0.2197963814   -6.0717915786   -6.9505581663    2.3044402854   -1.5067654212   -1.3844613726
  -2.8287082705    5.5241708202   -4.1119991375    1.5726813520    1.2744945083   -0.8832353786
  -6.0851469961    7.5734504515   -7.5750758588   -2.8746355599   -2.9693350320    3.2339189956
   8.3849419987   -6.8289644341    7.9489112059   -0.6449484953    0.5173337543   -0.2817878515
   4.5173253063    3.8995797309    1.4664157962   -2.4388310507    2.8436670358    0.7113686148
   3.9927382898   -8.2818150514   -6.5859421412    0.9022036824    2.1948586783   -0.8281425002
   6.9994324842    3.9190575021    2.1754221665   -0.9698742811   -1.1966525328   -0.2272860273
  -8.1252738856    2.6268779909    4.1210323504   -0.9991383508    1.6369452624    0.4167621743
  -4.4869906656   -1.5762959557   -0.8893946083   -0.3318548729   -0.3015355240    1.1752373601
   1.7185711253    3.2126629003    0.6959914577    2.2357500431   -4.7341161428    3.8146976528
   3.0869487627   -8.1495628581    0.4317459324    0.4090011985   -1.2236907777    3.6614799034
   1.9983103157    2.1822526443    0.4633190292   -0.8072458097    0.8168331493    0.5409463835
  -7.7413159800    3.3174159131    6.6714641884   -1.5002679082    4.5013669377   -0.6967319581
   2.9205610168    7.3245683621   -3.9402557199    0.4855872948    2.2140014196    3.9444670798
  -4.5849158691   -5.2440407714   -3.8078081251   -0.3880849900   -1.1090185420    1.6875532753
  -7.9518734900   -7.7066830878   -0.3632890376   -3.9563844971   -0.1979422602    1.5404210527
   6.6507579344    4.3981819062   -8.3178152339   -2.0299609925    1.1101251305   -5.0359131226
  -1.7042723770   -1.2067968641   -3.9335443325    1.1634762763   -1.5388405103   -0.7984355937
  -2.3983630043    1.9241484717    6.2974659750   -1.5245736135    2.0135659008    1.0422316360
  -4.9739697364   -5.0603576443    4.1337263094   -3.7978338352   -0.4187039493   -0.0182566165
  -2.4194397463   -4.6851922603   -3.1284415661    4.9255989027   -0.8813630814   -4.6864291968
  -7.1171234159    3.1597107317    5.3202684851   -0.9802594586    1.4432561195   -3.0590485123
   1.5492763013    5.6218806074    4.1802720324    0.6648000083   -0.4986774154   -3.3403914964
   0.9622678696    3.3988214586    6.7994141538   -0.6062850848   -0.0327889372   -2.5314805462
   5.5964558022   -6.3062129882    0.4774111306   -0.8992323933    5.6157822711   -0.0371870499
   8.1361236965    1.3923043458    1.7129297866    1.3578633030   -0.0869366001    0.8951664006
  -0.9957378493   -5.4293633866    2.0775240944   -0.4081329669   -0.7166961519    0.6066469030
   7.2193989064   -4.9843253047    6.2841823731    0.0848520697   -0.6538840555    3.5865074045
   5.1629449632    2.2330975994   -7.6125863690   -5.3360200243    1.8519815614   -1.7495264260
   8.1598421553    4.0172475699    3.6168834889    0.0271409428    3.3001403194   -2.2339909654
   0.0818089720    3.6510972317   -8.5182958123   -0.2218678357   -1.2217629898    1.4602943651
   8.5243875927   -0.0352988707    0.2038033598    1.6355848953   -2.3463089774    2.3223110529
  -4.3712798018    2.8897370270    8.3263309139    1.8606031854   -3.6140233338   -0.5788812391
  -7.6358091685    1.9852128109   -0.2829453911   -0.3086526981   -2.0480143735   -0.2620075694
  -6.1339596701   -1.3799179718    6.0013496022   -0.4126376297    0.4523656445    1.5767454722
   4.8637503503   -5.4371069151   -0.5392026917    1.4339579692   -3.4558558132    0.3849845578
  -0.6173064016    1.0593885306    1.8371446516    0.3982921824    0.2247495913   -2.2796290778
   2.4313522743   -7.9438282808    2.7974112344    1.6915884201   -2.7499342646    2.5806274140
  -0.7087089501    5.0775431215    3.7902009077   -1.1611908201   -1.1643463466   -4.1366380955
   1.8251083996   -5.5310267387   -5.7743023657    0.3589797105    2.9211881400   -3.3857782212
   8.4587049771    6.5037157694   -4.0846678794   -1.2239915202    0.8250530363   -0.1167194396
   5.5415818530    4.1283688291    0.6857092056    1.3797779825   -2.1386029602    0.3595268362
   5.0516266638   -2.1383233418    2.4349720361   -5.7861357227    2.1807561996   -5.6185398250
  -0.2957761727   -4.6421956889    6.6852285263   -0.4425793834   -0.0911644240   -3.5532964770
  -6.3280082095    8.1510993809   -5.7844018563    0.7714163253   -1.0191101017   -2.5494980608
   6.1262611458   -0.7814345210    4.7321480227   -0.4316592848    1.2457594484   -1.0365425059
  -5.7108583165    1.4343487056   -0.8404988188   -0.1633388200    7.2603566455   -7.3692007911
  -3.3794680648   -7.1637842465    0.6207309188    1.0130495651    0.2823037711   -5.4475083824
  -5.6757392916    1.3868107979   -2.4508965303   -1.9866072107   -0.3923383270    3.5296431645
   0.9614789748   -4.6369790746    1.0870900247   -0.9456663922    0.7777450108    4.1751967648
   5.6423760234    7.1423038931    4.6973388456   -0.3988976974    1.6857415440    0.3658707774
   6.2636291026   -1.3440361947    2.3814032545   -3.4284295248    6.4689248205   -1.6798903517
   4.9192803845   -1.9434197521   -6.5436286781    0.3204918238   -1.1721596345   -2.7949464772
  -2.4315768489    3.1079502170    1.8791579744    3.0456153134   -2.5035179866    1.0919269721
  -2.7848056754    0.9749941644   -0.6167316315    1.8602007746   -0.3585443142    1.1501002270
   4.2713679847    0.3112587426    6.6287720146   -1.8509926747    3.1879226952   -0.5812693221
  -2.5071726495   -4.0683366330   -5.5578129549   -0.2227725663   -1.8741116293    1.1043151245
   2.1597032698    8.5022962444   -4.5584829503   -1.9724692371   -1.0253126651   -2.0891451284
   3.7374816491   -3.7590457331    4.9045539834    0.8360345203   -4.0251735367   -3.8377412519
   3.9200205212    6.3326530803   -2.7868840158   -0.3685451125   -0.3943421952    0.4979695191
  -4.1823409190    0.4554595771    5.3853192940    0.9774288455    1.6736145112   -3.3921632885
  -1.2077679423    7.2256823340    1.0910814149    0.9824339190   -0.0644303717   -3.6809045898
  -0.6714327655    0.8240135116    5.1144458190    1.7522983089   -0.6463481405    3.0124523482
   5.2565265427   -2.1067866603   -4.7060930719    3.9567265674    1.0206389343   -0.7452591695
  -6.3384473003    6.4464726042    5.9342830471    2.1076769868    0.2670438465    4.6948967806
   5.3188668760   -7.3363965057   -1.5343786381   -2.5303993866    5.1268286403    0.7518978636
  -7.6694435500   -1.2917357951   -0.4215712335    0.7898447313    3.0035961367   -0.8609736457
   2.5499357238    1.6919535965   -0.5145551524   -0.0456674199   -0.4885846829    0.3159070943
  -0.6351948893    3.8047162244    2.7393696468    2.8900278866   -0.3745800576   -2.4470689071
   0.6420802073   -7.3498557551   -4.3824323786   -0.4813747551   -0.6186976510   -7.6073751203
  -7.8760939198   -0.1975552901   -2.2121524331    4.0905532666    1.5728976140    2.1323005580
   4.3163738366    3.7749004558   -7.4480475107    1.7680421468   -0.1824438712    1.8226598773
   1.4551382623    5.3625017382   -7.2735948362    2.6983425037    2.5793828906   -1.3907100272
  -5.0166402212   -2.9024878970    4.1908532518    2.8187054228    0.3708945139    1.1692698418
   8.3183568992    8.3945362784   -7.4088492572   -2.8537105996    0.9208674601    0.6183475711
   6.0341176548   -3.7050954338   -2.4236709993   -3.2922966793    1.8282195125    1.1690592531
   6.5197364561    2.3933802634   -8.3825080496   -4.9584381970   -0.5591249096   -0.0396641500
   7.7680345159    7.2029793557   -2.2889275379    0.2143282103   -1.8373793263   -2.5093064654
  -1.7694063258   -5.9167741674    3.9217770350    3.8918398329    0.1769695629   -1.2262050734
  -2.6065521030   -8.3561141501    3.4706708685    1.3753070215   -0.5548817289    0.3278721623
   4.4426670606   -7.5545698377   -3.9027940967    1.9076904943    1.6883624768    1.1455155877
  -2.8746191112   -2.4544268394    4.0523591368   -2.2022243216   -0.8773486626    1.5919341720
   4.6914135599   -6.1626801221    1.9615127073    0.0699333911    0.2584784038   -2.6255738769
   6.3162025482   -0.2784933730   -7.3342215966    1.0301760560    0.4957911305   -0.6436000526
   3.1968848274    3.5257564920   -6.1864176273   -1.8442117669    2.8034695039   -0.8953419225
  -1.2520412758    2.1951781656    5.2940749241    4.9382116197    1.0697181585   -0.6979842669
   2.7592092447   -0.9652822909    8.4543451365   -4.3498861685    1.9814396672   -0.8649483129
  -4.4161828019   -3.5782322765   -1.0194508506   -1.7813109757   -1.3215159769   -3.6084052050
  -8.2916990198    0.2673359954    5.8068027082   -2.9794972997    1.8133769443   -3.5493245779
   2.2917243441    7.4610790362   -6.4148578348    1.2339542819   -1.4183491612    0.4201609616
  -6.3134330160   -5.4853848478    3.7914310538   -0.7746372153    0.1775413467   -1.5063326536
   8.3300125110    1.0637609006   -3.9943384832   -1.9530831744   -6.9209733580    1.1565888074
  -5.6998872314   -2.8783644452   -5.4275466331    3.1841830424    2.0944214390   -0.3157622039
   5.5122177370   -5.1612649884    5.2935217225   -2.3722888580   -0.4388470942   -0.5847523005
  -3.5433503546   -8.1637960071   -4.8684889797    3.0305532309    3.5050155159    1.2180746977
   3.1031619562    2.0130470533    0.6868787522    1.9841704608   -1.4478905795    2.2057753588
  -7.4326422857    7.2975441633    0.6170398305    0.6843542797   -3.7734094119    1.3994062497
   0.1367847282   -2.0005745268    7.7472534617    2.8188830073    1.6957256623    0.8041788585
  -3.7770359023   -6.2751091525   -6.9708236342   -1.4281641859    5.1004920342    0.7397378900
   0.8142712261   -1.5768504145    5.7586299652    2.8820343270   -4.7439034720    1.3001626704
  -5.6273404095   -3.0065652565   -2.3518667445    1.7872613820    3.5600352173    3.3310446777
  -7.8134691344   -2.1425873154   -1.0646026392    4.9238008254   -0.8995252842    0.9895289578
   6.9755676313    1.4023874247    1.2723503869   -2.0168194992    0.4530506276   -3.7374195443
   6.4966943630   -3.1435435612   -4.4791914026   -1.3273279001    2.2583110767    3.9482997993
  -6.5734699053    2.7489725175   -6.5469284601   -0.6330309712   -0.1759513745   -3.2463179891
  -2.6695280105   -6.9892166582   -2.9141049571   -2.6200681110    0.7476894988    1.1816515693
   3.9728353987    1.9449227577   -2.7421074506    2.5059469048    0.8763639786    1.1393243969
   6.7465607125    6.9805017657    1.4128049844   -1.6050167183   -1.2096287248    1.6343970140
  -0.1924630715    5.6158370585   -8.3617631080   -3.1244505656    0.3428628890   -1.1039733242
  -3.2260049863   -6.1855047998    4.6147663703   -0.4598825600   -2.7555746856   -0.9836523875
  -3.9717657234   -1.7970094645    5.9513447410    0.5918926558    0.1148040321   -0.8493771989
   1.0231193066    7.3126115112   -3.5543249622   -1.7229270985   -0.4990321686    0.9925417472
  -3.7425087685   -3.5916179323    0.6389260664   -1.3291308583    2.2140177146   -0.5198744477
   7.1760178896   -5.9167655843    1.2302196890    1.7442201915   -1.5939378819    1.9210274848
  -5.8092854633   -4.6894596874    7.0227496951    2.0330683493    1.2877445909    1.2708383290
   0.8237007861    6.2302784206   -7.1712333658   -3.3660148261    2.5975083795   -5.5201685591
   1.2653037349   -6.3831467767   -1.6179979875   -1.5792820217    0.2551874457   -0.8766455425
   0.1426900673   -8.0228587552    6.3850174616   -1.3849940280    0.2225212078    0.3082715371
   7.1343399359   -6.2531922717   -3.5665433385   -3.6085888955    0.8742271005   -2.3749999920
   0.5573056915   -7.1291975141    4.8106092898   -0.7712098146   -1.5442980227   -3.2083106556
  -3.6953431247   -4.9304695892   -5.4469857342    5.5754318454   -0.2914217018   -0.5129605435
   5.1356871970    1.0913434121    2.3051853820   -0.9343484996    1.0498474574   -1.1530514384
  -4.9973114532   -3.4338417920    1.3355275936    1.6992603937    2.7174480641    3.1014421553
  -6.7499777304    4.5163237213   -1.5077993002   -2.0601059349    1.1967066602    6.3531415523
   6.3664796497    0.2257692659    0.0503267905   -0.6554967639    0.1634595800   -3.0786270920
  -1.7358765116   -5.0426274682   -0.5374287342    0.5707399987   -0.8415211851    2.7574601389
   2.7691426194   -5.7093703019   -5.5747143582   -0.7184039194   -0.1724393194   -0.9470969282
  -4.9869510590    5.6926408136    0.9904157113   -0.2942276825    4.6980377721   -3.7529096167
   4.2336311234   -3.8090314906   -1.4383359967    2.0640592981    1.7083795888    0.4393636119
  -4.3804757660   -1.9189701908   -4.6302654810   -1.1800307663   -0.6940050109    2.2642190617
  -6.6101870167    3.5769506216   -5.3244416245   -1.7914770998    1.5751535213   -0.9889518222
  -3.2574800020   -7.1440791684    5.2668537671   -2.2531583856    3.4704363853    2.0153245008
  -2.6418984385   -4.9930526563    4.8548203673   -1.0911950545   -1.9293272369    2.2801023623
  -6.4528705378   -3.6879418124   -8.4352989975    6.1217897992   -0.1635833476    0.3585395115
  -1.4159521521   -3.2882141333    5.9539024361   -1.9612835920   -0.1201156020   -4.9922515265
   1.4715550910   -5.0257077449    3.5703498964    2.0639340852    0.3342916814    1.0678355117
   0.3336428618    6.2239150403    7.8833188363    0.0053570650   -1.9801867067   -3.5585209910
  -7.3490335508    1.4255606431    4.8884409811   -0.7770518251    0.1494888101    0.1101529651
  -8.0294896048   -2.5809759078    0.7463625671    2.5380829962    3.2709683160   -0.2951711378
  -4.9375879934   -7.6315154316    5.8815460448    3.8095739276    2.8314106216   -0.0881718292
  -4.4651404716   -6.1173567868   -4.1368418617    3.0596200987   -1.6022610904    0.8015470380
  -3.1510732917    5.3238141776   -0.5004333607    4.8441394013    0.8404852986   -1.1707197541
  -1.4033882192    6.6537260168   -4.2958077224    0.5571293542    0.6630816426    2.7538478639
   6.8691105262    6.9896970434   -1.9461430530   -0.3136007243   -5.3337041329    3.1352959452
   7.4371351611   -3.9507976068   -0.5659875308   -1.5073506518    0.7777851669   -1.2257494860
   5.2368478785    2.3413611681    8.1917736227   -1.1827421883    1.8693551568   -2.7520718391
  -3.0315323803   -5.8641497387    7.6841007765   -2.6549418737    2.2427975423   -0.5560253680
   5.0317470201   -0.8913554720   -5.7419808888   -1.5823268994   -1.3016022055    1.3354894404
   2.3235014306    4.3003666777   -2.3386995730    4.2825355893   -1.2994764683   -5.6773684622
   8.5213515875   -5.1813024498    7.3987413858    0.8568305743    2.2482618715   -0.1638130222
  -2.0259726825   -0.8237647779   -5.4551558351    4.6742241680   -1.7865008646    0.8114114107
  -5.8267553786   -2.9132741102   -3.8223477844    0.8809103627   -1.9581276739   -1.6436298977
  -5.9448052961   -4.9976142171    6.0320702558   -0.5584615358   -0.4448214499   -2.3221724134
  -5.2757162458    7.7685345273    6.2050482948    2.3487014571    1.4212442133   -0.7560174899
   1.0192330752   -0.5887657677   -7.1658334462    4.5847304345   -0.0218099057   -1.9626369157
  -6.8900585969   -8.3027941073    0.2428623392   -0.3305144215    0.0858240360    4.4633685822
   3.2146951614   -8.0848964695    2.1905695454    4.9235971298   -2.6928123592   -0.4298455332
   2.7654224341    6.6144265586   -6.3944476977   -0.7871999445    0.4112948594    0.4085092020
  -6.8746131458    1.5772199162   -2.0285892265    2.9303914038   -1.8077443879   -0.4024278327
  -2.5918161124    3.1543978532   -4.9740029002    1.2860338985    1.0657469711    4.1227675101
   3.8865541599   -2.9276209382   -5.3873707651   -1.1648401896    2.7760978992   -0.8815400897
   8.2331636789   -3.4042784957   -4.3981756970   -1.5498764508   -1.3087365388   -3.7849234295
   6.4944530209    2.5187542313    6.1603817888   -5.6785758535   -1.3731716264   -0.8116917449
  -1.9087185785    1.9264474370   -1.6269719343    3.0215539538    2.0691685844    2.0673416863
  -6.7449414127    7.9831928146    4.0264879510   -2.9942893662    0.3974347804   -2.1079944836
   1.0572897629   -0.3733517544    6.8370438344   -0.0470621120   -0.0462863506   -3.2353018598
  -7.9526830431    7.2662145019   -0.4803785076    0.2396108603   -0.5292914840   -0.8284183889
  -6.5019157888    8.4879064508    6.1223846714   -2.4684704322    1.8251732447   -1.3167213416
   8.2520412207   -5.7192480618    4.4794087041   -1.0175390760   -0.5952916186    3.1105905465
  -4.7066737198    3.9422338469    4.0703010237    0.4729184974    1.8278957180    2.1450182983
   7.9731394059   -2.2727488150    7.2323959509   -1.2742716978   -3.0593675302    0.3823727118
  -2.5213230633    3.0736720848   -7.6051061004    2.6212377344   -5.2434380546    1.6390052280
   0.2438471938   -6.9451605139   -3.5790879864   -6.8475175622   -1.8258439341   -0.7796227642
  -0.5440333521   -7.9703614761   -5.1450583281    0.8662361649   -3.4495825734   -0.1531044246
  -3.1648492753    7.8410749693    3.1804357332    2.5123326334   -5.4256273022    1.9352987624
   6.8189462220    4.6596121533    3.2404240413   -1.1198855660   -3.8902416167   -2.1994643156
  -1.1779486259    4.9781903227   -3.0047965083   -0.2190615823    0.8029904683    4.2935184540
  -2.2055117873   -0.0296154918    6.0795180023    0.2892074816   -0.4020835834    2.4381045296
   6.1192195864   -7.0237540944   -1.7630354220    1.5763758342   -0.1893283350    0.8632642498
   2.6975405372   -1.6085678048    3.1927979102    3.5082576488    0.6880232953   -1.5137383470
   4.6034766310    0.4302448103    8.0370451066    0.1585308982    1.0835195960   -2.8236432016
   5.4402377758   -0.5077132089    7.6165603585   -1.4530505454   -3.8613307582   -1.3826244522
  -2.6979277245    5.2297465213   -5.1063772237    1.8104806514    0.8261690481    0.9572551815
  -2.3522213215    5.0126693900   -6.1037580500    0.0523953808    1.7249794475   -0.5869507076
   6.2985144823   -7.2225826249    6.9284061561   -3.0760363676   -1.0762213482    1.7273386703
   3.7035946209    4.5459901240    2.7516272315   -3.6641595803   -4.9409472710    5.6746583942
   7.3606898188   -1.1824340869    0.8657095692   -1.3452127035   -3.1506223854    2.7873278460
  -7.9485847365   -3.7766804630    2.8004140306    2.2966004798   -1.9613963957    0.1057890790
  -7.6113951252    5.2000176924    5.3211806014   -4.4248762836   -1.5391640141    0.3708255801
   4.0197066066    0.4404002580   -7.3047474222    3.5556351163   -0.3511362122    2.1490815074
   0.5855476493   -0.5957038118    2.6408395668    0.3668247028   -0.1314259205    2.5635661616
   5.0300435633   -1.5169443495   -3.3058148633    4.4691734461   -3.8925721512    0.1105100986
   1.8205553562   -4.4732185499   -7.7300195725   -2.7441536468    3.4120530030    1.6176194023
  -7.9337927748   -0.6831230985   -4.8496779458   -1.9045649270   -4.2207001315    4.3146843055
  -0.3025756655   -1.8830986539    0.4652377833   -0.5519653516   -0.9614208244   -1.2822898605
  -6.0565201653   -7.6845734362    5.5054387415    0.9517362179    2.0110316402   -1.0835068086
  -2.1955499484    6.5072990355    5.9592323313   -1.9922796298   -5.4292061631    0.7666067465
  -4.8194908437    8.1745117680    5.4012278317    3.9323996045   -2.3854414840    0.7593246268
   4.0718818061   -7.9674346969    3.9380189351    2.5054545650    5.0278804680   -1.2158155468
  -2.1293508091    7.2560491579    0.6835409034   -0.3326912347    0.2987951748    2.0489234557
   4.8173155709   -7.2541590978    4.7497988099   -0.4245846348   -0.0123461850   -0.9330920689
   5.7158214965    7.6343660875    6.9861099879    0.4041851130    1.4733860295   -1.2874426490
  -7.7317520638    2.9560826212   -2.1437494983    1.2702831723    1.0230276234    0.1803197387
  -1.4994040486   -5.4257931198   -1.9312722782   -0.1890856483   -2.9051405725    2.0492603335
   3.1643457347   -1.0682335727    2.2414340384   -0.4762866159    1.0708175334   -0.5547900844
   3.9513456815   -0.9546315692   -8.4946571273    1.6286772348   -0.5734487040    3.6682612918
  -1.2075944028    6.7285980987   -1.5342490218   -0.0583790666    3.5679587042   -2.6102441837
  -7.6162235815   -3.2323921105    3.5207714063   -3.9769721829   -0.4679881024   -1.9318039558
   8.3555187661    8.1922248476   -0.7172075340    0.1209145530    1.5429178837    2.5035908728
  -7.4044551040   -1.1066992511    4.8719354505   -3.8453220928   -1.4737839440   -4.4636178838
  -6.9593138781   -1.3079178880   -5.2149145046    2.4248032718   -1.5437494189    1.1942755281
  -3.9769200152    7.4547387516    6.6653362643    2.8081835601    1.3024137211   -0.1262296119
  -5.8629915871    2.5159716257   -7.3868213457    1.9369004093   -1.6168860246   -2.9743825084
   3.2281718388   -3.7111172634   -0.7749056326   -3.2160338458    2.3547685712   -0.8264692847
  -8.4328934534    2.0540475226   -2.6551541615    1.6750537924   -3.1982783552    2.2680243867
  -5.5954629003   -2.4890818910   -7.0642057163   -1.5653038669    0.1299915038   -1.3301354148
   8.2232320106   -2.1816968156   -1.0367227619   -3.3142518237   -2.5618166748    1.2518606224
  -4.0297884036    1.8940234626   -7.9302114356   -2.6355128596    0.6589010551   -0.9664577841
  -1.6664663731   -6.2612513985    7.7810711794   -3.8786495384   -0.4434493575    3.9249665760
   1.6035394617    7.5556354668    0.0124128014   -3.0098096755   -0.0860465162    2.2936821541
   8.1608876896   -7.0944372670   -3.7164134316   -1.0703164753   -0.8647150816    1.3796354219
   2.3660024913   -7.9321289896   -7.4507812027    1.8053643020    1.0552742529    0.3989325390
  -2.0816028211    4.0156028768   -0.6290590268   -1.2374683539    3.0692813853   -3.3649150058
  -5.8539810574    6.1250744074    3.5965913953   -0.3385078154    0.9315006470   -2.2302559365
  -5.6374516328    1.2005795173   -7.9555298211    2.8116481113   -3.6716675085    4.6462374840
   1.0063809007   -1.2827691959   -5.2304592232    2.4082428763   -0.2155849007    3.1924748998
   1.9407591228   -5.1022295321    1.8009023579   -2.5941303681    2.6943057031   -2.1064498203
  -0.5292089985   -6.7083616495   -6.0767068231    2.9939722250    1.6908292367   -0.5415856046
  -2.8271249497   -3.0161453437    4.9460685797    2.0297809184   -3.1712948668   -1.0030640964
   7.3959590392   -1.9238544603   -8.3575896403    1.8823083712    0.6743266016    1.6073248983
   8.3457732458    0.8662761415    5.3237417073   -0.8847601034   -2.3302837524   -5.0321585498
  -1.3593565505   -1.8052231819    4.5976036242   -2.8090068931    2.0170270668   -4.5611989516
  -6.1943098031    3.1625877787    5.6195162015    3.9767993140    2.5117051509   -1.9591352719
  -4.8793357592   -7.3393924016    3.6438194670   -0.2699610970    1.9112040802    5.3025114857
   2.6971873341   -4.3539701706    7.1568110262   -3.4276286932    0.6588710659   -0.8935630820
   4.2177422320   -5.4469888448    3.3740752436    1.2306992046   -1.1871264538   -2.3612052842
   3.5594975472   -6.8588093748    5.5924948667   -2.6393852290   -2.0771163611   -1.0157480821
  -5.6445217681   -5.7251424865    0.2562644006    1.8648663631   -1.2576117254   -3.0473881438
  -7.4969405753    8.5179157827    5.8990827989    0.6539812627   -2.1966107761    5.0003091771
  -2.8827869074   -5.1357983029   -0.1522197615   -0.1362730388    0.7913849932   -5.2167755253
   5.7613938608   -7.8859919310   -5.4378128270    0.0062325381    2.2100633149    0.9392371567
   3.1154585020   -8.4789322519   -3.6883447789    3.5262393369   -0.1553379525    2.8519719179
  -7.3048997937    5.3485519668    6.2147578178   -0.0982882079    3.4209784368   -0.6245407034
  -1.1021238995   -7.9413717546    2.9633519503    0.7408615215   -1.3097291365    1.3240768402
   7.9708164923    5.6941459115   -0.0837395877   -2.0943842733    2.6975774593   -4.4534477736
   2.0108013705   -6.9613349832   -5.5531751755    0.3118602781    1.7029688952   -2.3250721265
  -0.5674504647    7.5067416543   -6.0416734198   -1.3167627699   -0.3394617304   -2.8138101937
   6.0516692646   -1.8569848153    7.9570641180   -3.2901823131    0.1923613692   -1.8539088932
  -1.5640903809    8.4287700462   -0.9752962283    2.9101428552   -0.1011269361    0.1436627396
   3.4220623332    5.5351605480    6.9598631513    0.8911675587    2.0376225160   -0.6310481369
   6.4270629714    1.8796188498   -2.7498221841    0.0825185883    0.6090725271    0.9356708106
  -5.2256638409    2.3155922596   -2.5870852230   -0.2380812335    1.8198148490   -2.1528544901
  -3.9335935222   -4.8885008946    4.6617459430   -0.8238541244    1.2861351062    0.6186902139
  -2.1852075994   -6.5784724053   -7.1759083071   -0.2681684077    4.6145370703   -5.5542018692
  -1.9502234854    1.7035327603   -0.1010679975    0.4611873570   -1.3981848844    1.2943992438
  -4.0519640629   -4.3295068631    7.8653747521    0.4673299910   -1.9452294777   -0.8275731789
  -5.6803126207    3.0373320272    4.4785862949    2.2745446314    1.5104024505    0.5636667032
  -7.0440483874   -2.8769444695   -6.9628960465   -4.1489847313   -3.0187088694    1.7987516184
   1.6897188270   -7.5012683856    0.8000422415   -3.3929510115    2.1550098860    0.2062371867
  -7.1918353339   -1.6659980366    7.8061839263    0.1949667277    0.6045060914    0.7992272040
  -1.5977735481    4.1330815353   -6.3119640166   -2.4586943815   -0.5459889700   -0.8531305256
   5.5730501335    6.0521804879   -0.4159134574    4.2356423884   -0.5030554477   -2.3964011374
  -8.2247009379   -2.5715700539   -2.1711255931    2.1727596685    1.1843093721    0.0226111337
   2.5924856042    3.4617680177   -3.3966682302   -1.1949848427    5.3789126753   -2.4836717673
  -4.2103981382   -3.3871126489   -5.5030552127    2.5324607845   -0.7592970462   -0.6804294561
  -1.1798023590    8.4704248528    4.6697612766    1.2824344078   -5.0406630325    2.4320459706
   3.2917004087    6.2286740046   -2.0278832860    0.2744820050    1.6179603248    0.1848428753
   0.6262585765    2.8705279149   -7.8787538250    3.2479633654   -0.5852325171   -5.0203290663
   7.8045899774   -5.4982863784   -4.7388802051    0.6501256786    2.6618244246   -0.5410838922
   1.0167457317   -8.0814754634   -1.0771236925   -2.9471945944    0.0432487024    0.9153609104
   7.9624453950   -1.6208250609   -4.0116083103   -2.1400722113    1.1009710196    2.4536183968
   5.4844853975    6.6753126059    1.2278024898    1.1501909702    0.7018378521    1.1040653089
  -7.5696809385   -2.4040066423    2.4328464949    2.5939414197    2.7512885604   -0.9464670426
  -8.2848669416    5.0958208197    1.8263117676    1.5867730841   -0.8427898090    1.9759996834
   6.2664218875   -3.4962282471   -5.8212323677    2.0004923942    0.7131618395    0.4364712455
   2.8949431182   -6.1063127732   -0.3114291690    0.0224069500    3.0219369120   -0.5612875195
  -4.2664567420    1.9181410136   -2.5523943178   -1.5174134028   -1.2410909585   -4.8890963235
  -5.8185918615    3.2642087794   -4.5140578793   -2.3802788687   -1.0895227667    2.7041265700
  -4.0929663110    4.2371625789   -0.3902430440    0.3137141099   -0.6077245622    0.5325706510
  -6.6631247171   -7.1909394690   -3.3642789067   -3.6076624434    1.9380467083   -0.9769921639
  -5.8657019508   -0.3938447983    4.1556464894   -0.2149247383    2.6567118814   -1.0579410720
  -3.0593292878   -8.3971822270   -6.1288784507   -1.0260832502    1.7661782711    1.4791683421
  -7.0486494041   -0.3937509843    3.3284400713    3.4571558078   -2.9044732586    0.1351910548
   7.5075141370   -0.7624330035   -4.4240979906   -1.7181048489    1.8959386654    5.5027950077
   6.9731558050    0.2474109421    7.6257447240   -1.8381224606   -2.0119690329    0.4762433548
  -6.7294799123    6.1451110047   -5.2360419313   -1.6087815658    1.4139988971   -3.1870194001
   1.3213221330   -8.3732485526    6.4438332078   -0.6473744840    2.5221225824    1.9392582981
  -7.1602441364    2.9873112238    1.4577502610    0.7643368854    2.3409099800   -6.0651818388
  -3.4369843076   -5.4514682676   -1.2810847986   -1.8229739526    0.2505253300    3.7551113710
   6.4229874858    7.4181447589   -3.2516201918   -2.4349255730   -0.4555053138    0.6644334590
  -6.7342318045   -6.1703454935    0.5246162165    1.6389663072   -1.0657473122    0.1289686165
  -2.0899156786    0.7911480125    1.0067147963   -0.2929185963   -0.9624492889   -2.6919851909
  -4.7509862744    1.3837181337    3.9459895922    1.6555839058   -0.3940823018   -0.6603963452
   7.1703324584    5.3916106169   -0.4936977638   -0.1566847784    0.1931556778   -0.0903211903
   5.8175380564    6.4682646812   -2.3768562724   -0.2774106953    1.4974228792   -2.0673104911
   3.4319321961    7.7514185648   -7.1878701794   -1.4757365774    2.1035315914    3.1939647545
   2.6548024418    2.9836903790   -0.0423357474   -0.0629397196    2.7323160024    2.2865482263
   3.0274211790    8.0039713373    0.8791425110    1.6135508045   -0.8659481186   -2.2282085906
   7.0278845918   -4.9572986297    8.5454074769   -0.6598986387   -2.2593102395    0.6602961161
  -3.2041124585    0.7102032483    7.4793701331    0.2685943870   -0.5753003428    3.4007282851
   6.1703735725    6.7609137870   -8.0851962696   -1.9004707967    0.6980211318   -2.4828721944
   0.4346928820    2.5420180091    3.6748364965   -1.4854825464    2.7202825851    4.1647307659
  -6.5923822852    1.9436997841   -0.3826425716    0.2726846104    0.0218402910   -2.8716561104
  -6.4227446310   -4.8169233119   -5.0694477582   -0.9086249441   -2.1194296941   -0.9571449009
  -2.5770702336   -7.0096628378   -5.4118200120   -1.0206499739    1.3444441124   -2.8598364033
  -5.2853787378    7.3668268394   -5.2634842606    2.1706681422    1.9197528318    0.0272182763
  -8.5204411948   -6.8604949440    5.6986940030    2.2721007209   -2.8463181105    1.6182097349
  -7.0293985333    4.8589671495    3.6501092556    0.3928381168   -2.9736431568    1.6305024596
  -6.5686062656    5.9844279393    1.0470295459    0.4063463199    3.6233899990   -0.1386024809
   1.9441155514    2.4406540307   -4.9214763035    2.4329653723    0.4417276760   -0.3957625757
   4.1904561576   -6.1393185143   -0.3697357357    3.1008572697    1.4087739078   -2.8383603186
  -0.5810191176    3.1770906726    6.1586308627    2.0025659388    0.7354053220    1.4090698479
  -7.0943702627   -4.1578847291   -7.7373432070   -1.9915983206    1.0476438100   -2.8397119508
  -5.2968456541   -0.4639677031    0.3587799330    1.5638364795    1.5808963297   -1.5458501728
   5.6067775237    5.1432811797    6.7601751966    0.3155330534    2.9812456333    0.4263264554
  -0.0476911640    1.1889772745    4.0620453859    0.1743899172    0.6291926948   -0.7005846662
   7.5982692335   -0.7055165282    4.3795517418    1.7799373461    2.3316127906    1.9837719559
  -0.7080641128   -1.2576382639   -7.1161944411    4.7976506605    1.9967842759    3.0605109198
   0.0275646998    4.1025089371   -7.4077860924   -0.1598381196   -2.1212638667    2.6125433894
  -5.5977451217    0.7297308683    6.4242933839    0.0808970374   -1.4370846563   -1.1626959535
   2.6777469142    4.8784697937    6.7625992149   -2.5398939760    0.4430786109    0.1636431422
  -2.5480046836   -6.0404191223    6.3495091801   -1.2970283241    2.1549237391    1.4578594159
  -7.8420828347    2.1688897844    6.8399740173   -0.3859102779    1.4054753706    1.9337501184
   4.7583640408   -4.6491259924   -3.1597165392   -3.9584000142    2.4758241039    1.7791438288
   8.2700606937    1.0241311218   -1.1412648466    0.1077727663   -2.0479142686   -2.4004072573
   3.7342269159   -8.5287937770    7.8544838238   -2.0983150804   -1.0867401233   -1.1773962562
   3.9565541173   -7.2296131298    7.5297045246    2.5656503734    1.6403291084    0.0257271275
   4.4010888362   -5.0326340044    6.7178635234    0.3266248295    1.6510240510   -0.0970110589
  -2.4519388345   -7.9006237668   -2.7757268212    3.0159365292    2.3065802025   -1.3294843633
  -7.3005281565   -6.5909912788   -3.6599776465   -2.7627287608    3.2895422357   -4.4341686954
   5.6104890701   -2.1007744490    7.0959386720    2.9058966684   -2.0087685431   -2.2237693069
   5.2839099467    4.6798566441    3.6036061986    4.3570677554    0.6424250214   -6.9876813992
   5.1840640235    2.2545837888    6.8057878420   -0.5198272908   -0.1624379011   -1.8544199912
   3.4657811185   -5.2096585027   -1.6216367210   -0.6499966588    0.0291249128    0.7454407382
  -7.9890304423   -4.5725245335    4.9361040361    0.5775203131    1.7205310463    0.5543241470
  -6.6903004036    2.3519742277    5.9684111006    0.8916889350   -0.3493362773    1.9506987896
  -7.2061071790    6.1638968719    2.7944055508   -5.4392095195    3.9569649500   -0.6829331063
  -7.5084336326    2.6780699429   -5.4313868375   -2.2504734506    0.8913682113   -2.0480104725
   4.0048018473   -0.5802497882   -6.3998254120    0.4706239024   -3.1208743557   -1.3323851212
  -5.7210856390   -4.7452331730    1.5388466958   -3.2946297723    3.1442858718    1.6632573293
  -3.3033310834   -2.0769517343   -2.8406738776    0.6694741725    0.1783063145    2.2624510739
  -6.0140293130    0.6788442257   -1.6097737199    2.2523757248   -2.1983651340   -0.8014548880
  -7.5106970694    0.8747150915    1.3586472854    0.4253696370    1.2827089845   -6.2985620995
   0.0512443444    1.9678198087    1.2217598134   -3.1473668757    0.4160081658   -0.7556956754
   1.8235297588   -0.1839871684   -7.3222616952   -1.7314918621    0.8117946091    2.3514876057
  -7.5279529996   -5.6790064523    5.1056267588   -0.6637271355   -0.2072735932   -2.4517770472
   6.8524255884   -2.2582157003   -7.4849282443   -0.3474543639   -3.3115780354    0.3194624354
   3.7279611553    7.1765221859    0.0104798887   -0.6709136963   -2.4758000645   -1.1066410802
  -3.7868848205    1.2134564820    4.8505265017    3.7102839279   -5.1913363548    1.3369704280
  -4.8834517850    8.5151895828   -3.8212024246   -0.3571965140   -1.0817061145    0.2337797841
   8.1872454334    1.2492156825    3.2091896723   -1.3943998714    2.2213070813   -3.3856922684
   7.5979786646   -5.0587419059   -0.5324285183    0.6804488918    2.2052649771   -0.1130847715
  -2.3411283870   -3.8707999356    4.4427533107    1.4688999358    0.1885380433    0.2179262305
   0.5807557186    0.4463739301    4.3814648488   -1.8420090801    2.6425576828    1.2848617777
  -7.7607951998    0.2165159721   -7.5647352016    5.3498013922    1.4763599941   -0.0670357852
  -1.1602710477   -0.3194269791   -4.4699890697   -0.7565735834    2.4970858958    6.8697195646
   2.7914708883    2.0387933174    5.0829795044    2.5241039679   -0.9978696558    3.1093403602
  -7.9200387756   -6.7329523020   -4.9100187118   -0.3687335610   -1.5900659012   -2.5998933151
   1.6657986871   -7.6850926313   -6.1619304395   -0.3421705382    4.3974593507   -0.3155374844
   2.6275094092    1.6280785693   -6.9798637306   -2.1593510590   -2.9570063420   -2.4182077974
  -6.3676582024    4.9961894370   -6.6139017340    0.8968292066    0.3041520788    0.8096065073
  -4.6187969688    0.7476481193    0.4441684936   -0.8012857017   -4.5210363234   -1.5421111412
  -5.2206788543   -1.4092872712   -5.4856408213    4.3761381885    0.1657943803    3.6551496126
   5.5569030767   -6.0620117905    3.9805651670   -0.8145048119   -0.3893765810   -2.4968611951
  -8.5308113775    4.5757264126   -5.6446560612    1.7250228181    1.6121574020    0.3900415273
   2.7509749527    3.4862121055    1.8731349643    2.0120765003    0.4426635298   -0.4813210893
  -1.4982249735   -0.1056081678   -8.5065954522   -0.9101797932   -1.7039063743    0.7347790645
  -1.2416374633   -6.2293754206    3.1852907616   -2.0406249953    3.4385877649    2.7049859519
  -2.8075405959   -1.9626274805    6.7086687808    0.5071619327   -0.2464419855    2.6307152632
  -3.1407128384   -2.5778051859    5.7812301011    2.2519516340    1.7161749202    0.8774888785
  -4.9726770411   -4.9536866274    5.8556335116    3.6333086625    1.9126979174    2.6374775072
   1.2913973668    5.7587715238    5.6831803714    0.7066639370   -1.2824530008    2.5469247198
   8.2232363658   -0.1771627496   -1.4270505081   -0.3916561488    0.1447260081    1.0742228522
  -6.9947468109    6.1351513390   -1.6472735731    4.4055372299   -1.5596918538    0.3522804975
   8.1710960041   -5.7056354172    2.5739569534    1.2976031257    0.0675852029   -0.4530006813
  -0.2932255908   -8.3415894571   -3.1294972644   -0.9152547681    4.9127011927   -2.5798859221
  -2.0729417408   -7.5617280881   -1.4354883480    3.1132098045   -1.8001578985    0.4284437114
   6.9032701324   -4.8509493017   -5.4540275170    1.2772935795   -2.2157842182    0.1960173481
  -0.4944027707   -4.8976480787   -0.8722538224   -1.7767429403    2.6239609541   -1.7241495288
   3.1248723780   -7.0393779986    6.5740191717   -2.2489177858    0.3180284913    0.1257939350
   0.6164989939    0.2225569651    3.1990382414   -0.6417848202    0.9493583777    3.0496547146
   2.5027345037    5.1800061463   -0.3760148849   -3.3800370905    1.7625115249   -2.3488959844
   0.4492540230    3.2541227935    2.0953126821    0.9242395124    0.8959030137    0.9800889756
   0.6611623321    5.5325956994    4.8067380483   -0.9256746692   -0.4516286277    1.5764658542
   6.3402556386   -1.7030233359   -6.6513874884   -2.4215324002   -0.1175184514   -0.0631451996
  -3.2690394301    4.8201851229   -3.4685806590    1.0712247531   -4.7536930337    0.1638333573
  -2.5009052318   -0.8453882646    6.5666522486    1.9221600390    4.1180442644   -1.5053630926
   1.6637126338    1.9553197041   -7.8755506059    3.2289997638    1.7895419785    0.4388071136
  -3.6147420255   -2.7407797244   -1.4290206038   -2.0881813530   -1.2787328825   -2.2731078305
  -4.7131138654    6.1895184342   -0.8931740191    3.2090380302    2.1777690992   -5.3832225961
  -1.2870707254    0.3876597773   -6.4298360453   -1.6390609511    1.7255600822   -4.0057497288
   6.4360090250    5.0735840020    0.4091720711   -3.5179409857    1.4943566266   -0.8026905278
  -1.2085815726   -1.2944037359    0.4675322067    2.5294481881    3.1730807095    1.1450599187
   6.2429594164   -6.6702833675   -0.4929443580    3.2127699712    1.6297811486   -6.2702476165
   5.5633096532    5.4172072392    7.9598245916    0.1387353984   -2.8101514789    2.0244913126
   7.4085690288   -1.9909722910   -2.5778660730    0.4045270128   -2.0545241124   -0.5061928980
  -3.8658917545   -3.2629425368   -3.9158278374    0.5895522103    1.3506013306    3.3832243935
  -1.0731293068   -5.7658664449   -3.8758266258   -1.6365176799   -0.3078366009    0.4961427848
   1.2175585050   -5.6008737358   -2.0981048840   -6.3805010646   -0.5601634212   -1.7295383295
   0.9510353941   -8.0218820910    1.7959879695    0.5114137805    1.4468171078    0.5887815148
   2.1398423637   -6.3274774460    4.0079525508   -1.4912010829   -0.8810255192    2.3193158374
   2.3934505858   -6.9919458390    0.1042045361    3.2498139717   -0.3292164166    3.7869620626
   5.4860953049    4.2757055870    4.8782489647    0.6952502731    0.4782455200   -2.7968417867
   8.2124552867   -3.9379822395    8.0067183077   -1.1814732637   -0.0518339208   -2.0981841142
  -4.4995167568   -7.7972025565    1.2121264672   -2.8336278737   -2.8874507130    1.1693935598
   1.4085779792   -6.0069567522   -8.1031158606    0.2305771944    0.4794435013    1.6346240125
  -0.4315565399    1.0343099842   -1.6303497359   -2.0876003918    2.3599232542   -3.3569164202
  -3.5415116825    1.2386740954   -4.0249979143   -2.4146104166   -2.1784394751    2.3563134826
  -2.6967039529    0.9606052354    6.3963834461   -2.9673334838    0.5897032262   -0.2130682538
  -0.6365087470   -2.1380986247    5.1771306633    2.5070972274    0.4743758999   -1.5411451833
   6.1136850754   -4.4458745804    0.4635924013   -0.7892848111   -0.3247390350   -2.7730371975
  -2.9013967073    2.2748162964   -0.9563831075   -2.4135962787   -4.0454901087   -1.5267011235
  -4.3572635603   -6.6659855369    6.3042418494   -0.0420038308    1.2275325378    4.0851771325
   3.5869133332    4.9778281523    4.2729531540   -1.1829023128   -1.2179633668   -2.4015623528
  -6.4438688835   -4.1662812465   -2.2870835174   -1.8751017189    2.9139816335   -2.6314643852
  -8.4714764647   -4.1405401818   -1.9390716111    0.0955552455   -0.0546121444   -3.2514490864
   7.7577584402   -7.1736942230   -2.8760294251    1.8380155781    1.8171423274    1.6361459846
  -4.0349434302    5.7671178166   -0.3151367142   -2.5160487709    2.7391832370    4.2990260893
  -0.3604185674    3.9360978223    3.8506443924   -6.0907891812   -0.9930401317   -0.7303946322
  -4.2355895096    1.8640495636   -0.2403672182    0.7294841423    2.6810548107   -0.6594550079
   3.2290202571    4.2286495038   -0.2962605625   -5.7550360929    2.1317023815   -1.8411807823
  -0.5213517488   -0.9885760833    1.5343051369    1.2885519045    1.9646738796    0.1709957187
  -7.7147592781    1.7546585896    5.7284169525    2.2392203043    1.6811904287   -0.3473915597
   5.7881994127   -0.7361835350   -4.3987612770   -3.1487518128    1.4731152788   -0.3738741115
  -7.4899642407    7.6490553610    1.8516322528   -0.2627697585    1.5651702655    0.6945948655
   2.5644689086    2.2308912901    1.9138254671    0.4590267201    0.7102598143   -2.8870947172
  -7.3256816409   -4.5603262767    8.1201712892    2.2824935413    2.3422469718    0.8891362190
  -4.3534947214    8.4292618170   -1.5863494065   -0.8330987252   -2.4020669369    3.8360612239
  -1.2330765134    5.7510199824   -1.1622384873    0.2020134981   -0.4951865223   -3.6800545318
  -4.7005370970   -8.3911972614    2.3046950420    0.8857970374    0.5129645504   -0.7587998752
  -3.6801492120   -3.0698399613    7.0785984714    2.0075531996    0.3534108611    3.2577893029
  -3.0739897028   -5.8015002431    3.6934587277    4.5171475052   -2.2685117767    0.1556076207
   1.6043596770    8.2218792157   -1.2735232212    4.3843867339   -1.0825900434   -0.9243727111
  -6.2354823917    6.6989166865    7.9638215828    1.1343224959    0.7416295317    3.5671697945
  -5.3386116443   -6.7288688112    6.5247246040    2.6129078861    0.9978992842    2.3321675673
   2.7964830933   -6.0986017135    0.8625969452   -2.7497962586   -2.0153120509   -4.5738141695
   7.6800034994   -0.3099726673    2.1115239304   -2.3943008835    1.4826531037   -2.3726317149
  -1.0137689949   -1.5078789911   -1.8255059137   -0.7040925016    0.0954262613    0.1677345688
   2.7428933865   -8.1423886924    5.9168824404    2.9262711638   -0.8521685969   -2.1773033151
  -5.7870747976   -8.0229043063   -6.8548996775    2.0693375146   -1.0639391396    1.8707369667
   3.7605659523   -4.9173086179    2.1926598817    1.7411147008    1.6006335541    1.4316950239
  -2.7807268390    4.4869182591   -2.6729243774   -3.4475872632    2.5387201370   -1.9839029938
  -5.9644848857   -8.0563755292    4.5724463419    3.1614492382   -3.0388687688    2.4243126759
   1.3833425755   -3.8615647775    1.4132890336   -0.4941512134    0.8598619047   -0.1031548990
   6.1896664528   -5.8127809032    6.3096342300   -2.6137961386    1.1074035316   -1.7618073012
   3.7688515843    2.4671342216    4.2988021895    0.8958169945   -3.1832195932   -0.3785819941
   4.8816058833    4.8018137957   -7.5541864175   -1.8925411207   -1.6740207090    0.7797978472
  -7.8893043224   -0.7382266105    5.8740861187   -0.3021212931    0.0668475702   -2.0421862783
  -4.6957791027    4.9575659773    3.2066035061    2.0094338353   -0.0154546081   -1.6922764626
  -4.0158084896   -3.1768769906    2.6850180553   -0.8152684184    1.9241507250   -1.5190039221
  -0.4447454557    4.9254280576    4.8738775815   -1.1408653285   -1.8670044867    0.5017281825
  -6.2310912241   -0.1697962839    0.8347368802    0.0959052215    2.8763790672    1.9645637964
  -4.1078640278    0.3007331711   -5.5308274288   -1.0659502086    2.6820341709    4.5005331351
   3.0990047627    7.3911893748   -2.4412596513    0.2025520127    0.9845335582   -3.5081147223
  -7.7092304994    6.7630704554    6.1444265465    0.8854077644   -2.9644136835   -1.0471638527
  -2.1140046692    5.5275175258    1.8061264252    2.5103521855   -2.3187379027    0.6634255863
  -0.9029348881   -3.7726158594    2.3813424466   -1.2928065733    0.1346392587   -0.2871132719
  -6.0965664539    7.8682077290    5.0468972123   -3.4251192716    1.6827352830    0.7847436805
  -1.1940911592   -3.2871100244    4.9677266024    0.9305753545    1.7525680903    2.4802657701
   0.9388327288   -5.1109512831    4.3370310255    1.7648058204    1.2468645298   -2.5972373822
  -6.5871575379    0.8149533315   -4.0080778122    0.1602085062   -0.7678290122   -1.8452540460
  -0.4600139163    4.3952239375   -3.5586034695    0.8998337084   -2.8922328570    0.8256333827
  -5.7250703684   -2.9917061100    7.6330731707   -1.8437305000    3.0763718575    3.0512353616
   3.5895985754   -5.7944220078   -6.7351310743    0.7420585218    1.1821978483    0.4031640501
   1.9996223725    6.9393941143   -3.6841309303   -1.4037038207   -3.0063351141   -5.1853756386
   4.6772995764    2.6681992626    3.2440885322   -3.0531879701    0.3727326115    4.4392862056
  -6.4550989252    5.3270933164   -3.0013388292    3.7531167045   -0.3394275581    0.2776051280
   7.7269685631   -2.8862626538    0.1788333539    1.4529266133   -1.3917163980    0.4728463044
  -0.4557808189   -2.7697496101   -5.4174520484    0.2744441626   -1.7961144424   -1.5049384702
   1.1508065974    4.5751347363   -8.0203226288   -0.5054753499   -2.4292276607   -2.0259700060
   1.1509828527    0.2413271860   -2.4582005678    5.0030700985   -3.7671174831    2.0646966443
   3.5659197572   -1.6595433441    3.6887439468    0.0422585353    0.7790405874    2.4140529872
   6.3978291500   -7.5421988953    3.3905038551    0.6633485664   -0.2835882604   -1.2056175691
  -1.7956587463   -3.2026514089    3.7293018670   -1.5974228183    1.4590541813   -2.1289914959
  -0.2807848462   -1.3028264443    6.6603453302    0.4433268796   -0.5531447056   -0.0035314489
  -8.2303098446    8.1146327415   -2.8460514065   -1.4788612911   -1.0312670107   -1.2042434138
   0.4910225004   -2.3885014225    3.4211194798   -2.1139314569    3.6151983931    3.2417131767
  -7.9705783003   -1.0687400141   -3.8387333053   -0.0272535748   -0.1838703588   -0.7154135506
   4.5912946181    1.9527271881   -0.9686941065    0.8339961873    2.2767313296   -0.5937317548
  -2.7216664077   -8.3337327894   -1.6264247725   -1.4065745542    0.1864736778   -2.7044281055
  -3.8749184891   -0.3734898426    6.3901954029    2.8747605502   -1.1543550092    0.5535037858
   6.6188850449    1.1322957205    3.8022894709   -0.9545716107    2.7579268883   -0.6369132929
   1.3589899291    6.1077475357   -1.7215953207    2.7795029415    2.1012605914   -2.5052226828
   1.3405328201    0.9885480903    4.4124686548    2.4505963870    1.5277874211   -2.1233597107
   1.2281914847   -1.9086834028    4.3637954865   -1.4352109845   -0.4390144836    0.8902242901
  -3.4163956517   -2.4466258510   -5.9306040735    1.7949382559   -0.0567137252   -2.0656333964
  -2.5964589319    2.7181427832    4.5790469051   -0.5882297059    1.3952084031    1.9541250855
  -6.4575767209    0.6043010383    1.4128723224   -0.3161032321    0.9140637993   -2.0355369087
   6.2574688778   -7.1306855619    0.4540444051   -1.4771612136   -0.0582867101   -1.8490024088
  -1.6490453605    8.5414552036   -7.6703576111    2.8685291000   -0.9876947280   -0.3714651260
   3.7003501101   -2.1775473783    5.4551110476   -1.5993704925   -2.3161242887    3.2990011700
  -3.6092536361    1.0202054776    2.4421896366    2.5824298837    2.5200803092   -1.0922155678
   2.8260248615   -0.4345932897   -2.1376312732    3.9316569449    0.2586390910    0.0513049531
   4.2383866595    0.1499398280   -4.9428440512    0.2723783359   -0.7414922504    0.5849945856
   4.0835426007    0.0902788252    0.0985207393    1.0372926830   -2.1802446181    1.2067361814
  -1.5344461282   -3.2983405138   -6.0141249552    1.4312063200    2.3941826079    1.8478473099
  -2.6324912430   -7.5882734520   -6.9102600895    0.9364829679    0.9827309684   -1.0087356125
   0.6410705830    1.0690488344    0.1654969403   -0.9764508889   -0.3252381135   -2.7918008909
   6.4145447154    4.8022097806    1.4144589993    1.1203774721    1.3603836717    0.8935488362
  -2.3044318958    0.2811129473   -1.3291825348   -0.6454880762    2.9919212268    0.1736130310
  -8.5129397312    0.6405857882    6.8648274058    0.3582498239    1.1169775295    3.1190160704
  -5.2506501863    3.3170131583    0.5648869964   -4.3934900184    0.5296650228   -0.6684985287
   1.8709175048    6.7471690188    7.9690098918   -4.1284260243    2.9191000774    2.6121419343
   4.7053617858    1.0340241557    0.2140516142   -0.4730055178   -0.0623345326   -1.2177731730
   6.6725665066    8.4251808445    4.9336047357   -5.5345575278    1.8331485856    3.1248037744
  -0.4658186292   -0.2988100817   -6.0593863074   -1.3034043736   -3.1592543731   -0.7438016041
   0.3330005992   -1.8978777263   -6.7486151390   -0.8468186908    0.8096033643   -2.3328888790
   1.9088094009    8.0118007857    1.8857971769    0.8072611040   -6.5473198127    1.5192947772
  -1.1398841895    7.8305661079    2.3640520551    3.7633530272   -1.8316414192   -1.0567204384
   1.5047846825   -2.4896854948    6.6062005578    4.9168796710    0.6937891302   -3.4979769776
  -6.3037927709    3.0093846151   -8.3411655779   -2.0141540974    2.6668529933    2.2557294593
  -5.7689147758    4.2042420019   -4.7289377048    0.5173947026    1.2158878541   -0.9192003584
  -2.5147439372    0.8006159110   -7.2416997780    0.3825771711   -2.8651005806   -1.2109359008
  -4.8369351022   -4.3935902017   -5.7692698743   -4.5507420986   -1.3321030132    0.7726322811
  -1.9651909784   -6.1138442913    2.4736457457   -0.8619899681   -0.2101829908   -0.0645190387
   6.8774917534    6.2258381102   -6.1293969683    3.2272300373    4.3220201350    3.6442337091
  -7.5427293195   -6.8115296843   -6.0090137259    0.3136694431   -0.7596635699    1.5546444064
  -5.5381117630   -5.2261377439   -6.8785857314    1.6404564981    0.5048171860   -0.0971576392
   2.9042382348   -4.3006786508   -6.1483234475   -0.5499074860    8.4408843825    2.7355423843
   8.0161579296    4.7024086918    6.0559932076   -0.3448154072   -0.1265913970    1.5293522184
  -5.8566385866    0.9980438234    3.3825670101   -2.9294920785    0.6524789029   -1.3573433616
  -4.3891953515    0.1937441756   -3.1537482795    1.5364035026    0.5468754580    2.0615391281
  -7.0803809940   -0.7845099801   -1.6484952285    0.9650640000   -0.8112338597    3.0703520794
  -3.8062165812    4.1192777970   -7.1771787983    3.1769430940   -3.3284503041   -0.0671026907
   7.6015916167   -2.0551693453    2.7392097479    2.5207645853    0.8072243171   -2.4267149075
  -5.4212013720    3.8299643612    7.1792788071    2.2996406954    2.0412827886   -0.7638905382
   1.2358918757    1.8498676816   -6.7072222019   -0.7222869934    0.7054202562    3.0921193767
  -7.5437054009    0.6073793242   -4.3094892246    0.6511254211    2.0461667500    0.6408632759
   6.2674352305   -0.3043242542    6.8330501491   -1.1724017448    0.7292316849    4.2465483576
  -1.7141371315    7.5593709263    4.8230650428   -0.2831678186    3.3121338073   -1.8918835635
   0.1176796541   -1.0233226203   -8.2155056561    1.5067252335    1.6638101533    4.2160478882
  -5.5141404951   -8.4025569703   -8.0932422729   -2.0611614900    2.1401417332    4.2698294016
   0.7090783477    4.2450477572    1.2481286664   -0.4744320116   -5.1479802841    1.2428794123
  -8.1403827336    3.0520184375   -0.1858265666    0.4463484267   -0.7790072693   -3.6729931653
