           1000
    17.09975947
   6.4745932491    3.4495027254    7.5342554483    0.5296677635   -1.8585460860    4.2813685934
  -4.1657177905    2.7052231040    6.3296237137   -2.6297441401    2.1830976176    0.8071527890
  -5.0057672192   -3.2284740879    7.2159007601    0.1583146601   -1.8035114852   -1.7572560835
  -7.4228704029    2.0246130405    1.3772461925    1.8480650759    3.7414421875   -3.2788226839
  -6.5991237317    6.8031941613   -7.5480927745   -0.2163751290   -1.4008640149    1.6397603445
   4.0972112234   -3.3374503330   -7.5648884209   -1.0414531640    4.9692322845   -0.1369147058
   7.9157710128    7.4531772854   -2.4910671028    0.8647424416   -4.5782808442    2.4291062475
  -1.1386546440   -2.9870485155    8.1589741510    2.7993585151   -0.0225563945   -0.2507498463
   5.6167466579    0.5371076215    1.3403246579    4.9970554407   -2.0854901772    2.3788374721
  -4.9794345426    4.2444614821   -1.7048311234    0.6982409182   -2.2973029623   -2.0143963098
   2.6742649300    4.7781635704    3.0140397486    0.8950587470   -1.3984220276    4.2751873072
   1.6343385164    5.2558477811    1.9010694536    1.6659801981   -1.1685453978   -2.9831111219
   7.7843404298   -7.5956318780    1.4607072603    0.5400585602   -1.7119251306    2.2991032466
   4.4945641306   -4.9889567476   -0.2774245004    0.5184211727    2.6240753757   -4.2166535990
  -1.9854693619    2.6929065440    5.8245274160    1.3105036595    1.7652550117   -4.8027317973
   0.6855654370    8.3390770374    0.2220804222    1.2158129018   -2.8568483257    1.9885195869
   0.1803519002   -6.4666692243    0.0057557756   -0.8489548747    5.1711066911    1.7295097428
   6.2345578259   -0.5957360644   -5.8020593390   -2.3698710302    1.8450877967    0.2080592501
  -2.3245704856   -6.3413171038   -2.1133208163    0.9548698785   -1.8110406313   -0.6119771030
   7.4485780555    3.7086434203   -4.7828077471   -0.6893550625   -0.2886118905    0.2254512429
  -4.9152799859   -0.2373564372    7.8592086970   -2.1287323092    1.9081060751   -2.3371318145
   6.5642074206    5.4223458050    4.8668582985   -1.3871948470   -0.7215249293    0.5445653194
   8.3817008251   -4.2493776343    8.2072413055    2.8064398421    0.6041619435   -0.3630694112
   7.7395923777    0.8994922704   -4.7438303266   -0.2707734652   -2.0953415773    2.9503589678
   5.4880918706   -8.2574480790    7.1655185427    1.0288711953   -1.0670107182    3.0657564301
  -1.3060627508    5.0971583232    0.5370730615   -1.8704608214    2.8919704454   -2.2230854237
   4.1594228850   -5.5915965593    0.8394864111   -0.2878261763   -2.8496194558    0.7253473450
   0.8310922718   -2.9752593319   -0.9810491967    1.3385131188   -0.8064810456   -0.1063605810
  -8.5313924976    2.3157886579   -2.9856667980   -3.1991060784    0.2640423054   -0.4621142740
   7.2734626762    8.2534289535   -2.1440691170   -1.6390824744    0.2869620848   -3.7704142075
  -8.1775647424    5.9660633022   -5.1943952541    2.4110812813    0.8467875341   -3.8833782887
   2.2888155015    0.6614016866    4.1594671338   -4.2903012022   -1.3561914322   -0.9276951479
  -1.6678751043    6.2173033158   -7.0742433969   -1.0073954571   -2.1225973416    2.8587234408
  -0.2650555097   -0.1734068803    5.8628401183   -0.5390708257    1.8371536725    1.0508109739
  -3.5046949673    4.1095137716    0.8155278276   -0.4332116845    2.2268966263   -2.3819008158
  -4.9493723010    1.2149095892    4.1434917934    0.7499434820    1.4720534036   -0.2079160263
   8.1556394903   -4.6047183448    7.1644394385    0.2752000108    3.1737647584   -0.5070144713
   6.7571211251    0.5306138804   -3.2044695885    1.5452679036    0.2080929612   -2.8369341746
   2.1043885303    7.5201117218   -5.7731003608   -3.0484201160    0.4325016695    4.7141540231
   3.8677890457   -8.3143586228   -7.7936882912    2.5642867000   -1.7546987735   -1.0972653682
   1.3620595308   -5.4627578805   -0.0375258754    1.5848724461    2.5628654273   -0.2352698672
  -5.3658074009   -1.7698003086    4.8136358369   -2.3961646123    0.3842452068   -2.5361681607
   7.4018003655    2.0213592877    5.4520623574    0.5773856452    0.9547330436    0.7772359365
  -5.8055964564   -0.3909666620   -4.4192771700   -0.5020925369   -2.5097017522    2.4396870014
   2.8769473599   -0.9999294470   -3.0830078056   -1.2749922160   -2.0444487471   -1.2274476974
  -1.6456791621    2.7295073940    0.7263221290    4.9051930184    4.1284616744    4.0010288012
  -8.2955418168   -6.8436679462    3.9735213850   -1.1653787846   -2.0767366847    1.0714106286
  -6.9204609979    5.5565058411    3.7593405930    5.7659995630    0.3520709504   -2.4603572080
  -3.2790237065   -3.5830567951    3.2733406550   -0.1526320351    1.4968332046    1.5592150787
  -0.9497229565   -3.4254800394   -1.0916434249   -1.4155755438   -3.2222285744   -1.9651330167
   7.0917788974   -4.2500738709   -0.3686121007    0.3707558573    4.0576759362   -0.3527838236
   0.5626824746   -1.8875524546   -1.0452239768    2.8825779390   -0.2625416284    2.2379203400
  -3.0419942869   -6.6779706126   -5.5872849827    1.0728945415   -4.7564000477    5.2043978804
  -3.7580863888   -7.1320378762    0.6896444403    0.9038657504    0.2835183580    2.7564966368
  -3.5537352017   -6.0349115066   -0.5514592945    1.8031761759   -6.6554117101   -2.6725340493
   5.3981771496    4.3066999868   -7.7950968527   -0.7175129646   -3.9248217827    0.4036173141
   4.2553321176    7.0455488077    6.8636782055    3.9234267557   -2.0917352615    2.9481535964
   1.2838245302   -2.1283329220    1.7828281974    0.9740844456   -3.3447926902   -0.6099659238
   8.1085546871    6.3779962253   -2.1524123736   -1.2748161467   -1.0548780875    0.6242576564
   6.8187732222    2.2277733103   -8.3832884645    0.4390238486    0.0502576323    1.2041752378
   2.3854203752    5.0876232090   -0.0283036930   -0.6175008790    1.2711146761   -4.1821783584
   0.6047786792   -6.0674717980   -4.3001219781    7.4885026442   -3.5672137455   -0.8111209951
  -2.4060952032    1.0983654817    1.4287005101   -1.6295277365   -2.1539976098    1.8800850596
  -2.1758651062    7.5136451438    1.6233100152    3.1921426207    4.0643251018   -0.7829785312
   4.3924175256    6.6943190512   -3.7764098762    1.3012597872    1.5561164992    3.3539008223
   3.9130539988    1.0485137865   -6.6351251829    1.5480460445    0.1222038179    0.9767280320
   8.4806070020   -5.9636566010   -2.5542324824    4.5147068238   -2.9030920279   -0.3397604023
   2.1717508968    5.6910067297    6.7380544640    5.5965186082    0.7572037000   -1.6022371700
  -2.7130170473   -3.2939034952   -7.0839850308   -0.0662190554   -0.3081304366    3.5946327745
  -3.7673015430   -0.2113435270   -6.4369942369    3.2423709011   -4.1211855414    0.1167359228
  -4.4591667154    5.6852902152    2.0008889313    1.1199460670    3.7850166967   -0.1904189435
   3.1485679159    3.8643034775    3.0953785949   -1.4577175407   -2.7224905939    1.0094878377
   7.9493144906   -6.0245232160    4.4082683332    3.7298151904   -3.1804574668   -0.3257788662
  -6.8723524263    5.5416833207    2.3511573343   -3.8576219436   -6.3224410188   -0.8573785351
  -5.6111244516   -3.3339764487   -5.1856152193    0.6904676663    1.4307356985   -2.1064129538
   3.1400397189    4.5093559771   -5.1604030529    0.1351774035   -2.1954555084    4.0178640724
   2.9672195950    8.0985509166   -5.4927510037    1.3042350260   -0.8086493964   -0.7800452280
   4.6370246986    3.2036739285    2.1050199970   -1.9314031013    0.7455732632    5.0337187192
   0.1674655535    6.1787499456    2.1051542033    1.0262963935   -2.4954412030   -2.7404569317
  -8.1016949160    6.2265569084   -0.9793754394   -1.8122168170   -6.8569173807   -2.1503512222
  -1.7169925183    1.2255699842    2.4519924816    0.1387317868    2.2560555643    1.9950580430
  -5.8225036021   -4.0519802261    8.1070482751    2.6591136395   -1.1022422706    0.6584927128
   1.3652202378    7.2665162943    7.8508781017   -0.1191452841   -2.3547641491   -0.8682068738
  -3.1851405146    7.5650000068    5.0378205086   -1.3326339722   -4.2468788950   -0.4327111551
   8.3241463075    6.2770921327    3.9883575508   -2.5860856715    0.5301130793    2.4759810768
  -1.3118204902    3.7743748750    8.1573444540   -0.5028846168   -3.1794863836   -1.3564717595
   5.1903155810   -3.2865720217   -5.3408324025    1.4068825196   -2.6126898540    2.0712706625
  -3.1842347997    5.8036867337    2.6205803904    2.4384255291   -0.6594871329   -1.8618012241
   6.5019135746   -7.5951880120    4.3547162595   -0.3643158962   -0.0028710431    0.4377454589
  -3.5907370894    7.4634217802   -6.8287018512   -2.2428393913   -0.1780173709   -1.0350282248
   2.3207942600   -0.7468060964   -7.8100952817   -1.4850994585   -0.8195466275   -0.7923788506
   1.5363190633   -3.6576515461    5.0164293406    3.1197976724   -1.3149877767    2.0017841261
  -1.1325289058    1.3785817996   -1.8249287858    0.4005461576    1.6486446754    0.5934246174
  -2.0477878450    1.3972850912    8.4029281037   -3.0762192219    1.6286954442   -1.2609447456
   0.1465504082   -7.4380090434    6.4368991994   -0.1935273881    2.3285371523    0.9111190255
   5.2880831511    0.3497849015    5.5934507045    2.9075831479   -0.1284427462    0.1554885774
  -5.6557130425   -4.4021626474    5.5373033494    4.1239658808    1.9764200453   -1.5243090195
   7.7034993517    8.2007906486   -6.6891903137    2.0568609191   -2.4486370315    1.8751859498
   3.3373488145    8.3204626481    6.4870265330   -3.0752490127   -0.2498263925   -0.2738787428
  -1.2951333322    4.4439120682    7.3801442543   -4.5962668536    0.3576380570    0.6344258406
  -7.4150917798    8.4676456146   -4.6518552482   -3.6500093786    1.4845735290    3.9119889007
  -3.8065559027   -7.1384315602   -6.7089004820    1.7286596129    0.4035227227    2.0753060448
   5.8801025514   -3.1808752701   -1.7618325234    0.9204317865    1.3491571682    0.1999477387
  -2.8346040785    5.8238119927   -0.5901993130    0.2341061696   -0.8069141523   -1.5913421686
   7.2197418063   -5.0787974304    7.4824099249    5.2931728983    2.9689906849    3.5951477146
   2.1293924893    8.2240633740   -4.1583778250   -1.4313085601    1.4909966910    1.2377851176
   7.3784790099   -3.2808518872    0.4336626843   -4.6931422957    3.1672970607   -0.2414906520
  -2.7911704119    6.3044536727    0.9884023696   -0.5614033431   -0.4129822113    1.1074086514
   5.7189531019   -6.9342568501    6.4646344984    1.4495215010    0.8226825266   -0.8152961283
   1.5639733715    4.1739074448    0.1899173256    1.4172826101   -0.0699874146   -2.6415473737
  -5.7439051489   -3.4628232296    6.2304435118   -2.2388382849    0.1651758200    2.0220333660
   4.5045818270   -3.0300251594   -4.3503717705    0.6088271970   -1.4892495824    0.4360190957
  -3.9301974718    1.5912908018   -3.6456385414    1.1481852711   -2.5489214813   -1.5742499512
   8.4629381889    6.2123670190   -5.9599252520   -0.2454314756    4.2516335841   -0.9651710897
   3.0698835799    1.3982032778    7.1786862505   -2.6787259691   -1.1631233907    2.2764740997
  -1.4044468268   -4.1893750029    4.0060654209    1.7811089766    1.1465186272    2.2832108385
  -8.4073931157    5.1053556287   -0.2463032147    0.3417535611    2.0981737785   -1.2188810668
  -5.5467916739    2.8279810999   -6.2598698199    4.0652824143    1.0773397631    2.4736904299
  -3.0868511955    2.1295264593   -2.0015451476   -2.0339989008   -0.2549321004    3.3399270505
  -4.2864190557    6.2352504140    0.1826684196   -2.9447150736    3.6130818968   -1.2321050970
   5.2719539381    3.4939402013    7.8871941766   -0.2907479585    0.2679059165    1.5348202812
  -7.7156899254   -8.0177887525   -6.5805659302    1.5925099649    1.0146022058   -2.2937196076
   3.2130299354    4.6164552947   -1.8491084309   -0.0025460366   -2.6292853015   -3.4830559750
  -2.5287788530   -7.5644272701   -6.1845066533   -0.9889723907   -1.4000184385    2.5164154856
  -7.2182151202    0.7547450963    6.0753742710    0.3764231905   -0.0680052058    2.2045204975
   7.7227701250   -7.3855160843    7.0003889080   -0.1427915654   -2.5757414658    1.6354380193
  -0.9878864861   -6.4900556536   -1.9232273501   -1.2731272584   -3.2644572466    0.8813024911
   3.2715315089   -3.7357195793   -6.9043003316   -0.3916893569   -1.7997475278   -0.6227324351
   0.4047537256   -5.8022197573    8.2825665951    2.8764054902   -1.3287270911    2.6130530786
   6.9389068428    4.9180840703    2.0124713224   -0.5998661240    4.4593476124    1.8898648964
  -6.9400509819   -0.8200371281   -4.5580913921    0.1016659416   -0.9953043565   -2.3684805332
   0.8434557719    7.7685243431   -4.0319030838    0.2010078232   -4.0013551609    0.6809426657
   1.1793982079   -6.5357069279    4.4468911151    0.0892837922    2.9365398684    1.5344038550
   7.4852796076   -4.8475719204   -3.8367728711   -1.2238963422    0.6250143252    1.1499483123
   6.2656257963    0.7181194020   -0.8244391307   -0.3523620459   -0.1414947070    1.0993665086
   5.3870308176    0.6905876064   -0.0860384365   -1.4811530633    1.1161869902   -2.0119339165
   7.9520105110   -2.6198619510    6.0016587273    2.3617877943   -1.8179008691   -1.7971211368
  -0.6455257416    3.9824880076   -5.9397754712    1.5193103092    3.7304888425   -2.4703111023
   4.6312404116    1.7172571066   -0.4114884859   -0.3950009593    0.3943632233   -1.9817851130
  -7.8842337521    7.1168805918    2.2323314597   -0.0109087599   -3.7049380760    0.6352010756
  -0.1396725801    2.2622616411   -7.9388468206    3.1668142003    2.5807569286    2.4473831215
  -4.7610708409    0.8585431179    6.8368414001   -1.1288154039   -1.7893285411    1.4678190951
   7.5376785371   -5.6262900372   -5.5562652935    1.3924598849    0.7821164913   -0.0428873651
   2.2219604904    1.9591478692    3.5020728313    0.2421137650   -0.2546894918   -1.1889788527
  -0.1441793234   -5.6014945504   -0.4579116846   -1.7755048508    0.6460030773   -0.8408003250
   2.8601081690   -2.0439230381    1.6174093145    0.3857729746    0.6683887585    1.1778112967
   6.8786571513    4.1968351771    2.8582607439    0.4655551605    0.1598452592   -2.5443882843
  -4.5240283398    1.9757008047   -1.2307949522   -1.5784326040   -2.3079442546    3.1011292621
   4.4132669774    6.6287457919   -6.6289557661   -4.7671373631   -2.6194840898   -0.4098442551
   1.6552028569    1.9021519874   -0.6256793160    1.5012673373    0.3487040745    2.7799346173
   5.0489687779   -6.4109794277    0.0398163302    2.1174563032    1.5100893827   -0.0872860234
  -5.7261250086    5.6883239814   -7.2777136814   -1.8365350304   -4.2845467273    0.4875853184
   0.3270214048   -5.7633797065   -5.6624155836   -0.0194418366   -1.4267409196   -0.5562951358
  -0.6796944992    7.8607221895   -2.8560146993   -2.7906201604   -1.9079783935    0.2666834237
   0.3594689184    6.3998846890   -2.8218724599   -1.6623948966    0.3371524394    0.4404476661
   3.9150677813    7.6761832736   -2.4257974540   -2.7796983684    2.1336966940   -3.5859893752
  -4.3278441246   -4.8537012552   -6.6705142792   -0.6761728958   -2.3987125657    1.6980983069
  -0.0114108684    7.8338808219   -5.8511165672   -1.3151834407   -1.9402590392   -0.7704975884
  -1.5011653094   -4.1297682758    5.2873712289    2.7725526344   -4.2834991559    0.6221779463
  -8.2305555318   -0.5360752483    4.1328344767   -3.4046514565    2.0652451681   -4.9857358007
   4.1386652493    7.7166177973    1.6696072404   -2.3828179366   -2.2416264253    1.5755616574
   5.8810728088    1.4502084270   -3.2723017931    3.5569081704   -3.0320046553    0.3403603566
   8.5498347815    4.4597701097   -3.5429960243   -1.6753135255   -2.6796342512   -2.4171540710
   2.8375171930   -0.5593079343   -6.0918038021   -1.7092691240    2.8146919544   -2.8295436219
  -2.3723378686    1.7945565401   -0.4032528402    2.9763044453   -1.8025418660    2.8667475230
  -1.0610232855    0.0893912950    0.2522297764   -0.9934037522   -0.4916584492    0.1657275524
   6.4753946486    7.2963868224    1.8508730444   -0.3153724285    0.3172030580   -0.1994390426
  -5.9873950049    2.6559771904   -7.9312606546    1.1741563835    0.5442752811   -1.8523135961
  -4.1919795785   -7.8569755056    7.7742951290   -1.8049221439   -0.7512821084   -0.4593142797
  -4.6649323790   -5.0284643641    4.3162920911   -1.9693225990   -0.9131080375    1.0969048026
   0.4056537674    8.5311498437    3.1332083541   -0.7346664034   -0.5777657713    1.9067296544
  -0.1501765549    0.9015244643   -1.8397960761    4.5604062305    1.0154346373    0.9879586541
  -0.9712625814    0.7073217738    5.5117421392    0.5564882263    1.3333769368   -0.0466656063
   8.4771822382    0.0168783718   -5.0741516802    1.9135493982    1.4281729539   -1.0168266612
   8.2157451812    8.3544368307    2.3737301222   -0.4869556307    1.1956356204    2.5414771894
   1.1700659396   -0.5430944772   -7.3898749636   -3.0239547886   -0.7015519203    5.7696419521
   3.2818701376   -5.7491874103    0.3009346484   -2.2928666612   -2.6189427713    0.2281692121
  -1.9947571876    0.1103093183    5.5035581449    0.0086432984    2.5768277364   -1.1844867437
  -7.7579783190    4.6967405524    3.2255735436    0.4429957377    4.5941886304    2.9424438628
   6.3613305717    5.5411802769   -2.8793231889    0.4110779690    0.7009085094   -0.7514310822
   0.1138252322    2.7421645181    5.0718398906   -0.2205376520    1.8674425178   -3.1834423318
   8.2779871247   -6.0805391849   -6.3771138760   -0.3397849390   -0.3791955148    1.6011931271
  -2.7372675612   -4.9212396422    6.4516338105    1.1025493078    0.8197353965   -1.6827843943
  -2.9949759735   -1.5487386583    4.1552046464   -1.3963078297    0.5563416269    2.1276603632
   5.5788601134    0.5917260173   -6.3623619571   -0.8671389008   -1.5269441250   -0.2292455378
  -1.6347476630   -1.5177343988   -2.1574041884    1.0476373258   -1.8559349657    3.8235734968
   1.3440596244   -7.8711699180    1.6030163657    3.8881779151   -4.1111659593   -0.0889295587
   8.0337223291   -1.8393702768   -6.6616031646    0.2973095788    4.1389710397   -1.4379103402
  -6.4982388164    1.4703690522   -3.6017095741    1.9495444492   -1.0083025061    0.2444180171
  -5.5741116930    1.7071323824   -7.7650958268    3.1724216657   -5.2090516332    0.8101760177
  -6.7954837834    4.3872041670    5.4651106477    0.5930767700    0.5778372896    2.0981976480
  -3.9219209336    7.5891696939   -2.8846894804    0.0132581529    1.7487237460   -2.2069733802
  -2.9177895332   -0.0740108456   -2.1290395304    1.2440556870    2.2024347724    0.3495058156
   1.5671394569    5.5749323464    8.4929908299   -1.4147781003    2.5755595784    0.7789575701
   6.8627437425    4.2123116561   -5.3556282990   -3.3977484975    0.1006702969   -2.5528811851
   4.6688871299   -4.6487148939    8.4731766277   -3.8305511184    1.4666037064   -5.6852473392
  -5.4772155684   -1.5926124480    2.6981858166   -2.2089070689    0.0067646877    0.8379122990
  -8.3429064311   -7.7162022374   -0.6334888752   -0.0273852875   -5.4363536489    2.3148226535
   2.4037920105    7.3678480299   -0.8065393072    2.0995590670    0.2710333494   -0.6809629163
   4.7866841880   -4.3157815901   -2.6290362048    0.2601821570    0.3013608732   -1.8169491694
  -4.7786803140    7.3703463602    6.6692941440    0.9025734188   -0.5848808690   -0.2469387358
   6.4422242303   -0.4424424539   -1.7054445777    1.2705774875    1.4115602397    0.9507464315
  -3.6548202350    5.1116942025    1.2462955472   -0.5860103656   -1.8081315994    1.4325214938
  -6.3155823648    4.5580428454    0.5381954938   -1.0831363423    4.0697650005   -0.9011186233
  -6.4978093709    4.2598144871   -4.7299628333   -1.3113688079    1.1472258294    1.9576075613
   3.4368348073    1.9786711542   -2.6950485417    4.1696779285    1.8656141111    3.3626469981
   5.5849376874    2.0111352299   -7.3650037961   -0.0957989024   -2.1971582075   -0.6156707304
   7.5618273395    2.7583604352    0.7541392796    4.8348857432    2.1080243856   -2.8367611420
  -6.5817652891   -3.9999295345    2.2593393466   -0.3548746179    2.8727621230   -2.7081610355
   2.0590996190    6.6686271363    3.8720700685    0.9962276470    2.5858637254   -0.4429963846
   3.9423914491   -7.9373837526    8.3353846891   -1.6347820625    2.2893871994    2.9144102068
  -8.2356068433   -5.4636719943    7.2862933759    2.9239872220   -2.7074830307   -1.2532661467
   0.3670781966    4.6419214810   -4.3480947509   -1.8582062290    0.7456339606    3.6401098395
   3.2699233716    1.8121267260   -1.1739789261    3.9500812479   -3.5682132272    5.0927937183
   0.9814460975    7.5344240072   -0.4042995985   -2.0425624807    2.1561398789    0.4273154455
  -1.8486081307   -4.0439072640   -8.0553669551    1.1774443833   -2.4553701707   -1.0472888035
  -5.0882797196   -0.5175954637    3.1872316901    0.1643861966   -2.6893706812   -4.7609892829
  -7.2209099778   -3.3416298575   -5.9443006455   -3.1446367733    0.0586500207    0.5088984612
   2.3080989226    4.6005332202    5.3567436081   -3.5816244694    2.4284247714   -0.8534009644
  -1.6083186975    4.1313735185   -4.9730541778    0.7798703290   -0.0671671502   -1.5572476491
  -2.2242094544   -8.5288435341   -3.1865449013    1.0611627256    1.7903889915    0.3290236448
   7.5900903889    1.3890036361   -5.6724174977   -0.4356066380   -0.4697857205   -1.3753564199
   6.2977849805    3.2312083336   -8.3257211535    1.2686086172    4.9414275084   -1.6487691748
  -2.0277480646   -5.0574243106   -4.5959413568   -0.7577981595    2.5086255326    3.4775012108
   4.9643255447   -3.8759540707   -0.2428423925    0.0666131821   -2.3014258633   -1.8734877877
   7.7120198996    8.1061147664    4.1523516463   -0.0561189853    1.1661109462    2.9315653436
  -5.1254052937   -5.9680214006   -4.1332448165   -0.3330465398    2.7037271263   -1.7668492574
  -3.3065724976    8.2371202747    7.5105007759   -0.2004111072    2.3121675575   -0.7795432429
   7.6337082586    4.9028065892   -3.2796228266   -2.8686300869   -3.6271531354   -1.2458371882
   3.8991247903    4.4705896689   -4.3378788287    1.8468108936   -1.7933278840    0.3395695547
  -7.0795225531    5.0404924884   -1.9083199587    2.3570672738    0.0124128682   -0.4679858235
   8.1015344194   -0.5026648400   -1.8687378502    2.1501698708    6.0427618721    0.8978487507
  -0.9212702955    2.3553812552   -2.0752833956    2.5335555085   -4.4345453355   -1.4502448424
  -2.2219560382    5.0842081370    2.1130255859   -3.0546757948    0.8903628515   -0.0369428244
   8.1457760276    2.6183669390   -7.4115133079    4.7790531972   -0.3588648669    0.1542158473
  -0.3453735891    7.3184330217    6.5829085885   -1.8882290800   -0.6679430609    1.1325466856
  -6.9635072047   -4.3598367125    6.4479542485   -0.6348998829    2.6175871763   -3.9415563061
  -1.4944975350    6.1700396555   -2.7291115177   -0.1706796379   -0.4494629145   -3.9117329920
  -0.6990000372    8.0522172152    4.6747941359   -0.7647994092    0.6751385306    0.7613116538
   5.1710870638   -2.6793212053    3.8629641710    0.0274988446   -0.4759650319    0.8473206313
  -5.2757204934   -3.3601569695   -1.7606357023    2.8128434529    0.4318710080   -2.8642499243
  -7.4350862190    1.3502938395    0.5330894785   -7.0984415992    4.3666012332   -1.2888724140
   8.4698736532   -3.9048747189   -6.4347157071    1.1292122248   -0.0532117937    0.5959613954
  -7.0085384731   -7.5234329380   -8.4196079223    0.9219595817   -2.8294379934    0.2581452901
   0.7037821435    4.4090563349   -8.1571270809   -3.9550042574    2.4262828195    2.6661712674
  -6.2955292278   -8.2374422621   -2.1488497342    3.1932658300    2.5587025294   -0.3727598779
  -6.4657667368    6.8842208584   -8.5271969457   -1.8258239393    5.4645013529   -4.1435743689
   1.0467862527   -0.5260691884    5.9819714539   -2.8484472236   -0.5386161032    1.1942080532
  -3.6481754268    5.3197135649   -7.9846771847   -1.0336062182   -0.2150390608   -0.5614747981
  -7.1927486786    0.7865708286    7.0369663642   -2.8258811828    0.3709536744   -0.8679067432
  -5.5069493008    5.2152350188   -1.9811595529    3.0597216713    3.5762472720   -0.6516548894
  -6.4279675788    3.2817279039    7.7182326764   -0.8088739772   -1.2553171839    1.5381324705
  -7.6132422412   -4.2434440198    3.1375609899   -3.7463002163    3.6200766291   -0.5059631274
   2.8548702868    3.6828566004   -2.8483053205    0.9916364418    1.4216681176   -1.9199269364
  -1.0252457695    7.5116011524   -8.4743366114   -0.0864084043    1.3859990439    0.8886310473
  -4.5424958745   -3.8781923853    6.2542633240    0.8443335709   -1.2684237460    2.0531160660
  -7.2197740896   -3.0344784343   -2.9843840404   -5.4643073648   -0.8771649837    1.5992942917
  -4.9080974239   -4.0459543514   -0.0651922940   -2.5895196489    0.1662816180    1.1988111866
  -0.9624411422   -7.5875829304    6.0699691160   -0.2765238219    0.0018783347   -1.6540866901
   4.3993538156   -3.6117183712   -6.1881448730    1.7144235851   -2.1261050595   -1.9499018537
   2.0423141648   -3.0626520754   -4.0172286566    0.7386563549   -1.2258394417    2.9977102823
   5.0726970604    8.1030841476   -3.6913169676    1.3981459033   -0.0979794161   -1.1006043133
  -8.0453219015   -3.7327000090   -0.0269712879   -0.7810288258    3.5021978433   -0.6519114368
   8.2431169596   -1.2293529115    1.3759052345    3.5490567411    2.0752685123    2.2213022873
  -6.5853284645    2.5183790537   -3.5422811173   -1.6199122184    1.6015820849   -1.6311393585
   4.9533980343   -4.2322115798   -1.4749693243   -2.7341258147    4.2163938028    2.1729501209
   1.4846808738   -5.6809927908    1.3396454502    0.7925320438   -2.1683724498    0.4539357780
  -6.6869180012    0.2310711495    2.7545554273   -1.2337938098   -0.9060412086    1.4606427982
  -3.4401574809    6.3250761625   -4.0084755394   -3.5153498510    0.4672058461   -0.4772561342
  -4.2020179127   -0.4097345919   -7.6184001605   -0.5559849618    0.2840016723   -2.3492087858
   1.7153240876    5.9816170198    5.8987321545    0.8339175949   -4.7629997180   -0.1898687500
   4.0583977585    5.2657137214   -2.7138123108    0.8618608485    1.7684258520    0.4364096989
  -2.3025149648   -7.4827149676   -4.7837012962    1.9127402890   -3.7941976556   -0.6147237087
   6.7448850352   -7.2384343607   -5.8617652834   -2.6510578476   -1.4774532844    0.7683132737
   4.9019691581    8.1990757710    6.3610536607   -2.3730713000   -1.3914849500    2.8085470782
   2.5740695243   -1.9756497257    3.0019753534    3.7014461562    0.1194265511    2.3486104978
   5.7214462097    2.9470615668   -6.3306223327    0.5051561745    1.0111838419    2.2753301384
   0.6634363345   -2.6052071636    4.3590057229   -0.4933679190   -4.0897293196   -1.5386837285
   4.5083400133   -1.0437982264   -2.8855414045   -4.3160756595   -0.1239119125    1.6237074431
   0.9984355907   -3.7445136115    4.2498606222    1.7506625533   -1.7200189219    0.9720714957
  -6.5833081997   -0.4743493859   -0.3400062223   -1.1954770216    2.4227564550    2.5804574012
   0.1157490100   -4.2256364155    8.3658471571    4.4203923017   -2.4864155646    2.3635774612
   7.0948598921   -1.5110807591   -6.7389241016   -2.1345258695    0.6148482607    0.2662225987
   6.3556987142   -3.2512617539    5.8696618025    3.8079409718   -0.9397369281    0.5258727203
   1.9371320917   -4.6958249570    5.9706557233    0.7113053267   -2.2016737913   -2.8579494202
  -7.6030312363    2.6210490727    2.1493932654    2.4327184382    0.5286197637    1.2437511685
   3.7041749271   -3.2883583589    3.9401338759    0.2947258866    1.9326476637   -3.0140604147
   4.5975383775   -6.9043328426    4.4892887805   -0.6567068087    5.5486123772   -2.3211762766
   4.4653523967    2.8964036757   -5.0741448564   -1.0764108094    0.0236920979    0.1869128127
   0.5413445789   -8.1567930938    5.5908699671    1.8054644967   -1.9375616892   -2.8374279708
  -7.7650810007   -0.4243102540    7.8228678846    2.3848034419    1.8965770062   -0.2686739754
   7.5411780976    2.6386230842    6.5510257838    0.2538197965   -2.5593564618   -2.6221505362
   2.0192798456    2.8928703106   -8.2124462923   -0.8394839213   -3.1015300458    1.6561268260
   6.8512992425   -4.2638145288    1.3817249045    1.8130636740    3.0374633191    1.1823418100
  -3.2651496351    3.2353739031    1.4232731163   -2.8093861421   -3.0647366417   -0.4270608247
  -7.0637448468   -7.5143508272    7.6268414192   -0.2448290828   -0.8858308374    1.1570162938
   3.1790990843   -7.1969540002   -3.9879610832    1.5591100762   -3.1116186537    2.0442976699
   8.3333737864   -3.5428355509   -4.0960944222   -0.7078020172   -0.4615907049    0.2629794519
  -7.0070646183    1.3004484882    3.8260576103   -0.4141638399    1.1026056767   -1.7360359080
  -7.0062526189    0.4143170504   -3.0597956592   -3.3336845258   -2.9266622841    0.1846712283
  -5.3079258012   -4.5755464362   -6.1888533756    0.4362864601    6.8527940667   -4.1122354913
   3.1661059675    5.9925859515   -3.7948634086    0.7345096840   -1.5082519170    1.0528204139
  -6.6794192003    3.1453502508   -4.9471641739    3.4550328141    0.8036247407   -0.5812521829
   8.3021182246    6.3646071072    2.6797874956    1.4646484345   -1.0213849350    1.1388768405
   0.8049888353    4.9563244163    3.9461168098   -0.7430367891    2.9124593905    1.8171298631
   5.9093163047   -1.3749042287   -1.6966001396    1.1311184654    1.9259971824   -0.5011619405
  -1.8035444412   -1.6002942616    1.0082743851   -2.7961979519    1.1523386001   -3.7827875622
  -7.4921867237    5.3586481280    5.6983353134   -3.3260494375    1.6564936838    1.7212218878
  -8.1291852532   -7.8957524492   -7.4176879058    3.0247638848    1.1561101606    1.5990405574
   0.7616836778    2.3491734540   -7.1572133056    1.0470213289   -1.9520772911   -2.6312673155
  -2.0279837795    1.8196573659   -3.1534224561    1.3682612512   -3.1481443203    2.2079782470
   3.4824825170    6.0968239789    2.1418075510    3.1813698009   -1.6890411962   -0.2216399295
  -1.3589960002    1.9978277399    6.3716134625   -0.0381561283    0.9703714283   -4.1964995124
   5.9961275785    1.9031632511    0.7780877350    2.9904593477   -4.4808441955   -3.0507152323
  -1.3865724013    6.3749163130    7.7247707832   -1.0126958324    3.5386950337   -1.4400037817
   0.4174934651   -0.6324485462    6.9405514791    0.9993571764    0.1565328689   -0.6053678222
  -4.4286941004    2.4588507423    4.5037106819    0.9880021997   -1.2753040306   -3.3842540760
  -0.8336212302    4.5716987648   -7.1232578029   -1.0895014960    0.6347647689   -2.7514815083
   4.4317807361   -5.5885020869    2.6984308561   -2.4483493983   -3.4317197599   -3.9463991951
   1.8722979272    6.6811699114    6.4942250400   -0.2506691372   -1.4491143056    1.1865093183
  -4.1208944798   -2.7618683810   -3.2265171867    0.7351621605   -0.2594839488    1.9277343659
  -8.4263359250    4.0954753380    2.7141655717   -0.2982403340    1.9493341074    4.4980659509
   0.9781990333   -6.9951388270   -3.2881007231   -2.5027856778   -0.7530537469   -0.3860859286
  -0.2304433108   -6.1000486417    7.6330492032    4.4178542989    2.0198392170    2.4295479030
   5.5765907035    2.8797964905    4.2757066903   -1.7686476666    0.7932538555    0.5354118245
   2.2277010165   -0.0644307438    2.6437024166    1.0588479578    2.2264463925   -1.3771810477
   7.6998215950    1.2004464143   -8.1025068623   -0.6111966126   -1.6752039015   -0.7464566021
   0.0443306988   -6.7947410707    8.2984819280   -1.6345157522   -0.9020681451    2.4306296427
  -3.0377618226   -4.6139359361   -2.5777153516   -0.0371775843    1.4545449586    2.6461166080
   6.2416643964   -4.2661696607    0.0343669147   -1.5486839834   -1.1936613773    1.4983010897
  -4.6585225864   -1.3641386915   -7.6443501724   -2.5903424350    1.4078042416    1.7566635273
  -8.0534969889   -3.3737001683   -2.3821835108   -0.1203484700    1.9226103712   -2.5810000490
   3.4795925370   -0.6990597923    4.6917250634    2.5931456522   -3.4652947702   -0.6444045366
   3.0452170669    2.8217334766   -3.8472932249    1.9446203862    3.6873872329    0.0977211104
   0.6032902124   -7.0174528327   -0.9428033918    0.3845389957   -1.3729483547    2.3370232892
   2.4211980225   -4.6008064844    2.1779183846   -1.1123029275   -3.3543427598    1.5803154067
   8.2307330115   -2.5721549338   -1.9656371241   -1.8655134180   -4.4145771150    3.3014349543
   0.4638808594    1.3337639255    6.5424572901    2.1106999588    1.0065385567   -2.1251812719
   4.2588878121   -1.0785852127   -7.2489851120   -1.3038088989    2.4255884412    0.3969469738
  -8.1885191846    6.4031504249   -3.1945971098    2.1931347099   -1.3320898176   -1.0449822964
   0.3393581959    5.7412184440   -5.2126276812    1.5597264333    1.5167252857   -2.3849337451
  -7.8160748353    2.7287975254   -4.5591622818    2.4115296940   -0.1232654481   -1.5180973246
  -1.0144325874   -7.2517394727    7.7579785628   -0.8153707450    0.0418127027   -1.1902207569
  -3.3541656806   -3.5985330668   -6.1684251054    3.1039909720   -0.6346673440    1.9556503145
  -6.1310458808   -0.2480006277   -1.5084115860   -0.4413430054   -2.4846030598   -3.7924263502
  -5.9792824605    1.2564147654    7.5444915729    0.2168873509   -4.3782399437   -0.8334863623
   4.3432834494    5.1926695914    4.5517164172    0.5767138674   -1.1460506630    2.8539768489
   2.9642654354    8.0764126839    2.4674655513   -3.9584746501   -0.8722374318    0.4865866177
   3.2443583364    3.5067461945    5.9097416086   -2.3834798756   -3.4737360099    1.3134669425
   0.9678905601    7.2836481639    4.0360240430    2.1868209604   -3.3358584150    1.1954073002
   6.8858846029   -7.7550641139   -0.8676683185    0.6845026266    0.6953960821   -1.2006809075
   0.2665339372    5.0367942600    0.6554524782   -3.1238745776    0.9661280256   -3.5531936584
   3.3955607894   -4.6608981287    6.4865542399   -2.2100341659   -0.1350875485    0.2131124921
  -7.7397976366   -5.9605682435   -3.3820033691   -1.1033146984    1.1246179561    5.6245172067
  -8.0071743944    6.8638552404   -6.4078792250   -0.2915356544    0.2516346311   -1.2569872068
  -2.1372152083    1.5963610973    0.6688086796   -2.2647776236   -1.5074709303    2.2692753272
   4.8829399795    1.1252488989   -7.6819695276   -0.1371543933   -1.4873879041    3.7991962676
   6.8069766072    7.4019419875   -0.3265027879   -2.8245000155    2.2262905778    2.5911629462
  -3.3391519864    2.8335706810    4.4672708902    2.8605404806    1.2484613132   -2.6762478759
   5.3888419692   -3.1987298267    2.4941602096    1.7952547099   -0.1790421201   -1.0714348772
  -6.2153391564    3.6538785939   -2.6319486562   -2.4517872536    0.9764063917    2.2675468938
  -0.4434061268   -7.6635839815   -1.9951543274   -2.4898597989   -4.1769071417   -2.0781649639
   5.4067738704    2.2518659050    5.6237669082   -3.9921466531   -2.5813990852   -4.6508989133
   2.4089117114    3.0134657493   -1.9720242671   -0.0774895411   -2.1277430158    3.2612871472
   2.8801088413    4.8761998939   -2.8512606623    0.1465582512    0.3375188669    1.3923112878
   4.0755624082   -2.7745126197   -0.0362369818    0.3824175149    2.5430517754   -0.5129904711
   1.9530174123   -8.0162172341    8.0806177427   -0.4628080497    0.8349672789    1.9488813707
   6.0009048984    0.8074779218    3.3269337177   -0.7375543414   -2.1568910050    4.1662321977
  -3.2807517738   -1.1470258388    5.5842266647    3.6917710331   -3.4369317207    0.4121344517
   3.8860575495   -0.6461319897    1.7307978453    1.0824910048   -1.0626886990   -1.0150340568
  -3.9333526665    6.6562783592   -5.3644193826    0.4368563130   -1.6533352639    2.6028179116
  -6.0926601412   -6.7780426483   -5.4971942798   -1.4195872022    0.7038644582   -0.8489345261
   7.4728906889    0.5249647745    5.7734102938    6.0155593674    0.3820200571   -2.9878136564
  -3.7257484816   -0.1688557650   -2.8591097157   -2.0604323658    1.8364461845   -0.2245093973
  -2.2996407754   -2.4822025359   -4.8451489527   -0.6153432020    2.9434524097    2.4920379662
  -7.5011832982   -1.6167921997   -2.3109823198    1.6071506518   -0.1813226112   -1.2956520548
  -4.5629371437    2.1387889824    8.1833016409    4.8696677419    0.9329791738    0.0290429181
  -0.5809200748   -5.0582867165    7.9810013576   -1.5565010829   -4.4710505908    4.2447841537
  -6.1006071947    2.0539820976   -2.8941068634    1.4286128525   -2.9681557684   -2.0191420396
   4.7121068775   -1.0593141288   -0.6759614164    3.5463511120    1.0123208873   -0.0158562097
   2.0915959766    4.7989067815   -7.3990716965   -1.6021144955    0.1208505707    1.5615663347
   2.4354339630    8.5451894367    5.4065120440   -1.4780498656   -0.5719222870    1.9720264980
   0.6793019565    3.1368250909   -0.9789424469    1.7342720131   -1.4511010010   -1.8393291604
  -6.6809652661   -4.1265968602   -5.2926233447    2.3668930078   -3.4183625816   -1.0206120699
   6.1649151944   -5.7098348454   -8.4933230211   -3.0819938085    0.5540790426   -0.0648243924
  -3.4292632865   -7.5331816762   -7.7132884786   -2.5357453421   -0.7577991074    2.9218042164
   6.0336278651    1.1366719876   -7.6839761901    0.3218446937   -4.9515063322    2.2349663970
   3.1868510360   -1.2050675105    2.7243075057   -0.3815837438    2.5097620061    1.5709270296
   5.9253978156    7.4220376820    1.0296209599   -3.9353398730   -0.7594662014    2.5014306658
  -2.5173519894    8.0633124863    2.7756860898    1.1774347642   -2.1489823077    4.6652561077
  -2.6947856553   -2.3167688422   -6.1144927308   -2.2457807288    2.2468989415   -2.9331047091
  -3.0544970028   -5.1744895145   -4.6455571139   -0.2186950797    4.7154287859    1.7817808828
  -5.6349672019   -4.5838354898   -0.8090604285   -0.8081247156   -1.0045226512    0.1504864817
  -4.5900524766   -0.4676893708   -3.8044075194    0.9222948113   -0.3977770451   -2.9346112394
   2.9422845787   -3.5432038640   -1.5891528275   -0.3278653830    1.9973850764    1.6338503478
  -4.0964696257    7.1155324760    3.2137474429   -1.1305212452   -0.9844561108   -0.6559761881
  -7.9234631667    1.6287167402    2.2104209801    0.7622857048    0.5479891698    0.4563989026
   7.4168118951   -4.2273294049   -6.8904772077    3.6732527093    4.5344959383    0.9283267846
   0.7590569697    3.6236000981    5.6308101791   -1.9189583576   -0.6938110484   -0.8409458496
   4.4738453104    0.6677146636   -4.9447987660   -3.0026463996    4.8338859837    4.1606703632
   1.6309746138   -0.2761605285    4.4967624776    2.6720916573    2.8432455343    0.2817754116
  -1.0849294968    7.5619890924   -1.9579301321   -0.4241111441   -3.4162188176    0.0885469000
   8.0041246647   -7.8732429894   -6.7595788472    3.0448115791   -3.8023199026   -0.2265314900
   0.7937442465    6.8660537405   -4.2237447551    3.9498396511   -2.5774342960   -0.9188582455
   7.9718479712    7.8212504832    6.3014184344   -0.5835171055    0.4848470819   -1.4857560991
   7.0645512414    3.4999625801   -6.7674799114    2.5197981614    1.8391990388    0.1135473607
  -0.0168306927   -2.6386716208    8.3686581962   -0.5535148249    1.4721724192   -1.7237748524
   1.8438949934   -1.9460605850    5.8282167495    1.2550148902    0.1530579873   -3.0131370930
   6.0278662820   -4.8236646241   -1.4102618611    0.9357801676    2.0594497260    1.5558308831
   2.8713779854   -0.4854876391   -0.8238004491   -1.0370414659    3.9893501197    2.1246267142
  -2.1061196116   -5.9836757504    4.4073609688    1.3519824325   -1.5182904081   -2.1166020657
   2.4338029265    0.2062954616    7.3270454658    5.1134248086   -0.4601142322    0.8697010102
   7.4492579133   -1.2088892591    5.5891056300   -4.5857655542   -1.9314522279   -1.4543881144
   8.0361313124   -3.8821152924   -0.8044641250    2.8776552443    1.6475492708    1.0938111778
  -0.8865661751   -3.5058094542   -2.4939770843    3.5416939313   -3.5899144091   -0.1032423541
  -1.1047366856   -7.3890541345    2.0068776639    3.7975175528   -1.6225965066    2.4434438433
  -7.4584016525   -2.7698701307    2.4048363174    3.0491912404   -4.4045824838    3.5121855304
  -2.1209430679   -0.5756086253   -4.6992322420    0.8170469441    2.2047850409    0.6625815931
  -4.6320519863    6.8592866869   -2.4974666431    0.1402395294    2.2159488330   -0.3565761960
   5.8249562799   -0.9041754778    8.2096897530   -5.1009098803   -1.9532280883   -2.9258874469
  -7.5932697977    5.7508215432   -4.0447172309   -0.4322211942   -1.4562464595    2.2358900964
  -3.2200931174   -1.7100961194    7.5556569228   -1.3431020420    2.8013000194   -1.0945527348
   6.0085220458   -2.7779382860   -5.0376346989   -0.8982174958    2.8469379423   -2.1678797847
  -1.2154810198    4.1348437494   -2.2134904923   -1.1208185348    1.5678065839   -3.7725354492
   0.5464080567    1.3904460609   -3.1168230719    0.2762883304   -0.4027711136    1.9130649861
   1.3557902552    2.2638682220    2.4324708669   -1.4015038880   -1.2914521139    2.7943452101
   0.1453802146   -4.4703468744    7.2294106100    0.3254295344   -1.9661910299    2.4889146108
  -3.1015768348    1.0078487255    6.8369743734   -0.9549661514    1.0609857044    1.7791793969
  -3.0181101943    7.3846505730    7.0488439102   -0.5318053846   -1.2174055314   -0.1066689147
  -3.7362867047    0.3596541277    3.4764672353    7.0666042746   -0.1437519219   -0.9952115402
  -1.5215404525    7.6545761260   -4.9121125305   -3.0437880368   -3.9464788551    3.5326233990
  -8.1632055234    0.1171696025    6.5968059922   -0.8936894177   -3.5515331895   -1.0243811561
   3.9978294259    0.3502491310    3.6194838350    0.0604106509   -0.5950489380   -1.4941292335
   3.3516616984    1.8437382870    3.9495987569   -0.0610022500   -2.7838315566   -1.4903585351
   8.3461869420    1.5448550689    4.2904511297    0.4285375450    2.0696599022    2.1814027345
   1.6936661735    3.2036153753    4.4645252317   -3.8090461884    2.7946745090   -1.4739064138
   0.1578182682   -2.7885078345    1.0928514880    0.1787923904   -1.0683814166   -1.9670721236
   8.0401921508    2.5133782569    1.5743350898   -0.9690004403    0.6565023971    2.9067949432
  -4.0941170328   -4.9642094903    6.2817458381   -1.6560410944   -1.0171134714    1.4236266367
  -1.8202351298    6.5190511872   -3.6494172428    0.0414824121    1.6067065808   -4.0118717180
   3.0677565579    2.6474812922   -7.2376862864    1.7838776119   -0.9104640756   -2.6077214580
  -7.7109329336    3.2349811471    8.4004966345    0.2960307243   -2.0305733548    1.5720535665
  -6.2784345142   -1.2742412710   -7.4294264134   -0.4529628399    1.7157343426    1.7983338793
  -6.2051719884    7.5846299248   -5.4834654079    1.6374105277    0.2394483891   -2.0942719135
   7.1718099724    2.0519256132   -6.9235529008    0.2166088149    1.4050453502   -0.4272439896
  -4.1568853596   -5.2562824208   -0.1796437587    1.6474065587   -1.7965868505    0.1200644172
  -0.2201436475    2.9966817930   -7.1750900874   -1.9856022204   -0.0167962606    0.2946423455
  -5.1649626248    7.0107010927   -0.3697114678    0.2221318366   -3.2799298803   -2.4802973261
   5.0607955114    0.3248368068    4.0808772823    3.8578446922    2.1391328355   -2.5151156823
  -1.2702298893    4.8206268384   -1.0499312090    0.7235168609   -0.7109171980    0.3175981271
   8.1459303652    7.0195049221   -0.7671641051    2.1280229056   -2.3863028434   -1.6075275740
  -2.6082482829   -0.4482911071   -8.1506012025    0.2703778437    0.4046945695   -1.2686646330
   4.7762049730   -7.7786777370    0.8199114473   -2.8420329508    3.4758947529    2.0173589323
  -2.4641666849    1.8330498998    4.9932565939   -0.8851966604   -2.7273176440   -3.1925203940
  -4.8384066632   -2.9812864381    5.4356746586   -3.5837647703    2.6564785409   -3.0771333664
  -7.3284421296    3.7475754440    6.6975509586   -2.1421219003   -1.7775163594   -1.3974593392
   7.0590300479   -0.5003463488   -4.2434380999    2.3202241564    2.3386110547    1.0069397528
   5.1083197475    6.6737612964    0.3375131617   -4.2340959562    1.0424410327   -1.3817787178
   3.3043151263   -2.9882973615    2.8127946916    1.6109144273    0.2710639237    0.0159520974
   4.2222972543    3.5508708893    3.0439708173   -0.7036702038    0.1493605753   -1.2514611320
   5.2914000102   -4.8809205651    5.6036142313    1.4558104704   -0.9927891925   -0.2412966238
  -3.9300256713    2.6421370746    7.3809161311   -0.2731196612    3.9022529165    2.2674956299
  -3.3902405199    1.4081980252    3.6619163989   -2.4804143510    0.3966032926    0.0459122616
  -3.6387233275   -6.6512244455    1.6439681185   -0.9857194204    0.6166012697   -2.3753243478
  -4.6602700248   -4.9543741285    2.6526328824   -1.1874279678    0.3529633951   -1.3428571558
   4.2438974325    3.9588597751    1.3984142565   -0.8319836902    1.3575955974    2.7875777334
  -6.7112661299   -7.8431576182   -0.0105674277    2.8128801500    1.2884867955   -3.3970314495
  -6.4695824382    8.3696558357   -6.6534717900   -1.8547793830    1.2579692066    4.1197696939
   1.7856883338   -2.9874999741   -1.7701338133    0.5855026726   -3.7036603455    2.0217693597
  -0.3868832172    1.8510412525   -1.2944352044   -0.9928924584   -4.0269830344   -2.8394088337
  -3.0360307296   -7.1223248974   -1.0777074354    0.9583558595    0.4875424065   -2.0933329488
  -4.3727181576   -0.6015796791    0.5721440922    1.2269539708   -3.1572350065    1.5811017147
  -0.0399878053    6.7911655901    0.7353675147   -2.4225559698   -1.8778809395    0.7801287792
   0.7901943541    1.4703224715    7.6018206984    2.9011365042    1.8400342860   -0.0386801381
  -7.0285283462    2.4726974113    3.2909568002   -0.7446327873   -0.7325026525    3.3575478067
   3.8860331903    6.0978179995    3.9635186619    2.6407719116   -3.1066494852    1.6923274222
  -5.5066991906   -2.2145621146   -7.7319319226    0.8076049829   -1.4957821106   -3.1750986229
   2.2319435271   -1.8511994824   -5.1118629241    0.4930759858    0.8640394868   -0.8124694980
   0.2514231302   -4.1671006885    2.4781765026   -4.6999939313   -1.2966689520   -3.5246088902
  -5.5029302631   -5.1441414801   -7.8116790395    2.7467910520   -2.3413207242    1.1539345398
   1.6425600981    0.7665218732    6.5394836275   -0.7250917999    1.4854052664    3.8041460897
   5.8783271257    8.3409299768   -1.1631544913    1.5979802164   -3.5611369909    3.9483565030
  -1.0070104958    2.2497710171   -4.8753660327    0.9940386606    0.5101867925   -1.7709108811
   2.5538489425    2.3799924803   -6.2993628088    2.3663803700    0.2089096391    0.1177641665
   1.6467672771   -5.5887504207   -2.9086040677    0.7532771543   -0.7146836015   -0.1356293971
   7.3951003377   -5.1943191408   -0.9388016774    2.0714614349    2.5436738473    2.5557188121
  -1.7378291504    6.3511909908    0.2501594535   -1.0394073414   -3.1687409616    1.2135834059
  -4.8370041754   -5.3764019028    1.7763005965   -1.5720281842   -0.1820885378   -3.8590437661
   4.5971835470   -3.0353276396    5.2053552768    3.3418064965    1.7167457527   -2.9611296424
  -7.8865276611   -1.2952556389   -1.2169798319    5.1179918896   -1.1720435010   -0.7595144491
   8.2567605819    0.2668551809   -3.6963095336   -0.7491355764    3.6944744229    1.4660246608
  -6.4887253894    6.2724794558   -3.5168860047   -1.2281763303    4.1982687445    2.0967031695
   0.2345147272    3.5813202341   -6.2960749865   -1.3793921790   -1.5604345646    0.9457991791
  -7.7797436705   -5.1791844058    5.1871757048    1.0338242946    2.4023289254    1.4826336306
  -4.0993696535   -8.2680503070   -0.3086594055    3.0738061598    0.5901057846    1.6665825781
   6.5875663776    0.0979765226    0.8148660646   -0.6493568244    0.6865879875   -0.0105992737
   1.7684148922   -6.2890738907   -5.8990800280   -1.9122567680   -0.9661411341    2.3304164092
   7.2842860977   -8.3884299396    6.5943644217    0.1178958461   -1.6301441903    0.5072382231
  -6.3313721752   -0.6333183382   -5.5768269143    0.8862217617    3.6511971672    0.8821123456
   0.2740609171   -5.2983452664    1.5650429152   -1.3389152836    1.8854581168   -0.3116858720
   1.4004699474   -2.8264489951    7.9403488721    1.3258798130   -1.6964878699    0.0433355690
  -8.2786409652   -8.5121318230   -1.6389240311   -2.7714561880    6.1756389754    1.4834635602
   1.3780024725    2.2958795050    6.3404271648   -2.4898527767   -2.3566130250    2.3059401549
  -4.9649457439   -8.0014143256   -5.9872313933    2.8435006469    4.0089019150   -1.1285195296
   7.0691790014   -6.8490395791   -0.0539683028   -1.7986021484   -1.9562541526    0.3181416393
  -4.1751675161   -6.4864547678   -4.2669569774    0.4460623016   -0.4637467785   -3.2235454924
   4.9473434981   -0.6320292989    1.3696082282    0.5758839886   -1.3248229453   -3.0703959913
   7.1850698752    7.4021604889    3.2209768099    1.6370130958    1.2905751963    0.8348015643
  -1.7151269331   -0.0609781114   -1.3543915937    2.8127291695   -3.0418170795    1.2495569036
   7.2622704387    7.4565043175    7.7704785183    0.1198647888    2.3578479819    1.4119187270
  -2.9480785544    5.0854811480   -6.5613197759    3.3938284308   -1.1846303434   -0.5849919294
  -0.1211322094    4.6445774361    6.1631312472    1.5148449583   -5.2206799938    2.2665836786
   7.8623154519    0.7986597769   -6.4833087329   -1.9926085901    2.6752926722   -3.5882327208
   3.9560950358   -5.6148908374   -6.9716810491    4.5167588158   -0.9168317016    0.3294162619
  -1.3354947457    5.2307071245   -3.9106375388   -1.7238060240    1.5996143137   -3.1842398726
   4.0395191535   -0.9610780486    0.1139678585   -2.8868240986   -1.8800301764    3.8721516622
   6.9956995989    7.7481622211    5.1723687036    2.8868954580   -0.5627359528    0.7255069965
   1.3039292574   -1.1333649432    6.9519330736   -1.3805366460    1.7523944523   -2.3696130915
  -7.9492058213   -1.5918603571   -8.1128309377    0.2420550236   -0.2576309319   -0.4559911462
   7.0936671081   -3.0970447461   -3.6901860176   -3.4984651963   -0.4121381314    3.5651240185
   5.3091247982    5.9779249878    5.3723842891   -2.3919063750    5.5094445157   -1.1495437508
   5.0741770292    4.2292716300    5.7594208615   -2.2311615637    0.2959164948    3.4433501496
   1.5443084004   -5.9509331385    6.0022737961   -0.2119861087    0.0515743393   -1.8340908847
   7.3478405171    3.5046934267    5.1471300068    1.5576248660   -0.3304705780   -2.9113428885
   2.4789783238    0.2923249887   -2.5345920331   -2.5726461163    1.2738159731   -5.7882714167
   4.7412537916   -8.3892129930    5.4140411533    1.6128809197   -3.8005106300   -0.4627210101
  -4.1919623302   -1.8857530426   -3.5854559228   -2.4745005634   -2.5040961607   -0.1129033277
   7.3378505341    2.5358370171    3.9069092414    0.9898243793   -1.6196440476    2.3632284844
   3.2132867699    5.2969152805   -0.5075792730   -0.9817036104    0.7856787715    3.0326899061
   2.3668191701   -6.3964896120    0.0408470854   -2.7630989963    2.6017649778    3.6806688362
  -2.4511777306    1.0075782168   -1.4963527578    1.5459356711   -2.5426847003   -0.0720803707
   6.6238037122    4.6528218986   -2.2044365904   -3.3300269754   -1.1338962005   -0.9038414321
   5.8528752688    5.4539223587    8.0484603451   -0.5271047300   -1.9309912018    1.2249150720
  -1.0384888854    2.2234964706    2.7549567818    1.3614270563    1.8971487215   -1.6078189195
  -8.1746168337   -2.2042445229   -3.0263079065   -4.3727944530    0.1834078208   -3.8637878703
  -6.2447588897   -2.7323895713   -1.3880790509   -0.2371843574    0.2389611814   -1.3620052877
  -1.2225960997   -4.4057159571    7.2823370483    3.2593789957   -1.4058751147   -1.1678513161
  -2.0835322375    6.1069634890    1.7246542498    0.6330778476    2.5086835728    0.1684661226
  -1.5222584096    7.9500998460   -0.7102689194   -0.6591720314   -0.8396944639   -3.6974957376
  -7.9730819216   -6.6252030056    7.8268360981    5.6671826347   -2.2941751959   -4.5531954423
  -3.3993475685    6.6246544618   -1.3386022222   -1.3186418772   -1.3878659827    0.6524602374
  -4.3000922067   -6.3859272958    8.3981586817   -0.9209632336   -1.3040618718    1.1911121037
   2.9512696578   -1.8786475498    4.1380032913   -5.0156039642   -4.9085242650    2.5201417138
  -1.2388582317   -6.7005927825    6.7687654892    1.8248786395    1.4460014737    1.4250318881
   4.4247541315   -1.2755871544    2.5254796098   -1.0148028792    2.9499176128   -1.1748719114
   0.1044431774   -7.7301408916   -2.9376269663    2.5641739026   -1.7566876272   -0.3698616858
  -0.6209620866   -6.4572398986   -1.0070597880    4.6453562335   -1.9151585277    0.9326901604
   3.8100615230    2.6959093585    6.3601080493   -1.5538453929   -0.9396512362   -1.8553877037
   6.0904779381    7.8339079918   -5.2429371824    2.4482644274   -0.6667786241   -2.8488067671
  -1.5871830176   -3.2407074395   -6.8080703323   -1.1566873773   -0.0151507532   -1.1470003852
   2.6303567859    7.4628375818   -7.4831087038   -1.1293028466    0.1853634693    0.2182115733
   2.4636943302   -7.0365829907   -2.3886192467    1.3903463756   -0.5047160500   -1.0721471447
   7.2641612109   -2.2768373236   -5.3688089566    1.6617144559   -0.1940949174   -1.7681242952
   2.6045390134    0.1982152914   -6.9653187747    0.2682284163   -2.7813381792   -0.8144279894
   7.0066926663   -8.0682756624    5.6141034244   -1.3497306907    1.3764396691    0.7995174231
  -2.3486957852    3.7438589810    0.6896462582   -0.3367426822    1.0981171920    3.6082260646
   1.9513807743   -0.1356436521   -0.4915836501   -0.2083627517   -4.2422804561   -3.0062192920
   1.4033422029    3.4609625602   -3.4092807319    0.6754847510   -1.1970510369   -0.7312524365
  -3.5907157382   -5.7288589384   -1.9986635362    1.4481078022   -2.0018493665   -0.5463785045
  -4.0572928384    1.3740076581    6.9277203953   -0.1531031190   -6.5587380061    4.1415067494
  -3.0688714578    5.9194170615    5.4061426274    0.6788734315   -1.3788883562    0.9458188321
   2.8057201784   -6.8083075744    1.3347726343    2.5503538737    1.1731015290   -0.6910612138
   0.9638938664   -3.7417471274   -7.0213361795   -1.2884614144    1.6282360238   -0.9888009229
  -2.5377610401   -6.1124636956    5.9615217896    2.6758472242    0.7582784458   -3.5834212058
   2.1354949367   -4.9498184876    0.5370072019   -0.6611018521    1.2314339352   -1.5618208607
   6.7160822135   -4.7101079785    3.9297642284   -3.9752873646    1.6079737433    1.1574937864
   2.2039772217    2.6059603888    5.0940307308    2.7095429731    1.4577128350   -0.2790043715
  -7.1306885463   -0.1059153590    5.4895172456   -4.1421045304   -1.4480507375   -1.3844762849
  -3.3568557171   -8.0986934273   -2.7480809090   -1.3084583398    3.1203369172   -1.2354863562
   1.8639190141   -1.1851694949   -2.5307956990    0.2268077934    0.3261616876    1.6235927867
  -8.4662259676    5.1638601731    4.7051193644    2.1804846687    0.0321485088    3.8555835731
   8.5416128124   -5.1769044999   -6.6740347912    3.6085950787    2.7416650342    1.1951723258
   8.5131380999   -8.4296071850   -4.4285764610    1.0482368532    1.7343328368   -2.1501089485
  -3.9883535871   -3.7013162879   -3.5808138018   -0.8449557868   -2.7095592886    1.7648115724
   0.2941975111   -0.6633538165   -4.0409518300   -0.1136792290   -0.2380105919   -1.2366825752
   6.2726604364   -5.8302420475   -5.6710430178   -0.2408722157    2.9276948868    1.1981758248
   6.5962575928    1.7925868166    7.8793356241    0.2458554222   -2.9747292915   -1.4171825911
   3.1346846556   -5.4984799822   -4.9024922548   -2.2870724795   -1.8482416332   -0.0064718425
   7.1267644728   -5.2309558656    0.5336353121   -2.2912937035    3.1028081656   -1.1522639714
  -8.1630515891    8.2360447452    6.3349866079   -4.2705277464   -2.0469039657    2.5480324479
   4.8950824075    3.8126815686    3.7073538847    0.8622597552    0.9130729281   -0.6190265207
   0.6493815054   -0.9978692237    1.9540302257    1.5389208818   -4.0490749455   -0.4663327945
  -0.5121876286    3.8734481328   -7.8054199800   -0.0423567781    2.4783113277   -2.9009518857
  -5.6841747342    4.1148658848    2.9085053154   -4.1957907950   -1.0198944485    2.5767295230
  -2.0375511316    3.0476485374    6.8734006570   -0.5095313320    3.2936105545   -2.2563015069
   6.9640490421   -5.2042041855   -7.8685970136   -0.2253976295   -2.4462608186    2.7142572640
   6.0657957139    4.2740573939    2.4323796471    3.7641074711    2.9388614162    2.3077922125
   2.3995540848    6.0172014137    1.9112790616    2.4752842093   -4.9714164906    1.2671582410
  -7.3124333128    5.4446410468    6.8153463454    1.9389050400   -1.5243939519   -0.9551046881
   2.9929527737   -8.2707389065   -3.4954610601   -0.8145148563   -2.4142953409   -0.1090519962
  -4.2251990712   -1.3011222415    4.8748379662   -1.5328594734    4.9775423445   -0.8173183686
   5.5968282598    5.5540369115   -1.3759265728   -1.3500422515   -0.6338713268    6.2043176121
   1.2852374205    4.7388921527    5.4366045081   -4.2147428918    0.4435347977    1.4466930103
  -3.9667709323    0.6869533277    2.1639726923   -1.4427732251    0.7311820055   -2.5291649804
  -5.2363622121   -0.8273398889   -6.5708116992   -0.1621775282    1.6396165008   -4.4088721031
  -8.1638669436   -6.3581959542    2.0233420080    2.1238548554   -4.7500928984    0.2959383249
   0.7557561138    8.1669784351   -4.9291741395    2.3461280248   -2.7141389767   -1.0003523331
   2.2476436608    6.6794894389   -8.4530911711    2.4271850849   -0.8092970887    3.6171037333
  -8.0294765052    7.5823619555   -1.9525077600    1.5570495066    0.1834110985   -0.4534366513
  -2.3532895505    6.3836846934    4.4232077772   -3.9337252477   -0.8846725086    1.4895916307
  -1.4780776867    8.4541375101    0.7657531407    3.1506737481    0.8872279359    3.5708805953
  -6.1960624213   -7.2530360100    3.3707879396    0.3700669204    0.6272083155    2.8574815984
  -4.9569149762   -7.6381682468   -1.0754674620    4.5554672596    5.8970968962    2.3769686870
   4.4150516120    0.9746371240    1.0366699393    0.8482899025    0.3985395444    0.7415861814
   6.8145119945    0.4625012488   -4.1861890545   -2.5700933824   -2.6020326559   -3.1976841894
  -0.8177720412    1.0285283950    6.7425979701   -1.5066658285    0.7051821470    0.6217950740
  -7.7081941938   -1.4401884652    3.5928673361   -0.6150597214   -1.0012217755   -0.3793798009
   3.6314126486   -4.6696666004    2.0407749505    0.8322995349   -1.2675090653   -0.5265934863
  -7.0703206944    1.0383898715    2.0137565398    3.8272177836    1.8683232389    0.9156403667
   5.1498783071    2.9169163291   -0.2339721590    0.3786785738   -2.2173475544   -1.0663319986
   6.0748929338   -2.6218279884   -0.6251655456    2.1175177272   -0.8165586157   -0.4703322687
   2.9835861192   -4.7750733029   -1.6148216947    5.2194669295   -1.7189497501   -3.3714470184
   0.7706309454    1.2852168540   -0.7669036086   -2.0770707326    1.5317875241   -0.0022484124
  -1.1419386657   -1.7368312930   -6.4413209610   -1.9747002708    3.7860746738   -0.7130459623
  -3.1763194007    4.8706131570    3.0421420241   -4.1270702705   -2.7124850035   -3.2118890653
   0.0332089623   -1.1359519279    0.4610467940   -0.7116556876   -3.3054867900   -2.3980585400
  -5.7048301061    0.1365630747   -5.3304627350   -0.3362881438    0.5554016056    0.4071461274
  -0.3535025093   -5.3428827841   -4.9358898404   -0.8941695625   -0.4685225258    3.0013431722
  -0.5807431518    4.0755345662    2.0160208559   -0.0437645392    2.1992256961   -2.4206169165
   3.4865268427   -7.2686684792    4.0484098938   -1.8545754498   -1.3020406644    2.3904199393
  -5.2284142344   -1.0632921958   -2.7001403750    0.0938960054   -0.9014032188    0.1344355531
  -2.9751489765   -1.4108898205   -7.3792858532    4.5885204180    1.4138144219    1.6521115170
  -4.0661044905   -2.4303930659   -5.0501989974   -2.6382516127    0.2043249574    0.2029401232
   7.4741507844    0.0912631545    3.1909682837    1.9511731238   -0.1349283709   -0.7882859898
  -2.9857799527    5.4201889258    8.1684696556    2.6506219817    3.4734116619   -2.0286230041
  -0.9837781424   -1.0595794489    5.5684299279   -5.1102736697   -0.0879127874    2.3020759856
  -3.7834797159   -3.2928607035   -1.8543175515   -3.6075747709   -2.7006808765    0.2739138120
   7.4683615710   -5.4442631567    3.5797439316   -4.7820296794   -1.0059118249   -0.1251400840
  -2.5727169639   -0.5680329416    3.1541558015   -0.7304962894   -0.8824226313   -2.9222615556
   7.1164117117   -6.7428157133   -6.5370634238   -1.2757823737   -0.4543725498   -1.0190708572
   7.9714043290    3.6301177021   -2.4372505505   -2.4045358161   -2.6187616708    0.4010403466
  -8.3704280658    1.1542455035    5.6607629301   -2.3747140010   -2.5078888150    0.1037921802
   2.7282291890    2.3990703340   -4.9634347064    0.2378658818    4.1340365881    1.2194864746
  -8.1050176380   -4.1855827977   -5.6732075204    0.6658927114    5.7141659156   -1.7956530630
  -3.2875858932    3.4176109985    7.3710725639   -0.6321210916   -1.6093228942    2.2037725694
   3.9817782346    1.5393480181   -5.5345669689   -0.8159092500   -1.6216762696   -5.8011031591
   4.2186991415   -8.5378636343   -1.9213025185   -2.7208735242    0.7535999613   -1.2896786390
   7.1318896816   -1.4819962789   -3.0589225831   -1.6127912204    1.6813295632    0.2918295094
   5.2389962892   -1.6475262634    0.7411013231    1.4404101075   -0.0942506492    1.0521559273
   8.2080848257   -4.9016587450   -7.9408890983   -1.7272973968    0.8666262295    3.2190800167
   5.2314527731    2.4707916171    6.6559757699    3.8088399797    2.3351613548   -0.9541052996
  -0.0882244069   -1.4247264751    6.2520126622   -2.0928524146   -3.7172053664    0.4609853848
  -5.2740739565   -7.5577828030   -4.0314311400   -2.3375965717    0.4833950070    1.0318990302
   2.2947804705    8.1784654465   -6.5745956659   -0.6411272634   -3.7829721915    0.8125753780
  -5.2844515934    5.2006143293   -5.0671944469   -1.3739417798   -0.0705798846    1.0188042283
  -1.1047912289    4.7281798757    5.8659192088   -0.0034462049    0.4841126998   -2.2304335782
   0.9604986687   -7.6506449487    7.2144333471    3.9072261027    1.0586741422   -1.7252595292
   5.8481464113    6.3333127463   -3.9490992500    3.8089711249    0.4344828368    1.1934595141
  -4.6629650064   -7.5618214205   -2.9462132068    1.4302956905    0.0858709232   -1.4244028629
  -3.4493939343    1.0570960881    5.9885106679   -0.9945426288   -1.1452689519   -1.1451427234
   8.3115914793   -7.7333179912    8.2455557390   -2.3829092197   -0.7010143744    1.3443619999
   4.0606297303   -7.1009043811   -2.6474952416   -0.0262396587   -0.8055755459    1.3187244551
   0.6341627140    6.2867033615    5.4806893987    0.8931350969   -0.1200268276   -0.1671712429
   0.5659802540    6.4920196071   -8.1393553554   -0.4964759687    0.6568243103   -1.4317989911
   6.3747814641    2.9591124140    0.4671335713   -0.5219060666   -0.2056775153    0.9570990360
  -5.0410790733   -1.8367838236   -1.5420515499   -0.2099698996   -0.0217941233   -1.2068613289
  -0.4249933676   -1.8091802395    3.5651090327    2.4893369564   -2.3326461289    0.2029657723
   1.4229569939    6.9402275346    5.6845489158   -3.3134007798   -1.9103822499   -0.7464885445
  -6.2725665737    8.2562236445   -8.2346730212   -0.6401313365   -3.0757689641    1.8535709301
  -3.0627247532   -5.2169955161    4.6190844094    0.6990312296    2.2276600938   -0.1837838275
  -7.6065664943    1.8759443543   -7.6906822482   -0.1760881176   -1.6150756035   -1.5365155056
  -4.4451597457    2.7774278842   -4.0018620174   -2.7831645459   -2.0618391223    0.2180353334
  -4.1065190287    0.2231570631    8.4878931181   -2.7550768434    4.0227328866    5.3646327805
   7.3795765530    0.8115465557    4.1937863236   -0.4232153842    1.2605994455   -2.1578513829
  -4.7678628383    1.4877162645   -4.3524574749    3.6619496327    2.2487695454   -0.4698065074
  -2.2978754342   -5.1160232693    1.5350113789   -3.9880377182   -0.4653697152    0.8752251845
  -5.5209754657   -5.6645709055    0.2108003873    3.1323191898   -1.1111846928   -1.2865273253
   1.0181931303    5.7149146841   -1.7861822237   -0.4674633153    0.4541878380    1.5556864595
   4.5740860570    0.0046154466    2.1485058300    1.0393012167   -1.9824169228    0.4113141293
   2.6293166296   -0.6233276957    1.8709818351   -0.3083417481   -2.0264703691   -0.4322856427
  -4.8545422151   -7.3169536620    3.2342736222   -1.3718046901    0.9185446826   -2.6962843468
   5.7417851067   -0.5047612996    6.6813129032    0.5737478042   -0.1778722096   -2.7137993339
  -4.2502735118   -8.1872476116   -7.4304343109   -0.2053781507    1.2690705384    3.3142049538
  -0.6778457587   -8.5275672655    2.3021374961    0.1578127625    0.1145261624    0.4009428763
  -4.2048473134    7.8605981896    0.5998392168   -1.4926771809   -1.6990094416    2.7998779101
   0.7317126464   -3.8516223461   -2.5967687588   -3.1063408397   -1.8042652161   -0.2650830258
   1.1085939603   -6.4022959325    7.2210188017   -0.4181340088   -1.8496402487    0.9874810721
   5.0615571539    7.5599847812    0.4039993315    0.7563375550    2.0805326860   -2.0865000823
   2.7892885770   -4.0709662397   -8.5119563462    1.7438469652    2.5681814568    0.3585679378
  -5.2095073800    0.2696749804   -3.3932976124   -0.2384077878    6.1662970190   -0.5202099519
   6.4450827704   -5.4665664762   -0.3243755165   -0.1245915711    0.8237832629   -1.7940871690
   4.5759082920   -4.4889071774    7.2560711895   -1.5840743680   -3.2403719420    2.3526261250
  -5.4465135197   -3.8741153817   -4.0316556431    0.8183817995    2.6910906481    6.0440115724
  -1.1547581251    5.1037218441   -8.0059316524    2.8370595413    1.0106150820   -0.7590777463
  -3.1304382055   -4.2453594986   -7.9879670213   -0.2542755308    2.6727299868    0.1857273990
  -0.9615593103    1.1651693739   -7.1302075158   -1.2599768089   -1.0473087031    3.7545363909
   3.3504926034   -1.1022328722   -7.7398942739   -0.0660361860    0.9447807031    0.5113072809
   0.7243110850    8.4837454852   -0.9059666951   -1.8972856487    5.5557262957    3.8479235638
  -0.0400695207   -6.1108235673    0.9017504664   -3.6473101923   -0.2819044265   -0.9253892026
  -5.9663534650    8.0924513247    1.2485117280   -0.2377981489    1.9657259304   -3.5740972423
  -4.2967003134    4.9732637277    6.1967565610    0.5506341467   -1.0409047543   -1.3210848045
   6.8864418614    4.4874318675   -7.0405376400   -3.5723534967   -0.9157412547   -0.7934298232
   1.1154441201    0.9582632427   -7.4370636722   -0.2415182509   -0.5017554616    2.2056665529
  -3.3329921593    3.8099766661   -7.2349742458    5.2344160731   -2.7458903900   -1.6290805046
   3.0387247210   -1.2089572366    1.0488125675    0.0286265300    0.2369300421    1.1825668939
  -1.5140641945   -1.9058945167   -0.4496099229    0.8422929347    0.5590466499   -3.3750325257
   4.2737562781   -4.3004185355    3.0849660123   -1.5238405231    1.1150491339   -2.0999800528
  -4.6079994221   -0.3363559764   -2.2769427719    0.1341218751    1.0708505794    3.3747293189
  -6.5414920285    0.7665797247    8.2927926850    2.1119878076    2.3130513390   -2.1764707745
  -8.2618636656    0.2129343078   -7.3593859741   -1.0083551283   -4.5932975986   -2.5874105624
  -4.3533028942    4.0473850581   -0.2893015480    0.4531739658    1.2285030694    1.0228028089
   4.6354883309    5.8213508313    0.4253672996   -0.5335859276    0.4861462496   -0.2887940792
   5.0414618870   -7.4003027059   -8.4462918689   -0.5671077567    1.6632435908   -1.6174133067
   4.9732279444    4.1968503067   -5.9620778453   -3.4524547614   -0.9580419806    3.1473325077
   3.2875967837    6.9354938413   -1.5365841320   -0.7364421553    2.8440881275    1.1975634409
  -3.7959940573    6.8702776419    0.9160115998   -5.5493133386   -2.8517643988    2.5633776041
   5.2735519501    7.9940773725    4.3660968697    0.0684106034   -0.0155917867   -3.5401630027
  -2.8151197293    5.1284114614   -2.2200590579    1.8976351497    0.0059557490    0.2612839903
  -3.3704591655   -0.6888064692    0.5017066507    1.4976357518    3.7779269227   -4.1160675866
   7.3445519163   -2.1966115450    1.4937690836    0.1220095992   -1.0075192802    1.9067357815
  -3.9660319931    7.2722180749   -4.6465303253    2.7570060818   -2.2172035004    1.0850532947
   1.7825987494   -1.0801003246    2.2553306572   -4.0750365812    1.4786923626    4.0951883056
   0.0873680952   -3.1072208009    2.7836445940    3.1356727176    4.2613571643    1.6163902664
  -4.4639910896    5.8880733370   -8.2164038312    4.2610404167   -0.5908700926   -1.4232861145
  -3.8559403457   -1.4235363309   -6.7251281447    1.9475374802    2.6525996085   -1.9368253381
  -0.2112442169   -8.3032682483    4.1004562745    0.8741022129    3.6848062946   -3.1827852884
   6.6865232768    1.3399758746   -6.0626977421    4.0325489959   -4.9239333470    1.1405241916
  -2.9353768291    8.3012702179   -1.5544109603    0.4945268827    1.2171212403   -0.9393790381
  -0.1590790582    1.7277184751   -5.7988419710   -2.4350965326    1.7707119759   -5.3617634131
  -2.0126060923   -6.3290092246   -7.5567051809   -1.8636037027    4.8198378760    1.1423666295
   4.6851469578   -0.0289031942    8.2769190527    2.1850014486    2.7680897804   -0.3702186126
  -4.1898255892   -2.9551830146    1.3242835873   -2.0240747096    1.7961520166    4.6991239647
   1.6669005101    6.0614635860   -2.2380677370    2.7259337119    0.1544274317   -2.1735699486
  -7.5137488369   -1.8094448810    0.9208548297    0.3757719049   -1.4243537260   -2.6151380493
  -3.1040707484    3.6438003313   -8.3976872068    0.2471680257   -2.8303125649    1.0528450333
   5.9415052815   -2.5885284802   -7.8479131352    1.7496922302   -0.6579637822   -3.5878559190
  -6.0328496447   -5.6633164381    8.3426325272    1.5419065158   -0.5347449314    3.2278993757
  -1.9655771199   -3.3450770240    4.5111220321   -0.9647273470    0.7208257781   -1.6195168831
  -7.7181343601    1.1627749974   -2.8285704031    0.9112625899   -3.4859669021   -3.9547091872
  -8.2082443655    4.5960440284    6.4009414047    0.3113034531    0.5331697629   -2.6459621289
  -0.3937270103   -4.5921266746   -0.1672677950    2.6546462387   -1.5593777935   -2.7954293337
   2.3916468210   -0.4737096511    5.4482134262   -2.8006446937   -2.9643042956   -0.5352303237
   7.1854092360   -7.7775454370   -3.9138344687    1.7573641482   -4.0851315732    4.5305620409
  -0.0416701928    5.7536525973   -1.2555779802   -1.0007179562    0.0184436355   -1.1541364582
  -0.8022949618   -1.2578490676    7.5247537348   -1.1988340204   -5.3518250951   -1.2994561687
   7.3564034294   -2.2443412946    3.0721364174   -3.5952382104    4.3904904463   -2.7329256113
   4.9640301806   -7.9406229654   -1.0792219051    1.9612895292    1.3581636861    3.3079261767
   6.8684785956   -6.0331871155   -3.2289200394    1.2334341857   -1.4957258209   -1.0672812541
   2.6785304339    0.0308906148   -4.3589676768    1.4321205997   -2.9658211665   -0.2279705803
  -7.7510127077    4.8693142144   -1.0306572795    1.5885189433   -3.8157739525    3.2075416962
  -5.4998706486    4.6762175346    1.3757212072    1.0533234019   -0.4389403181    2.8276123291
   5.1284282440   -2.9370595566   -7.2833918774    0.2875551526    3.1139309958    7.7392939997
   5.7006115365    1.2107233648   -5.1118453115    1.5909629877    2.1586358656   -2.9615553589
  -2.0484087166   -4.1628489099   -6.8332306666   -0.0831099906    2.5639581470    2.9688363740
  -1.0111103859    2.8344699023    4.0455056067   -2.1200033923    0.1846924720   -1.9864077236
   1.5551304847    5.3589239908    7.3564690475    0.7418137624   -0.5577970859   -0.8242612136
   0.4655856663   -5.0585780526    4.1786371313    1.2149496375    1.4963884334   -1.6396432992
  -6.2307677320   -1.5132953443    8.2500223837   -0.4900697499   -0.9886144060    0.1677230357
  -7.0988207570   -7.9521520945    4.0301473191    4.1300067289    1.5090170895    1.0307141375
   5.5252635511   -6.4482684201    5.1432396771   -1.6953702157    1.8063030901   -3.2563658919
  -4.9873594498   -2.1616067877    0.1570099414    1.9942398813   -1.6056871577   -0.7539140760
  -7.8014928465   -6.0164493449   -0.9552394312    0.2739987826    0.0744755242    1.2960283687
  -2.1505240488    6.8326377787    5.4532299895   -1.0661417704    1.3865560663    3.2622291433
   2.6545599916   -3.0487005389   -7.9765245038   -1.2095728631   -1.4076705821    0.2114478932
  -7.4267327880   -4.7601359710    7.7725531631   -2.4887292728    0.2817476124   -3.7297913417
   0.3986538235   -5.5766670462   -6.8875041314    0.1799776824    0.8079511187    0.5768390846
   4.4890996618    2.9699766944    0.9718716564   -0.0024509650    0.9801610246    1.7680248294
  -5.7782732168    2.1813093597   -5.0963959796    0.8393615860    1.4262855251   -1.1003952084
  -4.5872264646    6.6582489067    7.1645134992    1.5519089349    0.4338229798   -3.3290948432
  -7.2250319208   -7.4830450198    0.9213004997   -1.6971046000    2.7724658334    0.2060964326
   4.2163378338    3.4652597816    7.4926479775    0.0100981479    1.0770132938    4.9404970711
   2.3052769550    5.5410479325   -3.6832496735    0.0439840946   -0.8622544660   -4.2788139192
  -2.5442863872    6.7932034390   -2.7964698603    0.5934054623    0.4852294567    0.7125407312
   7.4846714588   -4.2569093548   -8.1020301046   -0.7134303707    3.6631622906    3.3787498562
  -8.1172837523    2.9005374985    4.8516396842   -0.7095773412    0.2752735677   -5.7355528854
   7.9802740938    0.7323064667    6.9857356749    2.4162583701    0.9486787262   -2.5958934703
  -5.6871010705   -8.0336714631    6.0121257448    0.4457811703    0.2314719359    0.1093188292
  -3.7269957966    2.9705452540   -2.8285437747    3.6603298559    3.5925118481    2.9273032015
   7.4030714923   -4.0841297683   -2.8356911560    2.1066553179   -0.5527589326    3.8776703517
   2.3818975610   -3.8799373121   -2.4634326809   -1.8157791306   -1.6726360736    1.4187116717
   1.4834630147   -3.8628928664    7.2802512457    2.6866010016    0.6014546800   -0.2373221936
   5.2177121302    1.2808665934    2.3094847724    2.6219538034   -4.7353107720   -0.6621071389
  -4.5197696155    1.0349187739    0.3581931649    1.5532241289   -0.0269658517    0.4696040935
   8.2023573231   -0.0614067607    1.2313045190    2.0154330598    0.7347462866   -1.2952214806
   7.1543087814   -0.3579421788    7.1891482140    1.2701450875    0.6558722316    1.7862266102
   8.2352193648   -7.8005756487   -3.1446789735    1.2028878412   -0.3858398906   -0.6845318599
  -1.0636159018   -5.1202937528    3.5467806002    1.9016247275   -1.4288243657   -1.7748802079
   2.4675994674    1.7456432614    2.6418335304    0.3891170038   -2.0489701940    0.6361099818
   1.3450015943   -7.4937303706    2.6547393159    3.3372624887   -0.5634663493   -0.9622801550
   2.9621547192   -3.6116959327   -0.2057629335    3.3585205720   -1.9259176542   -1.0909315526
  -4.8143188575   -4.2016342745    0.9218023293    0.4576309414   -0.3156837074    0.6187948334
  -6.0067610578   -8.1525324343   -0.9162125590   -1.0101377521   -1.2626680838    1.2168333104
   0.6876416937    4.9845035987   -0.3611717176   -2.0628025137    2.1959816106   -0.9969061807
  -7.4824540584    0.3236675635   -8.1299455706    2.3198806562    0.1248547491   -1.9399758860
   2.2267401894   -1.6430449070    4.7965271500    1.8204032330   -1.6016102114   -0.5336945370
  -4.8219988218   -2.2477754936    6.4822547806   -1.9961067914   -1.8738631777   -1.6944148234
  -0.0995350950    1.8583788430   -6.9024818572    2.2148717008    0.4986379927    0.1006191222
  -2.5207397695   -2.1141301488   -3.0681312614   -2.5283170636    2.5504399465    4.6820407180
  -5.8071530934   -1.8999843912   -6.2183541211   -1.9066339537   -3.6610236702    2.0388068099
  -2.4566545731    0.3315178546    4.6143618966    2.4504275579    3.3623995971    4.1421901104
  -6.1182789660    5.7492188503    6.3378136441   -0.4305241625   -2.7081723441    0.5991044039
  -7.7834843177    5.7739811788   -2.1280836528    0.2402355952   -1.7965469464    4.0033718548
   7.9750382852   -2.0473500076   -4.0332460778   -6.9209008651    0.2906975164    0.0022742498
  -0.0095432283    7.4288500853   -0.6378969004    1.6428455184   -3.5854624855   -2.1552131854
  -7.2200747222    7.6016757939   -7.9528672722   -1.6261585515    1.3195928417   -1.5325596037
   4.9900163215    7.9694286274   -7.7652968886    4.1865693954    0.9900890959    0.5688979914
  -0.6007584287   -5.1914690570    5.8254950547   -2.4377718317    1.2072716293   -0.2578938992
   5.4903772210    2.0960619306    3.0499610827    2.4231337706   -3.0869925489   -0.2398448758
  -4.6748764219    1.8713903148    1.9533872376   -0.8500070709    3.3093935900   -0.7484994579
   7.9781815314    6.8393958524    5.1464356205   -4.7163640061    0.3034375456   -0.3554715175
  -0.7931481951    7.6523024437    0.1198834811    0.7044788630   -0.1710329383   -0.5108673892
  -5.3321874757    3.6990480225   -4.8920652446    0.5361258329    1.2204848643   -1.5245230261
  -2.2871934890   -1.5675771124   -4.0954079172   -2.0427402928    2.3063289731   -3.6471751718
   1.6485460363   -8.5342949780    0.0962393921   -0.4279654224   -0.8164820222    3.0152568783
   5.3154724747    1.6380094864    3.9305176244    3.8665755811    1.3981783337   -3.0287051711
   6.9668284853   -6.4165351358    4.4565864394    0.7314638795   -2.3134429250    0.4633108811
  -6.2811910927    5.7447027449    0.7953783065    3.6729157993    0.0046630024    3.5945593212
   7.3287392476   -7.4046149116   -8.4679834965    0.1898832423   -0.5075337037   -1.0579766267
  -2.0838635900    4.7503983073    6.8253800649    2.1806362706    1.4778129757    1.4292207781
   1.9887957469    6.8704073148   -0.0585143539    0.5287919329   -1.3571213009    0.1600822119
   7.4821196800   -1.3335527047   -8.4420101073    3.2638294570   -3.3837457526   -0.4963120957
  -6.4585966578   -2.4430235551    4.9489200778    6.7063231053   -0.8975046850   -2.4227630693
  -7.1296890996    7.3378975462    7.6494796237    0.5423013828    4.1861358019    2.5641437709
  -7.3290205867    0.2449764892    4.0963207010    4.8291898966   -1.0065475616   -0.4837917417
   0.1807704455   -7.0792993975    2.6962164510    1.2290077052    2.9013399332    0.7703323823
   4.6119006839    6.6213853598    5.7157996755    1.6293630357   -0.0203289102   -1.7369278375
   5.5332718766    4.7409931813    5.0988447690    0.0623050678   -1.9764799536    5.2431277140
  -3.7016543149   -8.4142055417    8.5387270810   -0.5386649971    2.0874443636    0.5417620432
  -2.2431688285   -0.8702560516    6.9957795934    0.9752722080   -0.2838568661   -2.9998591419
  -6.6809702212   -7.2565873260    5.0407868204   -0.2928110781    4.5345470147    1.4600460874
   3.5940147482    4.3887359883    2.2864396707    3.7089920245    3.7957083290    1.8887728136
   4.6615350630    2.8819715709   -3.7326110438   -3.8327191580   -2.1347895869   -1.8057390717
   5.7771413359    7.9744679722   -3.1599297953    2.4606690542   -0.0570630683   -5.5195054991
  -0.5617784537    7.3832877020    7.6473728932   -0.4711872018    2.8763324012   -1.9595098619
  -0.8998527019    0.2313429182    2.1429447298    0.3727629869   -0.6037235650    1.4610397230
   5.9413600181   -8.3379825590    3.3998144455   -2.5943629419    0.5707217947   -3.3050654155
  -4.9045681556   -7.0536954712    1.6725318701    2.2730750997   -1.6466172886   -0.9545115545
  -4.8600900176   -4.3954176407    3.4637844947    1.4749780990   -2.0080105791   -1.5131615010
  -3.3519966314   -0.3110856321    5.0384367594    0.0710189903   -1.7839831974   -3.0249142853
  -2.7079733941    6.3510273390   -7.9044800709   -3.6158090379    1.4835454368    0.4921590740
   7.1419210478    6.3766237305    2.6976410211   -2.7801432397    3.3020892428    0.9543410197
   8.3987572202   -0.2266259295    5.4660216235   -4.8364727821   -1.2117226810   -0.7022384901
  -2.2029597693    3.1497187001    7.8603971725    3.7410411563   -3.4975628722    0.6166681460
  -1.0363773015   -4.9717984430    0.5964052606    2.5111253124    1.3159782851    1.7857015398
   0.5927328987   -0.2091469970   -0.0926660573    1.1314645867   -2.0316207389   -5.6722197253
   7.9639470965   -5.9912831499   -3.5509603744   -3.1683705708   -0.3464466120    0.6193929226
   6.3193597734   -1.0190564699    0.6580383072   -1.1506662778    2.3637252442   -1.2431026787
  -1.5516717603    3.5055998626    0.1119736259   -0.6212990847    5.3836283673   -3.2977684210
   4.3362802750   -5.1318985734   -1.5711597075    1.5680836664   -1.0728488946   -1.4207013824
   6.0379069547    7.1492915225    5.5986092698    5.6131072641    2.4464026370   -1.0231808925
  -7.2924520029   -3.3061337809   -0.7827046023   -4.8558808350   -2.8569124012   -0.3844667153
   6.5537079016   -2.1457861358    8.4114915774   -0.6515892873    1.4359960798   -1.9637782598
  -2.0821710401    6.1966184411   -0.9093487495    0.7098380293    4.1427769378   -0.5501047681
   6.8505254751   -3.8433690623    2.7225879866   -1.2523843331    4.1118472911    1.4021862467
   0.2871672409   -4.6841216842   -2.8449199176    1.5126123906   -4.0590175119   -1.8133975831
   1.2223337951    1.4107756507   -5.0723358192   -0.6472876372   -0.8432986272    1.7388903050
   4.0248182108    1.2819924740   -8.4345625928   -2.5746485853   -0.8586281134    1.2352754334
   1.6391184960   -6.2856005673    2.2576980305   -1.5019945774   -1.9578508179    4.3775444264
   6.8991024816   -3.3921824998   -7.6266262780   -3.4593267684   -3.1892364042    6.9805892198
   3.9805446257    0.5858414362    5.2008674226    1.4727046252   -1.0281172269    2.7792596397
   0.0834616436   -1.5675286861    7.7531533238    1.3324891500    3.6405802500    1.3561896308
   8.4007036897    2.1459667054    2.8084938638    0.9000826834   -0.2320271056   -0.8908117519
  -5.0135878395   -7.6848827122   -8.3897754977   -1.7539809898   -2.9740875035    2.3636525313
  -8.2882015303   -6.3318213246    0.1751771960   -0.4734174870   -0.3360618863    0.1026189350
   5.9832506395    6.3096892700    4.2358130290    4.2964000617   -0.3284738946    1.1231605819
  -3.3326622351    0.1682747331   -7.4709630478    2.6849379926    3.8059470596    2.1227576293
  -3.1794398227   -7.8297004813    3.4322234422    2.3698180818    0.1866621827   -1.8798573968
  -1.7114495186   -1.7867948778   -8.3046557843    1.6361664684    0.6618615836    2.0390831348
  -3.0881342733   -6.9428078358    5.0830073633   -2.3631929006    1.1409779089   -3.7468648655
   1.0334030512    7.3700278924    1.3327958234   -1.0306358220    2.9200667262   -1.2165249315
  -4.2648185065   -5.0629598383    8.2107323602    2.7984491973    0.0357049514   -3.3452779267
  -4.9928527235    8.0159523144    4.0667508510    0.5197482018    1.4093519204    3.2958598661
   3.5254264822    5.4089766039   -6.6608630918    0.8910138385   -0.6084033370    0.1395631153
  -0.8323422598    0.7737541831   -5.5569907664    1.5621639775    2.5721609517   -0.8145085236
   2.6830441051   -1.6340801828   -6.4419195173    1.4083614594    2.8787737125   -1.1059223624
  -6.8164126809    4.5530810711   -6.9956367278   -3.4610127612    1.7125449298   -0.6015546113
   4.9353778511   -6.7781677248    5.8357701923    4.4248878487    3.6534328319   -2.6934719311
   2.3006433333    8.0586509464    6.3427236021   -3.4610115678   -2.0754702728   -0.3253014714
  -6.1828636908    0.8063415474    5.0750821776    0.5294968716   -2.5931451196    5.6658788260
  -3.6561246543   -2.1365874689    6.6123488611    2.0593321992    3.2262326236    2.9295353937
  -0.3921397593   -6.5120314165   -7.6578064609   -1.2806037395   -1.0493830487    1.3975074679
  -6.1806693264   -3.0033173740    2.9210592828   -3.6317117633    1.4728664772    4.3573609962
  -8.0139940123    0.5880134273    4.9247818366    1.3054309342    1.1106417552    0.2738530311
  -6.0129808635   -8.5167517775    6.8916807676    3.2479068929   -0.9888586109    6.6733379579
   7.0012483277    6.3237275652   -1.4927232049   -2.4824559588    4.3450316822   -0.7061363235
   3.7111759572   -7.2390300716   -6.3699807491    0.1181973706    1.6376552962   -1.0940264272
  -7.9030953347    4.6324005245    1.6506521796    0.0132872720    4.9685893887    1.6486859910
  -0.6675752220   -2.5120290623    6.5143236795    0.4409156408    0.8401885460   -3.0289141193
   8.3257256697   -7.4610119397    5.8677591906   -1.2919152271    0.4515697938   -3.4395003916
  -8.2016827533   -5.2170823183    6.1120142324    4.8486431147   -0.7666466723   -1.8794036937
  -0.9397746913   -5.4837865116   -3.5089821410    1.5460542117    3.0284433982   -3.2375587002
   6.2200239692    1.6897557636    6.8378983938   -0.8224909451   -0.8694195499   -0.3916963153
  -2.8312704674    5.2053899500   -3.4521313761    1.9712472388   -1.2436341781    1.3388904035
   6.3812223583   -6.6835201016    1.9035204764   -0.7353082064   -3.8532702714   -3.6495980150
   7.5062475629    5.3868116809    0.2957820931   -1.4437913851   -2.7658166388   -0.2213513339
  -3.8370482113   -4.5647528461   -4.7853807339    4.2401764914   -0.0266139790    0.1392535364
   3.5527263699   -2.5062188074   -6.9872578721   -2.1145778346   -0.8093755912    1.2174905904
  -5.1238833803   -5.9699692495    6.2611205794    1.5921173007    1.3802040532    0.0236188889
  -6.5088514456    7.2669708086    1.0318764979   -0.4677767764    4.8034508856    3.3742327358
   5.8983570198    8.0854557717    6.7793084464    0.9346554098   -1.2708893047   -0.3822822286
  -6.4356585996    3.3145937635   -0.1870256002    1.1664023291    0.2163284127    1.1236978043
   2.7841223012    7.0243302956    6.2775610568   -1.5031817846   -1.4382149936   -1.9374235057
   7.2148042003   -2.7346045201    7.8026982440    1.0758605733   -1.9492962492    1.1483380786
   0.7993598371    6.2008316311    3.8446293983   -2.1821021935   -0.8559526169   -0.6720329896
   0.2610048147   -2.7762714298   -6.9078080834   -1.5937285409    2.4336483582    3.1291835701
   6.4846830310   -4.5432772643   -2.6645652850   -3.5685243006    0.0227067361    1.4018787875
  -7.4021323423   -6.5660040069   -0.0442472263    2.9617444817   -0.6314401800    1.5249460549
  -1.8859859042   -3.3273541271   -0.3830558556    3.7685186838    4.7288883123   -1.4800028828
   3.6800220181   -4.0190470574   -2.5106655316   -4.7164063409    2.9531740095   -7.4157507137
  -7.1556642069    2.7463141581    5.1110734585    0.6248493233    2.8070260037   -2.1712396008
   2.2759541010    4.2308145716    4.4734953763   -0.2959383866   -1.2889492165   -3.9044241930
   3.3234414545    2.0974801697    1.9292363075    1.1618237910    0.3663675751   -0.1812157068
  -1.4414554168   -7.1425869832   -2.4642929267   -1.4200878971   -0.1812136621   -0.4344985885
   1.8899093165   -8.3798037530   -2.4827538048    3.7193864175    0.1791273556    1.7631397922
   7.9356553347   -0.7386536175    4.1897665178   -0.7155878355    2.9201451104   -2.6704834701
  -7.4007270805   -0.2936490586    0.3013532522    2.3961994925   -4.2052100530   -2.4877560201
  -8.3637387156    8.1015756908    0.3945411639   -4.0614965939   -2.8036543469    4.3907062784
  -2.9683585960    2.1113230937    6.7422813510   -4.6628900136    1.1224148976   -4.5512527503
   3.9479634056   -5.5198845405   -5.7365327115    1.6262123312   -0.1928028484    0.5288686386
  -1.4418913430   -0.9065016624   -7.5578781686   -1.7626712925   -1.9124085799   -1.5956321761
  -1.1643695511   -7.7853796537    2.9387684428   -2.9270455428    1.3569570043    2.6770200048
  -7.2434205212   -6.7802921491   -6.1352457709    1.7047528236   -0.0896068056    0.2046779096
  -8.1470122977    0.9708963282   -4.9217273220    2.7018532177    1.5114582424    1.5867701429
   4.4534551870    0.6087731906    7.4845267559    0.8708754954    2.2646157655   -0.8835120621
  -6.3796860053   -1.3271221048   -3.4386532520   -2.2517116144   -0.6202525109    1.4645805214
   8.0685579874    2.9167218401    5.4575443743    1.9103895952    3.7573649662    0.3420346663
   3.7141370661    7.6716741706   -6.4628094142   -0.9580895909   -1.0112672049   -2.1794289482
   2.3302963970    1.9697505174    0.4145478947   -1.8589714578   -2.5078513891    4.4104601983
   3.6399222845    7.9899952223   -0.5637629103   -1.4850168106   -0.2134968979    2.6935989907
  -1.0210162046   -8.2320275478   -2.7216219899    2.8175879353   -0.0445301752    1.6185042066
  -4.3406165565    4.4506561270   -5.3716717464    4.1281762283   -1.5032092705    2.2255930760
   6.5665014259    0.5600295828   -1.9914070256   -2.2199842238   -2.5274892948    2.1235978433
   0.8630292398   -5.7882328029   -1.8032406464   -0.6895345090   -3.6771226499    1.4019791415
   6.7472044872    2.1116370542   -0.4508287250   -0.5337453314    1.1228089893    0.3453738993
  -7.6233533793    7.1396642864   -3.8945209674    0.8022601296    3.0639813679   -0.6626512535
  -7.6191992127    3.7830079188   -3.0375774483    2.6321655395    1.5814918506   -1.7474511757
   7.2002952761    6.0483093057    7.3585490816    1.2111605369   -1.7423222242   -2.1246289901
  -1.9875485482   -0.1809355992    1.0430193711   -1.0717601741   -0.1605757630    2.2217613339
   2.6046739303   -7.2150802619    5.1511930762   -0.6193359206    2.6660948262    1.8750011784
   6.3407697863    4.7269206710   -0.2232645045    4.0824644093    0.4279034600   -1.2948061812
  -3.6343244535    1.3354867102   -4.8793193160    2.0876889579   -0.6613753804   -2.7637487971
  -7.9586741476    6.1815387819    2.0925732338   -2.8592267091    3.3158096490    2.0201219091
   7.9241550167   -1.6912764654   -0.0147830648    0.8250574041   -0.9101930511    2.3447409151
  -7.4337852889    4.2895929199    4.7106990469    2.0779093066    4.6798801578    2.3395402331
  -6.1985851627   -8.2529159644    2.4361424517    1.7874984067   -0.4256065933    2.4509599810
  -2.4452530674    6.8419508459    3.0599151005   -2.0840565417   -1.7880478409    2.4331658024
  -2.8712754749   -0.6132864554    7.6592579477   -2.0545337389   -1.1032611466   -0.2307272669
  -3.8732720383   -2.9083525964    5.6817191886    1.2908904564   -1.9251272293   -1.0454307961
  -7.4068122546    1.8620367251    7.8590362750   -0.7187348354    1.0686276985   -1.3381643006
  -5.7040236209   -1.6037450812    1.3966416781   -1.0280558647   -4.2914757209   -2.5504020605
   5.8495361807   -3.8493865577    6.7634604633   -6.9451411208    2.4599011162    3.4862630712
   6.1905226328   -2.0391694260   -5.9083541274   -0.9827026793   -3.3295026301    1.4386354427
   0.1288529340    8.3870565109   -3.1334234859   -0.2266278768    2.4372699036   -0.9405177491
   0.2779384026    0.8127432743   -4.5859677855    0.2223504480    0.9438093940    1.0691115579
   4.3226100991    2.2133917796    2.1217436822    3.6455165124    2.5092309545   -0.3788054352
  -0.7034611111    7.0207484000    1.3863283419    0.1909757500   -2.4008025406    0.2429130298
  -1.5726674076   -2.6844889028    6.1508704070    1.4601510014   -0.8366750712   -2.5092944206
   0.1021489094   -7.5942902628   -7.9761178924   -2.4127250653   -0.3647632691    1.5039790811
   0.1957868792    2.0708243302    2.4969339353    1.5640416000   -1.7735556628    0.9523603994
   5.1652258081   -1.7969365051   -5.1389870267    0.0011756756   -0.9248208527   -1.4906391784
  -3.0476952628   -4.5921396807    5.3641384327   -2.5423628647    5.6480314340    1.9607364898
   4.3341430676    0.7015804224   -0.2960406059    1.4112469360   -0.0690525110   -0.8121052436
  -1.3178016827    7.5912195234   -6.5808013044    0.7486188164   -0.7075501523   -3.0011728288
   6.4577903601   -7.3705592834   -7.9703927701    2.5488702302    2.6388130896    2.4713083895
   3.5865180655    5.8834467620   -5.1087711556   -2.0863156269   -0.4636047697   -2.4261118191
  -6.8961496739   -5.7092453620   -2.1224419395   -0.1162245325   -1.0170798927   -1.1144279180
   1.9612842749   -4.6359753371    7.9700614847    0.8323261275   -1.0694251127   -3.6219176680
   4.6216604967   -0.4077251590   -6.0915350466    1.0405056385   -1.1383750308   -1.0589411262
  -4.4509447423    7.3822867198   -8.3762320885   -1.6240110347    2.4056591961   -1.5408623489
   0.8389383988    3.5480455267    0.0185259584    1.4029305952   -1.6688338418   -1.4593210058
  -0.2180337781    2.8034638637   -1.6661787910    1.1907633153    2.1824553834    2.1089731731
  -3.3685378229    0.7637605709    0.0862512242   -1.0921228709    0.0864097513   -0.4735579347
   1.9625954528    3.9024494807    1.0955336102    3.4980005136    3.1342447455    0.3455131292
  -7.0556869486   -5.3112261279    3.5971983854    0.0660789780    1.7512442250   -2.0638974747
   0.1930505878    1.5066949284    0.7515315939   -5.1415485167   -0.6298969676   -2.4694624754
   4.3042308427   -6.8434948294   -5.5547263889   -2.1427019727   -2.6435533554   -1.5769297002
  -1.4077329983   -8.1208173971   -6.0082386762    2.2827464200   -0.5288674751   -1.4404044934
   4.6436624591    8.5162572961    7.2387013430   -0.1801649401    1.1881033777   -2.3553037169
   3.4678607681    7.0286441804    0.1880697293    1.2777600469    3.6336863628    1.5091978345
  -2.1304706461   -4.0576427646   -3.7124887370    2.4003772594   -2.5110906727    4.1052251613
   7.5898130012   -7.6718828860    4.7267005955    3.2033454880   -1.5209444048    1.3178233965
   3.4819247268   -4.6353922639   -0.7111501017    3.1022589980   -2.6118506518   -0.3170122987
  -7.0432652444    6.3494294322    6.4666847326    1.8342791056   -2.3844409505   -1.6782646394
  -5.8709264750   -3.2269330282   -7.0597451051    4.1555431965    4.8076948108   -4.0697613111
  -3.8939504527    5.2955379569   -3.8273096375    1.8235923415    0.9771410989    0.6891358187
  -7.2263809080    7.9841800502    6.8246654047   -2.2787821489    1.2249934105    2.4785048702
  -7.9969130183   -2.4957222228   -5.9697385430    1.1751906267    0.2723395711   -2.1843781876
  -8.4008722628   -4.1135090925   -1.7819856616   -2.3211359261   -1.1633893919   -1.4050903774
   4.2926686870    8.4064109901    2.6168017241   -1.9217440934   -1.8940620323    3.2995830706
  -0.3310381654    8.3181011794   -6.6903317774   -0.4759518304    2.7813093866    0.8422754277
  -2.6253189747    4.1457206936    7.7165832188   -0.4431469978    3.6610487427   -4.6312882688
   2.7809245685   -7.2013276090    2.5342837145   -3.2401176537   -1.2616922639   -0.8307237754
   0.7664646561    5.4939879610    5.0303130499   -1.0564386676    3.2601227917   -1.6720902250
   3.6938215331   -4.3444964635   -6.0634403725    0.6139032144    0.4937748185    1.2923335694
  -1.4188437686    6.1701602281    3.3545627021    1.6522626217   -0.6382321035   -3.4697551534
   4.1529095738   -4.4177038412   -7.2179338252    0.3159011282   -0.7726886824    1.2220528814
  -1.9658664676   -3.7268795985    1.0152594770   -3.1775674858    0.1615745806    2.5251222531
   0.8550057723   -8.4934383933    4.4618690717   -1.6555658605   -0.9851691582    0.9972020891
  -2.1053229471    6.5987593463    6.8263590471   -0.3965048314   -0.8320148636    1.2697031506
   6.5994452971    2.0441423381   -4.7879663202    0.0383622470    1.4202745816   -3.5746112985
   6.6079896815   -5.0050200855   -6.0472778606    2.5233871657   -0.7421822766    4.1951787470
   1.5435662278    7.3516435795   -3.0337917319   -2.0783691760    1.4833707677   -2.7864526545
  -7.8136422746   -0.4309355286   -2.4778394595    0.6135988485   -0.5196740251   -2.1809346315
  -6.0097593871   -4.4366901129    4.6612690322    6.4566407937   -1.1886181050   -2.7322306751
   5.8797055011   -0.3269779283   -0.4395714592   -2.3360839605   -0.4874848714   -0.6104655176
   0.0483544688    4.2667388778   -3.3443533065    1.1631393053    0.1292361152    4.9347606961
  -7.1824087660    6.3943618622    0.6645325891   -3.6553496818    4.4265234400    2.8175114709
   4.6064039095    7.3945558682    8.1276118828    0.2567839982    1.4674948919   -0.8300322047
   1.6210247076   -2.3977185114    3.9199886903    1.5130561689   -0.1388103439   -1.4330878260
   4.8903024632    1.6588797770   -2.0638257264    0.8437813529    1.0932473831    0.1009097236
