           1000
    17.09975947
   1.8566007529    0.8845500484   -0.8586752062    0.8094216790   -3.1136814683    0.2730387030
   3.2648140540    7.6553993717    7.0951022324    2.7643611347   -3.1620929894    1.0556916630
  -6.0211079987   -3.3506994434   -8.1708857820   -1.4841063341   -0.5586380852    0.5489154390
   7.8910595994    5.9652302636   -4.3478779432   -4.0659128266    3.1610797176   -1.6251697731
  -2.9351602478    8.2821144901    8.2279397957   -1.8159754461    1.7425065520   -0.3908364301
   3.9471130983    0.7162572629    1.1979478572   -1.1404411347   -1.3129167702   -0.7888587597
  -6.8584139964    8.5258766288   -0.1584418663    2.6527037738    1.5259269931    1.4688667263
  -2.2499265585    8.4585779214   -0.4877590144    3.5898007269    2.7822991003   -0.1887136420
   3.6979676828    6.4106865805    7.2267038772   -0.0733095593    2.9977037549   -1.3602664713
   2.8766498967   -3.2029660905   -2.6167203044   -1.7518120974    0.5203407128   -0.4045485955
  -7.6738028181    7.0197398361    7.9567149066    3.8507859284   -1.6818045328    1.5569815621
  -5.9517615670   -1.1775798660    1.0959123028   -1.2729254510   -2.7021755323   -0.6649471559
  -1.6102430335   -7.4949922615    0.0783445593   -1.8417263615    0.4925006433    7.9751799939
   4.6075164691   -5.1204284685   -0.0070381563    0.8159919002    3.0887203090    5.1914846818
  -3.8016834143   -6.1145819882    4.1630574155   -1.0730069182   -2.5836396697   -0.6202336419
  -6.4631243526   -1.0916955660    5.0553871760    0.6064291810   -1.3699296158   -1.8727492278
  -4.9554687184    7.3084669414   -7.7982589909   -0.4851048863    0.6428791519    1.4380694549
   2.4447562463    0.2489486859   -7.8291944036    0.6688567918    0.9170659490    2.8208518144
  -1.8891801371   -3.9492667863   -1.2369617767    0.0115149720    4.1314867410    2.9304912391
   6.6116695476    1.0595564774    6.8914739469   -2.1848293302    1.0244178506   -2.1882656233
  -5.2941401133   -0.6418945087    3.1003786053   -3.9455752210    2.7587863497    1.7852969818
   7.3015727708   -5.0226932231    6.4848200860    2.1973170515   -0.9829545967    1.2239837746
  -3.2194107185   -3.9411950810    0.4101793482   -0.6224713860   -2.3583892439    3.9136121356
  -1.5381560369   -5.5497918209   -6.7859332905   -2.0130149169    2.4329461841    3.2994103016
  -0.2050519149   -5.1063400222   -6.3123123326    0.9507478172    0.3804233630    1.8436126507
  -6.3493899796    5.2536878282   -6.8164877626   -1.0608270998    1.3286978443   -1.6494937319
   3.3497539038    7.3020074913   -6.7145704960   -2.4905697448    0.6447978488    2.0986444916
   6.4918419439   -5.6862112201    2.9544428912   -3.4083217145    0.8375471380   -0.5194598743
   5.0088010272   -5.3697873704    8.4066900444   -0.8883670747   -0.4104144716    1.0296952526
  -1.0370449374    7.9348662509    7.7567136261    0.8808582574   -2.2098084767   -2.2500968360
  -5.0992740378    6.9386934402   -0.3156994960   -3.2871160820   -2.7906935783   -0.3275399618
   0.0460735153   -1.5287033996   -1.6648921232    1.5124147494   -0.8284234403    0.1746538851
  -7.2694972833   -6.8254914761    6.3135002686    1.4703627177   -1.4804689865    6.5574516762
  -7.8836630414    3.6152043649    2.9177196004    0.6906699324    0.2634779720    4.8151536135
   3.3502318680   -4.3499035585   -2.5975804865   -1.6571994817   -2.6903454385   -0.0416067052
  -7.2462498669   -2.5828712090    2.8617699295    2.8603844921    1.6528434946    1.7682857146
   3.8968936107    3.5443138204   -0.5798745090   -4.3970551177   -2.1201903400    0.1130407673
  -2.7646025407   -7.5743819612    0.2810255360   -0.2412732640   -2.1399143586    1.4851147066
   5.0167917762   -0.2269240716    1.6737594131    4.4204828267   -0.4902483162   -0.3444258853
  -5.2247007325    3.5036265179   -2.8465590426    2.1515954850    0.5442896513   -3.9436499227
  -5.0897931367   -2.6277770477    7.1825041172   -0.6961234551    2.2915005584    1.7859654858
  -5.9136851201    1.8921859041    4.8571939708    0.0184506749    1.4778311227    5.2267554796
  -2.6817761110   -3.7424749150    2.1093261784    0.6871178344    1.1202358057    1.1444830601
  -1.9510721535    2.0436691749   -3.6079071611    1.2530059702    1.8541291858    1.5596567722
   4.1767347382    1.5816331547   -6.1958000099   -0.3664329649    2.5162166081   -0.6712964942
   8.1735821744   -5.9712413549   -1.1433676094   -3.6058396019    2.6236084013    0.6519984724
   6.6481572705   -3.6433503074    7.5385903022   -0.1546085548   -2.8262048165    1.7106539010
   2.3282420300   -0.2627895532   -5.4341168178   -0.6286280266    3.6165029300   -0.3681559037
  -8.0330482962   -0.6689642473   -7.1970087261    1.5528542239    2.5302148780   -2.7715631523
   6.7002757343   -4.5004936123   -0.3522013048   -2.9897469967    2.6809660912    0.7727470788
  -0.3114494188    2.3934511310    2.8837991778   -0.6751195096    0.3478834624   -2.4317443143
  -5.4530628452    7.8595999323   -3.1115113832    0.3911214849    1.2977626726    1.1138008175
   6.8317737102   -0.2570805424   -0.1162205304   -1.4401126223    0.1474155681   -2.1273569291
  -0.6653217216    6.3804139189   -1.3909192575   -1.6958544883   -2.1813885002   -0.3340156739
   1.9191754006    2.0229640761    1.2851091631   -0.1465919032    0.6651124000    0.8473092192
  -7.8954439921    0.5931400065   -3.7475652739   -1.6408130262   -6.6602123579    2.5696251517
   1.4207833794   -4.3958399524   -4.4848039377    0.6695781626   -3.2836421613   -2.2276860163
  -7.0574324765   -6.9249508335    5.2491652031   -1.1104070942    2.0599777461    1.9407997935
  -6.0615992543   -3.9325806895   -3.3242987436    2.8952953378    2.3929760405    3.1389953906
   1.7350364563    2.3545172634   -1.1944773349    2.6016248549   -2.2588090277    2.4619702015
  -1.2530168201   -5.4592724187   -4.9607475352   -6.1414605131    0.5889614931   -1.7791752588
  -5.2881769273   -8.0611808028   -7.7955809599    2.3424033904   -4.0752924290   -1.2812397885
   8.4157932819    4.2753643315    8.0002086422    4.0453128127    0.2136698014    1.5377477174
   3.2356245613   -3.5999133253   -1.7244730476    3.3514383803   -2.6869430185    0.1849460708
  -3.8011944458   -1.6769794858   -5.5189899656    0.8984483810   -2.9977145675   -1.9263850473
  -6.6077349162    1.3211816047   -2.8358758057    1.5819592528   -0.8793822948   -1.3441623712
   3.3506774665   -1.7115712939   -3.8501837868    0.7814597309    0.5169936171   -2.9116243333
   4.5351904287    5.8556928870   -2.1034632166   -2.4877642999   -1.9493469434   -1.3286656002
   5.3292580638   -7.3937784617   -4.8520293984    3.4574654930   -2.1355466861   -3.3683433967
   3.6198201926    4.1624889906   -5.0620314627    2.7213600620   -0.6542999845    0.1945150070
   1.2243406636   -7.2741026976    7.6287397015    0.7750274706   -2.9178635976   -1.5037609208
  -0.4091021916   -7.6055574028   -3.0004260300   -1.7981906235   -1.4876321543    0.1559942785
  -8.0717426254    3.8795034533   -7.2993289490    4.4909759379    1.1492561919    1.0409714799
   5.7865905440    8.3924448081   -8.3303628441   -1.1041384701    2.0255637359    2.2139961954
  -1.3151031384    2.2989977482    0.1286881739    1.4257556568    0.2607609605    0.9074287564
  -8.4318874893   -8.2381676896    1.3792022904    0.1525035396   -0.0117232325   -0.0360102981
  -2.2118639551   -6.7639014001   -0.6500490346   -3.5218536846   -0.8071913389   -0.5551129047
  -7.4743804636    1.4712071940   -4.6688893455    1.3016859582   -0.1526017208    2.0777402348
  -1.5178024594   -3.0708762912    0.2957851730   -4.2475347312    2.4040159579   -0.6706517142
  -7.7280511542    0.7531499584    5.0912567121   -0.5206272916    1.1201595930   -0.5419978599
  -1.1730080020    3.4514007454    3.3697219916   -1.2232061270   -3.8381726044    0.8673995410
  -4.0393059227   -5.1325846577   -7.4384164443    2.4765977932    4.5208540458    2.9983658283
  -1.3401832809   -1.4106232412   -6.1488951300   -2.5149572059    2.6225024199   -1.5789273755
   2.3472948964   -6.8657204553    0.8278897241    0.5782914100   -3.3011365613    1.4396231253
   3.0982893100   -0.3987779397   -0.6154626578    1.8719651909    0.3084056257   -1.1720605993
  -7.7671065249   -0.5264995671   -5.2574964985   -2.0435689378    0.8035687729   -0.6801413218
   7.4641361902   -5.3019009217    0.4851955618   -1.2773531142   -1.1247024847    1.3809906046
  -8.4004274873    2.3233738003   -7.4042863947    0.5664107401   -4.1351571588    3.3580991318
  -6.1046989233    1.7590561078   -4.0434442183    0.9001816507    5.1333474252   -0.4133529434
  -4.1905245958    5.4189148686   -6.7000161730   -1.4046607221   -0.4201895184   -3.0736384826
   1.4924334395   -5.3428311735    3.1390454020    0.4929192919    0.1171719902   -0.6159012020
   2.4016266512    5.7151957591   -2.6263928698   -1.3663369436   -0.2445062352    0.9209775829
   6.5726743320    5.7699113663   -1.7789412662   -2.7754125018   -0.8240822514   -0.5541935947
  -6.4581377575    6.0121947827    0.0089616501   -1.5185394191   -0.6332643719    3.7030238210
   5.0982577678    1.7482320738   -4.2358725388   -1.5780215441    2.6112409688    0.6642573431
  -5.1808254753    0.1073304329   -7.2672138394    0.7920649108   -1.6721909783   -2.2258277993
  -2.2947064707   -0.2587333809   -7.3453417918   -0.5608518383   -1.3350043384   -0.7760599912
  -2.1592193959    0.5233444684    8.0684346306   -1.0071468716    0.9300528792   -1.2557778285
   4.4937903505   -8.4387293821   -2.1612432733    1.4685736995   -2.2275736335   -1.1725750313
   1.0419793383    0.6876096627   -5.3752800194    2.9000433529    0.1547775764   -1.1851054546
  -4.6678236694   -2.2004818207   -3.4678562061   -2.2352672077   -1.8860393279   -0.5562831182
  -6.8322420133    0.6025072155   -7.6961108725   -0.0305687454   -0.2372393897   -2.5975753004
  -8.4608636612   -4.8307248057    0.1214908203   -1.7610781571   -0.8132111103   -4.2648938019
  -0.4510501732   -8.3720780740    6.6762879962    0.3350012695   -1.8967027723   -4.9623830914
  -7.5144359211   -2.2725510502    3.9185902376    2.2213016787    1.7466636087    0.0978301611
   2.6915852973    3.5707132032    4.9664246063    1.7035071344    0.0267188254   -2.1177865425
  -4.4883227093    6.4565453259   -6.5919355922   -1.0018447504    2.1798717265    1.0605043145
   7.3022648346   -7.7147777201    4.5880276822   -0.5119599333   -0.8714038965    0.8229961448
   2.6000866767    1.6407047146   -1.1883513607   -1.7501090695   -3.6464972362   -0.7352025818
   5.2211470082    2.5177234820    7.9576611411    1.3899671671   -2.5250401532    4.0354236986
  -4.7454722550    2.7969728453    7.7515614045    1.5239898190    1.3397883003    0.7364008049
   7.1087119280   -5.2206301100    5.5189423011   -0.9472591664   -0.9092588403   -2.3696352813
   6.7230477707   -3.4299484089   -6.5034125365   -0.2131904758   -1.6001860930   -2.1307002468
  -2.2025505537    7.0035721361    1.3589807526   -2.7748833471   -0.8000257008   -4.6559093900
   0.1698679063    2.4817769501    1.7652780443    0.1714138643   -0.6807574252    0.8642879137
  -4.7352361376   -7.4726816805   -5.3256332610   -0.7687636550    0.3666833825    1.5620745541
   2.3476223569   -1.0896499172   -1.7758444306   -1.0110127113   -1.3870223824   -0.5203780531
   0.9998248357    2.6884814865   -3.0820593694    3.2554549748   -1.5573256703   -1.7166396931
  -7.2734972543    5.3815675920    4.2880429782   -2.5080659621    1.8246336262   -6.1546463564
   1.4434326083    4.1519023195   -0.3384527142   -2.0841179400   -4.1969794779    2.5892832393
   6.5429983418    3.3317523249    3.8803201231    5.0811460064   -2.1845761093   -0.0478364899
   3.1681164171   -5.4388594154   -3.4215506521    2.6910767900    0.7656961943   -1.3231954585
   8.3494193703    4.1302559171    2.5395573389    3.2852665234   -1.0520959935    3.0007096212
   7.1304969672   -8.4739037240    6.0794329765    2.3892547883    1.7908161440    1.8751369989
  -6.1762741217    2.3468952115   -7.9155610674   -2.0917495890    2.1528566739   -1.7773579078
   4.8258942109    1.3799591608    5.6766378642   -2.1547427387   -2.3120811533    3.0126284012
  -3.2710846858   -3.1353769034    1.6237926747    8.0528847665   -4.1666329998    4.3623053186
  -7.0959414461    3.3526473766   -2.8708356964    0.7087500983    1.4442476011    0.8156639775
  -1.4244750643   -2.3037668537   -1.0277988640   -2.4248456121   -3.4046630354    0.4294634737
  -1.8255007546   -7.1123413481    8.3752271780   -0.1425871977   -3.3175424117    0.2883633367
  -5.2079168186   -3.9499693676   -2.0551528744    3.5545305764   -7.8387406583   -0.0309140458
  -5.5023737831   -4.7107084920   -5.6056743582   -1.3187067687   -1.6367991992   -0.6877547663
  -1.0665704389   -2.8083074571   -5.7480167939    1.4410688240   -1.6070528382   -1.3490648879
   7.3136146547   -5.7952306784    7.2663087461    2.7384456679    0.7134504721   -5.0694607993
   2.5684496623   -5.6715668379   -7.2932808463    0.5459344372   -0.1868838073    1.5469921061
   8.3082012528   -3.0287235028    2.0604691343   -1.2505043647    2.7621410282    1.8749340549
   7.8636321864    2.6355069284    8.5056145920   -3.3463853295   -1.8809488300   -0.5948292000
  -3.3563708552    4.6096274607   -1.4036409974   -0.9881303180    2.6713763125    0.9822406826
   1.2082589125    4.8098222236   -7.5055292469    2.7111482787   -0.8756622897   -0.5312446226
  -2.8489384244   -1.2494014390    5.3883721502    2.9106378907    4.2196723487   -0.2207128799
   6.3001423106   -4.5855125028    6.2683328262    1.0684567236   -0.7151566782   -6.1051264095
   1.7679502033    6.0904854759   -5.4021776459   -4.1330411937    0.9251951169   -1.9378599302
   4.9450730791   -0.1420095227    5.7164171919    2.3339208845   -3.7370141865    0.5734756512
   3.5062206909    7.7134277731    5.1270410399    0.4725427672    1.4171499098   -1.2371417991
  -1.5463911423   -0.3780805456   -4.9273712259    1.0352548068   -3.7115938608    0.6514047930
  -5.1568899864   -5.7790465713   -7.6092510948    0.6522748088    2.5115123167    4.1584119298
  -6.4475275679    7.7553797136    4.6429791015   -0.7029989014    0.3859465949    0.6513638784
  -0.5677435827    6.8238146919   -4.2269916517   -2.5829258819   -0.3377665318   -6.9208896299
   4.4998433842    7.7097826401   -2.6109796921    0.3554976133   -2.5408485192   -1.7871873498
   1.1470637764   -5.6526286484   -3.4831665970    1.8933911920    1.1529049530    0.4743757189
  -5.7902053208   -7.6664484993    1.2460390023    2.1555231208    4.1765072245    1.1214093418
   7.1839032873    2.3547107685    5.4232904083   -0.9512555319    1.2472979511    2.3258194834
  -3.3918875780    5.4945829131   -8.0029018884   -1.9254294953   -3.9447947954   -3.0766960454
   5.0381642357   -5.0568175535   -6.6707527433    3.4714436767    0.5015960663   -2.8244200110
   6.4213142876   -2.8170874642    2.1368816968    2.7572399435   -4.8426493483   -0.2124569730
   0.1059878094    4.3008272977   -2.4915549404   -3.0225989487    0.7412529143    1.8066395386
   8.1357924914    3.0709615428   -3.7461124444   -1.8498836856   -0.2429255384   -4.2936540405
   0.6275157985    3.0443568992   -7.7456057442    1.0967459216    1.1581043228    2.2836451178
  -1.1635271280   -7.3560227182    7.3541775599    4.3289491215    0.3448234437   -0.3497418835
   4.2748417050   -5.4244924359    7.8635005145   -0.4863560801   -1.5895819060   -0.3307703121
   5.4169872675   -0.7160830381   -7.1411131876   -1.3873117724   -1.3372277990   -1.8146862893
  -7.6335361569   -0.2398494877   -8.3239280723   -1.7555393409    1.2864889120    0.2270666783
   3.6985811101   -6.7758602163   -1.1645921664   -3.5629164568    1.7249297788   -1.7872152881
   4.2323332289    8.3252317764   -5.2125478096   -1.0478872783    0.9591515111    1.3206491074
   0.8224301090   -2.7202798644   -7.6767883120   -0.7398957323    2.5375186449    3.3117244730
   2.4208986391    2.3890241537   -3.3337210298   -3.4947547081   -4.5295348206    0.2343860581
  -1.5893498635    8.1491920643   -7.8653919380   -1.6829188698    2.6758286641   -1.4957005275
   8.4206704033    4.2610555663    0.5533843248    4.0227506486   -4.1310164139    2.9388297354
  -1.8551027040    7.4693932461   -7.2239287126    1.9874790972    1.5502277067   -0.9026845548
   8.4884811301    0.9990116086    0.1063545328    2.4603303089   -0.7010780476    4.5274108374
  -4.4670352866   -5.9249032154    8.2301298134    3.1069463763   -1.0021516487    0.8163163467
  -3.9414491497   -2.5547668480    5.7259666921    1.6645778746   -3.0240354498    0.7141391770
  -5.7636392096   -5.2645993164   -1.0608023567   -0.1958102533   -3.0494726177   -1.2426033267
  -7.1219922472    2.6814106322   -4.4314311965    0.8374915571   -1.6674382112   -2.2214708536
   2.5037422622   -1.1196871688    8.2781769589   -1.0258743036    3.6728712518   -0.0716748180
   0.6737842281   -2.8704708329   -0.0220075400   -0.3705528020   -0.0482962372   -0.6170575234
  -2.7069910017   -3.2388691478   -0.2339447275    1.5385982919    0.0218853835   -0.1919675967
   4.1399258875    7.4300426799    6.6644677240    0.1617613747    2.5512628155   -0.8894314422
  -6.3579992874    0.4298643876   -1.7439241872    2.7176839388   -2.5837606423    0.0372095862
  -1.5465563115    6.1010890038    8.1717787753    0.3397978004    0.7633275969    0.3403516834
  -7.9867813388   -2.4674707749   -7.6628966809   -3.6583900345    0.4662442542   -2.9062468677
  -0.0311767491   -4.0426139950    1.0702233555   -2.2181166769    0.9291627756   -3.2954340675
  -4.1228140868    5.2468718471    6.6313638500   -1.9560064637    2.8524184875    0.4959575831
   0.5126597257    4.6526508117    3.8520060349    0.9306858584    0.1034888773   -4.5843689529
   1.3739144797    1.6534721015   -8.2948308172    0.9650225170    0.3032931051   -0.8452781298
   7.6091366074   -3.7220259839    1.9701964651   -3.1183433475   -0.9890015012   -1.1192542259
   2.1485956153   -7.8683940217   -8.2123421476    3.1939242118   -1.4725383106    2.9225067425
   3.1251325973   -5.8801436184    3.6089647300   -0.8022484796    0.3349680461    1.5042287752
  -0.3381713398    2.1079519772   -6.4842067196   -4.1748259905   -1.9822459738   -3.2509073159
  -6.6102325679    1.6790297061   -1.0544216112    4.6835913979    3.2137138377   -1.1389046553
  -2.2588022677   -7.6238271346    5.1692066971    2.8975457787   -0.2737393198   -2.0897411397
   2.8299337637   -5.3051420385    2.1033315854    2.1787831663   -2.3210249177   -2.7512378310
   3.5277006836    5.7489472398    5.4652245713   -1.9182577403    0.4997863426   -0.6696920873
   8.2035390141   -1.0667699083    2.0884530676    0.6167953441    1.6132364064    4.3657087542
   8.3575505496    2.8487367181    2.9833622405    2.6328703387   -3.2118359369    0.0680360831
   2.9799719968    4.6144999439   -3.7901410600    0.5669375354   -0.8004210104    2.1445316210
   3.5588257237    0.3137175362   -8.1024722235   -1.4783895818    0.0887087376    0.4638557321
  -6.0145428711    8.0244637642    3.7061280727   -3.9315508174    2.8208416441    1.2660216866
  -3.8412630605   -1.3461953884    1.8568371216   -0.0417228475   -1.7996216497    0.2795410429
  -3.1288662998    6.7218029639   -5.0415865719    1.0672083660   -1.0385814738   -2.2095557096
  -7.7849912466   -6.7296269772    3.2447380469    0.2919450351    2.1518407754    1.3670918463
  -4.2533528765    2.6412678268    6.8371155401    0.5958050651    0.6955146818    1.1572954723
   3.0008745372    0.6046456999    1.5467998149    2.5255942505   -1.8593945080   -2.4486832747
  -0.2318234302   -7.1974022738   -0.6158763063   -4.8286663346   -0.6597492367    1.6208395417
  -4.4956498210    4.6451846184   -2.2754381843    1.0097740181   -2.8222121377   -2.9466468459
  -6.6326990067    0.9642178744    0.9660072137   -3.9941510500   -2.4826729771   -2.0282320905
  -3.6366726583   -7.1201366113    1.9383108518    1.0521761161   -2.0473315217    0.1856874643
  -8.2702948107   -0.6645206633   -6.1653644105    0.0965290399   -2.0874506434    3.5075852607
  -6.2412087025    3.3247950569   -0.6564066551   -2.7539847650   -0.3218048419   -2.1240280645
  -7.1895830616    2.5298138936    7.6398686909    0.5810317609   -0.1764723946    2.4904167379
   2.5138731691   -3.5369138525   -1.0027702629   -2.8653972957    4.5601585068    1.2719289288
   3.1816330861   -0.4928448657    8.2165379221   -0.9263889135   -0.1164106157    2.4616000832
  -1.4381897493    7.9665514978   -3.3612990558   -2.3890231852    0.8107081616    2.1455325814
  -2.9687024096    0.6683247723    6.6319557163   -2.0814656096    2.8913111582    0.6950202883
  -3.1658246407   -5.7791426398   -6.5616115197   -1.2470653208    4.5973483568   -1.3829869993
  -4.8348830733    7.4794356164    3.1612212168   -0.2280211138   -3.7647015325    1.0708946636
   5.8946851073   -2.5309825841    1.4575167942   -0.9927244326   -4.1156366178   -3.0080160313
   2.1231002614    3.8349000334   -2.1183884504    1.2655090841   -1.0694967675    0.5257091172
  -4.8064544234   -0.2198644536   -4.1508837828   -3.4990174332    1.3578074881   -2.2282165839
   6.7992245864    5.4098555262    2.7219285359   -1.4428636249   -2.9284289153   -1.4898769212
   5.4150155057   -2.9703104480    3.7155084854   -0.7979975917   -0.1194037250    3.6672821057
   7.9552860287   -4.6261387529    7.4293094340   -1.6757188806   -1.1376434701    0.5985436089
   2.2710645829   -1.3386878274   -7.1728453494   -1.3194229089    3.3219691644   -1.7540882413
  -3.9921114981   -4.0995367233   -5.6976798412   -1.6682170191   -0.1647047729    0.5276008268
   2.9275967345    0.2815796498    5.3012385701   -0.2561417136   -5.0767195688    6.2652820733
   1.9123032977   -3.8405247379   -7.2211449445   -0.7998485790   -1.2016946197    0.7417230360
  -1.2520420297   -0.9770894872    5.0965588573    3.5997680240   -4.6780185251   -3.5313610340
  -4.7090136134   -6.7805310148    3.4170690431    0.2932741220   -0.6734852763    0.6126472779
   8.4540252737    6.9622493037    7.3279217492   -5.3403051490   -3.5149662474    1.3706375067
  -6.3162125418   -7.5552529572    5.3086157141    0.8835644841    1.7680435812   -0.6213334162
  -5.6518913367   -6.5872610576    7.5176056937    3.1534450916   -2.9974733993   -0.0247045631
   3.1735732781   -5.3119151068    4.9122367139    0.2266689262   -1.8343733139   -1.0200371536
   0.9119621394   -2.6735455389    1.7429661079    1.2195252408   -1.8758742864    0.6538229009
  -1.6832888741    7.9990208937    0.2941233575   -3.3823716121   -1.4116448372    1.2855849153
   2.2542227124   -6.2896711640   -6.3992671609   -0.9259881279   -1.3269110046   -0.1392414699
  -7.7067991837    3.5870438685    1.2245453343    4.6266791082   -1.1479863355   -0.4461772796
  -1.3809809973    7.6996639604    3.8189804358    1.6017852098   -0.0437430143   -0.9279309615
  -7.9708582043    4.5672121889    3.4326633723   -4.4750093532   -0.8601503732    0.5376691179
   5.1565715008   -5.1709361963    3.0934049151   -1.3216020078    1.2181792315    2.0308382613
  -6.7686518387   -3.2926967614   -3.7816201702   -3.0691064392    2.1287544240    4.2969589306
   6.2731606208   -7.7918029290    0.8451615028    0.4745787874   -0.8828285863    2.5120257508
  -3.8738970105    4.0709401284    7.5142357582   -2.2273034535    1.8434423484   -1.6643931442
  -6.3199186485   -6.0561800707    0.8485860673    0.6278770783   -0.0264418723   -1.1930113945
   6.5142055726   -7.1024259857   -8.0751815450   -0.5090956924    2.4965014630   -3.7618557375
  -7.5433380666   -7.1312747868   -5.4593760718    1.4097347771    0.1989690148   -0.5159119285
   1.7075430596    6.5865189277    0.9804224390    1.3446119922   -0.2431530517   -0.6934490812
  -1.0613128998    0.3621173411    1.3481354534    6.0259060783    2.5966623664    1.0253352701
   3.4020299272   -5.8590557626    6.6126949742   -3.8251370770    3.2282934818    0.3334826600
  -7.2863640856    4.4635492710   -7.9935539301   -2.2681032171    1.0597870913   -1.0313954894
   7.0443484397    7.2569558118    6.4149491830    2.5863871344   -0.2425951303    1.4003243415
  -6.3597138452   -6.8891010014    4.3024871772   -1.6470797136   -1.3879655618    4.5492990746
   8.3697809870   -2.8586458162   -1.0963581768    0.3251004355    0.0254493911    0.3354830895
  -2.3142514911   -6.7702697076    5.8074087139    1.3217350299   -0.3116770883   -0.2241375439
   4.0872082264   -2.7638935852    4.2865754845    2.1613034622    1.4425499585    0.4741583700
   1.8750688263    0.1409096743    6.2717546747    7.0686079041    0.0920891006   -2.6247713598
  -5.1747981714   -1.2919748575   -0.1282937883   -3.4922017370    1.9576080695    1.3238434049
  -4.3982261136   -6.0588446336   -4.4795044984   -2.6902458486    0.1016632262   -0.0158281005
   0.7405833110    2.8369229067    5.0328092281    4.1070019408    1.5388172478    1.3226942445
  -5.0937307894   -5.0173849552    7.7806787483   -1.9756000196    0.3541354043    1.1347410402
   3.2488190501    1.7294688015   -5.5636826455   -3.4692445345   -3.0609319465    2.4646381873
   7.3738326888   -3.3700420152   -5.1734028439    2.5032471328    0.2265955127    5.8724258969
   3.3865078348   -0.8276665335    1.7083872880    4.2287466434    0.7573896156   -3.9116067192
   1.5084600953    1.7166974038   -2.2723011050   -1.8118756580    0.2445965687   -1.8806327665
  -2.4192482609    5.7383486936    8.4329655005    3.9293441540    1.4976807850    0.3077676803
  -0.2785635460   -6.1897759641    0.8280616566   -0.2112230077   -0.1388734797   -1.1502435635
   5.3490081072    1.4055080864   -2.3533882040    2.0620232819   -3.3728864522   -0.2282752561
   1.2207234982   -5.3323195447    7.3189959868   -0.1744565082   -2.7207950263    1.4896116852
  -2.1330788908    5.6484004944   -2.3233537542   -2.0812188367    0.0378178382    3.0404445761
   7.6272125377   -3.3250220817    3.6881676974   -3.0992140579   -1.5381790922   -0.9656656716
  -4.8670710687   -7.1364933405   -4.2592305080   -1.8332404602    0.5279231940   -2.7603592320
   3.8559920294    4.7396109806    5.9302730922    1.1092547614    1.1544256368    0.9429187117
  -0.0901797597    5.3726437524   -2.0444235410    0.5677213066   -0.8066542948    0.0280288433
   3.8297473747    0.5683314521    2.6117577008   -4.2900948977   -0.2166482091    3.4237965568
   2.2608173801   -4.4310634316   -8.3162977476    2.6548088629   -2.5496035582   -1.2271897633
  -7.2701376524   -3.6625881097    2.1877654857   -0.2113620178    4.0202030437   -1.5800323536
   6.8961873174    6.4172420415   -7.6093486177    4.2959521209    0.4118872351   -0.4913079949
   1.8070269863   -7.5469066532    1.4936021949   -0.3106583004   -0.2165268803   -1.2137136159
   5.5504258905   -6.5728911283    2.2163366527   -0.3051609089    1.4470528526    1.5101411208
   6.0183306550   -3.6217030572    6.7258488703    1.6652893118   -6.2701399113   -0.0380497039
   0.3624894780   -5.7512818414    1.5856468544    2.0719287207   -2.0441429884    0.5027473103
   2.8683763895    5.9572434457    7.8477408932   -0.3026241764   -1.8763394995   -2.7978079251
  -2.1168690035   -5.8241222573    3.7792872074   -0.7357933232   -0.3503943675   -1.3076695890
   8.0332410488    0.7695267296   -7.0986430729    0.6724890994    1.0991486754    0.9442819710
  -0.7419684999   -6.0809018647    1.9020632585   -1.7475156017    3.3774667297   -1.6078392147
   0.6123710471    7.0398299003    6.4692112806    2.0504820765   -2.6023926435    1.7072771963
   1.8373906648   -6.2249463555    7.3195423319   -0.4380992600    1.8966640118    0.0139101686
   2.2847488525    3.6708417642   -3.5722451615   -2.1308453221    0.1557449903    1.3615642444
  -4.6447824694   -7.1759533201   -7.4405411539    3.9049589856   -1.5295845953    1.3617742450
   6.8785266959    2.2180237199   -7.2053431155   -0.9649649029    4.6458862887    3.6748169279
  -6.3708793618    6.1064483220   -7.4114204804   -1.8599482524   -2.6661989426    1.3024602784
  -2.0872017184   -1.0797269211    7.7867664174    2.6784597748   -1.6774625868   -2.6471830780
  -7.1399635524   -3.9591835739    5.8617254886   -0.0122683445    1.4548189134   -2.1123660898
   1.2745289422   -4.0984609450   -5.9093723512   -0.4221850696   -3.7225905458    1.1916460961
   2.5923420037   -6.7892318425    4.1854310213    2.2876632874   -3.2081491781   -2.2575929379
  -2.3784061189    4.4982381673   -2.7145152811    0.8055373291    2.7719840047    2.5100600779
  -1.3566637712   -6.2662200205   -0.2103720581   -0.9047927998   -1.9195445903    1.4790204889
   4.4176852203    1.0491092303    7.9982126340   -1.5790794307   -0.0387265837   -3.7917314734
  -6.8284321098    0.5534357491    3.0392900726    4.0092172047   -0.0192371258   -0.0949640160
   4.0621065781   -7.7273992708   -1.5251627076    0.7481983844   -4.0938970680    7.5009373374
   7.6158418007    7.2851200370   -5.1581794247    4.1992791378   -3.0909191566   -1.1654735386
  -5.0205925285    5.1149555247    3.8413483253   -0.8510180516   -0.9448750294    1.2903132641
  -8.2826284356   -1.9055358267    1.0293446479    1.9431337081   -0.9933274513   -0.8547997365
   5.2880124127    7.6711732972    1.8180996270    2.2023498127    3.7729504408    1.3848517797
  -2.7797796346   -7.9763675108   -8.1709976335   -0.1860305492    4.2161382236   -1.3440349743
   1.0250944435    5.1060503523    5.6464941434    1.4535060163   -1.9660315101    0.9386640151
  -2.4836219987    4.6522069620   -5.8804405215    1.7125208298   -1.1760281642    2.0901107488
  -4.6955971275   -1.5876714364   -1.7788791685    1.9387179954    4.4686211177    3.1342660643
  -5.3958540682   -2.0456402799    0.3603464266   -3.3552372899   -0.6171066431   -0.7792843566
   4.7305952797    0.8939475746   -5.2575908205    0.5494156357   -2.9013761207    2.4636531659
   3.2584994798   -7.1850506643   -8.3485130186    1.5677906127    1.0554144243   -4.3793769770
   1.5086357557    5.5836591988   -2.1250032982    2.8027369883    2.7930980449   -2.8171091868
   2.0424896987    5.8462981127   -7.5721151750    0.4565763887   -0.3018526626   -1.6473234424
   2.9070452784   -8.3520078398   -6.8644271736    0.3300357641    2.9603279408    1.3662151431
  -6.1552020716    1.6946043490    1.8880805383    0.9286643873   -4.5971277745   -0.8260541964
  -5.7907501899    0.6520023573   -4.7482734876   -2.4875499772   -3.4757823280    4.8776134368
   7.9616014544    4.1702199547   -5.3796317991    1.1511790573   -5.1757746650   -3.1478139747
  -4.8552083975    0.2647748799    2.7565818938    0.5309329606    2.1102094120   -1.1404328234
  -4.0813567758   -6.3160573306   -2.1616634264   -2.0133616576   -6.6134883737   -0.7985246465
   4.8740015343    4.3776569744    2.8905824167   -0.3645153380   -4.1314846217    0.6617466267
   1.9739689817    6.9604538709   -2.4641098190    1.7573096206    1.9087834029   -3.9385002948
  -7.1542999936    6.0149324658   -4.6540017110    1.4490045888   -2.1707878266    1.2938222151
   7.3245196831   -3.9282596835    4.5946980742   -1.3052701894    0.4171802518    0.7544019378
   3.7928164736   -1.7494266243   -6.2146494766    0.3542728788    1.1598129814   -3.0250969992
  -6.1690295528    4.1064527444    7.6296556380   -1.4450347567   -0.4067412574    2.4973313374
  -4.6914040968    7.9553819676   -0.4169591162   -0.6402364012    0.5074970169   -4.6820653563
   6.6764027544    2.7026257007    3.0461434249   -0.0980994116    0.0597635039   -0.3440376754
   2.7573363794    7.2335729329    2.2733279428    2.0384180347    2.0046243730   -0.3841281994
  -3.1037899610   -3.2717151599    6.1311397712   -5.4126569096   -0.0650951169    2.7856986921
   5.9598131784    4.5797992874    4.3479000454   -1.2415882668    3.2154700196   -1.4642372114
   0.5921382351    0.4639698313   -4.4471783925    0.1270130624    2.6053329563   -1.5085394589
   7.0046110515   -1.3881641892    4.6199368251   -0.1452870622   -0.7832608239   -0.1960672718
  -0.4173699102    6.9813075932   -5.7402304639    1.5455128886   -0.2379283511   -1.9999524497
  -0.0494716825   -6.6696485856   -7.5552006885   -1.1807488085   -0.6131166692   -0.2296025936
   6.3864711372    7.3215130301   -3.4271646208    0.9240975537   -0.3404291053    1.1672502409
  -6.2416382726    0.9082207267    6.4028596130    0.8386344405   -0.7783003779   -0.7768523514
  -6.9147717904   -4.6201191155    1.6108168462   -0.8495263046    0.8787213116    0.8364284531
  -0.0633687484   -8.4260011975    4.9167084622    3.6470361141    2.3853924011    3.4329180457
   0.7291662702    6.4628519296    5.7607285116    2.8153007541    1.2029213315    3.0688011973
   2.4557748601   -6.6236194927   -3.8497908757    1.1174743040    2.1398383476    0.3453991388
   3.2949231707    1.0079658026    7.3728016428   -2.8298315211   -0.0825651302   -0.6018830878
   6.8743683405   -5.4393349928   -5.0850984914    1.6039669111   -2.4778795258    0.0916540588
  -1.4904120659    6.7050990116    2.4635677757   -1.7412494762    1.6070767457   -1.8072779542
   1.3421796464   -0.0143365047   -8.1522945617    2.4404636175    3.2863672998    1.9477391480
   5.7445071669    0.3271340463   -6.9497450957   -0.0393704845   -1.0229575360   -1.3066635955
  -6.6139534041   -5.6647451279    8.0394618380   -0.5106565351   -0.8222006463    0.1637881764
  -4.2464927372    5.8976152614   -1.8418537965   -5.0486538335   -0.5786156331    4.2223251362
  -6.7781487486   -1.7279846969    1.9576463599    3.7955756895    2.7530005784    0.8034365736
  -2.7535774658    2.7161503499    8.1434188781    0.5560371053   -1.0121774222   -2.5342078195
   6.7728312902   -6.7546766967    4.4883386615   -2.2318936701    3.0820205180   -2.4104706243
   0.1286610086   -5.6838815851    6.2475491208   -1.2718103918   -0.0512465605   -0.2336878755
  -1.9332529684   -2.3655198404   -2.6361001617   -1.6522807024   -4.5836235685    1.9969535472
  -2.8760370833    6.4513775554    2.8186200641   -2.0712067045   -2.2494810467   -1.0191203982
   2.7572920738   -4.5962294879    3.5021886659   -0.2990164951   -0.8075055971   -1.8472902468
   2.1114845888   -2.6845746099    6.6456352478   -1.2540335420   -3.0490795252   -0.5753803171
  -7.4647484229   -0.9507603734    5.6336176401    0.1124435324   -0.7527565980   -1.1479333836
  -2.8903047628    8.1742257566   -2.6105177257   -0.1019467213    1.6203171536   -0.5096812570
   4.0504478844    2.5969060879    3.9433658718    2.0114156675    3.4803936927   -1.0455830013
   5.5003933517    1.0998277298    5.1672953433   -0.8002282528   -0.0592666477    1.2317571410
   1.3068019415   -0.7520288975    7.2618246919    1.2630312788   -0.5287053734    0.3354189745
   8.5419997519    2.7135205528    5.8360367136    4.0243537104   -1.9981880223   -1.3803856498
  -4.7202774511   -5.9694463308    2.2230805685   -2.5992102582    2.8912474413    4.8180177644
   0.3080455043   -6.9376354286   -2.2238537759   -0.5049233603   -1.7030077141    4.5395056600
   3.9593720608    2.6215294896   -6.6483244904    2.7732271587   -1.8269827744   -0.8321721401
   2.7493278485   -7.8737504389    1.0047958282    1.5652792816    2.0502490442    4.1911569300
  -4.8719803711   -0.6037753345    5.3949599082   -2.0696819706   -0.6917299424    2.4669669033
   0.6385582926   -7.8508884224    6.0697457992    0.6378357971   -4.1964875721    1.1257767264
   2.7985606987   -5.4549751966   -6.0886274091   -1.1229092578   -1.0403946708    0.2911092946
   0.2490038495   -0.6976688132   -5.0884317093   -4.4822664243   -0.1554290044   -0.0288156674
   0.6651739822    0.0745763079   -0.4170501502    1.1166136561   -1.8068501754    1.4182269549
   7.3222407612    3.2761292697   -1.4470902514   -2.3761171954    2.2755172226    2.3698493450
  -2.3068565832    3.9995026880   -4.7811753181   -2.5184567755    2.6272597702    8.4872514773
  -1.6066562538   -0.1195815164   -1.1858934414   -0.1741426725    0.6097831346   -0.3087882233
  -6.2145728770    3.7831812205    0.5751380219   -2.1311455891    2.6556826484    1.2472095155
   2.2338327626    3.3450511983    6.1565394519   -0.2804141705   -3.1703732387    0.2304548904
  -1.3102311372   -5.6523618138    5.7468970817   -6.4255676136    1.5453123318   -3.2791926515
   4.4092978791    8.2554779303    0.2667698208    1.7359120091   -1.4033044452   -2.8346476017
   4.9313791882   -4.0014320858    5.5174374381   -1.5544768335   -0.6676828561   -2.1642157586
   3.8585042222    6.3578769867   -6.6349433429    2.8952043448    0.3789809166   -4.0470504079
   0.5083774402   -4.9694690777   -4.3742869511   -2.4417555247   -0.0908098497   -0.6941367693
  -6.7893508325   -4.8715514918    6.0945230476   -1.3593325056   -2.8195941318   -0.1006418213
  -8.3381068855    3.8880000701    6.2661450162   -3.3308801517   -1.6354707347   -4.2401537728
   2.5191548704   -4.9414315027   -2.1896254179    3.8075148620    0.9863794465   -3.6422668887
  -0.0208778149    7.5361959291   -7.6639124352   -0.8562653553   -2.6087478335    0.9188305506
   4.3215100836   -7.2388361853   -7.2212486494    0.1244516339    0.9450296747   -2.6762789279
   2.2581140320    5.1864474451    4.8309752437    5.8094254306   -4.4034003155    2.7321165474
   8.0911338305   -1.5799648831   -2.9749817168   -0.1767818330   -3.4661917938   -1.5091939821
  -2.7316979886   -5.5294529569    2.6406164094   -3.5531968330   -1.2089211407   -1.2258185426
  -5.4729704131   -3.4087818177    4.1588524518   -3.3155046744   -2.5646969539   -2.2247184663
   5.2244020022   -6.2526401368    4.9197942968   -0.3904192407   -0.9050810774    3.2719331386
   7.6651851547    4.8410712794    7.2467889347   -1.2976685704   -0.6313282299    2.0336375265
  -4.5083863935    1.2256708195   -8.3413726931    0.6838937571    0.0233827882   -3.4307828889
   2.5542929735    5.1152679096    2.0884674786   -0.7707015241   -1.0841316839   -0.5098606489
   4.9642389021   -1.5539249190   -7.3023801639    2.1783511674   -0.5871062795   -3.7103728390
   1.3719894402   -8.1973679431   -1.1039959400    4.0770761148    1.1208825378   -2.5672581313
   0.4213822362   -4.3009896447   -5.3126078601    1.1665215099    0.5735623374   -1.1568577052
  -6.7303925550    0.1538374912   -3.8568147130    2.7233865281   -1.8430520513    2.1202285691
   4.4982472206   -4.6035285590   -5.0302192228   -0.6058778861   -3.4898996072    1.5069814049
   5.7778226474    1.2360815907   -4.9861699989   -0.2103914979    3.6555667761    2.7709596287
  -1.8301630087   -2.0283353046    3.9651986504    0.4861436211    1.6103166705    1.2378060552
  -6.8319166917    0.3778016203    4.4456659457   -1.5340047231   -0.4424448096    0.0004749210
  -7.2690905903   -3.3865329725   -0.6600476817   -0.7621206138    5.3427724646   -0.8517990272
   6.7722075544   -5.7509236940    6.4130824794    1.4584579799   -3.0272527966    1.8843340963
   6.7719916450    6.8733530600   -2.6284754988    0.7372867408   -1.1526684194    2.0314514857
  -0.1125661141    6.3464624715    1.9250066960    2.1135415900    0.7918213195   -1.0877019164
   5.6563412284    5.5076943124   -1.1825700549    0.3238686973   -3.4518011380    0.9293868854
  -5.2384593153    4.7339837715   -8.4819959746   -3.8193034275    0.1389323518   -2.8694779055
  -1.7297187958    6.4508870849   -2.6810588463   -1.8167344764    2.4530115931    3.3765570364
   5.8475876438   -5.2184943974   -0.4769844179    0.4255316090   -0.4627662044    1.4631167454
   7.2199284844    1.5528223962   -1.4765050916    1.3571266906    3.1043436862    1.6110004730
  -1.9224381641    1.6184894930   -1.2982406830   -0.0784343856   -0.0500754783    2.5939065761
  -2.2110552844    5.6957586764    6.2706374750   -3.0595257373    1.3652325303    2.0231354498
   8.5103950667   -8.5427403611   -1.4923466264   -1.7896472751    3.9034054329   -0.0681588915
  -2.3716018015   -4.3220884836    5.0272610508    1.3171993297    1.3810111631   -0.6752728863
  -1.4385759967   -3.4750002636    2.1216149445    1.0329458606   -0.9525313667   -0.3465619499
   5.8968003310    4.3755012299   -6.0862209399   -1.0619553007    3.6382346836    0.2423982694
  -6.9040086183    8.1728119738   -2.6706323246   -3.0568679559    0.5333930618    3.9138676399
  -4.2651480451    0.3590196256    4.4588410055   -0.8695562595   -2.4938423045   -1.9252951450
  -5.6177360764   -3.9069892121    6.5741148360   -0.6315753948   -0.3167726698   -3.7432224374
   5.4945990128   -0.9533585739   -1.4094489138   -0.3322019281    1.1081609640   -2.2334121895
   6.1394330746    8.2316807347   -4.2684949019    3.9960965343    4.7087806148   -0.4884044477
   4.2533588265   -3.7454211680    0.9230461777    1.9793215066   -0.6809842241    5.4440698771
   6.3414005634   -2.8564342311   -0.3266320286    0.3852083628   -3.8771275510    2.1067022394
   7.6982309514   -3.8341254040   -6.0698948507   -0.9409751834   -2.7099701320   -0.9002938654
  -5.1917662968   -4.7365925146    6.2211858807    3.1763255866    3.7261690859    1.0389765697
   4.1463226846   -2.7717084583   -0.2875199785    1.4201109350   -1.6915334889    0.0995572516
   5.6103465195   -6.7279916198    7.3311444183    2.7094307075    1.7910741161    2.7153872540
   5.9557058287   -1.1165351899    0.1533031237   -3.2722867162   -1.3397482184    2.3742029788
   2.0452432975    4.5165334397   -1.1225867902   -0.9759932744   -3.9828902234    1.4219576980
  -2.0524643972   -7.4246434803    4.1918362562   -0.3941783664    0.3363238758    0.7495409892
  -5.8387798673   -8.1963543177   -5.0327676329    2.9720287878   -3.0115614888   -2.4424786407
  -5.2749985685   -1.5438514315    2.0707446665   -3.6472364560   -1.0531160837   -3.0125926676
  -0.6989410817   -3.7818121306   -6.1403533688    0.8091764575   -2.4773394205   -0.0552448198
   4.9836974282    5.4873110949    1.1651999568   -0.1151677117   -2.6938334810    1.1226735102
  -5.8719422638    6.7262773215    5.6758718749   -3.9049789574   -0.2427545867   -0.6784390111
  -2.0045530523   -3.2312997217   -2.4163128087   -0.2676037418    1.7250162668   -1.5855261731
  -0.7725129200    5.2180742012    2.0737400095   -3.1748358774    3.5726986937   -3.2626876690
   0.0366641979    1.0562285103    5.8401922893   -2.2186554946    0.0500519846    0.8668906360
  -1.8583421682    3.8713577958    4.8060849341    3.7383792475    1.7619082846   -0.9576354459
  -4.0178411244    2.8346826307   -2.6292213610    2.0444930313    0.8558068164   -0.3430091359
   4.1565904138   -6.3931424146    1.9776029748   -0.0963321577   -2.9611269377    3.7676138303
   7.8063320989   -4.4035401194   -0.5207098332   -1.5346198141   -4.0689108567   -3.0444743496
   3.9805294092    8.0186979840   -3.8580341020    3.4837389963   -0.7402379075    0.8074966539
  -7.9200899535    2.8249936330    8.2306560590    2.3986989845   -0.5647153374    6.0845498632
  -7.3985511918    4.3076645069   -2.1222680039   -5.6183435947   -2.9660302843   -2.3296211325
  -2.5077440846    8.0514333254    6.2024460584    1.2187299395    0.6757000726   -3.7254157391
  -3.5354494042   -1.6391146662   -0.7323030146    1.4829414721    0.5676755138    2.8186018834
   1.4240972413    3.7214751500   -3.0143032367    0.0567130632    0.0208870486   -0.9121298958
  -2.6383176615   -1.7541497858   -2.1607641334   -3.7965176479   -0.3878245536   -0.7447188158
   6.8438499379    4.1477743664    4.7818060556   -0.2117183437    0.1099069668   -0.4418625018
   7.8754991818    0.7500315298    2.8435263341   -4.3073606691    1.3839097287    0.6753462696
  -1.5494537043    0.9636436559   -1.9826792623   -0.2294445926    3.6810557581    2.5984024850
  -2.0450047085   -7.0272719696   -2.2501704922   -2.2907874673   -0.3970764016    1.6367550765
  -7.2733657045    0.4268649726    1.7913321997   -0.6396938548    4.1015685973    3.7924703700
   2.9436632096    1.6419242389   -4.6351904312    4.8703309340   -0.7671260178   -1.5809332715
   5.7101064465   -1.4029302055    2.5439213697   -2.4447919498   -1.2803211162   -2.1108893540
  -3.6875962742    5.3806416779   -3.2731978443   -2.0139333312   -2.1523908808    2.1177687142
   3.0479048080   -4.1435589412    1.7953578456    1.7312918252   -0.6591606706    3.7575092561
  -0.1724660441   -3.4128278184   -4.1865296639    0.9345390350    1.4587455697    3.1552240406
   2.1402621914    1.5987979604   -5.5527114587    5.8563031511   -1.7380776234    1.4405988547
  -2.6721858583   -2.9468320236    4.8487705640    0.4988129516   -4.4874123142   -1.6022763328
  -5.8399925912    7.5172660576    2.1951350923    0.6095130165   -1.3929586747   -0.8696372285
   0.0586822341   -0.0999007726    4.0017364711    2.7216569698   -0.4747519686   -0.7214890489
  -6.9146955113   -7.5260745460   -7.6722099693   -0.4518499326    2.9733307168   -3.2537787600
   7.6632616687    8.1639602471    3.1689078082    0.9421644101    1.1027381344   -4.3593393645
   8.3741713363    6.8919607871   -3.4131063430   -0.8523708058   -2.0009792877   -0.2940117794
   0.1448427420   -2.2250171141   -5.6561211738   -2.6655442174    4.0609076114   -0.0712133433
  -3.9760784097   -6.1818020198    0.1132652690   -0.7533019686   -2.9157956797    2.1745578343
   0.3505394806   -3.2047139708    5.5671831134   -1.0542817205    4.7491426509    2.2533187743
   5.8827297708    4.2368967897    0.4920361028   -1.7283860458    2.7319571549   -0.0082711091
   7.8500895469    2.6044296666   -2.2219357767    0.3217009103    0.5702666156   -0.2646240084
  -4.2906081845    1.8886476853    1.8101820272    1.3472831977   -0.6839924879    0.6773117670
   2.3498083259   -8.3152215504   -1.1577271439    2.4540258167   -0.8521855079    1.3389325571
  -2.0379164535    2.4938810555    2.9238049983    4.0373196842    1.9714581140   -0.3567314815
   1.0085451648   -5.6794992957   -6.7187726600   -0.0852554639   -0.3582099321   -1.3964163419
  -0.9576478923    2.2857109559   -1.1030697930   -2.8834405824    3.2375066397   -1.2001038726
   1.8994259250    7.4808629029    0.2665526090   -3.7036943896    2.7539224246    1.9502227192
   5.7561724901    1.8553571270    3.8340393276    1.8532129217   -1.8930083845   -1.0653788440
   1.0480646218   -6.7074471802   -3.2076972717   -3.3025251745   -1.5254127296   -0.7704487133
   2.1408099550    5.9173201304   -1.1404343953   -4.6847601285    4.7472762815   -1.7749803346
   6.8167851886   -6.8240362430   -4.0205288159    2.0116986612   -2.2546907864    2.9113208170
   7.9614671116    6.4995312730   -1.1053076248   -0.7266649960   -2.3636969257   -0.1760972412
   4.0922592541   -6.4973288394   -3.8703426300   -4.1978238110   -1.8990667907    1.2734641915
  -2.3680452213   -5.7155522040    7.3157683816    0.2438004869   -1.4254155033    1.3341857457
  -1.9331014469    4.5893451717   -8.0899461457   -0.7742459063   -0.4163760442    1.8817212532
   5.7692123322   -5.0542533677    1.2073192489   -0.6320034833   -6.0272366431    1.1262976068
   3.8469278779   -8.0313195296    2.0437150396    1.2663196835    3.9216954924   -0.7891480999
   8.0162727517   -7.3511519797    3.0196089909    3.9002754890    0.8957210846    0.1226127935
   5.7756585076    7.7662882456    2.9054476479    0.8375400871   -2.7172787170    1.5200859975
  -6.6469768510   -3.5895376112   -4.7564916156    2.3061630515    0.3258207050    2.5666927457
  -8.0011359114    7.5770526046   -3.2435623166   -0.1910300988    0.6741009917    0.4999127461
  -3.5144398131   -0.0933056971    6.4488178774    2.6499163815   -3.7826100431    0.0512235502
   1.9559218370    6.9698560082   -1.4975080519   -2.7633051700    0.7375313469   -0.4593067302
  -4.1068154640   -8.0184202530    6.3656125743    4.9805287270   -3.5338420464    0.5430499618
   6.8030896454   -6.5788065698    2.3822390091    2.4167879229   -1.9961929743    0.8655128606
   3.3009168051    3.8899023345    0.8115099578    1.0558461749   -0.8661682787    4.1253412775
  -3.6649741818   -7.7988742561    3.6351462838   -0.4523270988   -1.4920453019    0.5955861723
   4.8656594849   -6.0569430382    5.8445883097   -2.1665466816    2.8633351229    2.3410429995
   6.9389379551   -4.3575409470   -1.3309531559    2.4042648494    0.2773316490    0.7875743255
  -3.6506417636   -6.6186959427   -6.5991954308    6.8494301130   -0.4940330173   -1.9442443807
   8.1215872087   -6.7273284700   -3.8126547363    0.8686403120   -2.3136122241    1.6639215455
  -2.4691787264    0.2590451086   -3.3957063506   -2.4290034988   -0.3663339922   -2.3421762888
  -1.7562394467    8.4633829892   -2.4432517437   -0.6606430066    0.0146799432    0.7689446395
  -0.4894099481   -4.2609038898   -3.2144647520   -0.0918791404    1.6541448310   -2.6542085064
   1.9332957225    0.9246792416    7.8773159892   -0.9941577999    4.4688171189   -4.0611170797
  -7.5143520075    6.6354136067   -2.5637286463    0.4995007653    4.6247581088    0.8116012668
  -8.0717532151    2.8154824199    1.0603620821    1.7762708870    2.3789517381   -4.4581275199
   7.5833887314    0.6925449125    5.5525896782    0.4475263995    0.3830661363    0.5441593594
  -0.7364334885   -1.1116515996   -4.9440849968    2.5102811990   -3.2568516731   -1.5275230127
  -5.0901717339    1.6469828076    7.4877678109    1.0525344920    3.4750978039    1.3936840664
  -0.8179490748    1.4218287961    7.3942997411   -1.7405367967    3.8433652515   -0.7628628262
  -4.2275298067    8.3174666709    1.3587289915    0.1465519744    1.3083788434   -4.4296236544
  -1.4883555524    1.7592284271    3.2854334197   -1.2657059321    2.1481980458    0.1814001945
   3.1182162577    0.5797166441    0.5672428807   -2.1535224093   -4.7715142349   -0.8030139519
   3.3555839396   -4.0701904799    6.6793450230   -0.5086170876    0.2488427744    1.7557566866
   6.7349304655   -6.5243982399    5.5501087756    1.2586336899    1.5895707840    1.5532763498
  -4.0681440226    1.4782947330    4.7170965978   -1.6554044130   -2.3400789068   -1.3976508405
   0.1113911042    3.1457429213   -6.3798406070   -0.4609920463   -0.9151498088    2.0588948221
   1.8426255995   -0.3832210794   -4.1264744591    1.1976360759   -3.4616730484    2.4401460365
   1.6777614777   -8.3743062750   -2.1123700336    3.0588938105   -0.6790667728    2.3403275822
   1.2417844829    2.9451158409   -0.5948031544   -2.3399337361    1.4176990613   -3.3450451687
  -0.2002411905    7.7513568418   -4.9479187771    0.9313565268    0.7316855505   -4.5083579481
  -0.9568002381    3.7610264955   -8.1557112087    0.5502316384   -3.4715927497    1.7022998367
  -2.8849089122   -3.1372953222   -6.3996323027   -0.3876480055   -5.9636733561    0.9120083397
   3.4329795716   -3.9709340011   -3.9621874185   -1.1915283410    1.1729435056   -1.3138435815
   3.4041932789   -7.6499475196   -3.0766665014    0.7574708621   -0.6945492869   -3.3573482104
   0.9337340129    2.3206437270   -6.4460559619    1.2957644003   -3.3179747114    1.0044584692
  -6.0172813171    2.9446437146    3.7821329968    1.1285701008   -1.8390334949   -1.0281860370
   1.1481709271    4.9232447598    1.5987359800    2.9463831811    6.3551060349    0.1286573304
   2.4650806714   -2.0774903595    2.4421102819   -1.3981219121    0.6760422643    1.4496790833
  -3.9903353342   -1.0233776630    0.6497036895   -3.1944027138   -0.1569717284    1.4323912964
   4.8686385034   -1.7567603853    5.6307323149   -1.6410679847   -0.9365179705    0.8663130641
   2.5125162771    3.8594404214    3.6365897183    0.7754749145   -0.3458751214   -1.1522742173
   0.4925733681   -3.6273636964    6.6833775227    0.0208051500   -0.6708665223   -1.9847383110
  -0.4830334527    4.7524185560    7.3344551139    0.2275355574    5.2527009847    0.5048229282
   7.9191625666    5.2955169704    0.5499901248   -0.5897211802    0.8271477953   -2.5025694126
  -6.4175723072    4.1108635351    6.0119143157    0.2802510554   -2.6072304334    1.9945278675
   0.6740821551    8.3465792142   -5.2146655716    0.0136076550    0.1837325053   -2.2495194186
   7.6895773524    0.2032021284    3.6087203737    0.9517760104   -0.5870694959    3.0164134640
   2.5499961248    4.6934596896   -2.9030856847    1.4693799946   -0.7696392941   -2.2252884175
   1.2161992718   -0.0011971694   -2.8943102175   -2.8743477517   -0.7125645679   -1.7761027330
  -3.1282649815   -3.3132170730   -1.6375219354    1.0935230786   -2.9753834619   -1.5214109876
   5.2765944063   -5.9357996475   -5.7768152261   -0.9792540924    4.2468879449    2.0877355217
  -2.1645016238    1.6501720413    2.2928530680   -1.9959007303   -1.0942717562    1.3539216067
  -4.4242819087   -3.9426876668    6.2201770223    1.4829050290   -2.7502856667    5.3428214522
  -4.8507761241   -1.8649888088    5.9677683984   -2.7218180439   -1.9451756989    3.4296697262
   1.4120737968   -0.9751765719    2.4865690573   -1.8385589859   -1.8283831051    0.4156533771
  -4.0149883579    2.0159642780    3.0958949447   -0.5138552697   -4.0508856272   -1.7382570872
  -2.8052524434    4.9180466930    7.5526658165    4.2742076027   -4.4332149833    4.8642359951
  -7.1513691644   -4.2270051223   -4.3142285088   -4.0623708692    0.8201683162   -0.2366404350
   4.5667573868   -4.9178916397    2.0035491204   -4.6330271072   -1.1317209628   -4.9535016711
  -0.0782010824    1.8516945342    7.8911391276   -3.5826898397   -2.3064567772    0.6613551332
   0.4105806038    1.8147571303   -4.3449685164   -0.2279355717    1.2380074002    5.0150868224
  -6.8434961265    5.4243302963    2.8745256263   -0.1218580353    0.0815738079    2.1673123810
   1.3699540348   -6.4590693808    2.4638777067   -1.4996386216   -1.4809931771    1.5287129154
  -1.9792025229   -5.1204042955    6.2646492130    2.0782615637   -1.8783916205    1.2211275819
  -6.8721444852   -0.0230868983   -5.6304036443   -2.5351610174   -2.7508802181   -3.2848149113
   7.4750630212    0.6600651194   -0.1639559710    1.3521360746   -2.2524714495    1.6527496963
  -6.4170615319    6.9073824560   -4.9699375007   -1.1999578704   -0.1392715911   -1.9839176528
   7.5991366369    2.2257856677   -3.0538504223    3.2441921841   -1.9908261847    0.0558649372
  -3.8026717605   -0.0550716039    1.8793646216    1.1816544039   -0.2011973594    0.8881562231
   7.6373368856   -5.0094327299    1.7543605242   -2.8665419644    2.0829592829    0.8292129674
  -8.4765423326    4.9334957608   -0.1280940020   -2.6358518584    0.1097372722    1.8828413400
   3.5768369234    5.1462550540    2.9666464164    1.2618821181    2.3098415595   -0.6525798045
  -3.2996428019    1.3457908580    3.0416478680   -0.3793074752    1.2076400661    1.4051259355
   3.6888673299   -1.3566145943   -1.0206233443   -3.4038038494   -1.5933125194   -2.0720954896
   4.8192191280   -7.5297251755    0.8739038598    2.4920901821   -2.1895034800    1.2177219386
  -0.4177410336   -7.7204562464   -4.1956113715    0.5017961378    1.8894114421    0.5649021996
  -5.9641928617    7.0131187888    4.0404601507    0.0909760752    0.2742590825   -1.3540498064
   1.8840841199   -2.1125531047    3.4792121372    0.9603127081   -1.9572543218    1.4655557973
  -6.1008806914   -0.7699578238    6.3763489940   -1.7619728697    1.2353930635    3.9117748431
   3.5562796478    5.1220274852    7.8851887818   -0.6161242190   -1.6239246485    3.3010053911
  -1.5884305146   -1.6272088193   -5.1781360951    3.3392753355    0.4492743631   -2.4257779676
  -8.0022994810   -4.0497326723   -5.1435695655    1.0926805176   -4.8560320016   -0.0047565503
   5.6310826104   -2.0199025678   -6.5816228608   -0.4394010839   -0.3707752087    3.1236912620
  -7.5265936798    1.3848847145   -6.9598848657   -0.5723061401    1.1039545975   -2.1451599853
  -7.5916982629    0.9427468901    0.4948513226   -0.6322713991    2.1177562647    3.1118983883
  -0.3382677172    0.0775422573   -7.1262075291   -2.8551209533    4.2780818039   -3.6675896767
  -2.3188428998    3.9465624495    0.4636647710    0.7419193961   -3.1004465939   -0.6220108365
   8.4511151013    1.6393952137   -1.4675743542    1.9156072959   -2.4832383436    3.3903293017
   3.1847776595    7.3150613827   -7.9475179175    2.1385723817   -0.0094722803    2.5472793752
  -2.5376088260   -6.6451327422    4.7108932184   -1.7118599915    1.1093818268   -2.6033822974
  -8.2280173940    5.3859946704   -7.3693827293   -3.0599481251   -2.9499409906    4.7582405456
  -1.3678300815   -1.3155279410   -0.7589154468    2.9111901532    0.8379581545   -4.7018040349
  -0.4709542772    7.5580983657    5.7665715874   -0.2036892842    0.1975482565    1.0140416888
   1.3791960447   -3.3732751948    2.6361597256   -1.5718778481   -0.4178580261   -2.6940664117
  -5.4510422991   -4.3950666496   -7.0936714635    0.1552515281   -0.6525405772   -1.0165011943
  -8.2217647704   -3.3040274832    4.7119752060   -0.3031757585    2.3358824848    6.2896177536
   7.1418530704   -6.6425673816   -2.5912385865    0.3692295723   -2.1928100822    4.4656479073
   5.9937698535   -2.3147392208    8.2889668485    0.1479785129   -0.1230132873   -2.6101930128
   3.6040318685   -4.2310097894    0.3869085607    2.4953215893   -2.7394064740   -0.1860376277
  -4.8322028179   -0.5134851371    1.7846283281   -5.2046070685    0.9262576258    1.1002860136
   4.8651027007   -4.8088180166    4.3890581414   -2.8044403620    0.2775993226   -0.6939930235
   5.0895753348   -3.0237366739   -0.0052371485    0.0253954858    0.2620609183    1.7760075774
   4.3849654263    0.5146512861   -2.8675400822    0.9373070009    2.6989895370    0.7859902415
  -1.0136696634    5.0032174786    5.6950970834    0.2938100431   -2.8281755081   -0.3834119937
  -4.1009341514   -3.3949810723    3.0787763361   -4.6909630165    4.1148359351    1.5132236977
  -0.1489657328   -1.4225504637    3.5681439098   -0.3659667045   -0.1956246052   -2.1836551248
   2.8547049379    1.1368904364   -8.0855644652   -0.7829416680   -0.0785237358    1.9591511462
   5.2532304492    2.6684636806    4.2327557143    4.3765759435    1.9890382921    0.4933685130
   1.7155297705    7.1981143165    3.0058180156   -0.6234730263   -0.3474426771   -2.7998666154
   5.6268227285    0.8570374734    2.9345509569   -0.9402650753    1.3284646646   -0.0402930568
  -3.6676871978    2.1921556030    0.7898090421   -0.9347173136    0.2059049821    0.3223616845
   7.2203793693   -2.3133014279   -3.2512923676   -0.5374898431   -0.3241438058    3.3737144445
   8.0469577052   -6.0108861099   -4.6568184261   -1.3152513592   -4.5460874207    1.6732363378
  -2.9226698062    1.9764580011   -4.9563965868    0.9041351757    1.6870787091   -2.3409185880
  -6.3413409945    8.0329563917    8.1187431392    1.5494753253    3.0720667889   -4.9879275779
  -6.3326836483   -2.8150278293    1.8453115488   -1.0422708242    2.1210790721   -0.1052461946
   0.0450351408    4.9036843774   -0.0665752609    3.9618877534   -0.0085513842    0.6121878336
  -5.9426735171    5.2670347275    5.8096397493   -3.2944391759    1.7411346978   -1.2478699248
   1.6385820408    3.2255239458   -5.4460070829    0.4464677947    0.3376476558   -5.3066065139
  -2.7499036712   -4.1772936684   -3.0914381738    1.0554276300    0.3037743554   -3.6498277016
  -2.4257293784    0.9569251818   -6.6058503012    4.6294884648   -0.2327494331   -0.2497073418
  -3.4278846175   -5.7132266500   -4.7644480697    1.5475607957    1.8025480704   -0.7725619447
   5.8900976602   -0.4947818003    7.5247034956   -1.9644496610    1.4467729573    2.4621143738
  -5.6780123785   -3.7813328183    7.6501406286    2.3335935719    4.5810729742   -0.6025088488
   4.2399066533    0.3890315871    0.1784534809    3.3322324268   -1.5053612562   -1.1753432202
   4.5152401190    2.5291645551   -2.9839756121    1.3314519058    4.2228822808   -0.3140594300
  -6.5522744064   -1.9180344991    7.7931547531    0.0006216774   -1.5950253001   -4.5472304064
  -6.8408346754   -0.7686819323   -7.9134402177    2.5395875102   -0.4497503401    0.2554745546
   8.1229843753    3.9842470972    1.5066360830   -1.6657802842   -0.2724713287   -1.0719195695
  -8.0876007235    0.9516871040    5.9953639119    1.5344977877   -1.5615936739    3.5996546111
  -3.6294846321   -5.9803145735   -3.8095111807   -4.6721533249    4.2209457029   -4.6481251863
  -1.6583325427    4.2005805918    1.4553988655   -1.3177841179   -2.0213069423    1.0773785721
   5.0217153583   -2.7063678248   -6.8911019767    3.2425072463    3.1784265144    5.2860145010
  -0.9776504822    5.9748026971   -5.5604138481   -0.0767945592   -1.1753767188    1.6256410895
   3.5121580142   -4.1403935708   -7.7513082679    0.1915262856   -0.4248186420   -0.6842554817
  -3.8418920182    0.1517040076   -0.1991841076    1.0821697614    0.9687240115   -0.8134376689
  -5.3705089835    0.9645215770    0.0002104019   -1.1448254782   -0.7333441592   -4.8039600433
   6.8834501159   -7.6735503363    2.1205331321    0.3568618671   -1.2339782371    3.5846580495
  -1.0609407589   -0.1409071194   -2.9846017240   -4.8980297757   -1.6037526775   -1.6267427661
  -0.8956275140    1.2590626419   -6.8533729325   -4.6234416595   -1.8190401842   -0.6694747744
   8.0612004392    5.5962901158    3.5462046284   -0.8091780064   -0.4525316392   -1.6047986124
  -0.3142935204   -2.2517085819    1.4139143758    1.6485852417   -0.4889395009    1.0506778941
  -1.1597506377    1.2038130843    5.4420703895    0.8709495687    2.9858011585   -1.3009378313
  -7.8031211923    0.8457555375   -5.9391144147    1.1533666078   -2.4299499358    0.8341122517
  -7.6273879002    2.3062176288    3.8941738384    4.6107572103    0.5287921549   -0.1018380805
  -7.9418173848    2.9021740725   -4.9740469113   -2.7904020342    3.0037655399    3.2397526774
   4.9617408687    1.5262442493    6.8000414885   -0.2543350455    0.5714772573   -2.1941707849
   1.9330934193    0.9201663152   -2.9523664020   -2.8211350103    4.1974797495    2.2334776366
  -2.1405032661    0.4480025418    3.4729525950    0.6106306653    0.8022580352    3.8106150918
  -7.0989533099   -2.1039957495    5.1535320364   -2.4007933767    1.3574683741    3.8285397071
  -0.8668806796    0.0522173046    5.1171911774    2.3674949628   -3.4431835527   -1.1898412350
   0.0859592285    3.1514852034   -4.8818415356    0.4377530764    2.4944281480    0.3698776484
  -4.9558223481    8.4636012089   -3.9547855043   -4.5862527486   -0.3186099511    0.8207237820
   1.0705704385    1.3450373940    7.1414959702   -1.3755526653   -1.6773649886   -2.0754770014
  -0.2886763274   -0.1876475186    6.8069125164    1.1216664561    0.3443825022   -0.9182247708
   1.9686014114    2.9902865781    7.4365487495    0.7548539153    3.3155834687    4.1132538748
  -8.5069090210    5.6948047275    2.6479255479    2.0973554188   -0.1982220581    0.1278758677
  -3.0577326811   -7.7948602266    7.5962016308   -0.9371794633   -1.8813630794   -2.1628984645
   2.1707505854    8.1609642951    5.8530740943   -3.8280207905    3.6396533212   -2.5796414411
   5.5504098060   -3.4739506912   -6.7503822209    2.6886472605    0.2934862902    1.5830944102
  -7.3413617102   -4.5887611870   -7.8491285511    0.1548801440    3.3720289207   -1.2965464458
   6.1349481738    6.2073255724    1.5836540274   -0.3570377920   -1.0888666109    0.7205799377
  -0.9705362215   -2.3749156955    3.7465820835   -4.5562491890    1.1521660250   -2.0093064738
   4.8986802238   -3.6953692945    2.2736019865    0.4153770144    1.9420225433    1.7401034329
   8.2771478808    3.7452381627   -2.0924373347   -2.6647368307   -0.0487290253   -0.5257342732
  -7.7585509913   -1.4321447853   -3.9403384186    0.3567767821    1.7627299462    0.0594180060
  -8.2190093137   -7.9164985231    5.7136811864    1.5932050693    1.5659123705    1.7445147319
   6.1329979299    0.9614198871   -0.7069721963   -0.4602391783    1.1026928427   -1.0447727361
   2.8923887613   -3.0663738927    3.9300564535   -2.2016844155    1.5249956185   -1.1378376062
   4.6175479549    3.4454409140    3.0490526001    1.3365670323   -0.3945727071   -1.2300872545
   7.0264535118    5.2123295125    1.4419086278    0.2453018519   -1.3405812233    1.5080266135
  -8.0426835624   -7.2050077415   -2.0956852186    0.6398249038   -1.2482865420   -0.6670838679
  -1.7738784648    3.6427547257   -1.1347971228   -4.1557580424    0.3559404031   -0.4172024160
  -2.9060428984   -1.6204200700   -7.9394469156   -0.8339018162   -2.5662892571    0.7753583303
   3.3254715496    4.6687477026   -2.0235720840   -0.2333916270   -5.4279868539    1.2913580895
  -2.0341517106   -5.5492640086   -8.3228538502   -0.9958430110    2.0799022962   -0.9476122559
  -7.4847548549   -5.6043782690    2.9425421927    0.7890396407    3.2593162333   -1.3508961925
  -2.8845003178    2.0059099975   -2.3394589471    2.3612770224    1.7978315923    1.3551162082
   4.9393386189    6.2906716582    6.6372628332   -2.1877108229   -2.9162536339    1.2102386498
  -6.8047976225    7.3527569547   -1.0690625299   -1.3278622122    0.0762487480    0.0154577720
   3.7328099513   -0.9890628680    4.2083547539    0.9635068142   -0.0144015728   -1.8818111109
  -6.0048349711    5.1617283236   -0.2685132837    0.4304344431    0.4306393540    0.9328012277
   0.9181748687    0.7114657097    5.8783961052   -0.7059999070    3.4355863918   -3.8958311361
   5.7840889368    3.6758430140   -1.0050286529    2.1535413836    1.5936802295    0.8658469768
   5.1258876683   -4.1184142857   -3.0095805834    6.0086603623   -3.1538788584    0.0490652897
   5.3241748189    1.0394636919    1.1070194601    1.6712427881   -3.7798819916    1.1486338411
  -2.9394265614    0.2065216380    1.5500346392    3.0609786080    2.8722925828    1.0774540303
   2.5739421741    6.5815010740   -8.3411990803   -0.1960168379    1.5515613361    3.6974562285
  -2.1433817546    4.7930704245    6.1805818326   -2.6734279375   -3.0917043614   -3.8387529352
  -5.6368208046   -5.6300242957   -3.9377586671    0.0110557003   -5.1341842443    1.7354444254
  -1.7389723000   -7.6774727132   -3.4158916509   -0.4117314990    2.7986144458    4.0801368968
   4.8593471058   -3.0101253306   -7.8234753084   -0.8758247726    0.0992951595    1.1139101938
  -5.9561005466    8.2035647663    1.1484172263    1.7169586349   -0.3967965631    0.5464839787
   5.7003237575   -6.7821266798    5.7885967359    1.2467214164   -1.0530067772    2.4753708216
  -1.5173684798   -5.1838219772   -0.9684554331   -2.7146973144    5.1596392560    1.0819403397
   3.1306110870    1.4810761107    0.0311821140    2.3562495821    0.1895907313   -0.5497571339
   1.2504912049   -2.6342618379    4.9726162461   -3.1359454677   -0.8652746977    0.0813681512
  -5.2272804075   -6.7452363987   -0.1055693793    0.0962012777   -0.4480689367    2.0801013048
   2.0342855724    0.0997447711   -1.7992846791   -0.6208441503    4.0233346508    1.2638113996
   5.4140076623   -8.4009506968   -7.0303836162    3.0992662039   -4.2538778155   -0.8383114179
   2.2050865628    8.1673113737   -4.0133518393   -1.6971495002    1.6925512982   -1.4155277337
   6.8837683197   -0.9913097361   -8.0019160448   -8.1631489790    0.0409992697   -3.4068157623
   1.8690427212   -5.5632222518    4.9660733513    0.9937376505    0.2605826078    0.2907534768
   2.5053040454   -7.3879921908    6.3030687360   -0.3493246296    2.1198809240   -1.7520384886
   6.7440913006    4.4394348550    0.1326865323   -3.1732213177   -1.6679578837    2.2338011140
   6.9075585127   -8.0747356660    3.4061836581   -1.3573490666   -0.0581559019   -1.9858572013
   1.3629034696    3.7244057807    3.9073194925    6.0315212563    2.1379425845   -1.6977242792
   6.6516156271   -8.2100849000   -8.5026220396    3.0115369739   -0.2270724655    1.1066410711
   1.0099676223   -1.7619832106   -0.0865131955   -2.1443634025    0.8438607081    0.3306990165
   5.0088318027   -4.7820550296   -0.9274740839   -0.3914702267    1.0993243114    2.2444582537
   5.0638468957    0.0143924731    0.4928774289    2.4064884365    0.5844214033   -1.2597286719
  -0.9077557265    3.1006826810   -6.8330061724    4.1862565250   -4.7261740033   -0.9117934371
   8.2284330903    0.1547402222    1.9751953943    0.3800159360    1.4829688489    2.5259572419
   8.2868254143    4.0117145863   -0.4463054904    4.0624323552   -0.2802394435   -3.4856787052
  -3.9407138756    2.4715067341   -7.2019265718    1.4018895815    5.6274032852   -3.6423438824
  -5.7995320421   -2.3649385051   -2.6440252149    0.3043554058    0.5162310489    2.2543927079
   1.7630954938    0.1281994514    3.3576613734    2.7009073072    2.6844917357   -1.8529394672
   5.3439752817    0.6067224750   -2.8911898452   -3.2767338577    3.2553945379    1.9412475235
   5.9448720892    6.8888232957   -0.9079124676   -0.2937421814   -1.3582418409   -1.8013557796
  -4.5335127431    3.5646064052    6.4879180729    0.5313965034   -0.5697163419   -4.8629508362
  -3.2514781673    4.0929472662   -2.1877178517    1.5838951687    1.5409427731   -0.0800824296
   4.4409706958    3.8136420156    1.8860570200   -2.0497478488   -0.7721529049    3.4213428429
  -6.4972068060    0.5871090416   -6.4150847950    0.4276283851   -0.0137370999    0.3772175148
  -1.8428913255    8.3732161040   -5.2787008125    0.1327561749    2.4252947410    0.7616983470
   7.4733817097    4.2188170625   -2.6068480369   -3.4439820045    0.2855172830   -2.6153550973
   0.4083371774   -0.5643543618   -7.9593200385    1.6951813239   -2.2780444531    0.2605190543
  -5.9008122663    4.8318846504   -2.6638313379    4.2988816505    2.4451144662   -1.2521648314
   7.2281324192    0.7755567471   -3.3564360882    2.6136357013   -5.1371538042   -0.7418600015
  -4.2078271969    8.1913557757    7.5573635333    0.1981597425    0.7565265335   -3.3705510201
  -2.8749337802    7.8044353864   -4.7037403461    1.9644798012   -4.7034681503    0.2216110235
  -6.9833950519    3.9623941186    4.3660869537    0.4691322197    1.7777807016   -0.6479208408
   5.6637888961   -3.0986394252    7.7268553779   -0.9808292019   -2.3881589437    4.9383955817
   4.2370368596    2.8634167515   -4.0787921162   -1.7777415668   -0.4525506177   -1.8629027569
   2.2883321118    5.6795397687    0.8711143511   -1.0707898619   -1.1100468845   -1.5628323124
   5.9319312207   -6.1999352025   -4.1008697046    4.9984637539   -2.4282302084    2.6765692989
  -3.9634496056   -6.0386192557    5.8920606937   -1.5401363053   -0.7132867989    1.3999925814
  -7.8803854170   -1.6078063956   -0.2622046348   -0.0314901242   -0.1925808104    0.6340066459
   2.2539017787   -2.2068267552   -1.9605669471   -1.3876178181   -5.6041022649    3.9234617247
  -4.9165822885    1.8465778503   -2.6024493265   -0.2593175778   -1.6256072683   -2.9135337691
   4.3483301959   -7.9914338189   -2.9744019739   -2.3534631500    2.1260037793   -1.3846909053
  -8.4980083781    1.5803499741   -3.4909480156   -0.2730457906    4.6902894415    1.7791279504
   2.3925802850   -5.8582376017   -2.5399732851   -1.1611595448    0.0531941640   -1.0490797411
   3.8140780408    2.6471024826   -5.0661131096    1.4263706385   -2.6015858450    1.4443222721
   7.8452625843    8.1175299007    2.0095552763   -3.7746990385    3.2994549863    1.2427323433
   0.0402731402   -2.5595414264   -0.7948816241    0.6033046959    1.4635871058   -0.9173887768
   6.1615237135   -4.7323914719    4.8917238308    0.4186815165    0.9788219350    3.0768625799
   4.9978935014   -6.4648478943    1.0521315679    0.1061666653   -0.8635262413    1.1798302171
   2.4113513418   -4.2110511080   -3.3730448164    1.1746921293    1.0997003731    0.1298636392
   3.2232565404    3.6295793378   -5.9590580194   -1.6800631353    1.0800036091   -0.7060982313
   6.3930871740   -1.4427597494   -1.6874106839   -1.5072725481   -0.8527031333   -0.0812023493
  -2.4688713133    6.4638068489   -1.2259421410   -0.9655773748    0.4980048726    0.7694782934
  -4.6471087694    4.5596656122    3.0465814891   -1.8300413850   -1.8642000998   -0.0457434066
   1.6856604403   -4.1949953570    3.7307766864   -0.9681998099    0.5655956729   -0.6562021574
  -1.9806782193   -0.9519807215   -2.6023410031    0.9104953873   -1.4733484836    3.6534790092
   0.0774944861   -0.9315849252   -0.5835120633   -1.6480770105   -2.2189708684    3.6779345279
   7.2220408556   -1.9932250586    3.4325473561   -2.0320185594    0.3615615172   -1.1760053531
  -7.0615148062    3.3678842301    6.6398538009   -0.9180620318    0.2619812005   -4.0598818928
  -1.5366813853    0.3823594262   -6.6996234296   -0.4588155012   -0.0067713876   -1.8738251234
  -0.7239471151    3.5195920638   -1.0449732469   -0.5787032055    2.1555150916    0.7638885800
   6.8210409069   -8.3151971241   -0.6443585945   -3.4456163039   -0.5006066963    0.8511650417
   1.8105181468    8.2724470736   -5.3065413547    0.4125007870   -2.7959557049    3.1669657239
   2.7023918227    2.1931753305    3.1764278601   -2.2730211852   -0.0844550130   -3.0224301328
   8.2176973754   -1.0386939361    7.9667273095   -2.0000400540    2.1005191047   -5.3007867157
  -5.5618929934   -8.0598160628   -6.5947788600    1.2582614475   -2.3622140362    1.0667462211
  -5.2289839086   -5.7400734683   -2.6550784570   -1.8316001966   -1.0608704544    0.3825206655
  -0.2592878265   -3.6376351380    8.5297731555   -0.0309978256   -0.5738498045    4.8375089907
   6.0588786040   -7.3702771646    3.0481732352   -3.5709729889    4.4120817741    0.7720020457
   8.2727866069    8.0775411363    4.3321083347   -0.1944986132    1.3337072779    1.7742944290
   7.2600893316   -4.2323006035   -2.3175800901   -2.8912731345   -0.3239734152   -0.5131107620
  -5.2830233946   -3.7172148287   -6.0481975276   -1.4827184034    0.4706271832    1.6503378849
   7.4918709020    0.8205792075    0.8261389895   -0.1452897264   -2.6716860441    0.3741467994
  -6.0076155704   -0.3332660081   -4.3514918449   -0.6902297123    3.0070638068    3.5238306676
   5.1514857159    0.9866021355   -6.1153065634   -1.8372598103   -2.4385534960    2.0738145145
  -1.9714492784   -7.2603878641    2.7714948084    5.0675486529    1.5676516832    3.5485160224
   1.6950548384   -2.0553263250   -4.7320124485   -2.5072409580    2.0442519441    2.7303766659
  -1.3423150946    3.4979697464   -4.0733795357    5.0993542817   -2.7761981016   -0.4515116872
  -2.5084860570    6.0294305944   -4.7743295364    0.4558447554    1.5356425911   -0.4580266577
   8.4676514599   -1.0866911413   -1.5075019790    2.0594593940   -0.3166541410   -3.1167415766
   7.2233449083   -4.3123839232    0.7393615981   -0.6325731625    2.7804300305    5.5167096468
   2.9851447628    0.3841524242   -2.0843896538   -0.2121852870    0.6794918854    4.3005892852
  -8.2226741502   -7.6753286631    3.7137297349   -4.2474474073    0.8000615608   -4.9850627697
   5.3529148361    7.1008514305   -4.7076595859    1.0219943720    0.6732962930   -0.7397291772
  -4.9777981167   -7.0014120648    2.0944340115    1.1812090613   -3.5786881675    3.3148665296
  -2.5024855654   -8.0492991168    3.5899186686   -2.0616850767   -3.2267359090    1.4548898988
   0.9540632448    4.4850820365    2.6120967552   -3.9522229952   -0.8782361053    0.3315119571
  -3.5650568457   -7.0788077836    5.6394679437   -3.0057345351   -1.9671285250   -1.7215417166
  -8.1101803141    6.0486448977   -5.4702859204    3.7469248880    2.2394183297   -1.7949904005
  -2.4816831495   -6.8834673851   -4.6440621869   -0.9982868412    0.6397865413    3.0768146913
   1.9904761763    3.4799620404    2.1086401776   -0.5026341409    0.8481305590   -2.1480809405
   3.0627159209   -4.8573114484   -0.9196758293   -0.2977677785   -0.0680876293    3.6093829477
  -1.7421119868   -0.4668418185   -3.3952256148   -4.7789036427    0.0659008207    0.0597633582
  -7.0414189593    4.3878760103   -0.8128021267   -4.4166983662    0.6687502622    3.1805331066
   1.2303748746    6.0216053291    8.4103914962    0.0713517586    2.8989209609    2.7963375882
   1.5620814266    2.1424984050   -4.1374937275    1.3784723527   -3.5039983734   -0.0160125809
   0.1817845128    1.5492727188   -7.2876036954   -2.0342438350    2.7404799501   -2.8854312960
   4.0473191917   -2.7105494857    6.0883825970   -2.2009088602    1.6036471255   -0.0726918277
  -8.1725474291   -2.6713008942   -6.1793684922    0.2139016538    1.4260253570    1.1865286461
  -0.0675309886    3.9704381037   -7.1838782700    1.9573237488   -0.4436239687    1.7776547238
   5.6196040313    4.5962294183   -1.9768623194   -0.4322219272    2.4456551098   -4.3065137507
   8.5465629984    7.9884363041    6.3181231482   -1.3265390741   -0.0957608429   -1.5329612479
  -0.1857913511    3.2191394973   -2.3835476442   -2.0246511941   -0.2488179491   -1.0681674565
  -4.9016283527   -4.3972213780    1.9082823622    0.5565010656    2.0360720961    1.9139437074
   6.3503618576   -6.3487896835    0.5802067011   -2.2001603573    1.3075183513    2.0968558554
  -0.3726381945   -5.1136713959    3.9797127889    5.3557322993   -0.2529353189   -0.5341014893
  -5.1314225157   -4.9052563651   -4.8423518176   -1.4433350349   -0.1512505245    0.7102088827
   3.9761054095   -3.8424173925    4.6637916076   -2.5464326465    2.4036244164    3.4267886232
  -6.8985490784   -0.7599415168   -1.8680569191   -1.5384631962   -0.5043161635    3.7077668532
  -1.1332868476   -0.6888814952   -1.9569888570    1.3160890279    0.0725046658    0.5997857468
   1.4889544635    5.0491183393    3.9692373716   -0.2175531445    3.8848963135   -1.4791525715
   6.1858224830   -0.9606884518    3.2009921657    1.0501256966    2.8197265499    0.9556693562
  -5.4690277614    4.7767521583   -5.0263567395    0.5434305582    1.9565508606    1.5480884458
  -1.4969596797   -2.7287005480    4.7024837236   -5.5578174939    1.2572183470    1.5123768311
   5.1037970985   -4.3665828770   -7.2466831407    3.3114286649   -0.5930495278   -0.9743003283
   5.1848710606    4.3436536292   -7.0747777265    0.9773064855    2.2484139470   -0.3089628321
   7.8911658027    7.7064180034   -1.7722409934    0.1814239066    0.7363705015    1.3755948353
   0.6616624901   -4.6870660960   -3.1866428291    2.0038978608    3.8678416113   -2.7378721481
   0.6742850424    3.9262083063   -3.9376009314    1.7155577887   -0.8204934429   -1.7945604994
   0.4865659725    2.3770076222   -0.9710943217    0.9314505372   -3.5833148716    3.6958248802
   4.5945073965    0.7311929538   -1.7964702595    2.6825073448   -1.6394875751   -0.8753909754
   6.0892635469   -0.8997057134    4.2950867639   -1.8062558597   -1.9856042303   -0.5950910474
  -2.3880262676    7.1559296412   -6.5538190843    2.4009245075    1.4706850812    1.1705042570
   6.4669360020   -5.2013393993   -7.9786177549    3.3518118045   -0.5111201953    0.4684431315
   2.0040258375   -8.0822240586   -6.2119600378    0.2491845251    0.9997259004   -3.7599867107
   5.2681976306    3.3128497886   -8.5032673329    1.0452348074    0.0673525348    0.3234912152
   0.3977040686    6.1382178898   -0.2350311775    3.3127182828    1.2371142940    5.5580344925
   4.3898073164   -0.7299247827    5.1492827287    0.9816248158   -4.6618947968    0.8292530418
   0.9888757523    8.5128681917    0.7341735799    0.6111247991   -0.2700608627    1.0777903933
  -3.4896380679    7.2725965194    5.9194792608    0.3728804255   -1.9034903519   -2.7063853429
  -2.0058012379   -4.5391285727   -6.7546456174    1.2798030891   -0.9599358241   -0.6699727569
  -3.6466119529    1.2986140037   -5.8278269962   -2.3546805558    0.9752959070    1.9680801532
  -7.1209961849   -7.1559425090   -6.4213416875    0.0079349228    3.5373183569    3.6353541431
   6.4910574505    1.9421734814   -5.6930097007    3.9592488296    1.8219726315   -0.7460401463
   6.0859614061    7.2782660334    8.1129850877   -1.5087958685    2.6426707149   -0.2937309456
  -7.8583113942    7.5612836990    0.8007304201    1.6610738922   -1.1143823002    1.1109456027
  -5.9409882575   -7.2804811000    2.3458879776    2.4454099807   -3.8506878516    3.1870739844
  -3.4169069051   -7.9141904343   -3.3200236203   -4.1505633548    1.3489740474   -0.1615895559
  -3.5730074926    3.4745549808    2.4814636083   -3.5317608479    2.5873679561   -1.9972916352
  -0.0482531711    6.0646784582    2.8278022846    2.2076434420   -2.2349871740    3.6402875124
   5.6752340300    1.0551348859   -8.3397106288    0.8854819298    2.5497172679    1.4036734891
  -2.3384216756    2.8167888461   -0.4929814269   -1.1400869786   -0.5547418043    4.5541309881
  -1.2187276197    1.0029451015    0.1469224414    0.7362352677   -1.2198739968    0.3618950141
  -4.3306154963    7.2306013538    7.0759677303   -3.8056587186   -2.4448709625   -2.1144347401
   1.1033909195   -3.1601842592   -3.2979626050    0.7737227413   -2.8200479725    3.2577088788
   6.0736936300   -5.2901814142   -2.0137580200    2.0908401262    1.5223869555   -5.1800150352
  -0.6346240171    4.4847290255   -3.7233630564    5.2661923859    0.2358394522   -1.4352300490
   0.1047527994   -7.2012056308    5.4279369344    0.0283982768   -0.4633354496    0.2200914360
  -2.0143137338    0.8623865843   -5.3580156509    0.7825389937   -0.7346914144    0.3272154453
   1.0667851075   -1.2958737789    5.8981688361   -1.2024203608   -1.0796080860   -3.9136246025
  -5.3345001119   -6.0726022257    4.6222339037   -0.4048779317    0.0086882493   -0.2819483206
  -7.5693221288    4.4107681929    6.4936548270    0.2137128204   -0.0338824105   -0.9595837089
  -8.0556362358   -3.8774519071   -0.6220621555   -4.2421553224   -2.8747555069    2.8824457591
   5.4832688729    5.4757728389    5.1266091589    0.7596427111   -1.0960524212    2.8879734370
  -7.0108850223    1.6887521401    6.2399519067    1.1030886169   -0.2213988839    1.9799918026
   6.3796238357   -3.8896001119   -5.5492238524    1.9083338195    0.0987351755   -1.0062955615
   7.6930233942    2.9150455588   -6.5848393289    2.1041690681   -1.4666470362    3.8351456471
  -3.6021944375    2.6121119798    1.9771846238    1.6733163986    1.3668080855    3.5792644953
  -7.8582230460   -2.7687088921   -4.1336327547    4.1803722830   -0.5179859609   -1.8967800345
   4.6844205476   -1.6028410636    8.5308141372   -0.3227360906   -1.7637954108    4.0860150449
  -6.5736778551   -1.1237897506   -5.4603983769    1.3962724746    1.7789316620   -4.6680486735
   7.9256143936    1.2803272127    4.5096099101   -2.7436918623    2.8916454472   -3.1905730322
  -4.2230916482    4.6863530721   -4.9062090717   -1.6010885784    4.1251739716   -0.0233020059
   1.9709195477    6.4174930973    6.9840744748    0.2232450568    2.2898938767   -5.5162844111
   8.0068335160    6.8018995235    6.2673080191   -0.2416460776    0.0881351661   -0.1787376639
   8.2685497299   -5.6865673747    3.5954729537   -2.4016101928    0.3992076305    1.2137180995
   0.5319654858   -5.1824842900   -1.1388407926    1.6409454325    0.4304898918   -0.7864005880
   3.6623258758    1.6410641928    3.5875679410   -2.5015946986   -2.9269253233    0.0498910306
  -0.9309956839   -1.0889120115    6.2243794015    0.2450920250   -0.7630360271    1.5392259432
  -1.7175720291   -1.3078992350   -3.8464664828    0.1267448162   -1.0078455348   -1.7538221339
  -7.8538724490   -4.5901914723    3.4650014836   -1.6624247143   -0.0913198417    2.1833888660
   0.9762972666    7.0175183367    7.7778051285   -2.2582889895    0.4132972742   -1.5386639463
   4.0065753091   -7.3787522388    0.3301915331   -2.9833228970   -0.7280805049   -2.3150772497
   8.0885135586    5.9756942330    4.5224790674    2.8104458591    0.5772450291   -3.9428209177
  -3.3844248878    7.8789979130    3.5771221588    2.7163981921   -0.7328739507    2.0981655750
  -2.7254103638   -0.4420572205   -1.1627121111    1.3060729092    0.2885585818    2.0574109251
   1.0043751430    0.9387660534   -1.8953575613   -1.0250296325    4.1475061141   -4.4627727324
  -3.9565910244    5.6492674802   -5.3806820403    0.4287228367    1.5271654460    2.3038473698
  -0.1009266980    8.5208254719   -0.5442169490    1.3867618168   -0.0481848984   -0.7233952003
  -2.9403116598    6.7824387645   -3.3556851673    1.4899928802   -1.3215008945    1.7024343335
   2.9813866258   -7.8322987916    7.8867488738   -1.3957251197    0.6607367730    0.6459256933
  -2.0357326878    7.9634161333    4.7751790539   -2.5306368969    0.4340257943    3.1505996632
   1.1489429542   -3.9279053317    1.0460142694   -1.5137399523   -0.2650369743    3.6694542926
  -6.9646413769    8.2528510646   -5.7075313031    3.1629975429    0.0211281805   -0.2027008840
  -3.9691676882   -7.9663834644   -0.9498116724    3.7814109186   -3.3176862683   -0.3606501952
  -0.5588425026    6.0926283631    3.9778369552    1.5572053199    0.7365453647   -3.9981837082
   7.9040459748    7.4254532936   -8.0205134932    2.6246737460    1.7354475926   -1.2167142653
   6.6576674347    2.3694951550   -0.8245866230    0.8447303804   -2.6937584486   -1.6938788875
   3.1029217130    1.2489024427    5.6452219973    1.8308103502   -3.1560005249    0.9892886204
   3.2311523283   -7.0833931822    5.5649302808    0.2601920041   -2.1469287319   -3.7130302524
   6.9955404663    3.2876420796    0.4004849859   -3.4981269621   -0.1425560104    0.7408034187
   7.5278655776   -0.2752137875   -3.2330378840    2.4000080547   -2.2434590642   -2.1054288842
  -6.6563216814   -4.7769902008   -0.2794454130   -2.4607280439   -1.9210373502    3.1794798155
  -5.3157666175    4.8880867378    0.6761277325   -1.1925423577    3.2062369818    1.1857977205
  -7.0683063651    3.5872488714    8.2437501819    1.1752459391    0.3307009612   -0.2227086384
  -2.4393028210    2.9872677700    5.3373649873   -2.7154338888    0.8204100643    1.8074619395
   8.0901065182   -0.4080485126   -6.9654209639   -0.1321652670    2.8688517714    0.4947118031
  -8.0838750965   -5.8684051246   -0.9922547867   -1.2323990881   -0.4473343545   -0.9425229559
   0.6500811291    7.6171575732   -1.3215225049   -0.9381777658   -0.4833758227   -1.6134837675
   3.3407472204   -4.7596427871    5.6694475274   -0.7823674191    1.7099959830    0.7877874360
   6.7043434698    0.1695524679    6.2277041686   -0.5978779896    1.4847879422   -2.9996471971
   2.0988404659    2.1352372071    6.2389553421    0.3442061463    3.4631451118   -2.4676455875
  -3.3099375067    3.7304320406   -5.0190133535   -0.5919571183    3.2267900977    0.8931907660
   1.7621316643   -5.1132295078   -1.3008267317   -6.1911073010    1.3525250480   -1.8203068188
   0.6844168167    8.2569786686   -7.8791879068    1.9006500483   -2.2890363327    2.5990853518
  -0.9016047098    4.4067068430    3.9287746866    1.7165670375   -3.2172654196    4.1641423796
  -2.0644553756    4.2184144423    7.8983645290   -0.7042658595   -3.1374999548    3.3828222485
   3.4213044950    4.3669424141    4.7089369568    3.6023076163    1.7562680110    0.6088387253
  -6.0017725778    5.6503095627   -5.0611571900   -3.6611581000    2.0888431884   -2.9000271982
   5.8105527302   -2.1218029793   -3.1947753322   -2.8321865283    2.1827127455    2.3256164762
  -5.9894364957   -4.7852462285    7.6876803618    3.2779555208    1.4805009874   -3.5597907271
   3.6171775696   -6.2244302466   -5.1000214020   -0.1032556558   -0.8758059273    0.3673244950
   7.7334385686   -7.5049082635   -3.9817731675   -1.6798017500    2.6860746750   -0.4155637775
   2.6332532866   -4.3671400815    5.0130468391   -1.0178068715   -1.5723836101    0.3950287915
  -7.1260399815    5.3684988744   -2.2955712461   -3.2188767000    1.7993733101    1.7420429701
  -6.7890394908    5.2172458422    0.6302483241   -0.3037761876    0.4675302709    3.7401962852
   1.0366905587   -0.8740320841    1.6232877146   -0.7369809196    5.0678287441    1.4186696081
  -4.6689465943   -3.0970616664   -3.1798404314   -1.8494994944   -1.3711401058    1.7414192647
  -3.9656048482    5.8431252559    2.4693243627    1.0445344220    4.2276664413    3.0389329971
  -5.0138652479    0.4671570131    5.0216213598   -3.6402493886   -3.7422685189   -0.6748898992
   3.6970971743    0.8872604467   -5.3098970651   -0.7302923112   -0.8055194694   -2.2578739805
  -6.9864511231   -6.0049994010   -0.5066933109    2.3130736667    0.0360928924   -2.7686102574
  -7.7256720435    1.9651487120   -0.9488221854    0.0914845293   -0.2741287473   -0.8566326396
  -6.4713517753   -6.8535647911   -1.9754378466   -5.1824823625   -5.1549824306    0.3730635115
  -3.8482299581    2.6025338112   -1.5623280384   -3.3889717952    1.2144656286    1.9221249208
  -7.4947580776   -6.1764943706   -2.2605642224   -0.2211174833    1.2724921615    1.7910338979
  -6.5193628534    8.2648541145   -3.9636065773    1.2637044797    0.1638544903   -2.2006594652
  -7.6577135266    7.5185340048   -6.1157744549    0.7443389012   -0.7225547593   -3.3261642213
   4.4705159678   -5.6383771095   -1.2941905069   -0.6480777621   -0.4961933936    0.8907796442
   7.9199776691   -3.0783947705   -2.2061573260    1.7083581142   -2.6937492732   -0.5013389748
   4.7724668674   -1.9674638731   -3.2751871135   -1.4331563112   -2.2683819093    0.8428610009
   1.3878291431    0.0337167978    4.9710149055   -0.9363635980   -0.6768100456   -0.7300669633
   4.9403860091   -0.9220106731    3.4142104512   -1.1299369434   -2.8128647152   -3.6061666198
   3.2152595192   -5.7090683832   -8.5412489662    1.7773199723   -1.3964267834    0.9978409932
   3.3366445147   -8.2089307498    0.0475352103   -2.1605155052   -1.5142490063   -1.8162861510
   6.2557987355    0.4216814012   -4.0757846237    0.8037028871   -1.2950620010   -2.1239438583
   4.8494547000    4.3198296928    6.4270049436    1.8168950859    0.1500586134   -1.0590997042
  -1.8934327200    3.4467011739   -7.8211114912   -0.3385842203   -2.6076800599    4.6476999290
   5.3235669299   -7.0367220695   -2.4448173350    0.5972051024   -0.0848349943   -3.3152918394
  -1.2027788308    2.3290309772    6.4708138916   -1.1125193223    0.7162594007    2.9634595070
   0.7929334408   -2.3824027531    6.4331126801   -3.1853439641    0.6053701296    0.6694301633
  -8.4309286656   -6.2403529383   -0.0885857518    0.9939600410   -2.7463788853   -2.2722147207
   4.6010542555    4.3528369895    4.0034283881   -2.9011573263   -0.6049534395    0.5732859502
  -0.0295436405   -6.9236274992    7.2673646089    2.6109337770    1.9449706497    2.6897447328
   0.3528392217    6.4109021345   -6.2620386150    1.2490366855    2.4522858819    1.8534536844
  -4.4189810228   -8.3949675309    3.7252453281    3.1645161571    0.8809583298   -1.8993212452
  -6.6468333052    5.0425046962    7.6034138354    1.5691265834    2.3381874341   -0.0998602046
  -1.2790019344    2.8281674454    5.3121641201   -0.7931690604   -2.7633448706   -0.9619914343
   3.5004472046    2.7734786777    5.2163485177   -1.5527599784    0.2482714327    1.3120954820
   4.1838372914   -0.7990768173    2.2883095626    0.5241642002    3.5029742116    4.0394545747
  -4.5793081539   -5.1865839531    6.9504124975   -2.0828649500   -0.2460619260    2.0373426581
  -0.0277188907    5.0211161125   -6.1586574288    0.2267437078   -3.8514567422   -0.1512606315
   5.5339491434   -4.0338319807    4.4670626388   -3.5279223523   -1.0017486434   -1.4258641435
   0.5409006074   -2.8753469197   -4.5462480645    0.1646245361   -0.7515466540   -1.7567179765
   4.9713344510   -1.9082650432    4.1771185901    4.7580402992   -0.1797580034   -1.7452573911
  -4.7420259921   -5.0162598792   -1.1990250952   -1.5516912961   -3.8446467819   -2.0227033432
  -7.0935027197   -4.8448843701    4.2233617291    0.7291898355    2.8619537275    0.6191019916
  -0.6210728125    8.1177480139    0.6523572865    1.9117700953    1.4557030826   -4.9712716984
   6.2642987202   -7.5934215013   -7.1080438253   -4.2143052838    0.1774075499   -0.0358141248
  -2.8472139885    2.4822395541   -1.3387961235   -0.5231470485    1.3743400212    4.2064807323
   7.8695767837   -3.2623498395   -0.1838300243   -4.0963520131    2.4621604436    0.3998013636
  -5.1319165778   -1.1016724431   -7.2938827201    1.6389365507   -1.1898621197   -0.7093233585
   6.5834986046    7.0887398691   -5.4720071726   -2.1630787568   -2.0128318188   -1.0521142285
  -6.9153282523    2.0153548223    5.0745669874   -0.3569377758   -2.3914476235    0.1461877512
   7.0888626726    4.7146334254   -5.8159195693    0.6665556472    4.1262489648   -1.2698283760
   1.1632856444    4.2392799433    6.6960262139    1.2817409393    1.9433923384   -3.4774177957
   4.1699100461    0.4767632670   -6.3937532289    2.6372725229    0.6067745746    0.9566158332
   3.2619454406    3.5883965481    5.6790622477    6.9434489518    0.8270210137   -0.6322383715
  -6.9741791064   -7.5141182160   -1.3031520567   -3.6181667507    0.6356016043    1.9218943496
   4.2041859709    8.3128798210    2.8168305502   -0.0097852457   -1.7250605237    1.7147254348
  -1.0403663664   -2.3348014710    6.5587039529   -0.7589707666    3.1775418449    2.8954009870
   8.5450065626   -0.8138765640    1.0590212532   -2.4254604945   -1.4165966415   -5.5755549350
  -3.6987530725   -4.7933265562    6.8242183809    3.6594207542   -1.8700985253   -3.7594012253
  -5.1027917244   -0.0386675281   -6.3131623580    1.5048438439    0.7093776756   -3.0981242537
   2.4165488571   -3.3059303795    2.8481775813   -0.0102794844    3.1398336279    1.5228663109
  -8.4567915940    5.9276346964   -1.5808171930    2.0975960738    2.1788742282   -2.4771694407
  -3.1587155774    0.3916916705   -2.3459867222    0.5213034917   -1.5732871431   -1.4042978010
  -7.2507673786   -0.2995892183   -2.7990138226   -0.0105284879    1.8032032180    0.0224094807
   6.4200764677    4.6975018413    8.1736124778    1.4716258410    1.2539184013   -1.6720938552
   1.1123674603    1.2289975191   -3.5125075730    2.0420034384    0.8954069461    1.1360520621
   7.7177070593   -1.6782086418   -7.9210968024   -6.1288464190   -1.7312778688   -5.0077765827
  -3.1276034376    5.9136857925    0.6689564887   -1.9810740041    1.3875685062   -2.6031546552
  -2.6750373141    2.3825917958    4.4682277204    0.6700242185    1.3630796362   -4.8983969667
  -5.1743193057    6.7668690704    1.7400235561    1.5273434533   -0.0787744753   -0.9166079635
  -2.3544000590    1.2389026087   -7.5884813720    1.5291614888   -0.3771190023   -2.5142089017
   2.1419599783   -2.9962925004   -3.8313473709    3.0906242988    4.0729054636   -0.8554303454
   7.1235134419   -1.9738082010   -1.9762651587    0.4590295514    1.2384711393   -2.7781095275
  -0.8204179276   -5.4780466803   -4.0427243569   -1.6957530365    3.1320492886    1.3371640916
  -3.1030184920    5.5345624567   -6.8022690373   -3.5441427989   -1.8168746155   -4.1872191896
   7.2426035690   -0.5939192910    2.8720993617   -1.6368649444   -0.6454646466    1.3779796131
   3.9359539107   -5.7637224684   -7.8750297397   -2.0425031425   -3.8515549507    1.1845482640
   0.0721560135    4.5485748100   -1.3666168839    3.2509702395    1.6855999862    1.5937032545
   0.5645832566    5.3534951973    4.7366292777   -0.4617626892    2.7931262268    1.0921850158
  -2.1271712899    5.6612984829    2.7333196838   -1.5918038187    0.4078067271    1.6880131482
   2.2248602167    0.7147365381   -6.0062862171    1.2817646101   -0.1544462381   -3.2044529279
   6.7030309193    1.4933638495    1.1944650786   -4.0801866048    1.6505073998    0.1266851025
  -5.1263316418    4.0713203426   -0.2850997991   -0.3743212606   -0.4605641860    1.5016042982
  -7.3348667626   -8.2447475515    5.3922270581   -0.9202590871   -2.3426177357    0.6400434549
  -2.9963852467   -1.4201386879   -4.8334290937   -0.6356660950   -2.0184347866    2.4786212012
   7.6720713590    8.4238645315   -6.3808571098    0.0735342052    1.4676751531    3.2749852751
  -3.6621912045    1.6641658797   -3.2730140140   -3.2247772842    0.9365598106    1.6917335247
  -0.7661809356   -2.1659599587    0.3432903501    3.6762994875    1.7350413132    0.0691936696
   2.0520005582    7.5931032895    8.1292065841   -4.3088874538    3.4524076692    4.2256213712
   7.6058074380    5.8758587934    2.5479845383    1.7041370710   -0.3308573274    1.1756199105
  -2.2765151565   -2.6871342991   -3.7400696976   -2.1781965128   -0.4257886750    1.0850046788
   5.8993220880    4.3030200443    2.1974037188    1.3653959796    0.7868268728    4.8029524018
   0.2056886977   -7.8447241385    1.8917680452    1.4951671808    0.7122279890   -0.8789109889
   5.1210374698   -3.5954909397   -1.5183384125    3.3286947651   -3.7126033908   -0.6303154185
  -4.9219564556    5.9420880909    6.6470437416    5.4082652753   -0.1484370170   -4.4913508409
  -2.1064991410    5.2404780125   -7.1039551640   -0.2135350470    1.3083230512   -0.4203832437
  -7.9409790166   -6.4605555595    8.4187938059    3.2892960110    0.1801431957   -0.4965604443
