           1000
    17.09975947
   5.5217117711    6.5683619337   -1.4168238107    0.3323732292    1.7649730346    0.7741813554
  -2.0244928553    4.7149586078   -6.6381550049   -0.1261165079   -3.8610431563   -1.8821820882
  -2.0039865428    6.0283295443    1.8242222956    1.0379399314    1.6890565841    2.9423894198
   7.2766854491   -3.8849712615    1.3193787103   -1.0670808407    0.2842905676    1.2974792675
   5.0046366353   -3.1998563435   -0.7255573015    0.8344461026   -2.2785049315    2.2942330854
   1.2760529290    0.8475099339   -2.6756575568   -0.6748144768    0.5440321714    0.9154702160
   6.4124920386    0.1041580267    5.1751456482    2.0171193339   -2.4317843153   -1.9437594904
   7.7035098942   -7.7593126717    4.6588329824    2.8606433344   -2.4534679784    1.8294754855
  -6.6927086464   -2.4033419076   -3.5085979241   -1.5854593505    2.4433912968   -0.4081735479
  -0.2856772656    3.5098927124   -4.7340329469   -1.2438404138   -2.5922669388    4.0669648597
   0.4971918294    5.2952356768    2.4485241815   -1.6189364866    0.9013545990    1.4596865392
   5.1228089435   -2.6812008737   -6.3407079508   -1.6887368741   -0.9353004402   -3.1176931371
   0.4498549457   -0.8585190520    4.6453875932    2.8527986794   -3.1722182103    0.4813394527
  -0.7073588240    4.2210977942   -5.5473353942    1.0790123484    2.1841135304   -1.5402527240
   7.5612624315   -1.9962528046   -6.3452851046   -2.8236190409   -0.0385369047   -2.3549958311
  -3.3430117215    5.1288364570   -1.2747906078   -1.9073098437    0.8286284214    2.1582755756
  -8.5137956011   -7.3089781600    4.3910381595   -0.9066051203    0.9642014786    1.2875409871
  -0.9671001059    4.4422322887    2.6711306614   -0.8799193430    3.3206090519   -0.4327265274
  -7.9953755690    2.5445396976    3.5393774033   -1.4406651355   -1.8253327544    0.8203924830
   1.9972118377   -4.5128307169    3.1259670568    1.0764250064    1.7497877408   -0.1323716036
   1.7228253447    2.0742849161    4.4713849371   -1.0066468186   -1.2165103596   -2.7445604981
  -0.7883537870    6.6055861832    4.0924107305    1.2158513637   -0.0807954552   -2.1052481192
  -0.7196496757    0.6294392767   -0.8050366272   -1.2341928189    3.6223230046   -2.2362983791
   3.0714814142    8.1900064645    2.4208248549    0.3044086933    1.5185448664   -1.1309290394
   2.0667417196   -8.4343161793   -2.2649408396   -2.2415268479    1.9944972440    3.5624104092
  -0.4337777587    0.4400319443    4.8668394359    2.3890222538   -1.5794441037   -1.8630898710
   7.1016807495    6.7923414573   -5.0033693211    1.7297803770    1.9697881870   -0.4697618561
   1.1616795083   -4.3639727942    2.2733300705   -0.8078862419    0.7124395713   -1.4657018494
   1.8704808654   -6.1323946261   -7.8803936313    3.0895506549   -0.1081773172   -1.9057740324
   5.4318098574   -3.4852588797   -1.7889041413    0.2070670733   -0.5086254188    0.0504681153
   0.6820575996   -2.5975171313    5.7902236393    0.5877824951   -1.3827751013   -3.4761457471
   3.6056976719    4.5988396739    7.8684755960   -2.5648536404   -1.1591830421   -1.0264499982
  -8.0817014811   -8.1842764563   -3.8035795063    1.2782291920   -1.4974009681   -1.3940579673
  -0.5494581014   -7.2460025157   -4.1768364799   -0.4080407277   -1.4478463359   -0.0978512662
   1.8120578093    6.3421946389   -0.9219780939   -0.8170724751    0.8057408563    2.7218994014
   1.6040435276   -4.9834385351   -3.6406788571    0.7547509756    1.6804344780   -0.5479905815
   6.0756905928    2.4559983505    6.7124851495   -0.9241351490   -0.8349228736    1.1351926042
   7.8571417184    8.1217517500    4.8042301943   -1.1865034430    1.0491394806   -0.8806077915
  -6.7558531948   -2.2362813513   -8.0791745656    1.7708033866    3.1937828663    5.3922275465
   7.0789799275    2.8907878150    6.3712525508    1.1879336595   -0.4418768026    2.6330018987
   7.1572080109   -3.1814759754   -8.0245314667    0.7331820544   -3.6444394857    0.1438886012
   3.6416101788   -1.6088366058   -1.7638548375   -0.4674625233   -1.7676038412    1.8622309111
  -1.4122295211   -2.1487735831    2.7948961852   -0.3534285879    2.7510329442    4.8514634643
  -3.1020013369   -0.4758549975   -3.0324984984   -0.3726051021   -3.6675652439    0.2192507516
  -5.8884157376   -4.4492200090   -8.4697016463    2.2887657249   -2.2413791983    2.0550922575
  -2.2170520042    1.5711115831   -6.7901986946    0.2064986413   -1.9787446470   -3.6501034719
   7.1978020576   -6.9689587239    7.0318460088   -1.7858702997    2.9358128001    1.3176024181
  -4.7351791654    2.6425553605    8.0459929181   -2.4138689233   -1.1477790408    0.7917135054
   7.0558633521   -3.4865841950    7.2896279064    2.2097674521    1.0272665687    3.5956758893
  -0.8961451812    6.3209614901   -5.1702169683   -1.7172611756   -3.3079832851    1.2230666286
  -4.5635033559    5.2394563380   -0.1213515555    0.3638605819    3.4589260612    2.0447864124
   0.4189620709    4.3990157450    3.6948830825   -0.2750068897    0.1103691974   -0.9863268549
   4.1023071751    0.3698262279    8.5475166431   -0.0270955602    2.1334787951    3.0012296023
  -7.6288670852    7.9569016715    6.9296642570    0.6955076477    2.0599014543    1.6707730120
   6.3630505701    7.5203310882   -3.0570645280   -1.4793305479    1.2354376113    3.3990720064
  -8.2709747116   -5.6701171472    0.2510731439   -1.9230839480    1.0195444723   -3.2632995124
  -4.8883790428   -0.0989986981    4.3772617871    3.2860866055   -4.3281630514    3.1537764349
  -6.7889014101   -5.6636328128   -0.5843996687    0.8050356385    2.0086124329   -1.5239514863
   4.4757521087   -5.2769206313   -4.5426010203    1.5006360585   -0.8107397687    0.2717121992
   1.1856852528   -7.5519163537    4.8625880476   -1.6804452629   -1.2575801467    1.4213778863
  -5.7690412993    2.7035246760    5.2584436433   -0.9494801634    0.7307094345   -2.4383571032
  -4.8175219187   -2.0717210293    5.3061852131    0.4245258835   -0.6119428779    2.3217913411
   4.6033498167   -4.2873851049   -1.3787431241   -3.1180955838    0.5539156996   -2.3867421183
   3.4486477454   -4.5697499477    3.6096786063    2.6224425560   -2.1678754807    3.5367418039
  -3.7475789903    8.2157647875   -6.5914062342    1.3840073332   -2.3917342817    0.7742917476
  -6.5942004900   -8.0894407518   -6.9481542060   -0.8554121488   -0.9871636652   -0.7267175182
   5.0157157529   -6.9558987141   -3.8638858551   -3.6811543368   -0.5772991369    2.7340633188
  -6.7209168460   -6.7080078864    6.5616001854   -1.3670105842   -2.8775733204   -1.1487057011
   3.2514887609    7.2473830760    6.2577255594   -2.7869951137    2.9264958820   -3.0772403390
   3.6445068155   -7.9070332414   -3.8421422931   -0.6854325970   -1.9720039178   -2.3143748521
  -5.2375244125    1.2361175371   -5.0146777110    0.5947145338   -2.6606546842   -3.0920898232
  -5.9010389802   -4.7006283959   -6.1016601554    0.6318067083    4.3051101500   -1.0553561041
   4.0449789498    7.7226706135   -7.3841634081    2.4230912236    2.8685254840   -1.1121935723
  -0.0294064775    2.7065920559    0.9638301169   -2.5488156041   -0.3843907723   -0.7127739229
  -1.5320008047    5.1929866675   -1.6995311641   -0.1673280861    0.3556167533    0.5977825584
   5.8366717000   -3.7438397463   -3.4769325043   -0.1945283933    2.4063846649    1.2164411683
  -7.5310865150    0.9147529639    1.4489689870    0.9788332783    0.6484161774    2.0927783343
   2.7426716800   -3.5394575717   -8.3234954014    0.2768904128    1.4921711699   -1.0945981076
  -2.7215558570   -5.6216469605   -6.0706096356   -0.4522795626    4.3782958831    2.6345567519
  -3.5327513319    2.6767802188    4.3758207827    2.7067470027    2.0343045622    0.1069501621
  -4.5713474984    0.8193126772   -3.6465083348   -2.7694375684    1.3504083086   -1.6705738840
  -7.9893061898   -6.4889920377   -3.7698454299    1.5951291444    3.1388725841   -2.8445780170
   5.5467885534   -7.9837090260   -8.0318482243   -2.9191242393    0.8220008244    1.9842225083
  -0.0596262909    5.4092594488    3.9915221116    1.2071757325    3.0596451528   -2.0729092175
  -4.0130492765   -3.0015482529   -6.3382305933   -1.0541583836    2.6075675043   -1.9451945127
  -5.2246762345    3.1966734464    4.3529797799    1.6650759025   -0.0844902979   -4.6037382393
  -2.2295936563   -3.3673710060    8.2363129746    0.9009786913   -1.6799639607    0.4955080771
   5.4520298750    1.5865386933    5.7919032271   -3.5682922405   -1.8079909964    3.0559511459
   0.4139931707   -6.1451897891    1.4009326782    2.9691198061   -0.5502675298    1.2269074057
  -8.2772876692   -7.9609195147   -5.4350939962    0.6834215533   -0.3805091949    0.2159033913
  -7.8592378228    2.3997740076   -8.2271720240    4.2435516184   -2.9384061132    1.9222653141
   1.8751743899    4.7868384013   -2.2785430916    3.1856016117   -0.1594660456    2.0687888939
   0.9995449859   -4.6319434147    3.2631092149   -4.2783412074   -1.2556472353    1.2077846637
   4.7508856409   -3.9890029741    1.8009956398   -1.7516669188   -2.0889797735    0.0161471156
   4.9146305938    1.1384542161    1.8681627397   -1.4200754906   -0.2493658249    3.2505756762
  -3.4654326162   -2.1908892476   -5.7435517517   -2.8885284509   -2.4037187253   -1.9586834591
   7.2096976593   -0.9665334862   -1.1432555939   -1.2738336157    3.6129337387   -0.1593335853
   8.3017086588    0.9959185257   -6.7987632593    1.3979886878    0.2330501982    4.3016001424
   1.0482756786    7.1494367523    5.0536291173   -0.4699060448   -2.1587242173    4.9774755545
   6.3961897032    8.3648917234    0.0653505465   -3.3449663832   -3.0117286120    3.0286168745
  -2.2269917032    1.8474035200   -2.5038404966   -2.2303080297    4.2604447943    4.0820371736
   4.0265084592   -6.4390512640   -4.0069547611   -3.6002826941   -5.3204066358   -1.7959510263
  -4.1596516118    3.2627920861   -4.4116410780   -0.7576364330    1.4536319576   -0.3514819838
  -3.5862484760    8.0756534000    4.9732449873   -1.2083713344    3.3311951386   -2.8526887048
  -4.8049259671    8.3622076561    5.7544252672   -0.4549938483    1.9708338988    2.2620322681
  -1.7246599912   -8.3792791777   -2.1615794788    3.1739108095    1.1009577667    2.9415243600
   6.6851354856   -3.1168274489    5.8904063497    1.4351091545   -3.8374933101   -0.6991353795
  -1.6565371534    0.4365194699   -8.3103275405   -4.2356132879    1.0120385200   -1.5483050834
  -1.4911054664    1.2881803213    1.4490209428    0.2132999267    3.4450900334   -1.1119237035
  -2.1256984297    4.2678742800   -5.2685412871   -1.1578577280   -3.6018438381    1.1272780762
   5.3914425429    3.6079017544   -1.7419960278   -1.5631182906    0.8669095357    0.9310572877
   1.8719319408    6.2143918874   -4.0979602716   -2.3562801202    0.4081923218    0.0975831743
   7.9091952278   -2.3432340088    0.6515595020    1.0735242432   -2.3480582407   -3.0667780852
   4.2606551970   -3.1069074744    0.0030359741   -2.1463585526    0.5719870091    0.1831451355
   6.3036819632    6.0526213065    1.1082696024    0.1633185765    3.9386481302    1.8221505694
   8.4710121572   -2.5049743641   -5.7650842294   -1.2132528110    1.5215283446   -2.1549651985
   1.0892913331   -3.8107347921    1.1254552607   -1.5076806372    3.4451625050   -0.7761826282
   5.4824973976   -0.7098330044   -2.8044413548   -0.6924400177    0.4202115404   -3.9517223749
  -6.2356743710    6.4091071921    7.3477879478   -1.1975393438    0.4043403988    0.3886996512
  -7.4003779732    1.6339341218   -3.9748494616   -0.6588814209   -2.4031068047   -2.2538620846
  -3.8903748343    8.2077780682    2.4444376844   -0.6732809810   -6.3964444312    2.2427634030
  -6.4300118074    1.1889117433    2.7237939171   -2.6639029978   -0.7997168858    6.6994405898
  -3.0474736239    1.9689249957   -6.0676578270   -1.0534386015    1.1152657035    1.8335797857
  -4.8881052623    7.6618815994   -2.6767300719   -0.0928272975    1.4411452204   -2.4011054975
  -8.3036759159    3.8879915652   -3.8195343231   -2.8719799310   -3.7877738920    1.6907456773
  -5.0518914213    5.0419703587    3.2274636699   -2.7176685719   -0.1079785122    2.4584012917
   3.9432064464   -4.0128206072   -7.3502261550   -0.2936695547    2.7703462854   -1.2215223786
   4.7706195499   -7.9398821041    2.7882865376   -1.1078763138    0.4494050060    0.4837532980
   1.8761772134   -3.0446579625   -7.5786934415    2.2073939270   -1.1553537649    0.8763490044
   7.7563929631    2.8021851417    2.1183526551    3.4390118036    2.4120431984    0.9090443277
  -6.1632195466    4.9372768083    7.7945695051    0.6996586864    1.6691559699   -0.8373032538
   3.6676943164    0.0401020742    6.9962263580   -1.8815130721    0.4015118162    1.0298796574
  -5.9809118092   -1.3983102241   -8.2876662555   -3.1054971472    4.7799299484   -6.7790329127
  -8.1584398430   -1.9902304949   -8.4963847897   -1.2129973532    1.7124458289    1.9071537366
  -6.4852896744   -3.0499051549   -5.9872886315   -1.4514020749   -3.2597031449   -1.8231584519
  -2.5322947101    1.7264749307   -3.4584281114   -0.6555231013    2.6630297516    0.6379181885
  -2.9884307647   -4.8726840598   -3.3433632436    0.4972831714    1.1495676705   -0.7283467392
   1.3833882635    6.7991459012    2.5405310746   -4.1367340069    3.1105844552    1.3673013779
  -1.9202337216   -3.0042838643    4.0161146045   -2.4203263047    0.3267163539   -2.5777580087
   6.4191758979   -5.5013756599   -2.1238362962    0.5556743659   -1.2001447051    1.7959428203
   5.5470814521   -7.0224395244    3.0342019469   -3.5180957447   -0.1380364124    2.3503137133
   5.1849380228    2.6238276569    5.5698316918   -2.1749016026   -1.0255048588   -2.3390907385
   3.5134545981    1.7003526511    6.2385566464    0.4016251552   -3.8857836028    3.3712849677
  -5.3720963323   -1.9254334516   -3.8814239987   -0.8725117400    1.0942110656   -4.1948159237
   2.1585168254    7.0898790411    6.2962522213    1.5289664438   -3.1401691461   -2.0230146050
   6.8204102227   -1.8493167051   -3.6332836758    0.7290921705   -0.1086976177    0.3189931893
  -2.7676521146    6.6243895526   -1.9759679637    1.9476903381    2.1847184066   -5.7015426900
  -7.7724338071   -8.3625312751    1.8091363900    0.0863206460   -1.9322436435   -3.2568593568
   5.0827798132   -0.5744561123   -7.9402287442   -0.1412178332   -0.1749474330    0.8885432873
  -7.2745197826   -5.0882946261    6.2995018027    0.5237203043   -0.9508149909    0.0456791810
   4.1181446390   -1.2360922703   -5.5238546625    2.6874783092   -2.3396160988    2.3112927223
   5.6119064676    6.0589264170    8.1706150556   -2.1805041764    0.4484393315    2.7830167495
  -2.9031420447   -4.4961974441    2.5774445385   -1.9012482230    2.4494896032    1.3808514507
   7.1768286896   -6.3185769089    0.3674983976    0.6969338059   -2.9007633434    0.1511566451
   2.7755869918    7.0497970441    4.3167182681   -0.5759936447    0.3274547419    1.8899499739
   2.5494117246    3.5197169541   -4.8062303730   -2.7918789670   -1.4441784792    2.0169382422
  -0.7392123331   -4.0736882879   -2.4385348927   -0.3668098145   -1.1759697364   -0.1186430217
  -6.0916849885    4.0227855867   -0.7927095416   -2.8148876890   -0.3913232635   -1.2493957843
   7.7824484548    3.7636485887   -8.1408673827   -1.3679299597   -1.3829561844   -0.7731130110
   5.2901442723    5.1532043039    7.3414982721    2.0200931524    0.9855994424   -1.0588666166
  -8.3524540542    1.3725981471    6.2420700240    1.7071620376    4.1386251353   -1.7587400094
  -1.4575714921   -7.8924688306   -5.9042240938   -4.4813280399    0.8559600628    2.6423080091
   6.9964778660    5.0406305802   -1.7481444067    1.0991359654   -3.6215937712    2.3318707685
  -5.3328194475    5.3334159935    1.2410202232   -0.1293539663    1.9316539959   -0.3170450546
  -0.4718925941    1.4738279525   -0.3021620716   -0.5554031429   -1.2085599672   -0.7236087934
  -6.1103466746   -7.1953493048    3.5228422612    0.0306045739   -1.5914612635   -1.4299957620
   3.6061712745   -0.4326445268   -7.6205817048    2.5834220581   -2.3503977620   -4.0914646917
  -0.4643596124    3.8374530951    4.8944079639    0.2107323579   -0.9406796138    1.1272202264
  -2.1707637818   -4.2987960253    5.7289807287    1.7448387811   -0.8675584631    4.0659513483
  -2.6722701550    5.2476423844   -6.4224953727   -1.5227432417   -2.6002334751    1.9021050280
  -6.2680260006    7.3518535544    3.4784421780    2.9925740697   -2.8247484709   -1.4482673077
   1.8636271970   -5.7437764431    3.4125139078   -2.1141778808    1.6213585465    1.1446261129
   0.2312809750    8.4164051239   -4.3573808672   -0.7696934377   -0.1450455019    1.7724414940
  -4.0110451004    2.7829968337    7.0627055377   -0.6512975966   -3.3590970178   -2.9431017520
  -6.5270226615    4.8428702010    0.6079216040    3.5296411027    4.8242465021   -4.4212505605
  -4.3307789954    6.6080250862   -7.9456388942    1.8984263742    3.0406947605    3.9595895695
  -4.5102920379   -1.7033738472   -4.8331367165    1.9418778210   -1.2971930199    0.3422250728
  -4.8279119082   -5.8887836375   -4.4505236120   -0.3792182538    0.5283959254   -0.4862057523
  -5.5821926791   -6.2832245667   -0.8012514050    1.4242701346   -1.3547283024   -2.5822104603
  -4.3568035283   -7.3707567511    2.5300373482   -0.3982386496   -0.1453281178   -1.0681675208
   7.0609648485   -6.5674030409   -5.5506464520   -0.8230490866   -1.0401506511    1.6545565799
  -6.4493611282    4.7825458360   -3.0305336764   -0.0660327511    1.0861963120   -3.3206741193
  -1.7109028298    8.1652991101    2.2628473446   -1.8074207276    2.1006407072   -2.5014436387
  -5.5083974498   -4.7096643660    0.9699474616   -0.0437346571    0.2712645309    0.9785779012
   0.4040455843   -0.6366073035   -1.4241380419    0.0114283261    2.8358848699    0.6671531899
   6.4000323293   -6.4720203173   -2.9353179683   -1.7179486376    1.3581442814   -0.4391079950
  -4.9717047567    6.5991852676   -3.3106599597   -0.6875916677    0.2026546139    2.6475126034
   8.3257705054   -6.3353938297   -1.9263176094   -0.3656684883   -1.0581786187   -2.9091102296
   5.6142002243   -5.8057678120    8.4475200762    6.3226069670    0.2805078130    3.4894124307
   2.8625760007   -8.1884771362    7.8434569428   -1.1075173082    4.7260103861    0.1257013744
   2.3831627553    3.0989045682    4.6571119080   -2.0565143498   -3.3070263476   -3.6678453883
  -1.6865430443   -5.3350493635   -8.3253924926    1.8001066384   -1.9352350314   -4.1011247842
  -5.8618789626   -5.0574933899   -0.8633856934   -3.2833484522    1.4575196637   -1.1309643283
  -5.1407215447    0.6319026558   -7.9150062534    0.0999015684    3.4941776515   -4.6112676595
   1.9656672250    2.5979763885   -2.5491516043    5.5538307561    0.3851892620    2.2984236139
  -0.4543684187    1.5144533239    2.2465321689    0.9193567044   -1.2581836287   -1.0829328050
  -3.0551550781   -5.5860998790    6.5856525032    0.3723617529    1.0153230643    2.9102450856
  -7.4645007687   -7.3083542173    8.2010058736   -2.2769755254    0.9428959239   -0.8380078102
   4.9304078484    6.6331740028   -6.1999098753   -3.1700444647    0.2726342149    2.3195753919
  -7.7466631306   -6.1349035049    1.8144235240   -1.1341895999    4.2606080223    0.9231172899
  -5.5427051279   -0.5096638800   -2.6107488331    1.7143110474    0.0568799474    2.3844890007
  -2.4827226836    1.0368417506   -5.7412521827   -2.8644341228    1.3063156288   -2.8292477748
   3.1050511434   -4.7688430409    1.8195825407    0.5457605421    1.7649681985   -2.4915953493
  -7.4573617250    3.8388272735    8.4343895065    0.4622370789    2.5508853871    2.8230251866
  -1.1634558321   -0.1681036737    5.5395880897   -2.8925037028   -1.4093992086   -1.6712341834
  -7.7548056200   -0.9313346901   -0.2392684487   -2.1121635709   -5.1983272494   -0.2462496981
   0.8983472057   -1.5435813236   -7.8263788173    3.2611584303    4.2143689502    1.1173834682
  -0.7330896507   -8.3446285323   -5.0548306674    0.5778006121   -3.3074141212   -2.4532185566
  -2.7929298550   -6.4473606778   -5.5971862044   -2.3118514693    1.6589867881   -0.2353146124
  -3.3293380246   -3.7793079340    3.4438730141    1.1052829972   -1.6048539813    0.0468047501
   0.4043048236    2.2679904106    5.7946776419    1.6174881079   -2.2991901482    0.1034236243
   5.4333140398    1.3012209661   -3.1100611347    3.7590049682   -1.8175986371    0.2470852245
   5.7838262368    1.4167594870    7.4394536510   -1.8516091373    1.5892983128   -1.4483253428
  -3.9874584751    4.0859286443    7.9819752716   -1.1348526525    3.9107151367   -2.2852310148
   5.7030707594    7.6805646878    0.7553059832    2.2057034476    2.2054399721    2.5084055952
  -2.2556332362    7.6427294244   -6.8049096153   -3.0101094775   -0.9091250256   -0.1616274328
   7.7797630168   -5.6253565166   -0.2864395760   -1.6414012483   -1.1316693330    3.0124825303
   1.5029245693    1.7339804811   -7.5167036424   -0.8850580389    1.1788409966    0.3992356359
   6.7407817881    6.3455480408   -4.0751772245    5.7804182484   -1.6248817145   -1.8295033356
   5.0423756698   -5.9513856350    4.5893960821    2.2827306094    0.0904444297    2.0604049058
  -5.8592110379    3.2796748377    8.3227486666   -0.5408881949    1.1738361421    1.0186092708
   4.1530107464   -7.1989736888    6.4734455864    1.7314604223   -1.6600298009    1.2509431263
  -7.1283140991    4.0034660953    2.3446963149   -1.5163517387    0.6568305602    1.0084977098
   6.6141048186    8.3118620374   -1.7727608548   -0.3016470740    5.0759918415   -0.2857766497
  -4.4864361267    2.7551887061    3.6348850913    1.8475617322   -0.7079606725   -4.6902801241
   7.4197838815    2.9728215061   -1.5287547658    1.0691399795    3.2337903214    1.1768373410
   7.3696120834   -7.2889515055   -0.7738151734   -0.5113726782    1.6478722019    4.1965778047
   5.2584684355   -5.5126006467    6.8736091296    1.0799927720    1.5638372132    2.6066344528
  -5.9683989093    1.1126328156   -5.8665217760   -2.3945537176    1.2892375996    2.6261871777
   8.3634435811    0.1101085637    4.2633461678   -1.1357684195   -0.0952612585   -1.5001824346
  -2.5279765909   -0.0890404610    4.6755366946   -3.2028700390    0.0332012718    0.4474825786
   5.7014826102   -7.9797402759    7.3549692287    3.8218456741   -0.0952879432    1.0679657781
  -2.4849728766   -4.0925813886   -2.6300172846    2.7454172075   -1.9231228299   -0.2369481100
  -2.5306315891   -8.1798799232   -0.5998710896   -0.4305514324    3.1681874545    1.6896616089
   0.7019444486   -1.0272182597    3.5881255699   -0.8953593946   -0.6605467041   -0.5749852552
   5.4366648380    7.7654692829    6.3267668682   -0.8799622164    2.8522906741    0.3961191568
   8.3178355210    0.0718200515   -3.5749184260    3.6124663753    2.7056235728   -3.1217743921
  -6.1436976354    2.6687121211   -1.5381718942   -1.2613473230   -0.7355936296   -2.5480040984
  -2.7663731772   -1.1836539026   -1.9463359941    3.5759991729   -2.1461803441    1.2535987718
  -2.2211123416   -3.7321893235   -6.4632586157    1.6027087409   -1.7630575499    3.7884300682
   4.3699006104    6.6700965188   -3.1140470810   -1.4241001714    2.7865981696    3.3979902984
   5.9123396112   -1.8471371707   -2.3287342757   -1.2933182225   -0.2157598545   -0.3165925036
   8.4691796880    3.4523868711   -2.5420304411    0.5167004282   -0.1330624686   -2.8423029860
  -1.6790362450   -6.4858212044    7.1637015715    1.1291329160    0.5637199945    3.4771801143
  -1.3877214925   -1.2114565023    6.4837674657   -2.0592292219    0.1313563369   -0.6837831471
   0.1893102782    4.9629433395    5.6845223836   -2.3491262872    1.7221820067    2.8722637314
   4.1701914134    1.0089813766   -1.5858977214    1.9929686238    1.3501686957    1.2993056126
  -0.3901265367    4.9882110057   -0.7460672157    0.8854506717    1.6880253135   -4.3562873934
   1.0351535400    0.1451382289    2.6066202321   -3.4357705855   -0.2682758318    0.9264004730
  -3.0557962102   -7.2054524564   -3.3656211616   -0.1310028477    3.0365981976   -0.7208669742
  -5.5782838268   -6.5895265793   -6.8236129620   -1.3233449548   -0.4780986464    2.9238203244
   0.4945466829    4.9099872979   -4.9439139841   -1.3479557039    2.2883041818    2.8766617545
  -5.8034680930   -6.9448540939    0.3664004786   -2.4500155455   -0.6029679293   -0.0980469703
  -3.1475601531   -3.6775617320   -5.8930641699   -2.9607322277   -4.4826775738   -0.6248674744
  -8.3262861774    6.4456905585   -3.3516048756    1.8431107883   -0.9267247536    2.4135089307
  -8.2707298581    3.4173262543    1.2148966748    5.0074335162   -1.0703230463   -1.1083118866
   4.5186162789   -7.4107861575   -1.2223124329    0.1402720386    1.4467508147    2.4349675006
  -0.1342377022   -3.0769409914   -0.4425773117    2.7969139908   -2.7796923259   -0.4589659896
  -0.8183618659    4.2606693883   -0.3813199485   -3.9980506114   -3.2458211679   -0.1585278268
  -7.5010039957    6.9523129734    4.2074535085    0.0060195525    0.6075109788    0.8932244210
  -3.6552289543    1.1543296999   -2.6739866734    3.4323176888    4.7665375541    1.5060813489
   4.5096507992    2.9548879918   -2.3794147265   -0.7172252025   -2.1005278464   -0.1972865182
   5.1772190350    6.4386351924    2.6420786327   -2.2170791702   -4.8407529515    3.7554295556
  -3.7143558137   -6.1959588385    3.4754606217    2.6094976852   -0.1667808786   -0.0361837828
   0.0587968031   -4.9086326726   -7.2430276885   -2.5389389042    3.4575006686   -0.1898372833
  -5.4672173903    3.7147356790   -7.1336327606   -0.3256270959   -1.4480910586   -4.5896288610
  -7.1662321242    4.5241592952    6.0507564671   -2.3940761287    1.3904139873    4.1533265582
  -4.7441245872   -4.0699762444    2.0838531171    0.9684404245    1.1453988535   -0.4942424058
   3.6292538784   -7.1104693392    1.7177992117   -1.3462749579    5.9413071872   -7.3870967696
   6.5479874789   -0.9586280654    2.3539731419    1.3164579372   -0.5664358012    1.3835742515
  -4.1012139299   -6.7944801091    8.4659823579    3.4440065678    0.6459910106   -1.8429147707
  -3.4169247819   -7.6296694743    5.3814088606   -0.8286957631    0.3174976613   -1.1944753476
  -4.8586994676    1.1277036187   -2.4756189220   -1.5130401138   -3.9457722691    0.6210332717
  -5.1084022347   -8.4518412492    1.7939000914    2.2102749185    3.6256750929    3.3147095081
   7.0623388956    4.4800738240   -2.6377230615   -1.1932139672    0.1727632307    0.2533096122
  -6.9070485950    4.3429376030   -7.3221771088    2.5488063459    2.2399563971    2.4278023000
  -2.2527151168   -0.8291155712   -5.9845892265    1.6298456403    0.7494808110   -1.8227803128
  -5.9957365760    3.0083800453    3.7183482138   -1.1338304901    0.1983936432   -3.3444392701
   8.1540849026   -2.8028137393    4.4772035967   -0.9718369830    5.6499139735    0.3235688937
   2.0154183332    8.2783579680   -7.7921807550    1.7484520957   -0.6234455436    1.9723794126
  -5.3216211897    5.5061694101   -3.6332497077   -3.6483755410   -2.0585718505   -0.6503999919
  -5.5027418291   -2.3982698103   -2.7396805097   -0.4570058151    0.5249117278   -1.2232578310
  -0.3546363703    7.1123371162    3.3264500306    0.4550310468   -0.3440600360    0.0764190798
   8.0347221662    4.1877124825   -6.5043740414    4.5833929572    2.5554053144   -0.2995533457
   7.4478947390    2.2548694445    8.1019179475   -0.2583447041   -0.6179308569   -0.5741671188
   7.2194271440   -8.4448052805   -6.6740277438   -3.7675289780    3.2354854573   -0.2617493242
   1.6019124572   -6.9171547357   -8.2700267660   -0.2143633526    2.2614098076   -1.8211875979
  -3.3375113938    4.9917699819    1.5875760376    2.5797060578    4.9062016651    5.5665284457
   8.2098874803   -7.5197397116    2.7615177648    1.5406278253   -1.9273526048   -2.3622934053
   7.9237069843    4.5514145114    7.2570132597   -2.1170930157    0.1246933724   -4.8169660966
   2.9413723079    2.1478218747   -1.8682638587   -0.1251036737    2.0269612956    2.3804882471
   1.6726090307   -6.5884615398   -4.6164500046   -1.5126678322    4.4405999704   -5.1183887591
   7.6854058229    8.3528603158    5.8519755611   -1.3765852557    0.4306491582   -0.9164541203
   7.1493240831    7.7386634704   -6.3542773042   -1.1227912041   -0.1309530555   -0.6635138515
  -4.4495289345    0.0538343127   -6.0868582943    0.2326413849   -0.5054179094    5.0739216325
  -3.7062788778    4.9707794127   -4.5183186407   -0.3788489467   -0.5331457274    1.7949087000
  -6.0659134610    0.3406510311   -6.7967363058    3.3192433577   -2.5220507959    0.8128001550
   7.4373497339    4.8526276435    3.9052371786   -4.5675209206    0.6352809057   -0.9476625902
   0.5642201673   -6.6425357577   -5.9849044944   -0.0775924893   -0.1140996895   -0.6462665177
   4.2611184379   -7.2276335823    5.0624990599    1.5291874871    1.2820840598    4.9352623704
   4.2420417962   -6.6706715974    3.6401137524   -2.0344318154    0.3505801347   -0.4113369499
   0.3036939119    0.8231842798   -3.2878012703    2.7184225916   -0.1464182417    0.6728693174
   0.9958520878    2.1794440301   -3.1532614712    1.4888516859    1.0152997382   -2.3886531468
   1.4291913066   -6.7397297809   -3.6648724544    4.1136386669   -0.0591661530   -5.2660930189
  -7.5423399966    5.8788602483   -1.3005778035   -3.4625513585   -0.6839448038    1.1793165925
  -0.0582905660   -7.1978317846   -7.6510421978   -3.0306300094    3.6950819736   -3.8300680916
   7.3615842393   -2.5752923711   -5.3974403992    1.1398769210    1.8436905028   -0.7805164950
   4.3729233728   -3.3992899867   -2.5870650471   -2.3383842979    4.4622154685    1.5195207743
   4.6293668610   -4.2161204618    6.0278714367    1.0543679147    3.2223958379    1.3451621036
   4.9247139264   -4.7698986728   -5.4997487961    0.4363665937    3.0065871943    1.9081127312
   2.9426909834    8.5461870207   -6.9030537362   -2.2349615423   -0.4154367911    0.6225102173
  -3.1252208386   -4.7921205879    6.9972881259    0.5647255674    1.2968244098    2.7606670105
   3.7879632592    0.0647055765   -3.5959757572   -5.2145768136    1.9000291441    3.4758136092
   0.7007629780   -4.8220751568   -0.5823603389    0.9329879913    0.7069841174    3.4027634299
   2.0184099667   -1.1396720319    0.8385766022    2.1109403973    0.0059812689   -1.4858383489
   1.7777581957   -7.6670561647    2.7568343581    2.8148529315    0.8043020912   -1.7416174577
  -0.1669504984   -3.5493631805   -5.3027655591    2.2671602240    0.3767731185   -3.8928965049
  -5.6455579284    5.9509580304    2.4384916537    2.9478659520   -0.1758846760    0.3349665263
   1.4057879449    1.2132765919   -4.8368570679    1.6385666490   -1.1945423538    2.4052100645
   1.6112577736    8.0222745587    0.0374266655    2.5187162879    3.2056734782   -0.2672691949
   3.8701408790    6.3268171515   -6.7095199974    0.6036675014    1.3438098296    0.3810839392
  -5.3399059539    4.4493639464    4.1764404759    0.6493917399   -1.9024931379   -2.3691001020
  -4.9366623806   -8.3881333772   -0.6394061729   -3.5844741019   -2.3968257520   -1.9432809042
  -0.2802770948   -7.7329371373    1.5958483025    1.8804591273   -2.8383401249    0.4546513999
  -2.5928886001   -4.2805885690   -0.2687546096    3.3558726901   -1.8269904363   -0.5887533025
  -0.3838488930    5.4371527127    0.7709441573    3.4342270781    1.7412051360   -3.5614969907
   3.2651804993    0.5964461343   -5.4982797420   -1.6237673768   -0.7809598641   -3.2129355654
   6.8483545681    7.7451838149    7.0057016568   -0.3871982965    3.3045984093    1.3402752555
   3.8517416684    7.9036866244   -3.3610157513   -0.9722815315   -1.0345444342    1.7844419301
   1.3215424396    8.4704221497    3.0739431059   -2.6840389648    3.3517437005   -2.9338341608
   3.9824854077    5.8927102010    3.4022685772    1.0646783757    0.1796881949    0.6598266000
  -3.2874088520    5.0864640983    3.8823963960    0.8831253568    3.8773479727   -0.6931878314
   2.7480334292   -8.4648289984   -0.5766507273    4.2261920553    1.7892109108   -3.3592252666
   0.2697275914   -5.9187917155    2.7260943667   -3.7201056717    1.8938857691    4.2091401878
  -3.5024580525    0.3430471405    3.1231352848   -1.0802117516   -2.6372956112    1.4770156949
   4.9144117147    0.5271903458   -7.3301892410    2.5137622458    0.4829537500    2.1233815567
  -3.0313879665   -5.0692500808   -8.2899091259   -2.1499320008   -0.2841233804   -1.6160117268
   7.4156519810    3.7819209134    0.9227848170    1.3973077832    3.6556451104   -0.1408474871
   2.5155782146   -0.8858922727    4.9323278824   -0.8170649962    0.6763480033   -1.0389148104
   0.9781766431   -7.6507742509    8.0245801230   -2.2616537229   -2.3622974507   -2.1881691348
   4.5842772187   -0.7777071307    0.4581947487    0.1595211374   -0.3610036107    2.1386406864
   6.6500382294    7.9047463972    1.4562967834    1.2523254759   -1.6011411471   -3.9829694972
  -1.3040933155   -6.1747512593    8.2559467193   -0.3229566335   -0.2124053840    0.8678013841
   2.0367573821   -8.2096021964   -3.4208018628    1.0966954715   -1.6638283759    1.4326364948
   0.5244699540   -1.9766939324    4.2436427492   -0.8691556081    1.1185140350    1.9536680209
  -6.8854927812   -6.0983313995   -6.5488133222   -0.7163489438   -1.6977919770   -3.0912538250
  -2.3903429407   -1.0305237955   -4.4183616585    3.3752618884   -8.0058789193   -1.1203307052
  -8.4405011126    7.5599950446   -1.9722628676    2.3816030389   -3.4201141877    0.9150251919
   0.3154188369   -1.1421490127    6.7504564252    1.3607232084   -0.6106802215    1.7562444487
  -2.9621913739    5.9705453503    0.6232847152    0.6927744778   -4.5576269339   -2.1159596004
  -8.5068717869   -8.1999532011   -8.3488027730   -3.2981189686   -0.0599821618   -1.9345035153
   0.2993785916    1.8433693545   -4.9125619935   -2.6460868412   -0.0803494075    1.6818042675
   6.3525072396   -7.5914813436   -5.9840088591    0.8953611228   -0.3081002992    1.1269215610
  -5.3823386430   -1.8831191170    7.4059296388   -4.1405461077   -0.1284853984   -1.6311788434
  -0.0029801878   -0.2130149149   -0.1219718892    0.6260372869   -0.7550500699    0.8311853788
  -4.9362092500   -0.9545477074   -5.9134733754   -0.0701797140   -3.2171825568   -1.5836753024
   5.2389595857    6.3269991753   -0.0479274450    1.6836438734   -0.1384639140    1.4404527953
   4.9308801202   -4.6169674521   -6.8778073074   -0.5921184169    2.1268421795   -0.6619462904
   3.5101253649    4.0819828954   -0.2375524633    1.9791163178    0.6059912539    1.0499219474
   1.5505017776    3.9270172159    0.8162155959    0.7828298953    2.6066270879   -1.0853585884
   7.8635768451   -6.6417771868    4.9861176952   -1.0934452365   -1.8607552980    0.7308125470
   6.8667635004   -2.7998877331    3.4194645647   -1.4015590338   -2.0535624908   -0.5749768244
  -1.2520559798   -0.4794072722   -7.8056555518    0.3557910894    1.8511408009    3.0552285668
   5.9469958228    5.3069814679   -1.2225238083    0.5086948293    4.0414084313   -2.0950382434
   3.9513105731    3.8858347831    1.6851067848    2.0314361485   -1.6378655394    0.9311647486
   1.0451148772    5.1520237925   -5.8328913771    2.5651744256   -0.7216917794    3.1508110029
  -4.0518665680   -5.1438218601    0.9198391554    3.3851235758   -1.4783288737    0.5419070233
   5.5062612393   -1.3053204888    4.2967599813   -1.0355185683   -0.6803678889    1.6470054540
  -8.4336447626    5.0257513072   -7.9208276943    1.3844131674   -2.5465160537    1.4531070664
   4.3530582257   -7.8930063851   -7.3860529958    1.1359063116   -1.0589822790    2.3114294193
  -5.0671904773    0.8685377303   -6.6644588864   -2.0570445400   -1.3857961662   -0.3149215972
  -0.5926501151   -2.6863711752   -7.0032483247    1.5690503464   -1.8763643071   -0.2770570106
  -1.8889818278   -6.6975571224    0.1386626672    2.0959151452   -0.0930021527   -1.3756414176
  -8.3200906062   -1.5021780020   -4.9855950725   -4.5822441134   -2.9075725749   -0.9432441350
   5.5001975868    5.9164440259    6.6211615340    1.8645892705    0.4233271066    0.5912414317
  -5.8381251351   -7.4096610106    2.0543061401   -5.2252649293    3.3671975361   -3.4444401817
   3.9380199171   -2.4308226333    6.9155172413    1.0379994962   -0.1308395863    0.6321726544
  -3.6697290142   -2.1526905361    4.3253196358   -0.5749502295   -0.7952750225    3.1892710324
   5.0667247424   -1.7660223451   -3.9329658757   -2.9711577779    0.7403312109   -1.8232845364
   4.0225360402   -0.2877872722    4.3313994103    3.0298184619    3.8801794748   -2.6505514809
   7.5809684314   -5.4891943592    4.1146766426   -2.3938971866   -4.4476243132    1.9159173170
  -6.1807758139   -6.8017281435    4.8937502367    4.0545042215   -4.4374326303    0.2100333753
  -4.1119339757    3.6096342529    4.3212353114   -3.2431233782    1.7196536617    0.7702937278
  -7.4144726601   -5.2794402895   -3.2731111607    0.1449555304    1.5036514371    0.7692941514
   2.9084780242    4.9966685415   -1.3174310804    3.4363317030    0.1285010528    3.8864245484
  -7.5710025331    0.1791894321    0.8511314990   -1.7321750387    1.9027294030    2.2402578257
   4.0551608576   -2.4679615881   -8.0866245208    4.9804977679    3.4552325673   -1.7892839813
   2.4688302682    0.7360567655   -4.2602989503    3.5679115925   -0.2956315953   -0.1001942726
   8.2833803322    4.7742318796   -0.3632763708    3.8118635085   -1.3391622490   -0.5989021705
  -3.2928725533    2.3420089468   -7.0675214899   -2.4864933234    1.3552760093   -2.1885976035
   0.8669100916    5.0185303005    4.6364166636   -0.3846480251   -0.1672637376   -2.3641244958
   8.1370050905   -1.5780931247   -2.4026377808    1.5752335218   -0.0475874792   -1.9043157513
   3.9201696804    7.2489680542    5.2236780594   -0.8867692370    0.6868786327    0.1195371755
   0.0341244122    6.8615549979    2.4438496949    2.1448380962    3.2670261056   -0.3301799768
   7.4873017778    5.5051853144    5.3428947592    1.8269389992    0.0381937263    0.6889729532
   2.4185677246   -0.9209086956   -7.6466546286   -0.0134235923    0.3555323196    0.7243833174
   0.8137354092    2.7524469329    1.6955634431    2.2771489076    0.9597847352    2.8031561671
   6.8551168912    6.2894187880    3.0155224739    1.6498086187    1.0883104631    3.9617603506
  -3.8302616733    6.3164102836   -3.6012465851   -2.4288860880   -0.0936355129   -1.9892613283
   2.2380804705    6.0222761531    0.6887404774    0.9234231967   -1.4346013551   -2.0743737852
   2.1299755700    7.9644894947    5.0324312596    0.4356591844    1.1643582721   -1.3313482812
  -3.2138214910    0.2849845331   -5.2072303076   -3.8251569878   -3.1864737199   -0.1294032248
   3.0150754473    4.6441043411    5.4507445055   -1.5103760094   -3.1987356229    1.0409177354
   2.6227058620   -1.1616579495   -4.4351587005   -1.5154963477    1.9024165931   -3.6974847524
  -3.8014778878    4.6718408264    0.3072279059    2.0570336361    6.2667739545    2.9643056120
   2.9060724047   -4.6449858471   -2.8429325676   -2.9580052901   -0.9474084986    2.0130273338
   6.7085154162    4.0263564261   -0.8531556286    0.2626339360    0.8708030534    4.3867829795
   0.3035190676    7.3502702621    0.0387930893   -0.8231236272    0.8670171182    1.4983885838
   6.5919943690   -2.2891388764   -4.6552471104   -1.7064868573    1.3075042552    2.5938418327
   8.2887558345    5.7034418466   -2.0804849584   -1.4699531466   -6.4671077279   -2.2641846595
   8.1830891787    2.9379299395    7.3045543362    2.8428883284   -0.3634134020    2.7122288168
   6.5232504912    6.4365632444   -2.7928880351    1.0340229132   -0.5630849837    0.0442968524
   0.7226342546    0.1691487185    0.5901194268    1.8859254371    0.3288919357    2.2954444840
  -0.0202405216    8.4645547116    4.4314329430    1.6310715759   -2.1706301867    2.4404825563
  -6.7179339177    5.2914915743    2.3399061233   -0.1101045000   -0.3653731541    5.6076144206
   7.4702303811    2.1322112552    5.4296257057   -2.0326410613    1.7969687803   -0.4865520842
  -4.9132841338    6.9543893256   -0.9864517687   -0.5513140793   -2.3467549433    1.1211694736
   3.5640118717   -0.9947999183   -3.1903796627    1.0338943071    0.6070308735    2.5219895562
  -2.2088187262    1.7848945141   -5.0833384833    1.5683613754   -1.6245858707   -0.1752189748
   0.8091463089    5.4691753901    0.0800373746   -1.0594919877   -2.1261233445   -4.1247022767
   5.7192850041    3.5815128008    1.9403250217   -0.6415353389    1.1791619063   -1.1149047463
   5.3350313576    3.3370799251    1.0037597141   -0.6821711458   -5.3546867590   -2.3821022542
   5.1354185476    4.6134871947    4.0629603415    1.4126520206   -0.6121307078   -0.7276549957
   0.0744587507    6.5018604329   -7.7844906955    1.7717248212   -0.1941026856   -0.1267297260
   3.1997636754    2.1070585872   -8.4990705299    3.1053162492    2.6589776056    1.5086639774
  -7.2112078349   -5.8296038108    7.0704989377    2.6166479296    2.3280306080   -2.4930717630
  -4.8081466047    4.1244083845   -1.2007780194   -3.8094286422   -2.1755014579   -1.9270100393
  -1.5323348974    6.7206281038    6.5736890853   -0.0678311850   -1.5138435860   -2.3660451004
   1.7541872788   -0.7574759397    2.9889445551    3.9410009430    0.7793540526    1.3276581748
  -2.3656212527    7.3552392775   -5.3002485903    5.5792710053    1.2217771591    1.4889201570
   6.4264123717   -4.9662786242    7.3218935360   -0.8038564059   -1.9114236317    0.0579746282
  -6.9739948939   -8.0960794178   -2.0607925138    1.7334326831   -2.7630596660    0.5905107802
  -4.3421715785   -4.1867130233    5.8849953405   -1.1246663315    0.5264710699   -2.2019184181
   7.8697245971    8.2895814244    3.0287871389    1.3144186142   -4.5083650054    1.3523023321
   7.7407848644    8.3633479366   -1.0366227178    3.3517817112   -0.7761915714    1.6158884579
  -0.1448563169   -1.7009789909    3.1225172040    2.9968014116   -2.2962344672   -2.4449978620
   3.7441616245   -3.3487883254   -3.7963797540    1.1545756105   -0.1331421501    1.4376211910
   6.7669946596   -5.9981672103   -8.2855823500    0.1631366625   -2.9877157515   -3.3978930984
  -4.2554346909   -5.7585217267   -5.9695945569    1.7625327232    0.0407194274    0.9430401672
   6.5032290846    6.3065455043   -1.3411937753   -0.8391293363   -1.9885276494    0.6494390251
  -1.9106924289    7.4766428466   -3.6263866593    0.1507411166    4.1433081229    2.5847666361
  -1.5839240408    0.1628712397   -1.8377417143   -2.4361654999   -0.4840573507    3.2712156205
   4.6863060084   -6.6938683729   -7.6510535967   -1.5507239443    0.7489598546   -0.3974867548
  -2.7255624724   -7.6479726057   -6.4920282559    1.2651899910    3.3283792173   -1.0023151571
  -5.7019105067    2.7368361036    1.3925873452   -2.2932943508   -2.8223534648   -4.7563119407
   5.3196029957   -2.4948278455    4.6181298276    1.0072661593   -3.2983699027   -0.1509391938
  -1.4152019250   -8.0453602057    3.3540784890   -1.7369339238   -0.0488689078    1.1265465971
  -6.8828832058   -5.0130236632   -7.3565474145    3.4308990315   -2.9634223078   -1.9190846989
  -1.5472324442   -1.3810284203   -1.8523828617    5.0691451915   -0.2955595305   -0.9096596492
   3.3926216630    6.1155806374    0.8722660961    0.8209432361    1.7790745065    0.9440604333
   0.0059972929   -4.2078879590    3.3198595155   -1.8213646800    0.3385541646    1.7003282923
  -1.2467309192    5.1245799905    3.2288274538    0.8594424037   -2.4167639784    1.2200172040
  -0.5039495137    8.1377513928   -6.0607993911   -2.6273767062   -2.4765824449   -0.0497027581
  -7.9001296097    4.3275566802   -4.8771610879   -3.2628340922    1.8235553800   -1.9286297262
   0.3450565619    3.8159332980   -1.7148310430    3.2107794331    2.9665572971    5.3366323754
  -5.2650174676   -0.2620385225   -4.1262529215    1.9393220316    3.3434021927   -2.6416674966
  -4.8730268096    8.5174190207   -3.3741340213   -1.1701016531    4.5773977656   -1.3777609962
   1.9511836531   -7.4509370249    0.9455897967    3.0628117083   -1.2097733996    4.4639553598
  -7.6699538388   -4.4796560429    2.8899648049   -0.0133957606    2.4594452667    1.2961409330
  -7.5630242303    0.1486654032    2.0074609099   -0.0518777753    2.7731593055   -2.7681513523
   8.5198420696    3.6409002415    7.8768174090   -1.5303673432   -1.0364709757   -2.0287945272
  -4.8110266954   -1.4552900962   -3.1382586062    1.9706911970   -0.6034420984   -0.6721373320
   4.3962713996   -1.0234346868    8.0655459130   -0.8846674128    1.0103031216   -0.8203858869
   5.2591810585   -6.1373603459   -3.5340985732    0.5098077741   -0.0792921783   -4.8491311364
  -8.2872470870    0.3079109135    6.7978698919   -1.9467139712    0.3203271556    2.7174043387
   7.4912094343    5.9551307404   -1.5017734755   -0.2841345392    3.6030319831    1.9240344105
  -1.3383911564    1.6265962694   -2.1342197778   -2.3216790338   -3.7029971693   -0.2188485819
  -1.4305307679    2.3331486827   -8.2917621494   -3.0400097760   -0.9038953110    1.1828769179
  -2.3281127128   -3.0681954185   -5.3043435637   -3.6141897184   -1.4056888796    0.5102997437
   6.7082930811    1.7209160009   -0.3512138184   -2.7040740392    0.8883434117   -1.9628224458
  -3.4007095802    3.1756886633    2.5791409569    1.3442756366   -2.4772306079   -0.8791546965
  -1.8474272824    5.1517510873    0.4911972902    1.3032860060    0.0991373853   -0.7616909479
   6.0773557088   -6.0103670149    6.0073101458   -2.7996969301    0.4202991910    3.6555618768
   2.6873190414    4.0546188099   -2.4902185094    0.6451003561    2.6373813104   -1.1019977314
  -7.1570624863    1.2029988427    3.7868877425    0.4209646113    2.3865486551   -0.3151440077
   2.2362444713   -3.3208176300   -1.1882300390    1.5597379379   -2.1990451279   -0.6279966638
   3.8663649322   -7.8484415011   -0.2898814333   -0.4190003093   -4.6997148532   -2.9242128160
   2.1353590235    5.2879425216    7.6443575375    1.2758037104    2.9873424967   -1.6319771413
   1.6027441474   -3.9790200651    5.7126430665    2.8094865167   -0.0546745377   -1.1343645543
   2.5456072848    4.4114060293    0.6091272513   -0.3673536131    1.4747433644   -1.4687942420
   4.1466231590   -5.8767172659    6.4346851648   -2.1271653261   -0.9145716802   -1.2379570091
   1.5548165380   -0.0433740693   -3.1095116443   -1.4294656564    0.4524971986    0.0520642295
  -0.1361461398   -1.3081084375   -6.9011502755    0.8325648129   -0.7318874240   -0.9604934321
   4.3632975398    4.2428039311   -6.0421795882   -2.1637779993    1.4143471579    1.2915572595
   8.2373182546    0.3253091880    1.9648537144    0.6088151840    0.0952211583    0.0557636415
   0.7087860180    2.3945874674    3.8300689252   -0.0549460866    1.6764439363    1.9398615037
  -3.7081066495   -7.7847290958   -6.6906070749   -2.8345373514   -5.3212949240   -0.1157120707
  -4.7537811603   -8.4426525484   -8.4190426043    6.1581016693   -0.1815885482   -1.5265658274
   2.9586230567    1.1187539288   -3.1719925211   -2.2379992577   -3.0567567283    3.4996042062
  -7.1429762438    2.9367519046   -6.2139131540   -2.0373307245    1.4077227272    2.4632993587
   0.8635521317   -0.1592750234   -2.2692078937   -3.2742828314   -0.2448182638   -0.9842467969
   1.1591029812    5.8384083314   -1.8994003599   -1.0627383759    3.0296527797    0.4026439898
  -1.6318154566   -3.5414970724   -1.6262590209    2.6345852710    0.8317429622    1.3639657449
   3.6981504308    8.0553261835    7.4950879868   -4.0649318838    0.0631396326   -0.5217088920
   3.5033048726    1.1403802946    1.2721232889    1.3918325794    0.9438066021    0.2828420535
   7.4544789491    0.1481927394   -4.9814393438    1.5085379020    1.5931737711   -0.1162001245
  -6.1603051771   -2.8323150607   -7.2717027619   -0.2057943145   -3.7913230283   -0.2287219645
   4.3572292292    1.7915151258   -3.3251233039    1.9036606630   -2.3583876029    1.0154377970
  -4.1979074864   -6.4469026330   -2.5995014036   -1.2202991938    0.4987753530    4.1999753874
  -7.8347879774   -6.5805936479   -7.6899542598    1.8255497010    1.8609663682    0.1091160955
   5.8032669015   -5.0374847947    2.4372740352    3.3971066880   -1.1102205233   -1.6081100452
  -2.4434782219   -0.9150985990    1.6517887021    5.3222994647    1.5004641559   -0.3633778852
  -8.0751272913   -7.9165261425   -0.0287492122    0.2713790565    1.3601052084   -2.0533141183
  -2.0528672991   -6.8478576524    4.7079735140    2.4262111552   -2.6057815345   -0.4928469544
   2.8379141418   -7.0378523742   -6.6785555929   -0.6707235559    0.8314225886   -4.6290370348
   4.0323773848   -6.0440560939   -1.5003228412    1.0935408542   -0.4844256110    2.4340082460
   6.9458488801    5.8830534573    4.5192054351    0.2214205506    0.1793204022    0.5215329997
  -2.6489813983   -1.9755414379   -3.1060071490    3.3098214731   -1.7385599256   -4.5016508152
  -5.8692447242   -1.3694058860    1.7747034861    0.5297774750    5.2033149721   -0.9832749881
   5.9741277936    1.1765122531   -5.9646534075   -2.7233858512   -4.0094634682    1.2170065287
  -0.1828070079   -5.4949770149   -6.2643714976    0.2980531323    2.0920790971    0.7204711285
   5.1813842912   -2.1049905152    3.2609432042    2.1656951984   -2.1177954649    2.7013495943
   8.2627045361    8.4325336827    2.0960483287    1.0385757521   -0.7847492540   -4.9171493781
   4.3804724063    5.4200632163    2.2687521495    0.8892894907   -1.1608284122    0.4294491414
  -2.0866932711   -6.7846231949    2.9084404950   -0.5756453258    0.2121764909   -0.4785237165
  -5.6042335759   -6.7491766487   -1.9339557704   -2.1651028360    1.6905631082   -0.6136421096
   8.3262860967   -7.6982763460   -7.1996193351   -4.7916263346   -3.5794612465    0.3423161631
  -0.6324733073   -8.0936090141    3.9619088029   -1.3755333578    3.0845686280    0.4847401341
   2.1167643110   -1.7906644658   -3.9366519858    0.9244370797   -0.5502553763   -4.5297106654
   1.3536001595    3.2594489806    4.0570594696   -1.6566623774   -1.3137220560   -1.1875417981
   5.9723737475   -4.4208154344    6.2052573843   -0.6590861355    0.0697624085   -0.6781925375
   4.6604098156   -3.0952070143    8.0186804060   -3.0910124331    2.3124806597    0.7347905085
   6.3049505324    1.2048171406   -1.3409436369    0.2335688383    1.3878667995   -0.4856518443
  -8.3912556448   -4.3720954079   -5.7381475445   -2.2018871119    0.0314700876   -0.4355904659
  -4.3552316263   -7.5913462496    1.1176190106    0.0546248515    0.3725377045    0.0181297980
  -4.9061910645    8.4793696133    7.1171560983   -1.1670377647   -1.8102724096   -4.0756931117
  -8.1169896062    1.9009570992   -7.3370749755   -4.6369162159   -1.6572260901    2.1024136562
   0.1695959823   -7.7067054146    6.6932694799   -1.0206089980    2.3301115994   -1.0942935451
   5.5716443706    8.4643771944   -6.5371596175   -0.9948906145   -1.1325781397    1.9303732847
   3.1582126166   -3.2865187510   -7.2396039321    0.8287244394   -0.0743504249   -3.3832458182
   3.5295729637   -5.3086606527   -2.8662405194    2.4532286879    1.3013076064   -2.4744911995
  -3.1880176457   -3.2729886050   -1.2586151554    0.9524202007    1.4741444485    1.5295986346
   3.9215245821    6.1110009936    8.4654298535   -2.1458555132    1.1365156035   -1.2012007144
   2.2593891161   -5.3326968814    2.3449505868   -2.2740302564   -3.8579744449    2.0911561735
  -0.7922097208    6.8854344984    5.1953319362    0.8791793681   -3.8708118919   -2.9941637374
  -2.4672044797    1.0132502338   -1.4814128105    1.6528598169   -3.0351063132    1.5888547396
   2.3501666329    0.5813953694   -0.5948803356    2.9093434773    0.1031815245   -3.6870474449
  -2.6732989920    5.1801202739   -3.2164801320   -1.4429176476    0.3898301613   -1.5167831096
   1.9621846567    5.1777611354    1.5025013771    1.3020339951   -2.6792366262   -1.9743859986
  -4.7124439719    2.1213363234    5.9458598422   -1.3049936805    1.0387603895    5.3649859259
   5.9036510141    4.2597865063    6.5717913979   -2.7768860643   -0.4826982538   -2.5724447377
  -7.6186365482   -0.9451903115    1.8254298758    0.8518144065    2.4923294387    1.4479628642
   4.6903919264    0.5149921801    3.0062241553   -5.0256636588   -2.0751540069   -0.1131299123
  -0.8135065481   -6.1465346072   -7.8818341398   -2.2743486162   -1.4210560655   -1.8322611060
   7.9186002119   -0.9148108104    5.0467485634    1.9213672164   -1.7819590936    0.4839839432
  -3.9806904935    4.2037759252   -3.5146781545   -1.4649183583   -1.6326394722   -2.3029708916
   4.5356063928   -1.8463599792   -0.6546596112    4.1405337891   -1.4702007072    1.1168325493
  -2.5330914574    0.2457943543    7.6273198085   -3.0932235773   -1.8004280731    2.4778070202
  -2.0149373560   -7.3348829916   -2.2825187123   -1.3545970017    2.4935856306   -5.1145088885
  -1.2266364176    7.4134146172    2.4999441916    0.7603086627    0.6251818171   -0.7274571734
  -4.5700031882    6.4779159220    2.3270546086    0.5020407783    3.3984109123   -0.0955589963
   4.3068345690    4.1652867470    3.4556614321    2.5274464369    1.3121679058    1.9154230468
   7.9070309961    6.1052242288   -4.4803562844   -0.3534333098    0.1326723556    3.5039829635
  -4.9593212112   -0.5001672929   -0.4929968953    2.3999395479   -4.1993094862    0.4836673620
   7.9597383715    3.6934396949    6.6631755772    1.9595686126    1.5377859433   -0.9044073024
   4.3053458927   -8.0846848630   -2.9437895889   -2.6410077747   -4.7483632480   -1.9166668843
   1.0855859496    1.0855934805    7.0588800028   -0.1500905339   -6.4166234965   -1.7344320243
  -4.5642691671    0.6286388097    6.5197987118   -1.8068189061    2.8909529833    0.7685832446
   4.1343098533   -0.5127496048   -0.8949106588   -1.4170749506   -1.0502185034    3.5410082062
  -3.2485591122    7.5523145704   -0.8880525593   -3.4639721731   -1.3496101262    3.5559299045
  -3.1988681447   -6.9519938598    6.1468101928   -2.8022879280   -0.7255029986    2.1155017805
   5.5391068309    1.0340582348    0.9129281327   -0.1776499884    1.3817435105   -1.4339411821
  -4.3624499775   -5.8742991425    1.9023113613   -3.2039637435   -1.4176989886    0.4888288050
  -7.7296666643    2.9729497066    4.8416057335   -2.9301840835    1.9324419703   -2.3082228770
   0.1864813812    8.0961901359    2.5176826838   -2.2447201678    3.9167999390   -3.4915253834
  -6.9095677580   -5.7804831938    4.9142758477    2.1429069623   -1.3658748565    2.4510658751
  -5.9691098276    6.0521511375    4.8808480044    3.4600555941   -4.0714823616    0.6844257953
  -2.2245977176   -1.3341588570   -1.1106119751    3.6112780702    0.1235781384   -0.7425406158
   8.2285821585    7.7680137536   -5.9848850988    1.9270092945   -1.5070533643   -2.2852790267
  -2.2371755312   -5.0137716505    4.2951888986   -1.8684533760   -4.0311903026   -3.7470364361
   7.1807531130   -5.7279066127    5.4286951932   -0.8988274350   -0.4057177132    3.4196395250
   0.0712309070   -5.9167460270   -7.6742211534   -0.6374148642   -0.8751837046    3.2294016444
  -6.4628542195   -2.1838338426    6.2990479806   -2.0257393951   -0.8680825449    0.2410045446
  -3.8558216107    7.6042464484   -2.5902537365    0.9645165781   -0.0618743322   -4.0269178567
   6.1822648461   -3.3653713352    7.9845269093    3.1907904037    3.0752905514   -1.3440474081
  -2.3291120611   -8.2410226522    3.4387186079    3.7647718375    0.3826204722    2.1210437617
  -2.7471978268   -2.4025250149   -7.9419267043    3.9177170286    3.3451805683    3.6727011910
  -4.0894747901    1.3434304542   -0.7523843381   -1.3594609782    0.2370611727    1.5992151482
  -2.5655526470    2.7250012380   -1.5996922743   -2.9491587738    0.3621301016    0.9165684600
  -4.0761930645   -1.2342328485    6.7838642996   -2.4331954243   -2.9434892853   -0.8897828568
   3.8260881750   -2.2751911686    5.0653682453   -0.2483973564    0.6647452653    1.6372205483
   5.4041671688   -6.8635837683   -6.7917884253    1.9762329581    0.1742722130    0.3776928707
   3.2950284473    8.0753325814    0.9595674929   -0.8181301555    1.3098313357   -1.5104245517
   2.5941709325    4.4643712562    2.3334246536    1.0332475401   -0.1533932386   -0.9031626531
   3.6336571526   -3.3227030337    6.4419768484   -1.2569581155    1.0563636638    0.4453792892
   7.0545956622   -1.4077627598   -7.5287047948   -1.6446278083   -4.0062490323   -1.2899220833
  -2.1857395667   -1.0606509674    3.3505519763    1.4273520467   -2.6333977746   -1.4411779710
   8.0910999464   -6.4866428992    7.2231897554   -1.5869222498   -0.1276559819    1.1412137273
   4.4186503070    4.7852259333   -8.0103615924    0.8961214291    0.1802809326    0.5393303768
  -7.4383549458    0.6456110306   -0.6208318440    0.2339733789   -1.4301297382   -0.5417446200
   6.9151919896    1.0022600572   -4.1419179695   -0.4386003100    2.0664904951    1.2937135987
   2.4690828395   -8.4553922787   -5.6704610125    2.3341296533   -0.5305337783   -0.8633173603
   7.1891985415   -0.6810495091    7.6366552464    2.0038806615    1.2753808112   -1.8926829617
   0.3314816209    6.1939543889    1.6739215166    3.5583672081   -3.1307759793   -0.5109061586
  -4.4059286533   -3.3583482611    8.1779987140   -1.5041338914    2.3365935384   -0.3681260093
  -6.7319348477   -4.0333811660    5.5980252923   -3.1285792235    3.5723904431   -2.3305793833
  -4.2102513348   -1.1875957189    8.1280104477   -1.7806815702    2.5941336053   -0.4467094436
   5.3375047728   -4.5064865322   -4.4708833872    3.1123618078   -2.7635687620   -0.0839544935
  -5.6541321910   -4.1978628391   -1.1317694152   -1.7063323370    0.1214185099    1.1264987992
  -7.6849044563    7.7543250695   -7.3864522442    0.4212661065    1.8671303549   -0.4711915453
  -7.6348318960   -1.7032685018    5.7390009078   -0.6436736878   -0.3608373314    6.7687121597
   6.1445772408    0.9048915461    2.3880736958    2.2161309933   -4.6688280558   -0.8478747501
  -5.1533685639    4.9878266422    5.8901036116   -0.8395295714    4.1030701198   -3.7100044010
  -0.8217757908    3.1926186217   -1.0291211534   -2.8949695944    2.0922950673    1.8187042294
   3.3548189545   -5.1305333446   -5.3777998871   -2.2184001694    2.7700029226   -1.2991718481
   6.6205119507    4.8212340400   -8.0133677443    0.7922957012   -1.1418253317    0.8495690681
  -7.4447736835    5.7518692416    8.0387330115    4.3074880897   -1.1652317300    0.9668479785
  -0.8620993381    1.7572832990    6.0413702751    0.1601014126   -2.6215557867   -0.6815017405
   1.8142391480    4.4223484084    8.1118144146    0.8936629399   -1.0744486471    3.4212160392
   8.5071473773    2.7639141067    4.3298924641    4.1573169028    0.2232832850   -3.2237255106
   3.2844975276   -2.6293024569   -0.2375220021    0.2702158399    1.5473625963   -0.1985789822
   4.9211769744   -6.1015508037   -1.8320190097    1.5574213674   -1.1731069125   -0.6250698098
   1.8821557796   -0.8538190055   -1.5986025179   -2.6947890044   -1.6356828208   -3.2840193188
  -3.0809270816   -0.9687852165    4.7269689658    3.1722904392    2.5214054335   -2.6493028305
   0.8645633880   -5.0524091715    7.1826117824   -2.6348566528    3.9919376134   -0.1255850640
   2.7175110764    1.5397405908   -5.6732526091    2.9715251429    0.1170808534    3.3519287732
   1.4248450898   -0.6114528006   -7.2220122604   -2.8943725978   -1.0823274362   -0.2906052994
  -6.7810908827    2.2202771127    4.6483044550   -0.3215753303   -4.9003335324    0.3332292468
  -1.0127338362    0.4232158914    1.3259377378    0.0579572824    1.2649886486    2.7834196568
  -5.2104576489    7.7221813592   -1.7911793777    3.0753523628    3.1486903350    2.4106741533
  -0.3480737297   -5.5931548886    0.0431354779   -1.8209969383   -1.3358677163    1.5236944587
  -1.6701226913   -4.5106148933   -2.9773304174    0.6820774495    2.1975723983    2.1559367977
  -5.5256789598   -0.2208226087    0.6637741779    3.0598716048   -1.9429691106   -0.7227728589
   6.9250433784    2.9168072608    2.8099182862   -1.6179416821    0.9637316021   -3.0874688267
  -6.4223019569   -6.8573845790   -7.4182054845    2.9550091490   -1.5135620884   -2.8111730133
  -8.0841571028    2.4693390989   -4.5874804570   -3.4016667438   -0.3685743415    1.3609516791
   0.0286427684    5.1839091471   -4.1804109625   -1.7747112217    2.0386436114    1.7015936801
  -1.6514507066    3.2969281553   -3.6611985870    0.9322381695    2.6154633413    0.2748662393
   2.6951277973   -6.4283380951    2.6666997535    2.5164914688    2.3662062877   -5.4339242800
  -1.9180759863    5.9500556892   -2.9587615117    2.5008066326   -1.5759246180   -1.4209706177
   4.1243929180    3.4740187688   -1.0901349860   -1.9570182107   -0.3393039255    0.3958892398
  -5.8292931159    1.7661899635    6.5068903602   -1.8776808508    1.1938361623    1.7427897372
   6.0228541816   -3.4645725975   -0.1516785257   -2.7272171627    0.0398849547    1.8459098661
   6.8411919970    4.4583238879    7.1700496517   -3.7669843257    1.3626552040   -0.2817096661
   2.3056536628   -4.3711480552    6.7532264190    4.3831042529   -0.3318664309    1.3381317024
  -2.0699024679   -5.6096408461   -3.1690367120    5.5592014753    0.7097032833    2.5800621836
  -3.1725200273   -4.2513529247   -6.9076986698   -1.0705167738    0.8308291350    2.0384127051
   0.1010964600    8.4560044932    6.9742243441    2.8825496799    0.5794714847   -1.2997692567
   1.4884080862    7.5664065280    6.9665437225   -2.3092319818   -0.8067840042   -1.1619254595
  -3.3289749531    7.5665250096    6.8002476514    1.4719411510    1.4255750077    1.5204768805
  -1.0932372943   -2.0588133204    4.8970967915    1.5047606426    2.3246912190    0.5670200376
  -0.6369112478    1.5456055942    7.2988398374   -1.1178521193   -0.6293871268    1.0885461548
   3.9994251254   -0.1568580185    2.8828569686   -0.7244347225   -0.1006238872   -1.0035762137
  -2.3556672355    2.8854136619   -6.6985815818    0.2970563565    0.8723888581    1.5386253264
  -6.6824409633    6.3464392747    1.2882455098    2.0940002948    2.0634390739   -1.5413465236
  -1.2422248788   -6.5555320393   -5.6757664551    0.6456745302   -2.9116300226    2.7800227115
  -4.1686046834    7.1109857673   -6.5107722677    0.9841026324    2.8399706986    6.9710330551
   0.5841129506   -4.3570076474   -4.7094543671   -1.1589421560    1.1218502161   -0.6954525178
   4.9269891651   -7.7817208563    7.9298389195   -1.8206435337    4.0110930927   -3.3894749448
   5.1679623476    7.4331120295   -6.9235498723   -3.5878267471   -1.7416306709   -2.3762196697
   5.1293979347    3.1100041534   -7.3901859128    1.2878644433    2.3500488357    3.2501625917
   6.0867438367    8.0590552029    3.1331523995    0.4161070061    0.5533855995   -3.0407939903
  -8.4529027491    0.0829742741   -5.4048122347    1.8775692143    0.7192213050   -1.9688330669
  -5.9028517018    4.0732780270    0.7609504212   -1.5016211381    0.2574537199    1.6922072953
   1.4724362298   -0.8286330393   -5.5398820536    4.2811985931   -1.4560738281    0.5263056818
  -1.5611544516   -1.5417029240    2.1187023222    0.7777153664    0.9971283600   -2.5101209108
  -3.5340951605    3.5365009632    6.3673990549   -2.0733866821    1.2925861433    1.9578988439
   3.8260275220    5.7964740678    4.7223573041    1.4494199300   -2.7094420284    2.5477809798
  -4.6050523278   -4.6692287871   -1.7730886963   -3.6043510456   -2.2054154758    1.9226289612
   0.4027089571    1.4835298276   -7.1908383341    0.5261208821    0.6218327802   -3.6248500311
   7.3798974659   -0.8917775699   -6.5795401030    1.4182817397   -2.1352674469    3.6917149510
   6.7391422402    2.2953343141   -4.2652782809    0.6168009458    1.0049897043   -1.4539028315
   0.9442477804   -4.7445062394   -6.4018108753   -2.0879891895   -2.8531741820    3.7948421575
   5.7137224235   -3.4901051143    4.5753245656   -1.9768773616   -2.8943262739    0.3063954913
  -4.8859204084    6.5953004476    0.9751137572   -2.5413832727   -1.3824443803    0.3862011167
  -6.5272209264    0.8611070846   -1.6587479695   -0.9281909454    1.0820609683    2.3559550308
  -3.9512923558   -5.1914807197   -5.1259464097    2.4719828235    1.9356013367   -0.0602733618
  -7.1509203195    5.0453552555    3.3947417568    1.8329764791   -0.1351560524   -0.0572917130
   1.0608983785    6.4847643761   -8.2293859495   -1.5570492750   -1.6754102393   -2.3260122988
  -1.0252343736   -4.4839599981    0.1721705746    5.0316968204   -3.3704306411    2.2083692753
  -7.5201535975   -6.3078696132   -2.4360173025    2.1309254140   -0.5130476891   -0.6278912773
   1.3650904494   -5.3992793595    5.7148550800    0.6689133500   -0.1373892277   -1.5406363857
  -6.4931052552    8.4313483593   -0.0210396445   -2.3503049025   -3.2574991882   -1.3957059448
   6.9543004594   -1.3212950428   -1.9688261944   -0.2889552988    3.9660447387   -1.2732180712
  -7.0281683904   -3.0780315129    5.7764989029    0.5481775577   -0.4601203961    4.0963026557
  -0.2742933755   -1.5249429934    5.6111978173    0.7757611832    1.3486816239   -0.6392176292
   4.9538013132    1.6266203125    8.0641179032   -0.5075483804    2.9104330466    0.5512855592
   2.5753735683   -3.6967428610    5.4326327810    4.2506220134    1.1449383140   -1.8990654778
   0.1245801473    7.4412162963   -2.5603200799   -0.4456154936   -0.1815675606   -1.8184442867
  -6.8850066852    2.0802551704   -4.9834932178    2.2008052486   -2.8931336129   -1.8226105692
   5.3846280139    4.0321187059   -4.3773788943   -1.3543512228    1.1064129954    1.8735675941
  -7.3391251632    1.7949097556   -0.4886717359   -1.0963656583    0.3092073685   -6.3488362009
   0.4359324254   -2.5189067975   -6.3055776003    0.5815015580    2.3910204546    0.2322362827
  -5.6141745889   -0.0706722182    7.3666125411   -4.8052920409    0.6703002647   -1.3347943695
   8.4244036630    6.2397133920    1.3712876024    2.3090008119   -2.0765559278    3.4622589471
   1.1696679208   -2.8515441628   -1.1879603702   -3.8353518638    2.8114649580   -1.4370647801
   1.9085424656   -2.8932619058    7.1678385494    2.0741391457   -1.4689924135   -7.3087563052
  -3.9763663494    2.4544787984    2.5135479181   -2.9233130852    2.0424869715    6.7157475853
  -4.8086351305   -1.3504867992    1.0035945175   -0.7388148972    0.6106887928    0.4549843621
   7.0552148382   -0.9480105920   -4.5225311556   -0.5568155271    4.6231523804   -1.4365117984
   2.2103247061   -6.9576984278    6.0096962549   -0.5901093382    5.2437971020   -3.4721749812
  -6.2964931734    5.5158152833   -0.2566301646    1.4737401696    0.9815700491    2.6892755123
  -6.2208480213    5.4468038172   -1.2958931435   -1.0108356635   -3.1041808048   -0.4180389205
  -0.4612846671    2.8735366270    6.0870192537    1.7000882946   -0.3967052064   -1.5383587169
   0.8375472302    8.5211621008    7.8329877096   -2.2080196423    0.3279071546   -3.1292733382
  -3.5398517908   -0.0327556777    5.1261851173   -2.6092739471   -1.4541924845    0.3230996206
  -0.8288453280   -0.6353742888    2.3362555118    2.0012916380    2.0287675358   -4.2678800736
  -0.1757526194   -4.7264875894    4.1650408063   -0.6549327845   -3.2996264708    2.4212019788
  -2.2514102967    1.7541296930    2.9036948212    1.6237945827   -1.0571280151    1.0893568161
  -0.9672798875   -3.4162585881    5.1457981918   -1.2641489300   -3.2530977127    3.6408521889
  -7.0834186684   -7.2996776388   -6.2873870370   -2.1275607517    0.7059550694    2.6505953304
   2.1447500891    3.0705984701   -7.1224463357   -1.1601739132   -1.7284477963   -0.2806212959
  -3.8867392804    1.0031566003    5.7900981812    3.3509209975    1.2094764693   -3.2745811354
  -7.2135421045    6.0869701812    4.7202556470   -2.5674007519   -1.2316149337   -0.3172194147
  -4.9340836245   -4.3124835152   -5.2541077069   -3.2502165835    1.9463880841   -2.6912513129
  -4.9508803209   -6.5376228209   -7.9983699906   -1.9877452449    4.3760433965    0.5855419711
  -0.1398113294   -8.2565273284   -3.0237613917   -0.3695738853    2.1774416706   -1.5937054604
   3.6222300511    5.6294726863   -3.7832292298   -0.3136254652    0.3977723128   -2.3276892141
  -2.1010620583   -6.0967817646   -7.3573773934    0.0845646008    1.9476914962   -2.0523337429
  -8.4977050519   -1.5333910274    0.4138253239    2.4279389055   -2.2817081908    1.9926502795
   1.9268123058    7.5365855935   -2.0220271407   -1.9426735451   -1.6265621190    2.7686092888
  -8.1942807613   -4.1606700562    5.3150632726   -2.2565390250    0.7721157543    3.5781081589
   1.4368259084   -4.7052467352   -7.4672003338    1.9473157483    2.7530231085   -3.1053074453
  -7.4046593440    5.9981301266    7.0339247163    0.8807582577   -5.7036702154   -2.0615465041
  -5.8715002618    8.1824147717   -8.4188361019   -3.6652238305   -0.2311948082   -1.0135888559
  -5.7941192814   -3.3906054730    5.2504363641   -0.1497067918   -0.1765450860    2.5471406229
  -5.5080368322    0.4944259526    3.5252939412   -0.2191657470    3.0395761430    1.6986090078
  -2.5620409924    5.8788511202    7.1385111814   -2.7447321765    5.2797460590   -1.0071206993
  -0.4832990042   -5.7148703444    3.3129008767    2.2988475447    4.4198016753    2.3386858814
  -4.5584341057    3.6328655810   -6.8569596119    1.3491976770    0.2291940303   -1.0401031414
   8.1523441791   -6.1512591526   -7.3760500815    6.0131894915   -3.0406408713    0.8456663380
  -7.7725608595   -7.6406078378    5.4321330896   -1.7455778929   -0.7369825175   -0.9384397812
   2.2960643133    4.1161760694   -5.7134354539   -0.0042207971    0.5460455928   -0.0362466551
   5.2860124617   -0.5980643444   -6.3798972817   -2.1366487856    0.9645409793   -0.0788063896
  -8.3260359169   -0.7892801297   -4.1904976813    2.5844640722   -2.3564806084   -1.7327347830
   4.1378853380   -5.1507579532    1.8402777269    0.5970477435    0.5117726168   -1.9239755079
  -1.6848645167   -2.3510436745   -2.0564999516    0.3124557132   -1.3576677446   -1.6996312599
  -5.9688782053    6.4365233320   -0.5256904211    2.9240715220    4.3052458059    2.8451015239
   5.9111178003    4.6293897888   -2.9108172278    1.9430826500    1.8918936754    0.0782463481
  -4.8072954072    4.3281669609   -2.6541068694   -2.7547675930    1.8693252757    0.3259035618
   2.6456271030   -0.3028885329   -5.4174609467   -0.7083095347   -3.7835228220   -0.8551276168
   4.1768151947    8.5496747119    1.7710823828   -1.0842175393   -1.6811519693    2.3992941474
  -3.5618584692   -1.2768253213   -4.3164107544    0.5120866175   -3.1867650676    1.1387240746
  -4.5958580579   -0.1835450279   -1.5485200442    0.5680344466   -1.3910200549    2.7966150735
   7.9676852511    2.1468885165   -7.7356458079    2.1146070994    2.2472069152   -1.7555107549
   0.5188541223   -5.7596049908    6.4026043830   -2.9960764728   -3.0129077907    3.5359969679
  -4.3671648216    5.4668905249   -2.7114201098   -0.0655044356    1.0005732413    1.3591408552
  -5.3255314980   -2.8419903527    1.1918915832   -2.6022627311    3.8853359998    2.8103509097
   2.5940852924   -5.3803504679   -8.5157342947   -0.6602491187    1.1931383841   -0.2286036969
   3.2774115346    4.0982138449   -4.4071727439   -1.2793043126    0.4115573888    1.6872488315
   7.6468811305    5.9692829057   -7.8032661209   -0.2535974192   -0.2948958206   -0.9193030234
  -3.6092178744   -5.3815588894   -1.9690588526   -2.3628541941   -0.7442788901    0.6958325813
   1.8924239963    7.5536979646    2.8336353436    0.3887193203   -1.1687388343   -0.0130807736
   6.9487940199    3.2161820501    5.4513538384    0.6623769015    2.0000973494    1.7597974565
  -6.8412390793   -7.6882050748   -0.1658498745    0.6667265665    2.2602077451   -3.0623057978
  -0.7289111574   -2.9878969980    7.5433581139   -3.2079449056   -1.5846751962   -0.0943207974
   7.3804921597    7.0907977697   -4.0001491077   -0.6637910846    1.8877701304   -0.9751214825
  -8.5316401947    7.6874172377    6.0893316211    0.3064259801   -3.1566008643   -2.3652575510
  -3.7021425260   -7.5732840108    7.8437074658    2.2191760151   -4.7206786597    3.4225140115
  -2.1277331205    7.0229886229    4.3217515153   -0.0713699653   -0.8715182135    3.8267576271
  -5.2875788859   -5.7412707856    3.9665601318   -0.6904134844   -3.2237019664   -3.8516860015
  -7.4363403226   -3.7445905031    7.5827161893    3.5983539953    1.7119411862    3.4132301767
  -7.2167406698    0.6692511874   -4.0352464209    3.9902925324    3.9311289324   -1.0043174540
   5.9730962997   -8.4493552879    3.8963794997    0.8554527496   -1.8681866349   -1.4500849885
   1.7007469084   -0.6253955512    1.8731438776   -0.5365578367    0.9646853155    0.0732250894
  -2.2840608286   -0.4885518908    0.3408504234   -2.0967233084   -0.8658535675   -0.3379751455
  -6.7934952588    8.2493727519    2.9079433971   -2.5218269831    0.9881525320    0.5807886763
   6.2806739689   -0.7244622807    6.5422313543   -2.6173463497   -0.6932839960    3.2732318800
  -6.7100009101   -3.5169602278   -4.3014126455    2.0544025614    0.7202372336    1.8136012290
   6.9386778978    3.8989067895    8.4039926329    1.0650475190    0.4897658874    0.1529784864
  -6.7356301257   -0.5226390171   -1.8686427330   -0.1616334476   -2.8908060382    0.2140270181
   1.9794217959    6.2890145667   -7.0578544771   -2.0049266490   -0.2204189553   -0.6595241114
   0.7779147994    5.6441407166   -1.0165169416   -1.6290577045    2.6259394007   -1.5338753707
   0.6986595561    8.3850276350   -7.2889636965    0.7668278926   -1.6721466761    4.1184557483
  -4.3643451413    4.6533198787    6.9107631864   -0.5021376986   -1.0518821570    0.8741678774
   3.4758722195   -4.9607002050   -1.8836991105   -4.7883500330   -6.9745788002    1.5291458985
  -6.7808327126    7.1040764493    2.6563171501   -2.6580974996   -2.7061756221    3.2154891107
  -8.2181901350    1.6519518328    7.4472567385   -4.3876621564   -0.4342435928    2.4085800195
  -1.7958523191   -0.1448901434   -6.6604548509   -3.3942613944    0.8346430617   -3.6812614189
  -3.8962514289    0.2384698780   -0.0606267882    0.5739484601   -0.2674158184    0.6717602209
  -0.0689981037   -0.9354231345    8.2464064657   -0.1530694110   -0.2800131166   -0.8579803365
   7.7692360050   -4.6572089566    1.9267468412    1.0763793557    2.0825972379    3.5290310185
   3.8252903476    1.9539863032   -6.4975343568    0.4691996484   -2.7605358302   -0.2373022507
   2.8557470524   -2.0079233893    3.3018372691    0.3268173432   -0.7739526533    1.0312989791
  -3.6715108206   -7.5414822916   -0.0482353311    3.7380067086   -2.3118376946    0.9434610441
  -1.9871832577    2.1795855892    4.7656996871   -1.8950974711    2.0405491517    3.2220830226
   5.2483532891    6.0662969084    4.9512644758   -1.0474598974   -1.3196330460   -2.5679396947
   4.1919425758   -2.3899859758   -5.2144421435   -2.6826162339    1.8269488143   -1.5446977126
  -0.4469351641    3.8085223721   -8.2292195528    5.6245161394    1.0904683653    1.6731507153
  -7.7611919502    2.5641427307    7.0863033107    1.6029558537   -0.7902296156   -0.7969293532
   3.6670061179    0.2904314916   -0.3236706643    0.2175904940    3.2372930212   -2.4534389660
  -5.4509227561   -5.9191980090    8.1724550805   -0.1572754232    1.7705596046    2.0313644472
   5.4033195338   -5.3044455665   -7.6140787631   -0.2873174382   -1.3251098914    4.2563516158
  -3.2592507463    2.5135260478   -4.0594145155   -0.0815540232   -2.8544618921   -0.4962184277
   0.5784216218   -7.1904037103   -4.9193643211    0.1644226317    0.2851868522   -2.1594393532
   3.2868142300   -2.3312844012    8.3026916773   -0.9534370564   -3.2625401130    1.4391228220
   6.3569956982    1.5126218668    8.2498948103    2.0926259102   -5.6438984544   -1.0323895530
   4.9595015032    7.1347950588    5.7658752926    0.6920168167   -3.4809272963   -1.3333000442
  -5.6688378390    7.8948714626   -7.1492709639   -1.4809490630   -0.1161200369    0.4794952058
   1.4198067709    5.0938589404   -4.2737376830   -2.6289128286    1.8048441521    0.0857007600
  -3.1035856394    7.9814072885    0.2355747852   -0.5974830717   -0.7818807271   -1.4336888521
  -6.5857483033    5.9117246682   -7.5307334183    0.8996903808    0.2544851495    2.7893064494
   7.6196986248   -2.6466213945    5.9300786984   -0.1229148639   -4.2233590301   -0.8516769995
   0.9973097974   -3.6587798054   -3.9367627073   -0.3341498786    1.8677699632    2.0786707097
  -2.4659066937   -6.0846933203   -3.9942071254   -0.2576530413    2.6904254136   -1.0315460332
   0.5848266860    7.5028089855   -5.5731136066    4.8701215441   -2.6262207444   -1.4599955405
  -5.2400070165    3.0577868968   -1.3244250602    1.0105780708    1.1336120629   -4.0586996170
   6.4540412510   -7.7273663310    5.1793565005   -3.9153227591    0.0914269585   -0.5088807426
  -1.5791572451    1.7772133756   -5.9528776182   -1.3107964638    2.6273919240    1.8642955376
  -8.3761218344   -8.3653213548   -1.4732330207    3.7503682885   -3.6526418215    1.6229079871
  -3.9135044916   -7.8712015895   -2.1232315368    0.8007383149    5.1022130967   -0.4672719665
   1.9630445336   -3.3912930241    0.4319485481   -2.8140221330    0.8820077502   -3.3644043458
  -7.5306504586    4.6687841108   -8.3175372477   -0.0578092015    1.4413888628   -0.3591930668
   7.5249527425    0.2833390638   -7.8350262075   -0.7872708640    2.2176813362    0.9862858872
  -7.4052822800    7.3336884172   -3.7380883447   -0.3073057896    0.3124191287    0.0669474557
  -2.2305784402   -5.8052970932    1.0687916385    0.0955348287   -2.9438464617   -2.3373224046
  -4.1063123844    7.5940352450    3.4082747038   -1.2828698663   -0.3318776393   -0.8572551134
  -1.5359877463   -5.2430177409   -6.4100204216    4.0540404903   -0.3444478886    2.4943318602
   6.1426935436    2.3120813682    1.0983893952   -3.8098048982    1.1518674887   -1.6904170349
  -7.3505951503   -4.6946981454   -8.2625245081   -2.7269427744   -0.5905955886   -2.5797441320
   4.2141011296    2.2596053645   -5.4172835037    2.2398392888    1.0318873890    1.8729680058
   2.4756790234    2.9853654805    1.8547512790   -2.3033440168    0.7286952491   -0.2158189600
   7.5977294012   -4.1063090933   -2.9777505936   -2.5594797513   -2.7826988226   -1.0233801562
   6.5476631053    7.8294820210   -8.3220335069   -1.8657810736    3.3090987912   -2.2454615553
  -0.9046779186   -3.7917020232   -6.0249446875   -0.5266553845    0.6535877391    1.3159278715
   5.5529490617   -6.9647033931   -8.4832582937   -2.2815833459    0.7739080112    4.3637928177
   7.5750216956   -6.3639874879   -2.6929149833   -0.1011514888    2.1336931505   -0.1018828903
  -8.5144217026    5.5508881307    0.2991289203    0.2924186701   -1.9913271049    1.2757753778
   4.3298298278    3.2448855684   -6.9592979033    0.2957184323    0.4287098786    1.3729815588
  -4.8685814109   -7.3687043328   -3.6652060955    0.2894042298   -2.5652060256    0.6414272229
  -6.4717712664   -2.1657640745   -1.8033529873   -0.0562717850    0.4031329997    2.3621608079
   1.5953690574   -8.0023057865   -1.1545587521   -0.6429195185    1.5262764454   -2.5739391912
  -7.0058081359   -3.4177911027    1.1103188900    3.0487578137    4.0729692106   -1.4002759525
  -7.2990952351   -7.5792431119    0.8763852337    0.7894147868    3.4972112143    0.4652353835
   0.4291926464    3.2665498678   -2.8760892145    1.6647959615   -3.1125286804    0.9013036446
  -6.1703616397    4.8091610196    5.7843297282   -2.0071918239   -1.7707279141   -2.2294115990
  -5.2232711634    1.3412105897    1.8706182709    1.7838496634    3.6924205680   -3.4620423055
  -7.6200200813   -3.9071084851   -7.1934799335    1.3648186403    1.5616405754    1.4753007525
   2.8676610689   -6.3386091783    0.9780992154    1.9122211676   -1.5023774267   -2.1335958890
  -0.1520681260   -6.7739927041    2.8391714611   -0.1102267092   -1.4633092427   -1.9185944430
   5.0793344564   -5.2622167068   -3.2260081595    3.3256190040   -0.9173095344    5.2590972204
  -7.9351484835   -6.0042872929    5.3948478999   -1.0626266620   -1.7045890326    0.3440277015
  -0.7606895053   -7.0131227609   -1.7751440697   -1.9411439681    0.8521428966    0.6438665458
   2.5987625490   -1.9578842059   -6.0587155415    2.2415566549    1.5588570524    0.0395490677
  -0.2587252838    2.3377026512   -6.8366036508   -1.5272147049   -0.3134065098    2.0629229388
  -8.3465365050    6.3090749601   -7.3551432094   -3.5083004910    0.6467334251   -3.0768477705
   4.5099149968    0.3547847898   -5.3601911385    0.4606410034    0.1980817404    1.0795924762
   5.9103655688    3.3516717531   -0.6547955317    1.2825088924    2.0438714281    1.3240592595
   0.4897005559   -7.7084467869   -1.0078658067   -1.1502529737    0.4944297928    0.5887093338
  -2.7924068410    2.0462310708    6.4625850672   -0.1845948515    2.1688681938    0.2269770593
   7.4503007923   -4.4494624931   -5.6948545232   -0.8201895355   -4.9181603403    2.0399341303
   2.3316918515   -5.6061515037    6.4206296271   -4.9525557298   -0.7552438237    4.8419422369
  -3.3188972023    6.5834907122   -2.7992501606   -0.0586052730   -1.4774672786   -3.6633324120
   1.5492516664    5.9892440266    7.7153828106   -1.2145542095   -1.5728213979   -0.6154810044
   1.4121950182   -5.6480793218   -6.6512812511   -4.5095016480    0.5214285831   -1.0934545701
   6.0586615743    4.9377724137    3.5354124305   -2.9592220830   -2.8795094963    2.8679509536
   5.6454618953    0.3672642235    3.7772097032   -1.8442233935   -0.9154530119   -3.3251895900
   3.1899004355    5.2273063001    1.6898975525    2.1554318682    1.0001147230   -1.2241724501
  -1.0522596619    4.9709440187    7.8396162871    2.5570064196    1.0627831544   -0.3016756009
   6.3383170640   -6.8524054292   -1.9451252877   -0.7466324353   -1.5791353594    0.6696775449
   8.2821182220    4.3182301456   -1.9366870958    0.3331086654    1.3071125025    1.7013999998
  -7.3697605908   -2.1623422610   -5.0665401847    1.2279814141   -0.5288433391    5.4400773129
   6.7996172432    1.1316814163    7.2442547897   -0.6181536856   -0.0076246177   -0.2924068674
  -4.0653148559   -4.0830587511    0.4899633590    0.2646990315    1.6059203534   -2.5753915153
   1.2680661833    3.0211668235    0.4717317132   -0.2923138247   -4.2323484509   -1.1449347046
   3.8425930044    4.5779424540   -3.2754519884   -2.1740622920   -0.4804889323   -1.4592473194
  -8.2781226896    1.1625460204   -4.7090292034   -1.3292372206   -0.0868013323   -1.6471239273
  -5.8699966921    3.3498624637   -5.0028230111    0.3195584802   -1.4914662879    1.4179286662
  -1.3387218105    5.2202752593    5.8110371180    5.8773532444   -3.4065408637   -4.0231306020
   6.6742016689    5.0973138713   -3.6587921960    3.8659001132    3.8141230371   -2.0809970789
  -3.8935940292   -2.4980283452   -4.4947008901   -1.5936843165   -2.1372352515   -1.9715241520
   0.0133412704    8.0614102734    8.0855473029    3.0273051159    0.9101318348    1.8332255254
   7.8879697507   -2.6763049358   -7.4431707757   -2.2575066992    3.2223852200    0.0376262581
  -7.6004447789   -1.0102091009    8.4966446270   -1.2092554727   -1.3803861665   -2.1089561102
  -0.7649945688    3.8709716698    7.4420063656   -3.3428279956    4.8575259389   -0.5711629789
   1.7636792167   -6.3057960807    7.8328331403   -2.4750670875   -1.7096358886    2.3080778858
   5.1792066614   -7.5101154075   -2.9231629058    0.4265753766   -3.1918149873    3.1143794579
  -6.4376268051    0.0242109784   -4.0810896554    0.8999956306   -3.2290892408    0.1734648448
   7.8250120660    6.0807345248    6.2474098032    3.1806108498   -2.3815116264   -1.8748397832
  -2.5206613062   -2.0749617308   -0.6151169722   -0.3345839311   -3.3253971599   -3.4190102575
   0.1674869150    5.6096147683    4.9973690874   -1.7124620062   -0.7150520055    4.3611987097
   3.5512920044    3.0285281486    5.2385634610   -1.9322061442    0.3703637369   -2.9330738077
   6.6792102932    2.2279816504    7.5847978054   -1.4595676899    3.5610212199    0.7450237552
  -3.5499619970   -0.0518155451    7.0838279463    4.0428673366    3.8693242047    2.9984380979
  -5.7402385878    2.0615888159    7.7032318328   -0.6208849874    0.9756739292    1.6388829529
   5.8965403861   -5.9732238477   -0.7061859884   -1.1907726044    3.3445741622   -1.9372156101
   6.3635226413   -2.7037213721    2.4055568358   -0.1345389498    0.9013598592   -3.2819467366
  -2.9245611520    7.9985499809    4.0351482248    0.4467266085   -1.1981498391    0.5479698451
   2.4351632276   -3.1833717926   -4.3150564753   -0.7315536502    0.4738899074    1.0086734975
  -1.3107060957   -4.5553086889    3.2746722068   -1.4792400986    1.3220138081   -5.9623302081
   2.6556754578    0.5868065589   -1.6221622280   -0.8736384941   -0.6648434036    1.3758906927
  -1.5240034006   -0.9377341952    0.9610509098   -2.4182295914    1.7587775044    1.5195269885
  -6.7287280679   -1.5065234470    0.7874740777    2.9221853264   -4.1459081595    1.7451564690
  -5.5638373410    8.4973883080    4.9335534566   -0.5203762529   -1.3145227649   -5.4780691980
   4.9034440134    2.8919004619   -3.5249150831    1.7530846842    0.8648225681    1.9725191046
  -7.6025902267    6.3924435324   -2.4076728189   -0.6549167945   -1.7628313480    0.0735394058
   5.1813149362   -0.7046825257   -4.7614150348   -0.3129433338   -0.0556218686   -0.6905742825
  -7.2394423196    2.8602758399    5.6814720282   -1.5245673499    0.4550299756    1.5372195659
   5.2761343849   -1.5722975288    5.3722258790    2.9270762421   -3.2168339477    0.1833304927
   4.8720106027   -1.5120252658    1.4090762533    0.2627718190    1.6017371247    6.2839117457
   1.8787428639    3.4554100714    2.6621413893   -1.7911805621   -0.9200256111    2.1871704996
   8.3228231698    4.8098528568    2.2815470875    1.9897247383    0.7409625849   -2.6409861568
   2.0318300292   -4.3159056376   -8.1891869879   -1.3670060057   -1.4108068187    2.0046361562
   6.3780347459    6.4599402011    2.1993946454    1.2190898653   -0.1433280922    2.8047250778
  -2.4989488585   -2.0907015853   -4.5497429685    0.3108040945   -1.5238826004   -1.2413042021
  -5.9820837692   -1.1106847168   -4.5049316374   -2.2835535346   -1.0245843626   -3.4961775731
   0.4668174252   -7.8615808363   -6.7709518869   -0.5102117010    0.5501622995   -1.2507817167
  -8.3365138593   -3.0057442647   -0.7046135920    0.0224818761    2.8705582432    5.1435609797
  -2.7414887277   -2.1272541571    6.8913776358   -1.3071829121    0.6814309592   -0.0896555103
  -0.9711303902    6.1459529725    3.1950683317    2.0621099050    1.4900793143   -1.6664584313
  -0.5359478568   -3.3468648281   -1.5054979744    4.5740780126   -1.3802639360   -1.7752024969
  -5.5648497118   -1.8396894316   -0.7015422932   -0.2978487032    3.3231683756   -0.2288527608
   6.6624733030    0.0205771680    3.3724605074   -0.8541635387    1.4425663995    2.9023289524
   7.1378950297    1.9140924170   -2.5488339790   -2.8329736899   -0.8536123057   -0.2294608955
   1.3864043536   -5.2027106426    1.8579240010   -0.6451786288   -1.1445098977    1.2756919212
  -6.0212755792    6.5034118000    0.5359965701   -2.4005093951    1.1017033049   -6.7045566678
  -0.8359491756   -1.1200728933    3.9196202632   -2.5256157821    1.4030808404    0.2797201092
  -2.9597863700    3.4864739383    1.0733521806    1.6295259571   -3.6907558489   -0.7975927572
   5.6526699096   -2.1081241136    0.7922752188   -0.4783981430    0.4420488936   -0.6533677967
  -7.4804516741    2.2388280038   -2.7087961336   -2.4074569069   -2.9494920034    1.5738644850
  -5.8843866787   -2.1595301738   -5.6383479685    2.8839229551    1.5012454868   -1.1227830739
  -5.4412571817   -7.6810032225   -2.9788638033   -4.1850248713   -1.3858986113    1.0493633216
  -8.1830485179    1.4440340791   -1.7893365188    2.2885942489    0.3979842942   -1.4128915110
   8.4955061575    2.6116190366    6.2642446684    0.6507433249   -0.7189629138   -2.3161784193
  -3.9026759572   -4.7963247555    3.5304677657   -2.7422514939   -2.6083264368   -2.6011127636
   2.7130084655   -3.3318732041    2.4000271458    0.5719782716   -1.9113260620    1.4754141904
   0.1994425662   -5.3188772779   -2.5433906183   -4.0749219060   -1.5003479842   -1.3190025908
  -7.1400051187    5.0385354013   -0.5932884717   -0.1651166886   -1.3511724111   -0.3522106571
  -5.4132035546    6.4832527624   -4.4799267423    0.4258047840   -4.1825918854    1.2106754706
  -7.0467251509    0.0805509472    5.6987632638    4.2573914259   -0.5255439582   -1.1202339646
   7.9699376665   -5.8995493011   -4.7385357085    3.2971700162   -3.4869575554    3.5325999480
   2.8077282763    2.3240874673   -6.7814711840   -2.4414732239    0.2345860228   -0.6047525742
   6.5111845217    4.7506016126    5.8520026076    0.4960195953   -1.0429659094   -0.8200545882
   4.2354591009    2.3892484236    4.5179700469   -5.0121784785   -2.6592736012    2.3302000553
   4.7291652655   -0.0161062308   -0.0689233364   -0.1863994510   -1.9103394998   -3.0373353280
   6.4797130034    0.7626526128   -0.5207773354    2.6791072679   -0.0611471391    0.1997306961
   3.5546499490    2.7109749247    0.7574500811   -2.2426589126   -2.0989431877    2.5296287883
  -5.1157099522   -5.3744159744    2.3479725441   -0.5186405996   -0.2493381541   -1.0342180157
   7.2846613249    6.8704706105    1.9907924443    1.2325597324    1.7783476898    3.3728154661
   5.8198598533   -4.1269613131   -2.5858681044   -1.9276504367   -0.2753151685    3.4278917584
   4.4533137652    6.7906953137   -1.4025622808    1.9444874352    0.3351460963    1.8661206880
   6.5221907457   -2.6037534966    5.0228608816   -1.0926913777    0.3645399572    0.0360383784
   6.2765944993   -2.8419355424    0.9371094727   -3.0774037341   -2.3744922246   -2.8482783218
  -6.9911229354   -1.6995441740   -6.1669985064    0.8700243671    1.5763557266    1.2086936464
   8.2037601080   -0.4941184400    2.7097728714    4.0270333206   -2.3662739831   -1.5446227967
   3.4021060877    3.5328983441   -3.6174473473   -1.2614270888    2.2868063533    2.9626281835
  -1.9544234639   -4.6969735023   -5.9254807644    3.6627606433   -0.2612982302   -0.1335694793
  -6.0247172091   -1.3852576796   -2.7804584771   -3.2342575238   -1.6307577316   -0.0411247346
   7.9162327336   -5.3255428212   -8.4802225153    0.1380765888    0.3662318964    2.7050128082
  -3.1101840605   -7.0136791881    4.5452066695   -1.5384072772    1.0259174227   -2.4023536792
   4.6943854576    2.6202026004    0.9993552088    1.0109118412   -2.3298789982    1.4979226759
  -1.4420260060   -4.0424863860   -3.9700456215   -1.8768779843   -0.9992396756    0.4555803730
  -2.8202628082    2.8934486338   -5.4493829470   -1.0345583323   -3.1927148146    0.2569368342
   5.3503712255    1.4760258810    3.1521261763   -0.0061722516   -2.1122627805   -3.6882525185
  -7.3591319642   -3.3839705794   -1.9928036699   -2.7974156206   -0.5355538183   -2.8661151874
   2.9483583444   -7.8832408670    3.0731782366   -2.1494758572   -0.5999709737    2.4985907375
  -8.5434581994   -5.2889008196    7.7995998532    1.6872143120   -3.2759210825   -2.8988844871
   1.5866852036   -7.8300253960    5.6694855109    2.5893408245    0.0710544576   -5.1956843452
   2.2433116305    2.9380241606    6.0724424846   -3.2601435270   -1.3243788338    2.0001401795
   7.6496084859   -4.4022943836   -0.2846813525   -0.4799752770   -2.4527995149   -0.0560324574
  -3.4161974028    6.4814241895    4.2672757487   -0.6365707742    0.8430898748    0.9040338590
  -2.3802731877   -1.6149396405    7.6304473684    4.4944186918    0.5700739710   -2.4857313989
   4.1890838755   -3.9547530829    8.4795227006   -1.6721292139   -0.2808421530    2.4139191249
  -4.4281658178   -5.4004973774   -2.6958539569   -0.0496513073    2.6312674636    0.6603202908
   4.3239165009    0.7568396605    6.3366122838    1.3231417720    3.3959575690    1.5362749040
  -0.7603318778    4.4554758717   -2.3482311712   -1.3003853948   -2.7089313066    1.2332392427
   0.0269589419   -3.0437410654   -2.6419526080   -3.2058717079   -3.5240624376   -1.1359398753
  -1.8630903526   -1.7846235393    3.9718686401   -1.5166085963   -3.8344085768   -0.4453794849
   8.4925198911    5.8578686126    2.3301733031   -1.5227799450    4.1485819738   -0.6904523192
  -4.0373865669    1.3060812349    7.3138032771   -1.9342066294   -0.6411854965   -1.1656116942
   1.3367654155   -8.2939375956   -5.8022971344   -3.0018589588    1.8049079581    0.8193906195
   1.8152523258   -2.8288903749    6.0280223136   -0.4978759802    0.7733591234   -4.0815792474
   2.7914642231    6.1745148788   -1.7338380652   -1.2748905102   -1.3738961000   -1.7108316159
   4.7015254749    3.2355095943    2.9657209109   -7.9609552843   -0.9529537295    2.5469834036
   7.5752792357    0.0008916766    3.4132042275   -1.3357446999    0.0999172212    0.0444263724
  -1.9314010047    4.7009278763   -8.4543118280    1.5131143280   -0.0319216499    1.5250117117
   8.0367101840   -6.5768805403    0.4121539772    2.0225487341   -2.6297258766   -1.4827313737
   0.1723423621   -6.9663974736    0.9024054969    1.7659538254    2.3097027095    0.4634148314
   7.4878274857    4.2022234041   -3.5881155558    1.4244462981    0.2150732259    2.9491476543
  -0.7299982786    6.0402297477   -2.7320088972   -0.8721146224    0.4367229808   -3.2583472194
   7.8194242251   -3.2194224916    2.4382721932   -1.4267246581   -1.3737615057    3.3784208559
  -0.3273525810   -0.0661773179    3.7655984031   -4.4402030315   -1.8697054204    2.1295552710
  -1.3142131417    0.8863479671    3.0425805023   -0.3675201984    1.0250763867    4.8648816214
   5.2083051704    4.5677529348   -5.4406221526   -0.0463291114   -2.0967469797   -1.6379728263
  -1.7393272189    0.4344955883   -0.1067000029    1.9221369274    0.0550988491   -2.1243886146
   7.9115537068   -5.6490031169    1.8782364969   -1.2568026196    0.6424677840    0.8538292982
   7.4216377147    6.0345106379   -2.7065408538    1.2236808164   -0.5129012283   -0.7859522739
   2.6555022797   -4.4989657687   -6.2310696751    1.0635695179    1.4681598127    2.6346818743
  -5.5862547698   -7.2682575498    7.1704442702    3.0221999635    2.7255991058   -1.2046292524
   5.2349359681    1.3742443970   -1.8537178172    1.2911182713   -1.0080613385   -1.5085305683
   1.1574210514   -3.7676535835   -7.7960500744    3.5122931410   -2.1709854720    1.0280196304
   2.8221372527   -8.4980389950   -4.0785252765    2.2997306026   -3.3192094303   -3.2219916760
   2.9835943052   -2.4013641530   -3.7788982051   -4.0348774597    5.7686104950    1.8249965776
  -5.5184809599   -5.4583613337   -6.9707667705   -2.4836640417   -1.6484664545   -0.4319996700
  -6.7319334263   -5.5107800474   -4.0710796488    0.0792240597   -1.2832176238   -1.3967376612
  -6.3450826915    4.3512251247    3.8534428595   -3.4516105757   -4.5221383650   -3.3744682079
   4.0175556055    1.3549259535    7.2381731318   -0.9575281842   -0.7322996732    1.1049775663
  -3.9408356838   -7.2137130182    3.8870294921   -4.9574825214   -2.7907234172   -0.5664886900
  -0.9520715610   -2.4432011882   -5.5210134617   -1.0415559535    3.0913878743   -0.3414120692
   0.8769692948    1.6887898238   -2.0021104505   -3.8070617762    2.9132535785   -2.2480762089
  -5.7311701244    6.8666060580   -1.4104407486   -4.0620806194   -0.4553363749   -0.6224176471
   3.2358623692    1.6925987842   -7.4442146044   -0.7140469287   -4.4734460152    1.1117564633
   5.5891953257    5.1672979925   -7.5145287416    0.6080990530   -0.7440147746    3.2428022456
   0.6633816381    1.8427512952    7.0034410051    1.4709814828    1.2296365927    3.7770161500
   0.8216542055   -8.5347784940    1.8963571337    3.8743342628    4.7768211507    1.9505189957
   7.1926866966   -7.1108672779   -7.2171578504    2.3307708723    2.7601841490    3.5639143243
  -7.0023991787   -6.0107527048   -7.8158627252    4.0681568640    2.4390740260    1.2024472565
   4.9619049978    5.9219294347   -2.2714406482   -6.8073845354   -2.4175187077    1.4937891240
   7.2645722200   -1.7988016788    8.2134722033    1.7891512065   -3.3517880227   -0.4814582517
   0.9717071457   -2.0338711685   -0.8615988724   -1.8544901298   -4.8645932316    2.1692121420
