           1000
    17.09975947
  -2.8010931354    6.9364367867   -4.4145017105   -2.3207386065   -0.8803577630    1.1638865782
  -0.0555550513    4.7776835254    0.1915140697   -3.6559047295    0.8873186238    1.0414387329
   8.4368532550   -0.2743344700    1.4844589718   -2.5315339322   -1.1353410769   -0.0286841204
  -4.9651547943   -4.8868532177   -2.5192769745    0.9332929355    2.2237094485   -1.1236468688
   4.9107312297    0.3558698933   -3.7683234052    2.7382598839    2.4203816161    1.9705838369
   5.4764494946   -7.2046948056    2.7369470243   -0.0070214827   -3.1674664066    0.1900178072
  -3.6737344835    3.7837529030   -6.0059072191   -3.2580479790   -2.6618064152    1.0024737461
  -8.2163786131    1.9933898760   -5.8308563399    0.2941716723    3.0672497785    2.2205437930
  -0.3355040699   -7.1470138436   -2.6992189568    0.9679572974    2.2188831279    3.3320761102
   6.3964307341   -6.8594716733    2.3355928084    0.3859636989    0.2982540310   -3.1751271633
  -4.5654443016   -3.9025852090   -7.7836129916    1.3378106317   -3.9004327347   -0.5777856274
  -0.0124851334    5.9111940907    4.3487073736   -1.0194869272    1.6228647944    0.4177158091
  -1.7805160307   -2.0416268414   -4.4791838648    2.1502767994   -0.8097664302    1.9382823915
   6.0128314217    5.5730465659    2.3178907659   -0.8487615637   -0.3404337912   -0.1983378094
   4.3333106820   -1.8998266496   -8.2050285446   -3.4538938185    1.4141342066   -1.4799500169
   2.8626532371   -5.5672032438    4.5927696722    1.0284647325    1.1590849050    1.3580160192
  -2.9155033888   -1.9190108082   -0.1343933842   -0.4660123499    0.2164404990   -1.1692958668
   1.4448071045   -4.1987211902    3.9909190002   -3.6748817948   -2.6457832990    3.7542229568
   1.3145448765   -3.0823046360    7.9727152950   -1.8583327754    1.8076220100   -0.6800519736
  -4.0549495497    1.8873723155   -4.2959426260    0.5850208775   -1.4941568777    2.5489081191
  -6.1431268861   -2.1296372386    6.6068526925    1.4134452490    1.7445244740   -0.9542944825
  -6.0981166322    7.8665154619    4.0465004735   -1.8507295417    0.2366354662   -0.3579782434
   4.7861615136    3.9835727358   -3.6706364565    2.3798525155   -0.6291588908    1.1384006100
  -7.1308757175   -6.2973198708   -2.3352496955    3.4130296795   -3.3024874347    0.1055033852
   3.0233899785   -4.2160863812   -1.3208125746    0.8590143128    4.3207610061   -1.8089363855
  -0.7316715835    5.7497335196   -8.2251834560   -1.6139004857   -4.9523239184   -1.9263472366
  -3.2889923765   -4.9240599635   -1.2904279649   -1.5962925706    3.0079244226    0.5035936018
   4.1060265097    8.1015307991    7.2682492044   -5.0851267134    4.3690958578   -0.4482583360
   3.6786209297    6.8369381864   -8.0857384011   -3.5911911045   -1.1100420857   -1.4075523733
   7.3706918473    5.3327045802   -5.5839747464   -1.7039597406    0.8250279495   -2.9542325740
  -3.7907425887    0.9856704404   -2.5856657569    0.2683512497   -2.5340330357   -2.8601501707
   3.5950084820   -0.0948545579   -3.0865304723   -6.7114478074    0.7313888706   -2.7862424931
  -2.1136119530   -3.3007277685   -1.3793149862    2.7339937658   -0.5795788895    1.2123490058
   6.3714571769    4.4712379233    4.0640223943    0.7608357131   -4.2628299906    1.4726001172
   0.2297766219    4.1467418230   -7.5503512469   -0.9269140026   -3.8823787458    0.2190274127
  -4.9934097229    7.5641303287    3.5374049074   -1.7456268968   -0.7079586224    1.9368238492
   2.1423452327   -3.2819341828   -5.3066966667   -2.1419363636    1.1524547373    2.0522956264
  -4.5571507066    7.6248009240   -3.8475657911    1.3510333979   -3.7481170994   -3.0192483547
   6.1278186257   -0.6006501368    2.1330580065    0.6738410128   -0.4075430737    0.5632496339
  -2.0089535729   -4.6399063001   -4.1550132610   -2.3038836196   -3.1029027316    2.2824377075
  -1.9987155072    1.1360915323   -0.3602666217    1.2316451553   -3.3303350984    3.5341567984
   1.4949528002    1.2040910258    6.1220696657    0.3748259858   -1.8490371106   -1.5165109441
  -2.4361227961    1.2978022257   -7.8708303597   -2.3243521272    3.2957378570   -0.1502907298
  -2.6723579018    7.0859130852   -1.9708244523   -4.0168188473   -0.4426100349   -2.4044310105
   1.0507769493   -2.3297170727    6.8700872690   -2.2692866181   -0.2024393877   -4.7696184821
   3.0610063190   -1.3221880556   -2.6708229571    0.2636613714    0.7096060401    0.6865130320
  -2.4046390672    0.0254202818   -7.9574590270    3.7903902848    2.1116830575    2.0733576616
  -5.4270405915    8.2225737299   -4.4628349480   -1.6634314671   -1.1617638920    1.1281603634
  -7.0001146285    8.0684852142    6.6109768148    0.5575991106   -1.4520448938   -0.5709645994
  -6.8680676413    7.8310889620   -5.2964882051    2.9917244790    1.4424272502    1.9396655726
   2.5278251281    1.8654921968   -3.5697947209   -1.5680945948   -1.7997035109   -1.5697522795
  -2.7369471989   -5.9418172645   -8.2813498384    0.9350120228   -2.6994147031   -0.2419303000
  -4.5899901862   -6.3653423267    6.3818673325   -1.4717795695    1.2446135674   -0.2974697948
  -2.7789446588    3.5656792948    0.8622055482    0.6735679543   -3.2459103241   -5.4671367812
  -2.3992660017    6.2253832839    4.4526146470   -0.8062237199    2.3627370976   -1.6519405851
  -1.5181635996   -6.1528164505    4.5630226055    2.7218425948    0.8579659953    0.4386060178
   1.9839612532   -1.1558498066    0.1331202461    1.4283329617   -2.1834692883    1.5743569342
  -1.2424959627    5.5100257192    3.7933730252   -1.4238636813    1.0016490664    2.3033587998
   2.8793416368    6.5013030434   -4.9443120155   -1.3241454228    0.6111872599   -0.7471873698
   8.3699604756    5.7746716975   -1.0140964636    0.5069226723   -1.0527857725    2.5679903531
   4.1105743159    6.8547746175    5.3922766243    0.0157819367    0.1561742420   -2.0285014294
  -5.8997882493   -4.7112878143   -2.9753844651   -0.1209125097   -0.9403372386   -0.9885622622
   6.4785611083   -4.2757705452   -7.1832473430    2.9044205978    0.1527106843   -2.5140834229
   2.8319451530    7.3906728845    6.4698824909   -3.3402608969   -2.1439668862    1.7791235799
   5.4873730242   -6.2160059434    3.4389919598   -0.4428191372    1.7523291590   -2.2108873359
   7.1722346163    0.0876116975    3.6625291471    5.2927002135   -5.1680843495   -0.5501767148
   3.3693762669    5.8197721796    6.1050096643   -2.5418980409   -0.3873135513    1.6024835797
   2.0310596098    5.9341018355    7.7282419661    2.6389928403   -2.8680761299    0.6610629280
   4.0741541236    0.2541662548    3.3393375981   -0.1888714687    2.1028822028   -3.0946302787
  -2.1169928277    3.1713713121   -8.2971597843   -0.7018017564    3.6049903419    4.1199091887
   4.2728288034   -4.2026953244    3.0131173861    0.5136774657   -1.2877936977    0.7513676160
  -7.9578068022   -6.6650069547   -4.0024092990    0.0451561939   -0.9930330860   -2.2527069544
  -0.7967340667    2.2654963973    1.6006900265    1.8674808468   -3.7874229434   -4.0197271218
  -2.7932662411   -3.2688986499    5.0910246263   -1.4207678653    2.5716206004    0.3490990916
   5.0581324029    6.4850652313   -4.8869669276    1.4480190075    0.5591887526   -0.4831642917
  -0.2591127529    2.2169698859   -6.4394242219   -1.0422410823    0.1256472362   -3.5636628359
   0.6850986079    0.8309611725    5.2534796045    1.2165173053   -0.1729148937   -3.9181653707
  -1.2989309047    6.0889548179    7.7826446521    2.2431260461   -1.5433451411    2.0444712511
   3.5381569589    4.4199218391    6.0919112393   -2.0224025886   -2.9369795105   -2.5912759650
  -0.2249030552    0.1403576304   -5.9596585152    1.0821378827   -1.2169589512   -1.8308068036
   1.3717452590    0.8194407949    0.7455743874   -0.4504720138    0.4096880868    0.8329093058
  -5.1164117636   -1.0935158869    5.5145589032    0.1107498086   -1.5667425998   -0.0039452850
  -6.1466457477    0.0955039225   -1.2707719494   -0.9594689599    2.2301180478    2.7175760648
   3.3481435636   -2.0338006282    1.6314399787    1.1836644493    1.3471084507    3.9237264826
   7.1689337529   -1.4851173193    2.9081219412    0.3161332728    0.5541984978   -0.4907241338
  -5.2273227743   -1.1214804150    8.0731138314    0.2983585845   -1.6318717158   -0.6632893115
  -4.6313527980   -0.4812897537   -8.4365395134   -2.2795825479   -0.7097956304   -3.6059883679
  -6.4542600164   -7.2507006846    3.9946015169   -0.2926038831    1.3669196153    2.4911926940
   3.6433510041   -7.9158683668   -8.0705656578    0.0980140664    2.4558373568    2.1429361406
   1.5653702032   -5.4656786089   -2.2657727206   -0.9507173694    2.5049770671    2.0368366486
   1.6611982896    0.3654086590    5.6591918385   -2.6128976774   -2.6686614000   -3.3833289900
  -0.6218539845    6.1557179198   -4.7786922404    0.2312607564   -1.6488233731   -0.3197157995
  -6.4651003138    6.3788585507   -5.6251823157   -3.7329850289   -2.7088279638   -0.3436291740
   5.2343728692   -6.5457549539   -4.2327044858    0.4023864560   -1.9305400850    1.2889228273
   1.1321527584    4.8199766260   -8.2341921390   -1.6769280579    1.7873286011   -0.6168455972
  -5.9181088029   -3.3548725245    5.1263588688    0.8087276099   -0.0787406918    2.5660634949
   4.9677951256    0.6673277361   -8.1168126236   -0.4581863598   -0.7932700217    1.3302569758
   8.4191620324    6.8598620646    0.6448107758   -0.1158762122   -1.5631636777    0.5657656184
  -0.4999894348   -6.0041618520   -7.5373474232   -3.0500184579   -2.9518060612   -1.0953063369
   1.3149425428    3.6140826153   -7.3193625594   -0.3429424919   -0.3079684077   -1.3994098322
   6.2638309768    7.4366520328   -2.0217849276   -0.2177565708   -1.1269641706   -0.2425420343
   2.5201434746   -8.0238328932    3.2367942000   -0.3662777272   -4.1596085334   -2.7952681411
   7.2509224501   -3.7097187265    2.9914794818   -4.8172483805    1.9235734888    0.4206060575
  -4.0495636368    2.4963700621   -6.6149719669    2.8765253147    1.4862014403   -1.1849378400
  -5.4648174451    2.7753363283    1.3861226869    0.8653920982   -2.8247584192   -1.9062868430
   3.9999702790    8.5095840252   -1.5323699023   -1.6789254642    0.4825389498    5.1417889674
   0.6357676600    4.4466779872    7.4017006913    2.6503909425   -0.6631066634   -0.3297782386
  -4.6014767360   -3.6048000070   -2.1659788645   -1.5211394523    3.8370315204    0.9461964066
   7.6993752007   -4.1005354162   -4.0890797914    0.5401791940    1.3037787873    1.5175367698
   5.4022849515    1.2828817546   -2.2310200801   -1.4415558698   -0.7561971415    0.5597351527
   1.8177223686    6.4749541804   -0.7696379231   -2.1796779333   -4.1253567655    2.4234823027
  -7.6150371203    2.9352289594    1.0103894929   -1.3598676708    0.6321725587    1.4863423843
  -1.5738230682   -0.3976635889    7.6784687409   -3.7462830963   -3.2770446845    1.7279006992
   5.2169515952   -6.3847269088   -5.6867480794   -2.3277140796    2.4060560543   -2.6478823068
  -7.1972769717   -4.5527828499    5.1604657815   -0.7427969326    0.4056827755   -2.0158123403
  -3.6881326227    5.8200797249   -7.0870929569   -1.0289851694    1.3424192949    0.4450115464
  -2.9855122583   -1.9928325164    4.4555938568   -3.5656624900   -5.1257893458    0.0822445506
   3.9154439167    5.5078075337    8.4820895491   -0.1831317794   -1.1027864897    1.9425456998
  -2.6727656063   -6.6632004916   -6.8070537037    6.2041198601    0.9845387389   -1.3127540604
  -2.1409209105   -8.1068315637   -7.1152808843   -0.1603477311    3.8539106844   -2.7232559418
  -4.2021557820    7.7551188430    7.8969314497   -2.8134687559   -1.4786390585   -3.9254679006
   2.6755947212   -4.5620219007    2.2470987960    2.5695183637   -0.4986019077   -3.2819462776
  -8.4937663659    3.0730404703   -8.3590698141    0.4238288474   -4.2246239580   -0.0315813650
  -2.2267203733   -6.1245562961   -2.1544801003    0.1438998894    3.0785937251   -4.7584992797
  -2.7993442856    4.0011926857   -8.5382631400   -2.4519478676   -1.3562920332    0.6942066210
  -2.7663443187    6.2716777236    7.4486555436    0.6700820482   -2.9391301345    0.2056536931
   0.6421820850    1.1099749582    7.8683774396   -1.2996754669   -1.4375110768   -2.2000684903
  -4.6290670225   -6.7876565840   -1.1293713914   -0.8637509533    1.8310642259   -0.5678104045
   1.3137051659    0.1297339684    2.1524752527   -1.5275622705   -1.8073836986    0.9137516823
   1.5695982918   -5.1128549676    0.4025949227    0.7425109212   -0.1409377736   -3.4730399784
  -6.7618101183    5.0613675398   -5.1133699981    2.5012200069    1.0498456592    1.6266429699
  -4.8333154535   -4.8264403013   -4.5891708349   -1.8474287512   -0.8310997962    0.6703851948
  -4.5245701761    2.0102139425    7.3272429608   -0.2054460672   -1.4094062847    0.1369345050
   2.8491412413   -6.0727790448    8.0464636231   -0.9611421392   -2.4096171061    1.8824411509
   0.3504586550    5.9684788323    1.1534700305   -4.0776502720    1.5763048293   -1.6401716719
   5.7444079396   -2.4831920576   -7.4541894817    0.2114219379    0.3824391669    0.2705349361
  -6.2975411540    8.1206952946    1.4399389522    0.5160944629   -3.0674183073    2.2782997374
   5.8268364867    6.5895213123    0.2226484671   -1.1545795970    2.1916651962   -2.8501933708
   8.2202152643   -4.6358346375   -6.2465629085   -1.9628221827    2.1058207986    0.2094574890
   4.1037816492    0.5096592089   -7.4462068382    2.1438667531   -1.3599176714   -2.6622063540
  -5.4746564413    7.6553577078    6.9372117572    4.4505060467    0.1264358163   -1.6511196992
  -2.1827829209    6.0135984537    0.6955627956   -3.1273599003    0.1069711956    0.1419391708
  -2.2163892313   -6.6565283512    5.3512393633   -0.0604498215    2.5972696117   -0.7083987641
  -2.0976889634    0.4554089887    6.3779010135    0.1406754595   -1.7102105076    1.8491458479
   5.4606816588   -1.8301533539    1.7520939952   -0.6134585718    1.2085120364   -2.8919604270
   5.8452246773    4.0034489483    5.5203173168    2.2377473125   -2.8985030205   -3.7221890193
   0.4316515933    1.1034987481   -8.1830569872   -0.3374058350    0.3856848828   -2.1056022016
  -6.5786470393   -7.9749143455   -5.3872493575   -0.1245641764    1.7328619686   -1.7936163744
  -5.2742016227    0.1825681337   -4.8453932621   -0.4758894850   -1.9422343949   -1.1395212491
   7.1410014385   -8.2712767334   -2.5790027178    5.2174472199   -0.4483990015    2.0739266001
  -5.5618755301    2.9216754051   -6.1682595312    1.7745478990    1.1260484565    1.7328962502
  -1.8661373261   -7.4222886502    4.9048387811    0.4823534752   -1.4668419567   -2.6822479414
  -4.3017078702    0.7069398144    7.2367638132    6.1346968554    2.2634975320    2.7922652997
   5.1228550329    6.2422171508   -5.8656019955    2.7638208803    1.3192868129   -2.1078540805
   1.9641764644   -3.7968803665    6.3985304431    1.4756519947   -0.4613052086   -1.1428112006
   1.1651291809   -4.2301394569    1.8450335339   -0.3355217296    2.7353899771    4.4252689363
  -7.7841518495   -4.8156850060   -1.6046149552   -0.2658791328    2.7127911161   -0.4458778189
   4.2027461665   -7.9249629508   -6.3793408459   -3.7902412992    0.0320470226    1.1668280714
  -4.9887131415   -0.5555727374   -1.6622227054   -1.9233575808   -1.2818199229   -1.6502418525
  -6.7810406462    2.1701169361    4.6652170886   -1.0366407847   -1.4479643871    0.5711431047
  -6.7174883428    3.3257476910    7.7122683588    1.3165638436    3.9854599214   -4.3862422741
   4.0175001436    0.6467434162    1.0147130349   -3.6309352908    0.3649969176   -0.1616351295
   8.1848352217    3.3669337191   -6.3605982725    0.4629937162   -3.0701156979    0.9735740285
  -4.6129821622    4.8069751580    7.1724019882   -0.9112522404   -3.2054455801    2.2626239137
  -4.2055199366   -0.9198971126   -5.2713200453   -1.2388567654    1.4265675988   -1.1647393466
  -7.3377322291    5.3709251717   -1.3394575799    0.1859057894   -0.4416800872   -0.4252613138
  -0.5924035286   -4.9395000486    0.9715396811   -4.5837604723   -0.3768221390   -1.1642145103
  -6.5071811622    6.5690777479   -4.2550237072   -0.4993894375    0.8448842955   -0.0277270283
  -0.1038524995   -2.5097567038   -4.9743249548    2.6440678924    1.0744774941    1.1373364435
  -8.3747200873   -5.1934113344    7.2093914392   -0.1234769858   -1.0427710289   -1.4000139892
   4.4092771767    8.2172730334   -3.5414046234    2.0721382880   -1.0308538742   -0.2618896680
  -7.2485993030   -7.9387311879    5.8286129129   -2.0636295355    2.2985494546   -1.8789563999
  -3.3503595437   -0.6778031700    2.4442499236    1.3526613645    2.2726152446   -0.8447757279
   5.9671014729   -3.3194158004    7.2775749465    2.5907474595   -5.0430875421   -1.1884903787
  -4.6860779421   -1.1513096508    7.2323313369    5.3185824900    1.8529916894    0.1662986819
   0.1510446519   -5.2895592640   -0.0257267388   -2.3039598859    3.8216626105    2.0413614861
   2.2443603167    4.6164929652   -4.4303874760   -0.6572680745   -1.3975457260   -4.0293107912
   6.6775452543   -0.6309827961   -8.4416162758   -0.5892035117    4.5997754515    2.9297993826
   6.2953961464    3.6455769627    7.1044342861   -0.1139610393    1.6887968039   -0.7251683402
   1.1626977025    2.8941808003   -6.6226669305   -2.3929758165   -0.2597184759   -5.5109633781
   2.5804800388   -7.9804707584   -8.3520430362    1.0656835182    1.1065426612   -2.2617037380
  -1.4635017229    1.9679818826   -7.5763098583    0.2124175919    2.3404182004    1.7638000162
   5.6087314980    2.0390949194    7.0426291711    0.8868930756   -3.9239656736    0.2956108614
  -5.1730162025   -6.1826669793    5.0841337594   -3.0164661732   -3.6791371803   -3.0294517136
   7.4489139989    3.5625217469    2.1415060354   -1.9918318730   -0.7783845447   -0.3643282402
  -1.4734396733    2.2862089618   -6.3855771837    4.3090560428    3.3747812486    1.4500294929
  -0.7788941356   -7.1269227852   -1.5645881006    2.4670514361   -0.5133264502   -0.5381927236
   6.3657626641    0.1473298778    4.6208700731   -3.4357196942   -0.2361772528   -1.1342123127
  -5.2859947888    8.3956682902    6.3783262787    2.2774441939   -2.7084012412   -2.8411383976
   3.3255518298    2.7555685524    5.7900843086   -1.8993235431    1.5313351156   -2.0189251922
  -1.8528554511    2.3906533507    8.3936965994   -0.9598728574    0.1424322509    1.6333822854
   8.3476080873   -6.6712626033   -0.4671477216   -5.2428000736   -0.5366988415   -0.3063760896
   0.8401489496    6.9440751655   -0.6841122941    3.2371132444   -1.9294580824   -1.2561798475
   7.1409831368   -8.3118133933   -5.4055439339   -6.6254798540    0.6938080055    0.2635894083
  -6.9552124853   -5.6572184028    7.6663668886   -1.3101056700    0.4237758426    0.3882108622
  -3.5600526316    4.8159442013    8.2560594536   -1.5037145607    0.5056942051   -2.6290858329
   0.7790152336   -7.1393047187    5.9309273552    6.0822371180    3.0868443706   -0.7147427519
   6.7691755506    2.6564779701    4.3817755302    2.3669011585    1.3481125033    2.3721172132
  -4.5293924406    0.2139321068    5.3842481973   -0.0147135940   -0.7190069899    0.2406731794
  -0.1435809122   -0.8037673499   -5.9340842006    2.4733601619   -2.2498155218    5.1961860628
   1.7057664804   -0.5279626878   -8.4668707928    3.1049661966    3.5218649950   -3.6080449154
  -5.0685332873    5.0158540730    5.5865355502    0.8114233910    0.6166683762   -0.7956175851
  -8.2353295605    3.4927275526   -1.8224024101    0.6463109765    1.2589632830   -1.4060269431
   8.1853703364    4.0066099564   -5.6767800342   -0.8214509946   -3.6005690632    1.5339982490
  -3.8454588776    5.2483687690    4.7339547562    0.3561566846   -2.5892744114   -0.3311483893
  -2.9653705930   -6.9345325937   -8.3252539093   -3.0835541609   -5.6019179776    3.8224490788
  -6.2232228495    3.4105289549   -4.8856018883   -0.0628828550    1.7914248697    1.4612002782
  -3.1414047608   -1.8913795007    6.2769459991    0.5863616850   -0.9401699776   -1.2816061690
   6.2006184058   -3.5204059246    4.1888421291   -0.4945596930    1.7023512077    0.7067396510
  -6.1464223842    6.3746962129   -3.1180046491   -0.4009425028    1.1768131842    4.5445773591
  -5.9696595706    3.5011816318    4.9358344226    0.9650934190    2.8734059779   -0.9075677588
  -8.4719147488    7.5829216126    4.2112375822   -0.3097710611   -3.7679875019    0.8925754749
   1.3870383139    3.0559391659   -8.2677779289    1.9285077987    0.6209553099   -3.6242089687
   5.8207364241   -1.7564038609    8.3771570167   -3.1487169166    4.8377010717    3.2717344705
   2.5045538629   -4.9431874381   -2.7987322161    5.3318312381   -1.0349278958   -2.9531383039
  -0.9400922159    6.9983650768    7.9798755019   -2.5691289255   -2.0637963163    2.3830528326
  -5.0955301746    1.0478947403    4.9044442901   -2.6666588817    5.5753040507    3.2099982494
  -2.7719121772   -3.4020545501    2.5968630056   -1.1232479180   -1.1133296211   -1.5779422946
   4.1743646988   -2.9001577620    0.5627784594   -3.1285984636    0.0078394751    0.5635912911
   0.7127622101    3.2678279267    6.2648603962    1.0561511788    2.1458076919   -1.3102024856
  -5.9299363893    6.9708278285   -1.6182357659   -4.1936137371    3.1784013717    3.9111023190
   4.7238952224    0.2777073212    5.0460983897    5.3269260963    2.3256955536   -0.3888140866
  -8.1927533917    1.4461344204    4.6905535639   -1.7190631371   -2.3590471475    0.1405986476
  -8.0933136882    1.5828578864   -2.9327707736    1.1435887494   -0.9830201464   -1.5315163976
   2.7674050172    3.2937724358    2.9572684033    4.2919420341   -0.2777901981    0.1059711292
  -0.2850275252   -3.0514801729    6.2461072468    0.0427126550    1.5717787392   -1.2262166916
   1.5111664636   -2.1476808203   -6.7932667377    4.4063361302   -1.9870566197   -1.6227194380
  -4.2375367846   -4.5056297902   -6.8738244472    1.0484030140   -0.0381418870   -1.6928179826
  -4.5450484202   -6.1785410801    0.8111220787    0.0526670398   -2.3604243886    3.2010318150
  -3.6348606999    0.7319185768   -6.2863953121   -0.5937116797    1.8234597017    1.0448779686
   1.1260404232   -3.8990978193   -3.7773214701   -3.3070092857    4.7059915575   -1.7067227147
  -5.3296557501    6.0288035840    3.0437379419    2.8726774749    1.5187784877    2.1794499228
  -3.5268567443    8.1268031921    7.1738150912   -0.2383074054    2.4371567449    0.1296203612
  -7.4888551492   -2.8233842244    0.7177757476    4.7625583972    2.4889354232   -1.2914438739
   6.6438446779    5.1957031557   -0.3590033222   -3.9452520279   -0.5175433130   -1.0660803178
   6.4354008365   -7.3775587186    3.2368408532   -3.1850823037    1.8721384339    4.0876339325
   0.1745154561    5.0320571147   -1.3148264431   -4.0408448983   -0.2631510159   -1.6251969484
   4.3791035601    3.8234110826    0.1463861778    3.9885067511    0.6504283481   -2.4561914130
   7.4140550536   -0.5276661773   -6.8518571766   -1.3581045551    1.9602152499    0.7497002781
  -8.0112558381   -2.5233909363   -5.3361302122    1.4096727755    1.4218490263   -0.4711486687
   0.1994008269    3.0725150531   -8.2308220068    0.9817873493    1.2135020038   -0.6552996896
  -5.9090034002    6.7527392516   -0.1088992851   -1.3471258861    0.5522811784   -2.0171964194
  -0.4994929992    0.0919721981    8.2941256711   -0.7534558701   -0.3242116629    0.6641515654
  -1.9563729188    5.8752443709   -7.5386606232    2.1785246626    1.6197290322    0.3588243769
   0.0351306317    7.1442131571    0.1295984390   -3.6336824350    4.8370387256   -0.7634325647
  -2.2471269592    0.6378466634   -7.0072087890    0.7106058441   -1.3884909654    1.6052751497
   0.4141923738   -2.2129057551    7.8675365967   -3.7491223874   -0.3834278107    3.3708084005
  -6.9382133364   -2.5982062203    8.3371425771    1.8388570083    1.2867940066   -3.4530006414
   8.2005105329   -0.6355061991   -7.5691491796   -4.5326155552   -2.6876244799   -1.1179107142
   1.0750133598   -2.3092051376    3.6444377045    0.5434927435    0.7700148398    0.7532034760
  -0.8352735265    2.6512238801    7.6236007065    2.9394890737   -1.0985294926   -2.6786484248
  -7.1966945919    1.7239435396    3.2310213404   -0.0098919480    0.8261205540    0.6643587858
   5.7691117066    1.0364508377    5.8027118337    3.0135617769   -0.8345011617   -0.5008784318
   2.7170821312    3.6391671155    5.1021240355    0.0944944383   -1.9320259233    1.5311082478
   2.3509447888   -4.1869645739    5.5379703481   -0.5102346124   -0.7573228487   -0.8395507060
  -5.9231443038    6.9384271822   -6.7240398139    5.5225104725    0.8077768519   -1.9025257701
  -4.1668451133    6.1346166204   -0.9283386188   -1.5113713580    0.7221066980   -0.6930170715
  -6.0090692571   -6.3149879144    7.0927468490   -0.0282877103   -2.4961787963    0.4342773976
  -6.4707932972   -5.7425818562   -7.3836549635    1.0094308234   -4.1523618412   -0.8732311152
   6.4545204180   -6.3424289159    4.4271884968   -2.6005431700   -0.4858605135    0.8955134213
   3.0462163542   -7.8374968832    4.2991658706    3.5869798090    0.8138699458    2.1104559712
  -4.6051962186   -3.5225848968    3.6018487783   -0.1937401186    4.2889406455    0.7461089898
  -5.1383227046   -8.4736211026   -5.6100598049   -0.4400287333    1.0044264167    1.5778321275
  -0.3692218503   -5.7271794816   -5.8641073569   -1.3935170391    2.3208591303   -0.9019645602
   1.2038653860    4.8471850215   -6.7424510372   -0.1033719050   -1.0843184467   -1.6150431452
   6.5633726682   -2.6035927818    7.7713861524    0.6640463748   -2.9978911979   -0.1259327093
  -7.5913255318    3.1867760929    7.0931734916   -1.6534503008    1.6421443601   -2.6140708356
  -6.3800703287    3.1674499371   -5.8684875930   -1.4426156177    1.1343435555   -0.9806712302
  -7.2600177539   -3.4065898510   -2.1990880934   -1.2840251467   -2.2328460832    1.1631892877
  -7.3514257419   -0.9152361385    4.6282205030    3.5750272998    4.1629300969   -2.0518097180
   4.0080989954   -2.9535025012   -5.5392738856    0.0242802828   -1.9709917384    1.9249522407
  -5.4295392360    2.4962699220    0.2184743512   -0.5995046461   -1.9771648660   -3.1563305705
   2.1097698745   -4.8543239107    1.4636382703    1.0789254527   -1.7751787172   -2.3330400073
   8.2333994066   -1.6132677043   -2.4735696893    0.0664188663    1.2137091628    0.1512144188
  -5.9304100354   -8.3025773393    7.6127429231    2.7617828947    2.1831909725    4.1247212656
   5.7246632510   -0.5493628191   -3.1895241582    2.7480787847   -0.4735857401    0.5506856255
   1.3841657457    2.2503430504   -7.6664442887   -1.7430149218    2.3479084217    0.8065343477
   3.9149229696   -7.6326595910    1.9484785539    2.4036646880    4.6929537528   -1.3282949198
   6.6824624036    3.5181846410   -5.4575408138    1.6745028794    2.8082641343    4.0408240646
   7.0441391686    2.0932198234   -0.5025044494   -2.1452919855    0.8700158933    3.3838047556
   3.1078742155   -2.8438757153    0.3508756830    1.2778883317    0.0211260636    2.2378828299
   2.9462638400    6.9584480745    4.0531771133    3.6895156091   -5.1841858462    0.9872191434
   6.9987287649   -0.0282463283   -4.3218416578    0.2859852672   -4.4267137217    1.8492960333
  -6.5131254374   -4.5099797926   -6.1579681190    4.3135403017   -0.3437761193   -2.9101302387
  -2.6372857071    2.5297523239    3.0274229705    2.2904042792    1.7343326916   -0.1431278568
   0.7179061846   -0.3664930099   -4.2512720839    2.6739444087    1.3554417754    2.8246210244
   6.7596108437   -4.2334201632   -0.8152702198   -0.5038112190   -1.4266175261    0.5309565127
   2.5482353511   -7.9557716450    5.5745166976   -0.1567599844   -3.8758618816    1.1345342731
   6.3734277906   -1.1377960421    6.6927874007    3.1700213297   -1.2612557934   -1.9203205841
  -3.2832657596   -8.0263292627    6.6735032343    0.8583360845    2.3231884426   -1.7025711395
   8.5288454895   -0.0603225509    5.5372610844   -1.9992261170    1.1263490566   -4.0514329587
   5.9728292054    1.5101598518   -8.2834226713    0.0684454537    2.5634253601    0.0566024183
   7.4997884375   -6.5204631752   -5.9103945578   -0.3145816062    0.4482780275   -0.6669526239
   3.1754737282   -8.1200085509   -6.0267730943    0.4892690157   -1.4418628142    0.9224966327
  -1.1113272597    0.2389513465   -5.1166275394    0.9251161808   -1.7338989910    2.2472187284
   5.8102791315   -7.0849598666    7.6094079580   -2.9568516939   -2.5982417801    0.4265564685
   8.1106085395    2.6665194943   -1.0116092759   -2.3360126355   -2.0688015173    1.1520323512
  -7.5579270278    6.4774317082   -5.6510674380    5.5300912659    2.8405645632    1.6966922449
  -8.1344122625    8.3708667986   -2.0352756596    2.8840807489   -2.2956579008   -1.4849051820
  -1.2169346796    5.4392504795    1.5928869572    0.7881331646    1.4987471323    0.7514044938
  -5.0132754875    3.8484073805    5.1977105087    3.3366989497   -1.0245261975   -1.6008325927
  -0.0740385359    2.7448692936   -4.9276065496    1.3399865326    0.3848234876   -2.0628415297
   6.3562689911   -6.4295315245    5.6620809859    3.3734080900   -1.1116596977    2.7092603798
   1.8455218405   -2.9214122366    6.8690085887   -1.3370090575    2.4562089660    1.8230964112
   7.9922287657    4.1937581997    1.0683398103   -0.5063408711    3.0531750876    0.6949091633
   1.5975943336    5.8088471339   -4.5932682185    1.4570894580   -0.6016976733    2.7465123223
  -3.2186940514   -2.3121259155   -7.8061767997   -0.5960662392   -5.2325052156   -2.4829521595
   7.1462667869   -7.7282748448   -1.2499141810   -0.6807760414    2.8349309401   -3.9967677486
   4.0370016534    7.3660188159   -1.2049072437    1.7745327297    1.6602513480    3.2941113404
  -6.5242755272   -3.0993953162   -5.7451919181   -1.1343814926   -0.2583523982    0.6217186181
  -0.0593227317    1.4703235942    2.8253648459   -3.5866314887    1.6632941915    2.1468362787
   7.7012050161    3.4424954975    0.0051041757   -3.4984690527   -0.7318688808   -4.3014076511
   1.1182116063   -3.8383062787   -5.8840966361   -0.7677773693   -1.7543530348   -3.0283815982
   3.0371682535    6.0613241980   -0.4287643123   -3.2618923740   -0.1766725063   -2.5755358856
  -0.6268049987   -7.4086726323   -6.9513688446    1.3010447237   -1.3041182949    1.0330571974
  -5.7659562871   -6.5267334950   -2.4639658686    0.7711322791   -0.2196850084    1.4817363381
  -5.7943912078    4.8253599121    7.3792558863    0.5597409363   -4.0763393746    3.0153111341
   6.1748388170    0.1504030609    7.5467077274    2.0995011873    1.8080861039    2.2503013632
   8.1739848769   -8.1282074696   -3.9485284393    0.1771582157   -2.7048878409   -1.7866053336
   2.7038294649    6.7406760590    7.8800793336    2.4449843516   -0.4726564934    0.5700138348
   5.6890577957   -7.1935921924    0.8325442285    1.8316797340   -2.0425303724    2.3043734186
   1.0827161966    2.8385978020    1.4021632778    2.1035614105    5.6450107115    0.0601020319
   8.3689521386   -0.7958725557    7.3367878406   -1.1561490870   -0.2945803209    0.8417614210
   1.3766703010   -1.1756035850   -7.4622050241    0.0778085692   -1.0054315337   -0.1807558243
  -8.3235026748   -0.4327719686    4.0333334494    1.2247604421    0.2016896762    3.8037913842
  -6.7119117545   -6.2291635489   -3.9873659244    0.1949239018    1.1002307448   -2.1788182744
  -6.8539487282   -7.1624704640   -6.8991654302   -1.2834709371   -1.4373891821    1.3624850629
   0.7092886957   -5.7869058045   -6.8903241954    2.5546999981   -0.7811898973   -0.6147077385
   0.4021849085    2.9083728112   -0.4987684917   -2.2808254509   -2.0546840794   -2.0490769984
   8.3666845993    1.0302690795    7.9106836768   -0.3350623301   -3.9143366172   -1.6806597770
  -8.4753266312    1.3604025635   -4.2210336196   -2.9790490260    2.8039725834   -4.0806525183
   0.1909307027   -2.2561502828    4.6187432280    1.7472727719   -0.9276844512    0.0450178604
  -4.2467498911   -6.2694736776   -7.1211974840    0.0381580698   -1.2344510579    2.3298923219
   1.2299258299   -8.5424221981   -3.7242280091    1.8120839007   -5.1106038848   -1.0632303006
  -6.4636574944   -7.3293306249    2.9716187270   -0.8740838542   -1.0077411317   -1.0180669661
  -6.3391904442   -2.7126677800    4.4965969269   -0.6200908611    1.8435528651    2.1857190525
   1.7354874641   -0.7035094729   -5.8748715558    2.4353863754   -1.1756679928   -4.8712370903
  -6.2868674438   -0.9866765546    7.4636311924    1.3603103319   -2.8889907788   -3.0519137913
   0.7352128075   -0.2944307294    3.2320398453    1.8914848124   -0.3927384346    0.0819797747
   0.6534073166    7.3864795837    7.8391912462    3.4233163523   -1.0782256398    3.9581119061
  -0.4382590931    4.0759177065    8.2761029372   -0.7956376375    2.2725429745   -2.4056088270
   5.6577456071    4.1703231850    0.1670740100   -4.6270851617   -1.0514673337    0.6814719213
  -0.2077361247    7.7951270747   -4.1861165171   -2.8515916004   -0.0548858515    2.1523892645
   3.9216654092   -4.0215421771    8.4006264698   -1.0490453860   -0.3845747031   -1.4911728184
   3.4126027444    4.5147087855    4.6974539919    1.6392195252   -3.5534967798    1.9218228566
  -6.5218703431    0.0365497208   -3.4481291138    2.9785797642    0.4154815110   -3.9581515856
  -6.8515170002   -4.7669181041   -2.4383310385    0.9851660959    1.1246107134    0.1553268666
   0.0641988542    3.8060219013    0.6741056431    1.8499314755    1.3350244963    3.9541030767
  -3.6447155323   -0.1520508421   -2.9700053900    0.7502779280   -2.8054322495   -2.8280361195
  -5.7469709584   -1.8373621300   -3.8365748682   -2.4227943207    2.8443078423    1.0052470607
  -7.4340060419    2.5301697017    6.2892742361   -0.6707235103   -2.7016057045   -3.1058725299
  -4.6317039803    1.7116558012    5.6368654333    1.6685253540    1.7799492170    1.3512291804
   7.5864889876    7.1280812580   -8.3988617986    0.3213367440   -0.4442341193   -0.1031627031
   3.9795192039    6.1193937656   -0.5455455773   -1.2496334403   -2.3227531712   -2.6567178809
   6.0513173917    0.7979869158    3.6961118987   -0.6657553013    1.8418902350   -0.1177903726
   2.5287870414   -6.2611334830    1.8024421186    0.9874179603   -1.4800913004   -1.0867371178
   5.9026578392   -1.4750134826   -6.0649897675    4.4383022796    0.0521842583   -1.2355035481
   1.2791171464   -8.4501638486    7.0088061475    1.4057642609   -0.4938024380    1.7346594918
  -8.4810990372    1.1384919290   -0.4418747550    2.8666131163    0.7720741971    2.7905086724
   7.3218899552    5.8034557583    6.9250968212   -3.9086858057   -1.0862992355   -0.1964379394
   7.8231090662    7.9352972674    7.0315103797   -0.8988449750   -2.7849446380   -3.0989938035
  -6.4929895046    5.2585489601    1.1004241460    3.7642779005   -2.3021557693   -1.3273447546
  -2.9158024871   -7.1010176096   -1.9508508424    1.3970234799   -2.5267852005   -1.5657429619
  -6.2499999464    1.6603352256    0.1205249537   -6.4952246492   -0.9553104324    2.0224490928
   7.5730839741   -7.1545540828    4.0283115913    0.5622511656   -1.0889734740    0.7802809782
   2.8710908600    3.0006135051    6.8542229512   -4.5124920685   -1.3198397828    1.3927380933
  -0.7860930315    7.9868515227   -3.2096183508   -2.3993741367    1.5502408261    0.5151107462
  -1.1053608923    2.3834077534    3.8441267553   -4.2044093926    3.6393976519   -2.5969712013
  -0.4342746147    7.3329066150   -5.9408595926   -5.4540198112   -1.6492934077   -2.1342061691
  -3.8494234853    4.6467094459   -2.3709386870    0.6334161839   -1.6896674685   -0.3847172997
  -6.4567237783   -3.5841279807    7.5890575963   -2.5124973522   -0.7536265951   -0.1864907907
   5.9790787990    3.4265375610   -7.6021296345    3.0636718098    2.8904910476   -1.2446524178
   6.8162658126    2.6483458150   -2.2849101702    0.7824777319    2.3910216973   -0.1351180988
   5.2783091637   -3.8325181923    0.7248409668    0.7145834845   -1.2013472547   -1.6290695205
  -8.3758753227   -1.9628878504    4.4683971522    1.3347446379    0.4534310526   -2.1592090994
  -0.6376820085   -7.4645950647    7.2537750918   -1.8387283285    1.6383975139    4.1881765337
   5.3905562545   -5.4293676723   -0.3553680582    2.9424363339   -3.9157101910    3.5246909792
   6.7090053674    0.3568259106   -1.1614049649    1.4662649367    1.8419047516    5.2524502685
   0.2263238872   -0.8220748658    5.5078971365   -0.3301433368   -3.4705844776   -1.0806653519
  -1.4156583297    7.7055808727    6.8893826142   -2.2532497885   -4.6238363644    1.3179983484
  -2.2491515711   -0.1288672343    0.6296304740   -3.4130505418    0.6453727266   -3.7417039719
   2.9536769215   -1.6832108166    8.1045206209   -5.9106711230   -0.5863977621   -2.7659453753
  -4.0512555189   -4.1087364011    4.0139844919    0.7180028732    3.0388635276    2.6192104743
  -0.6664542104   -4.7839657543    3.5375053107    0.1253239881   -2.0315179870   -1.7033198978
   2.2439513883    4.2738220785   -7.4659390490   -2.8648025595   -0.7630240123    1.3044076993
   7.2007608200   -7.5259263304    5.0386201324    2.0215594668   -1.9099763988    0.1297137537
   7.0501614104    5.2255212466   -2.5870693072   -1.4707063513   -1.5949624122   -5.9295921395
   1.8271169649   -5.4263496364    3.1569986617   -1.8623548087    0.8593061839   -3.4510794528
   6.8883799702   -4.3425270066   -6.1349161724    0.0870498338    0.9602842136    6.2456885558
   1.5313104887   -3.7174670819   -6.7195451351   -1.7420592890    3.3379333446    2.2998474559
  -0.0393295611    3.4890086593   -1.7056592515   -2.1638023409    2.5706775615   -1.8529575479
   5.3297856262   -3.8651681968   -3.5710842005   -1.1103323635    1.4653897229    4.6645445684
   1.7934309324    0.5401581266    3.3428653912   -2.5360713397    1.9455322162   -1.9887822247
   4.9388628368   -6.5799029326    0.6886904169   -4.6908137719    3.1708445641   -0.2682195916
  -1.0486901479   -1.1415504684    7.9950758676   -3.3206974056   -0.3871350187    2.2049138493
   4.0863841933   -3.6563695575   -4.1790101741   -2.2132978329    0.5821815383    3.3234756383
   3.3741537548    3.7380391834   -3.0561436898    0.2484570825    1.1098349166   -1.1590363473
  -8.5271391990   -6.7286339493   -6.3129871056   -0.3135678903   -1.3774149895   -1.2220815243
  -0.7503876041    6.8805468611   -7.1160585246    0.8739335411    2.7750898999   -0.6219724840
  -4.1240752772   -4.9165321327   -0.2032326239   -2.9323011615    0.9403072861   -2.5972169128
   5.1036860265    8.0179779968   -7.9284622926    0.0350756936    0.2177978939   -1.5744138344
   6.9594439437   -6.3074944125   -6.7458016562    2.5441498488   -0.8758223049   -0.4457617228
   5.5536484494   -2.8927130353    5.3621721610    0.1452554038    0.3555396863    1.7279065095
  -3.5712036121   -2.9923651501    8.1332228883   -2.0900190553    3.1863491431    0.9301099262
   1.9436077536   -6.7695933247   -7.7551210173    2.6589453628    1.3538724751   -2.5339465380
   0.6291945190   -4.9006900868    2.7883071325    0.3145368926   -2.7783372102   -0.5116078198
   2.5910946132   -4.4596197321    3.9660425164    0.5478556362    0.8273180332   -0.9027393673
  -7.9343076841    0.2592660412    2.5292098134    0.9770799951   -0.9160860826   -2.9319280108
  -4.3375772049   -6.7985176981   -3.3319138453   -1.7524991034   -2.1955821576    2.3262251503
   4.9343543465   -1.2887727712   -7.6791714020    2.5029789995   -4.5623845452   -0.0076045038
  -1.9972766920   -4.1576746432    2.4747757707   -1.4084729108    1.0832392421   -1.2719806976
   2.5849365250    5.1275000146   -1.6452600895   -2.6230931783   -2.3822670009   -0.6392778936
  -2.0014747832   -4.2342951944    8.5147377831    1.5038120697    1.3001043244   -3.4432649367
   5.2002106707   -4.8772870835    1.3562433306    1.7128039984    1.8468121121    2.0527768639
  -0.7165384855   -2.7826981512   -1.8909640155   -0.5715668668    0.8721712906   -2.7062310020
  -0.9501815570    0.1559772178    2.6454825011    4.9332601289    2.2587788039    3.3367411697
  -7.1333191029   -2.6950968755    2.7311535498    2.8226862391    0.8910608878   -1.8954028739
   6.6259018814    3.9288241625    0.9708350931   -2.6592142301   -1.1442477115    0.5293570368
   4.3557927434   -0.5631026175   -8.5252596970    0.7091365203   -2.5194782848   -0.4754649623
  -7.4304800665   -7.7101451260    7.7341223093    2.4719173657    0.4112916052    3.0287442229
  -4.2244183795   -1.1622882292    0.6529253542   -1.8353991411   -0.5991486901   -2.4601431153
   6.1030770996    4.3065711090   -5.9650028505    2.5892475626    0.2990765611   -0.4242486423
   4.0500279355   -0.0351248318   -1.0096204072    1.3683375280   -0.3701761729    1.2084694108
   3.6957104013    3.4751764258    6.5268606909   -1.6485062505   -2.0408731134   -0.8729101773
   3.0986110359   -3.9765936280   -3.6242897318   -4.1639444071    0.0918173350   -0.7981880549
   3.4363344401    4.9139002129   -4.0711342267    1.9776583667   -0.8942028363    1.7777726091
  -7.7479465002    6.3167719627    1.6222631092    4.3617484045   -1.5382137732    4.2664001183
   4.0915025418   -2.8043026012   -2.5251326835   -0.3475499790   -1.1224563559   -0.4143292374
  -0.4428668473   -2.0827491616   -4.1083131749   -3.1390325886    0.5502130401   -0.1147897982
   2.3761739349    1.9689328418   -4.6027899348    3.4493778112   -0.4821192082   -1.3775129432
  -6.7558540629    6.3009971805    2.7974855061    2.8983233361   -0.8618590349    4.6812442484
  -6.8386343040   -5.9289331361   -5.0716599058   -1.0334909073   -2.1094625127    2.3082726167
  -6.9942941279   -8.4510723399    3.4367372987   -0.7926801305    0.9672461668   -0.4611360625
   1.9146111229    7.7556742687    1.1830310080    0.7828848356    3.4592226371    0.9131900922
  -4.6657162778    1.4265598296   -3.2498322228    3.3068731710   -2.2223922924    2.3775525593
  -0.2913278506   -4.5261740275    6.1861721600    0.6540647438   -0.9529712150    1.0255371874
   7.5031600046    6.6455219069   -7.0717540667    1.5609276041    1.1178556481   -2.2101535807
  -6.1155559246    7.9972212936   -3.7662427058   -2.4445274614    2.5442900053    0.0174999218
   5.4841650011   -5.6660969700   -3.5239193696    3.3649431860   -1.2911917273   -1.0912738801
   2.2211201727    6.1146528350    1.2835602303    3.1807892038   -1.6425793124    3.1036374965
  -1.3872951589    2.9061404054    0.9339886170    4.8205386212    0.2184466398    1.1796813194
  -2.2687676647   -1.7884648352    3.5746042918   -2.4821424280    1.9822639696    2.8299031376
   6.8835616143   -2.0511235799    1.7132015617   -2.7728308344   -2.9263935745   -1.8930362572
  -6.1896514511   -2.5147358006   -4.7360474237   -0.4812944961   -2.0646710935   -2.4339475505
   4.3675084508   -6.8759910367   -4.7422310110   -0.3616563261    2.2172077450    1.3027140759
   3.4707974166   -7.5158647906   -2.5665561991   -4.0890416396    2.5996310631   -2.5714039253
   6.8782983350   -5.4557544523   -7.6162071750    2.1728393910   -1.3508491969   -4.7734612494
   0.6288490989    7.7370979735    5.2461156550   -2.3830588186   -1.4836331374    0.1926367195
   2.8061940815   -1.9089390893   -1.7035453824    1.6599069920    0.2695588834    2.9917626223
  -1.7220870056   -6.8732758528   -3.1846668579   -0.3352032259   -0.4495255573    0.6164762982
  -4.8501283232   -2.9229509779   -0.3836714629   -2.8684214287    1.5232087458   -1.9708371636
  -2.7103151102   -5.5646694402   -5.7881285153   -0.7706722260    0.5523569544    2.9022462459
  -3.3267907181   -5.8397921293    3.5228106167    1.3626859534   -3.3393255855   -1.8948989578
  -2.8429240201    4.8479402362   -6.5307628024    0.7123245300   -0.0271692762   -0.7143997838
  -4.4690172108   -7.9507501402   -0.5309631462    1.2858524046   -0.7235748799    0.5403659702
  -8.1474808405   -5.6906670739   -3.4136471098    2.1623857507   -0.2940062759   -0.2541254904
  -2.6822236157    0.0128498874   -5.1701002938   -1.1112625549   -1.2774596623   -4.6472256791
   6.3091178122    2.1919956769    5.8329982431    0.2702458447   -0.3677475339    1.9865834750
   3.5126277164   -0.1599121544   -8.0341219633    1.4748183472   -1.4779390628    1.4258383834
  -2.5020082690   -0.6546684209    1.2996846580   -0.5812441055   -0.8619601024   -2.9314186902
  -3.2191461255   -5.8474940495   -2.0489197701   -0.6820463993    0.2022653248    2.3469389447
  -4.0238084547   -0.6606190244   -7.3168475490   -1.3944568588   -1.4012222045    1.3016306280
   5.3141139853    6.4369179755    5.0721103184   -1.9253570674   -0.3378474512   -1.7442714360
  -7.8236718361   -5.2633928295   -7.1901818050    4.8241698105   -0.1739157284   -0.1805532846
  -6.1928484483    5.0216686967    5.1097324208    3.1364534599    0.7655603746    1.9533096396
   0.8166435776    7.4044259823    6.4309831189    0.4414928180   -2.4259301463   -0.8805472339
   4.0847632412   -3.7782436233    0.1076013272   -1.7079796631   -2.0874118500    0.1362773282
   3.2235367657    0.8130507018   -2.6845424066   -1.7835050102   -2.3073087347    0.7957786296
   1.6360674912    2.3807492726    6.7606658785   -4.5872127037   -1.1729622567    0.7323601644
  -1.9669387416   -0.9497429441   -1.4367396029   -0.3112242929    0.4656522276    0.4932197077
  -8.4847405819    8.0137449733   -0.4470463291   -1.5782531204    1.2496102974   -0.8923211643
   6.1446856934   -3.3990186582    1.9343188980    2.3677756680    0.9348103561   -0.9837517920
   1.2783074335    6.7837546788   -7.2601837524    1.2245079369    0.3800845164    3.0147483266
  -1.4059191460   -4.5086445885    0.2644872024    1.8854620810   -1.8482508197    0.0959161067
  -7.7588309986    3.2957022359   -7.6122740829    0.5168992879   -0.3546238601   -1.3860357653
   5.7683356894   -7.7724985935   -6.0938779563    1.8378215061   -1.7115221127    1.2578872584
   4.5958058347   -0.6150790754    6.0234246248    0.7974753471   -2.0134269750    0.5304067534
  -5.4207273902    1.0997410884   -2.6639479483    0.6972570475    0.8463933559   -2.7888868507
   6.7000497806   -2.9183153574    3.2010523980    0.7544405461   -1.0734918602   -0.6395109117
   8.5310760328    3.6719374220    2.3713351536    3.1352709165   -1.0202947164    1.2552232076
   7.8466982053    2.3482768386    6.9657465517    0.2118361478    0.8753435095   -3.0212050042
   4.7047965207    5.9395427957   -8.1896445784   -3.0489492846   -1.3804458533   -2.5882175990
  -5.6267301709   -2.2331301752   -0.8271864133    1.9396895309   -2.2820387459    2.2393394891
  -6.6781795056    0.1850309365   -4.5982481649   -0.8196162699   -1.3353802502   -2.5515095137
  -3.1668497072    0.9596794172   -0.4286477992   -3.7830872608   -0.7425746241   -2.6442127219
   1.7101086138   -8.2896793396    3.8403663288    3.0297073221    0.6197723445    0.9970688445
  -1.8554803656   -5.1734775006    2.3612920740   -0.8041867689    6.3694066528   -1.1915772378
   3.4764860024    5.7945334750    4.8917636226   -0.0591080067   -2.5959165097   -3.6249906790
  -8.2758724613    0.6041535257    3.9073836948    3.0203590307   -1.3407550767   -0.1835134822
  -5.4861361242    4.0547789913   -6.6132196702   -0.4624140156    2.7773907942   -0.5739024776
  -0.7259752270    2.6851903557    2.4856797677    2.2417417714   -3.4007987561    2.9343292520
   8.4633238532    1.0570017361   -1.6309262021   -0.0379065316   -2.5785530247   -4.1360116828
  -7.4900481543    2.7748949385    3.5417326559   -2.6930562778   -0.4516318416    0.2096241768
  -7.4720459920    1.0239521023   -0.0654838237   -5.5425748824    0.8148130597   -3.3973454785
   6.6473805734   -7.6230838926    1.2505534681    0.1250255494    2.6595478119   -1.0952728560
   4.1883761382    0.9512386983   -2.4036757399    3.3579067885   -1.6559590949   -2.0778357342
  -3.2138258702   -3.5371061939    6.3691442682    1.5569712821    0.8635923185    2.4193685925
   6.6064751893    7.8980664729   -0.1560137699    2.6524948784   -0.6875842587   -3.6669990628
   5.0924150328    2.5858921870    5.8863509357   -2.7511569245   -4.2998466985    3.4088876342
  -1.9872545867   -5.5535556597    6.1929412480    2.9086943215    1.4990529593    0.7322934386
   3.5902850649   -0.4361670123    6.7771336994    0.3565031764   -1.9043691805   -3.2868719886
   3.0989251548    4.0836585262   -6.3716603347    4.0530384555    2.7648007186    0.9575260718
  -7.6976150037    1.5798800586   -7.9946502066   -0.3425298202   -1.3374340873   -4.9522558467
  -6.6806542061   -6.6846545257    1.5005451773   -0.3576862210   -0.3141873977    2.3201128139
  -2.6049705357    2.2837549123   -3.7754525508   -4.2201168304   -0.3225882977   -1.9470631325
  -2.3944950594   -1.4852039757    2.6280931826   -0.9567712758   -0.4660405349   -2.0853128851
  -2.2829226876   -7.6416146804   -2.4785537003    2.9491578168   -0.0574775381    5.0462841089
  -1.2381670245    2.5846474822   -0.5246309491    0.5402365817   -0.8390590857    3.3409894940
  -0.4886451999   -1.7180225625   -7.5078807112   -2.1116515180    2.7018573845   -2.9888043597
  -1.1356275225    4.5180300021    5.4896037743    1.6955343448   -1.5014810040   -0.7673885196
  -3.5859847662    3.5411997971   -1.6041235241    2.8486246838   -2.2701813082   -3.5670140590
  -0.7050788048    3.1350146541   -7.9313219255    3.4949177241    0.8050221086   -3.4711278826
   2.2647701543   -3.4522271999   -7.8801818524   -3.9852326908   -1.5738177569   -0.6002465096
  -7.2178329719   -5.0266708299   -0.8082114486   -1.6139905062   -0.2282266039   -1.8050540891
   0.9879689750   -0.5338620188    0.4635414169   -1.1183318717   -2.7821415403    1.1913918831
  -1.9633499494    6.7552563383   -2.5919738116    0.0194215927    0.4872164982    3.3213744029
   6.6932160862   -4.4518806482    7.5192315558    1.8183734502   -7.1907372035    1.7013733117
  -8.5459495967    2.9471627075   -3.3500615666    2.0623622010    2.6388552100    1.9301172716
  -0.2254915407   -5.7386437702   -1.9179165301    0.8610133236    3.1147116068    0.0270557692
   7.4669196151   -2.2904150585    8.0958671776   -1.6293394141   -0.0244598261    1.1361730665
   8.2881549397    5.6490129152    3.5967265880   -2.5670003384    0.7094282743   -1.6112693454
  -1.4335149374   -0.5257760473   -8.0469638125   -1.8007295787    0.6172528221    3.2953970483
  -6.7528585010    1.1944459411   -4.6106305459    7.1678807510   -0.0719206372   -2.5457543191
   1.7669764938   -2.4526304987   -4.9102808090   -1.6860399710   -3.7481233052   -3.6383692489
  -2.4692574918   -3.7624544675   -4.7350357953    3.7684090488    0.4507284793   -2.8163946409
  -1.9414337330   -6.2534301375    3.4898185188   -1.1424373859   -0.8380419778   -1.6962702069
  -2.9134210348   -7.3523570986   -0.7904282281    0.9573952082   -3.2009250327    0.0326718814
   0.8905548946    0.1308606611   -8.1498203146   -2.0881387732    1.4159436873    0.4979597228
  -6.0892257317   -4.2701441061    0.0726955891   -0.4435623091   -0.7096910245   -1.0072034697
  -4.4665827763   -4.7941610969    3.1466979142   -1.1004226749   -0.9389068895   -0.5817852401
  -7.5224508650    6.8009649812    0.4651392334   -2.3903273207   -0.9359403562   -0.3888769547
   5.8763163307   -3.5436905777   -1.0321702508   -2.1442296919    3.2458505170   -0.6339533418
   3.1966721124   -4.5180121803   -4.4641187428    2.1440225379   -0.0120762604    0.6167562650
   6.8842595028    1.9618177328    1.9303501657    2.7036092751   -1.3237703475    0.2649436579
   4.6938215229    5.7912507615    4.0163348178   -1.0384836124   -2.2141313690    1.7184834240
  -3.2464650019   -0.6879806628   -1.1072292147    1.0406322256   -2.3630200088    0.0701480499
  -3.9526697610   -4.8887826693   -5.6097414801   -2.7657922969    1.3251488560   -0.3465534815
  -0.3544286665    7.6581469197    6.7656363235   -0.5892842422   -2.6398792008    1.3820448287
  -2.4741706466    1.6688653455   -2.4806118820    0.4097009427    3.1789078259   -0.1975122047
  -2.9637744126    2.4879548581    1.1268425088    2.2098869071    0.7730361019   -1.7013005324
   5.5181449563   -5.6792091455    8.2466838581    1.5103856238   -3.1918023619   -2.4205942148
   3.4989400038    2.3950128110    0.1707700882   -1.4570886749    1.1929567967    3.3620143099
  -2.5590040326    2.3691251078   -7.0328744592   -1.2976396871    3.8918682111    1.4941616430
   6.6341629309    0.7451900006   -2.0592929203    5.1149581224    2.2282608938   -3.4945386236
   2.3261572165   -0.3202272271    6.3288614111   -1.8034550608    1.2444572520   -0.0433011394
   7.8975987031    7.2710840286    3.2018232894   -0.9700331871   -1.5051071310   -0.1578434071
  -8.4626840059    5.1460477118    5.7576957765    4.1253125023    1.8324434106    5.6948114719
   0.6408240779   -6.3437696879   -0.8652587548   -0.6980013477   -5.1459070696    0.2754540496
   6.3934038922   -6.4866703994    8.2464305513   -3.8527492909    2.0404021919    1.3652646589
   2.0165547765   -2.9081122594    0.4618118029   -0.1710031887    1.8405600857   -0.0289884179
  -0.3750448467   -0.6573345863   -0.3855356217    1.2688669344    0.0808974640    0.4434288446
  -7.8317528162   -3.4209442252    4.9897510896    1.9744675859    1.8174369094    0.0335005214
  -3.2247441070    6.1024637809   -1.5188691844    2.1505073481   -1.8452813617    1.4402965986
   7.8562890982   -4.2203280661    7.2557302947    3.7038191315    0.0484934949    0.1453388288
   7.0851710069   -0.5132394917   -0.3782610928   -0.1940303823   -0.7650349386   -1.9818883596
  -3.1592254985    4.2009239073    3.1607796684    3.3196550816   -2.1971216330   -2.4714694904
   3.9149396695   -7.6151679658    5.8663235377    0.1874901266    0.5716690335    3.8329446563
  -3.4953200829    7.0148082450   -0.0205825139   -1.0188750033   -2.4946660645    1.3092895488
   2.7930817706    8.3149063242   -7.8070130292   -1.5470425412    0.4863356774   -1.1652818018
   6.3962700607   -7.1381902946   -8.0139204630   -2.4561013019    1.0587275889   -0.0107396745
  -3.7923923685    1.5272114133    4.7210436496    1.6439691034   -2.2804782952   -4.9301425490
   1.6854556798    1.9477945490    4.3672062442    2.4272941348    3.7217672035   -2.3567247667
   5.0246967419    4.5221441396    3.7213409665    2.7947129926   -3.0414578288   -2.0443596084
   4.4898380083    7.3695782425    0.5297616175   -3.4410054796   -4.1984116525   -2.6543723952
  -3.5269141082    2.7229811693   -2.3122055121   -1.6704413237    1.2726500462   -0.1282500324
  -5.1602979611   -3.7377201709    7.1012021566    1.6183716209    0.2007426280    0.0567285705
  -0.3012240949    0.7059155017   -6.8337657787    0.6482909759    0.6001653290   -3.3164913222
  -6.2127602229    4.8905175000    0.1107660893    2.4670019298   -2.4449135523   -3.5959672416
   4.5392108597    8.3710024303    2.4483694873   -0.0029729276    2.2007342919    1.8701903706
   6.1865228041   -5.6623200656    1.7304242446   -4.3762703241    0.6513315703    0.1098783180
   6.9013044558   -7.4202360442   -0.2535124164    2.5489569702    6.9699878521   -3.5971700098
   7.6421310330    5.6458609126   -7.6372458491    2.6023349755   -0.4151139780   -3.1750480054
   4.9377958906   -8.4146694179   -7.0745595406   -1.1385234160   -1.6276907289   -1.4651442032
   4.0956674219   -7.6424940071    3.3050248961   -2.4420580301    1.1558829472    1.3996404898
  -4.7578020995   -1.1281458121    4.1956699317    1.5520671939   -0.4497112785    2.5085215952
  -1.5092702297    4.0212159979    3.3228461323   -4.7059602580   -2.4012875769    2.5415842437
   6.2043210884    2.8198633626   -3.5363275620    0.1651278861    1.7894096152    3.3724325135
  -7.4697603570   -1.6938923283    0.1038024351    3.1675103530   -0.0468121886   -4.9409551202
   3.8063503645    0.8292194807   -3.7502327737    2.3826362430   -0.0737554246    3.3981442873
   3.6256705665   -8.1824622618   -3.9078308321    6.5519275218   -0.1935011335   -1.8830668556
  -0.6643781893    3.2543836535    6.7329141148    1.1853630779   -0.7660945974   -2.2893682881
  -3.4211010126    7.9093070497    4.4813630556   -1.5055101987   -1.0633991024   -0.3688461400
  -6.5080758000    2.4415495837   -7.6359342935    0.9869683610   -3.1955639089    4.5611632966
  -0.6603135048   -3.5694568286   -1.0999646021   -1.5131875469    1.8522163348    0.8751372055
   1.6765577561   -6.4729065443    1.2912255008   -1.0894386302   -1.1040609910    1.0256228788
  -6.2275023927    4.2891205541   -3.8821120773   -1.2379174529    6.0334090927   -0.7348416254
  -5.0497438085    1.4634471758   -8.4146636791   -0.9628992726   -1.2644699164   -2.1456794247
   7.2014380830    4.5763605697   -0.9637604258    0.9484843828    0.8149603454    0.7567335772
   3.8379234128    2.0408331902   -7.9492175762    3.0992619312    1.7945050366    0.6769032478
   1.2006900002    5.9613875391   -5.5138045736    5.0805196211    5.2857763710   -3.0938459417
  -1.3216839345    8.2151819730    1.9197452853    0.9287534193   -3.0733667538   -1.3269020783
  -1.2598936508   -2.6020117395    1.1667464904    0.0414840667    0.7820625666    0.6098403930
  -4.1724248739    2.6810372907    3.4030693494    5.7649148782    2.6363969478    1.7594270428
  -4.9925991533    7.7263797694   -6.2380000580   -1.3003252686   -2.5410216797    3.0222762249
   5.1596752752    4.6628688942   -4.9609095108    0.6584897431   -1.1011029213   -2.2068761653
   6.7856312327   -2.6112861273    0.0702779422   -1.1707305577   -1.6064459172    3.3373139682
   5.2518177488   -0.5796475909    4.1505849543   -0.7022355161    1.7406997485    1.8273314716
   7.4756749991    0.4248889721    0.3342448344    1.9790077061    4.6592165949    0.8880803431
  -5.4423793811   -2.0487523188   -5.7974868159   -1.1602793904   -1.3189916896    0.3191345838
  -6.0242722683    3.1503815084   -8.1373283889   -3.5870711729    3.3532019494   -0.2565025463
  -6.9626624560    5.9241020681   -4.7620228412    1.8088341090   -0.1134707819    1.5252476544
   0.8380928449    4.4389054978   -3.4560973105   -0.5447687450   -1.1623146134    0.4719292182
   1.3564755056    4.9179946238    5.6191679520   -2.4393691242    3.6648094866    1.8691296304
  -5.3451981595   -5.2496923847    8.1750236281   -1.8587269666    0.2784776155    2.1880857366
  -5.5363393470    5.5406217642    0.8776756855   -0.9947261219    4.5257559055    1.0879184888
  -0.2963246264   -5.3385437318    7.4469227128   -3.8383787799   -0.4162013165    2.5202373681
  -3.1265303200    7.0993933588   -5.3159769047    1.1159936227    2.3982278364    0.4238688329
  -3.5704781148    6.6866495665    2.8740433098   -0.1157180648   -0.1543974692   -2.8091883001
   7.4093175452   -0.9594400210   -4.8553807742    2.3355072916    0.7293718940   -1.6574710702
  -7.6989404904    4.3357497837    0.4754501584   -1.8711806001    0.2018410311    0.7501923671
  -2.2284192361    3.4245358989    5.6017923397   -1.5166101711   -2.1555862966    1.0925098512
   5.9795995751   -7.2425529620   -6.8368282726    1.9289954592    0.2625882456    0.5834288520
  -3.1999462196    5.8139998765   -7.9036419445   -1.5995259024    0.7315550282    1.0303814565
  -8.0610469659   -6.9390555095   -7.2287454312    2.0083510534   -1.1220610094   -0.0410094187
   5.0787175297    2.1794554413   -3.0038992051    1.5489666004   -0.8637938504    2.5828458769
   0.5152731011    1.9805821178    5.6224038642   -2.5228645284    3.1331539030   -0.0547833581
   3.7702543146   -5.9753677614   -4.2890715013    0.3067841887   -1.1223199168   -0.5539190902
  -4.5507437026   -2.7865099608   -7.1498428107    0.0883642196    1.9696848933   -0.9215173046
  -4.5253771387   -3.9275237909   -0.2209044280    2.4184737722   -4.0127109264   -1.3453851595
   6.6578735955    7.1470007390   -8.2147545521    1.3650090153   -0.1270709610   -1.9225378736
   0.7450767272    6.1485457605    6.0584180101    0.9596069168   -1.9155399640    2.3858397895
  -5.2881565540    0.9232012521   -7.0211665101   -1.4211481437    1.7668498408   -1.3158261209
  -4.3497583236    5.1873183841   -0.4364877113    6.8835392860   -2.7579454880   -0.7452454750
   6.0865856463   -5.2051537333   -4.7563896496   -2.7632296867    3.4910002789   -1.3517702569
  -3.6553085804   -2.8412346555   -4.3928369701    2.8048967013    0.0013432779    0.4175686840
  -6.0308514830    8.2193740146   -5.2704734298    4.7952272465   -0.6696392012    2.5923108243
   3.6940928944   -6.2627884646    2.0842222421   -1.6219850150    1.1807034710    1.2432453683
   5.1009574761   -4.9057201123   -1.3834558241    2.2143250215   -1.5131348521   -0.5879377628
   5.0758842579    3.2282927435    3.3931911728    4.2319823580   -1.3308660669   -1.3794513445
  -5.5981968386    7.1862645917   -5.3186881822    0.1720658504   -0.7445388289    1.7558391411
  -2.5841164023   -0.2675842193    8.0919840252    2.0206072509    1.8154936457   -0.3823362743
  -6.0882329889   -1.2422658528   -1.3815312764    0.4275107450    0.1610919296   -0.8559569899
  -3.0225419709   -6.3914232092   -3.6548229360   -2.9450139245    3.8567417496   -1.4405746415
  -4.9458434943    7.6642180689   -2.3855096717    0.9968090514    1.4814266549   -0.4867880236
  -8.3803142780    5.2062336653   -3.1564016394   -2.6952288239   -2.5054394210   -1.6113340801
  -8.3679478286   -4.3881392915   -0.5531609834   -2.4075344073    1.9967301941    1.8539781602
  -8.0342068418   -5.1086615750    4.5645329956    0.7605099707   -0.8399705105    3.0682719096
   1.7619580577    8.0430628618    8.3564747987    0.1629692878    0.6454802906   -5.2747516662
   6.5227317988   -3.0984063297   -8.2971276204    2.5492415636   -0.9818621129   -2.5559089716
   6.2500736792    2.1313362945   -6.5155605546   -0.6772867986   -2.4547114278   -4.1917508601
  -5.4191883186   -6.1139092212   -7.3113798195   -1.9921368887   -2.6390992675   -2.0269236484
   7.8455794175   -4.7773666803   -5.1292094972   -2.6644814906    0.5376660209    1.3689155163
   3.0654844661   -0.1354412014    8.1823326482    0.2331030665   -0.5762180300   -1.1775001151
   5.7608755643   -4.4404599713    4.5805469178   -0.7400973883   -1.3352835724   -0.5130600477
  -4.8722207954   -1.9372497413    0.9168413175    4.0572451926   -0.6453206320    0.0932059180
   4.1787390469   -5.6165079859    3.5379379787    1.4961466107   -0.9527567529    0.4323743085
   4.1332677067   -4.9540465051   -0.5968186515    0.8833092971    1.1838471163    1.8176711814
   8.0481918926    2.4389590315    2.6731893617    2.1649746482   -5.5444666562   -1.8194544521
  -1.0060762551    3.5448221713   -5.9327080897    1.5547591088    1.7762549697    5.0292229151
   4.0166639767   -4.0120513011    1.8879468732    1.6948976568    0.4128872378    1.0593067867
   2.2547907548   -2.9767043856   -3.7118620790   -4.0314876106   -1.6073316575   -3.1990974610
   8.0739454595   -7.8276075197   -5.7383709621   -5.4785573198    3.3392532100    4.4232452200
   7.3395960599    8.5036196592    7.7897448671   -0.9353773923    1.0889258021    5.5480578094
   1.6562236963    8.1152165607   -0.7872613939   -1.8926598381    2.9666568455   -1.2872498533
  -1.3087803143   -3.7818151500    5.1075034937    1.6869232276   -0.8768865581   -0.6739882032
   1.9465833536    6.6913835600    5.1814793594   -0.7341623825   -0.9273105091   -0.1273945856
   5.9940113927   -3.0053888939   -6.6590361493    5.9126339506    0.8059852624   -0.5187339758
  -5.1087574592   -2.1998449422    3.9066016826    2.4733570021    0.5727657260    0.1736771122
  -1.5959392865    1.3763644743    2.8354735910    0.2154871041    3.0731597852   -1.9217811133
  -7.6750970448   -5.8703021908    1.1508375611   -2.2261790062    1.4177376215    2.4083342574
  -7.6194095517   -7.2959024189    3.5975609064    0.3989628716    0.8076215503    0.3155680120
   1.7616841091   -7.5172903108    8.4214523926    6.0063798927   -2.8864794945    0.9365006392
  -2.9801691522   -7.4960340468    3.0554495692   -3.2081993648   -4.2182298830    0.6944069634
   8.0783494617    7.0697791263    7.5731543593   -1.7803032605    3.2090813156   -0.8502754073
  -7.1064292125    2.1020018750   -4.0988858472   -1.5282929889   -3.7769230517    3.3741953476
  -2.4282501566    4.9214170999   -3.1846806877    0.7828740457    4.3899840734   -1.0780536934
   5.8835995350   -0.6284218286    3.2709802401   -3.5439252039    0.5361157774    6.2662181861
  -4.3955105782   -1.8662351346   -8.2423672793    1.6434886254    2.5858410278    3.2463082914
  -6.5773622088    5.4261770984   -7.1541683395    0.1749853543   -0.5011334686   -0.4349708150
  -3.2946011888    1.1293348113    2.8271425847    0.8966765779   -2.3444235475   -1.8456459471
   5.1494550846    5.4461679002    5.1948438097    0.3563315778   -0.7650806686   -1.2069674804
   2.1569488757   -5.5640908985   -4.0697845780    1.1392479408   -1.8736356882   -0.7984549572
  -4.2307096026   -7.6508260461   -6.2686441092    3.3499045959    0.8582351569    4.1516760614
   4.2122342963    5.8455111037    6.7814222724    1.1205678965    1.2369509973   -0.2587979964
   5.4089257771    0.1942426714   -7.2529524759    1.3235010987   -1.5781079878   -0.8656659161
   6.4507096297    2.6928013323    3.4906931261    2.7428167685    4.5674405173    1.3748940847
  -1.6599297589   -7.4617633345    3.8131257578   -0.3861293503    3.1127389733    3.5676140176
  -3.1360466501   -4.9163987979    0.7626296374   -2.6586991311   -3.9101435536   -0.7777427889
   6.0233910011   -2.0271728929    7.1417799734   -1.0947995092    0.0915609919   -1.4251780274
  -8.0796257640    6.0794174079   -8.5260321875    2.3913743116   -1.8794014181    0.8971364337
   4.1271533928   -5.1834318228   -2.1414318426   -0.6897663805   -4.0411350337   -0.9686411687
   8.3459032228    0.2347870606   -8.3206604255   -0.7715879513   -0.3938338154    4.1899998245
   4.3476908143    5.0046112809    6.1130984441   -0.2157264194   -2.9219740438   -0.7387451525
  -7.2662554338    0.1698010171    5.2718691309   -0.6840128348   -2.3425992767   -2.2080100655
   4.1545204878   -4.1417118427    5.9336870117   -1.3194007947    1.6343865977   -0.6530443290
  -6.1367166236    3.7319197351    2.4217539897   -0.4934008359    2.1047935420    0.8177329772
   5.0958258136   -3.7014575686    4.1819363179   -0.4477053305    1.3834487488    3.6450120153
   1.8163377324   -3.0112322889    4.8461935724   -4.5646929944    1.2397242880    5.3362482248
   2.6873619076   -3.3088303192    2.6679332158    1.1198254267   -0.0168279467   -0.8470163762
   7.9602323159   -1.5170677112   -6.3338744603   -1.8421389282   -1.2290602391   -1.8070821152
   3.8405012720   -4.1992751814   -5.6517341943   -2.3088589193   -0.9083631151   -2.9182318191
   8.0495614614    3.4273600353   -4.3022903033   -0.5473892198    4.0381904545    2.0042619246
  -2.2637387109   -0.9859396433   -4.3922396949   -0.6464485171   -1.2971277108    1.1952410680
  -5.6084224737    1.4645927472   -5.6072608785   -0.4579236586   -1.3292335090    0.8810824692
  -4.8126227252   -5.7677123124   -5.1289317441    1.9054158829   -0.5504571927    3.4809011895
  -0.4263461251    2.2243182420    0.5667549400   -2.5624488740   -2.9700901158   -0.4617847083
   3.7907837776    2.8363371727    3.0110637330   -1.8627872504    0.6809148952    1.9522987677
  -1.7739441638   -2.5387527189    2.6222146168   -0.0518220234    2.3383585996   -2.5517524744
   7.1244676453    5.8451290883   -3.5147203480    3.4731282073   -3.4566620259   -4.7122266815
   8.3359884241   -4.7552714897   -1.4304939135   -3.2611835914   -1.4796552925    4.0180186860
  -6.9160366446   -7.6803970343    6.6999003054   -1.4670723371   -0.2465018334   -1.4947039029
   4.7718870331   -0.7108329814   -5.4565360963   -2.6709214570   -2.0299992135   -1.0962273598
   4.4509999278    1.9161366774    3.4759736186    1.6688275367   -3.7454957281    1.4085975724
  -6.0828944013   -5.8629964165    5.0829347081    1.2686943026    0.5459399844    1.1812661047
  -3.1219802278   -0.9244934228    4.4825651906    3.6651594892    1.8830500613   -2.3320999951
  -3.5154138840    1.4999146942    1.0646140878   -3.6674850810   -0.2977889084   -0.3045907458
  -2.1778819285   -5.2447616586    4.0791013989    0.2536783174    1.6784195475   -6.3204473502
  -5.0597476078   -5.5463165906   -1.2603919185   -1.5402419662   -6.2536428677    3.1799464262
  -3.0742070653    2.3367344843   -5.5333860110    1.5171663321    0.2087343628    0.4757444115
   1.9950600558   -6.5069297128    3.8320555496   -0.5934407020    1.3465175162   -3.3199821761
   3.9490115803   -2.0061165258    5.9718002804   -0.9743740047    1.1918457253   -0.6282760775
   1.0550223759    0.3224091522   -5.3773341410   -1.5059787735   -2.3192194969    0.2171176965
  -3.0428006484   -4.0206641958   -8.1198553699    1.5821072408    0.5889604702   -4.4431046340
  -4.9653930040   -7.2570309319    7.3389328583    4.6823563119    4.9371034626    1.6884580120
   4.0806112897    3.1369723779    7.8668651278   -1.9536297953   -1.5257083551   -0.7020139607
   8.2166203358    1.4801684637   -6.9961364159   -1.5766479546    1.4668540959    4.1672579036
   0.2910735250    6.9778305216    3.1754409431    3.1955657922   -2.2404997899   -0.2952460178
   6.6592821275    2.5263054310   -4.5783816344   -0.1944295356    2.8328643957    1.6014439266
  -1.8649411783   -7.2266075644   -7.2625635198    2.2567804639   -3.9088376095    0.5461402464
   3.2378061580    0.3120255580   -6.3964104883    0.5467574130   -4.6247622949   -3.4562734801
  -7.4586000075   -4.6346678425    3.0768122095    0.3706207419   -3.7169309256   -1.9892224472
  -8.0429817206   -3.6351033506   -1.6990269109    0.9221016277   -2.6877089433    0.9360660356
  -2.9356148936    5.1589868534    3.8670883414    0.6401352107   -0.5937473375    3.1503104997
   6.0242564697   -6.6281163898   -3.2821466219   -1.8309588664   -2.7584257323   -4.5896546798
  -2.2866665004    8.0297920091   -4.8729021518   -0.0260961257   -1.0843345372    1.0901984339
  -8.1236200385    4.9085754377   -4.3381663124   -1.5563549444    2.9807943441   -1.3541995072
   6.2694047251    7.2726972468   -4.6586457479    2.3601760513   -1.4785332226    0.8487703489
   4.0338203807    4.8664107294   -3.0060472114   -0.9801651567    5.1314888524    0.5913763750
   0.9640428717    2.0978382818   -0.5272450199    0.5977448102   -2.0703620075    0.8404257935
   7.8008244736   -7.7792727520   -6.6635576640   -4.3152374834   -4.5799177794    4.0035451204
  -4.7667085305    5.2987785862   -5.3879863819    1.7417092118   -3.1806726478   -0.5082880791
   6.8912765939   -6.7096070882    6.8776489090   -1.7205154584   -0.7805047900    1.2036034148
   0.9049836677    5.7702640220   -8.0524233986   -0.8291957385    1.9981126978   -1.1993089314
   4.7991424853    6.2694463865   -1.3316110041   -1.2242494889    0.3262616258    4.5127190195
  -7.7858526365   -2.1893706140   -3.0691134102   -2.3235892866    1.5578013531    1.0645304864
  -7.3759026365    0.9302763250    8.1782138803   -1.1249903514   -3.1411781685   -0.5800934198
  -7.8462335637    7.0267712296   -2.2230472875    1.2908263246    1.6438241075   -1.2420690512
  -7.5772661101   -1.1823510044    2.3657596123   -1.6240220911   -0.9209114969    3.7372295668
   7.5062199829    3.9307572829   -1.9027709730   -1.2611281716   -0.5043484968    5.1408395372
   7.9800120103    0.6724050568   -5.0763563874   -2.2132092640    0.7517462013   -2.0345393839
  -8.4712629645   -3.5063904521    3.1851043422    0.9607003392    2.2400187967   -2.0409542212
  -6.0505560320   -0.3661427761   -8.1709165202   -0.1434943224    2.6401498116    1.7446365736
   2.7407272028   -4.3118223977   -6.5329027167   -2.9999137065   -0.7372870890    0.6138036011
   8.0499932630   -2.3824940050    1.6609062449    0.5245493192   -0.1762134142    3.4338966495
   0.3796437412    0.2337683413    6.9346372685    3.5082905876    0.1253308644    0.4895296130
   8.0533816289   -5.4672958199   -2.5702726040    1.2482814331    3.4197216775    0.7567381369
  -5.7642330365    5.8110663506   -5.6392887627   -0.9187069062   -0.8111682809   -0.5959559484
   2.6992081125    2.3364278770    5.3100360122   -0.1915892906    0.1014138125    0.9633313942
   1.4895062932   -2.0189386561   -0.2287155382    1.0145623808   -1.8259294956    1.0739601985
   1.9630349904    3.3625454107    6.0305776012    0.4001325011   -1.5420203252    0.3062243966
   1.7016231181    0.4894540216    4.6055522461   -0.9109109309    1.7973885741   -1.9266461517
   2.6732032463   -7.5339950664   -7.1098496165   -5.5662112083   -1.3390141227   -3.0284541221
   3.2663368040    1.3047097115    7.4090395449   -2.6945850286   -1.4867488348    3.3672616646
  -1.1117987206    6.4286931073    0.9158805805   -1.6305136032    0.8197327393   -1.2058098942
   7.2874097059   -3.5175018190    7.9270012458   -2.5007067371    4.6745347670   -1.4303407956
  -0.9925208743    1.7352200926   -3.9434661154   -1.8591096228   -1.2654595169    0.3012379269
   2.6096257001    6.7208383549   -3.9925204313   -3.5616852248    0.4856283545    1.3005433258
  -7.3934150160   -6.7351617254    2.3920418702   -1.0142598319    2.4576344353    4.7571373534
  -3.7027897692    7.9024624556   -5.4426767964    2.3643973368   -2.7098016327    2.9885889890
  -4.4105920068   -7.8153562103   -4.4049218936    1.0679248460   -1.0001285536    2.9150942387
  -2.5437004959    2.2601954847    5.2216919529   -3.3704903023    1.0632475682    0.4961475481
   2.3787057026    3.7089757327   -5.6650402554    1.9150707850    2.6176023370    4.2506212006
  -3.4988716318    7.7178802217   -1.7447361501   -4.5520424942   -2.8430726364    0.1430966084
   2.7526486900    5.1782667574    0.6368018070    3.3895629045   -1.3739552236   -0.5243750296
  -6.9050107319   -5.0574849600   -3.4776670959    1.9211962045    0.8370580879    2.7404185106
   5.8183560893   -5.4065710880    0.5707346754    1.2129710242   -3.0785351800   -3.5054284700
  -0.4169096830   -3.2409919657    4.9022792319    1.4879853834   -0.9875243841   -2.5826843369
   7.2354848643   -6.6372081879    2.1054174084    1.2635979775   -0.5858896370    0.5068851635
  -7.3997337497    6.9922917684   -4.5031118192    1.3578525214    0.2783921899   -3.5703155698
  -8.0213963927    7.4902872756    5.6044946714   -0.4081360142   -2.6190556994   -1.0653756412
  -1.4643085160   -5.3472745102   -4.1463292185    3.6596717387   -1.1920143662    0.6873030084
   1.5161837916   -6.0691576951    6.1127779336   -3.0778048547   -1.7130254557   -2.3926683673
   6.0798212154   -7.8523997664   -3.1504664435    1.5412612090    3.6464598960   -0.4530811777
  -1.6190941187    0.0579815762   -1.1427930814   -2.2795676999   -1.0492521174   -1.5646107662
  -5.3370953666    5.1509934886   -0.0903405547    1.2844072809    2.3169494297    0.6391694758
  -5.8070519529   -6.5877044625    2.9463344277   -0.0488578696    1.3239340732    1.6849673816
  -1.4212797033    7.2581663800   -3.4666434278   -2.1063794312    0.2911770311    0.3114543564
  -1.7717282668   -3.8118479579   -2.9566298206   -0.4927599882   -0.4325234130   -0.7767194503
   5.1786936586    2.8711196905   -4.0519704647    1.1911957183    0.5788157454   -0.5302219007
   8.4535644445   -5.6969356184    1.3454768448    0.2286381092    2.2904615465   -1.9513911484
   6.1970910170   -2.5052847420    2.3669121399    2.1518764849    2.2100776559   -1.4401572335
   3.9859748168   -4.9677315948    6.8294158968    3.4322102356    1.9329273440    3.8199625987
  -7.7191809612   -4.9087634027    7.7559873526   -1.4340258885   -2.9414684908    1.7236418055
  -3.9790912142    0.7188056641    1.8508724060   -0.8971915422    2.5154996467    2.4687244030
  -5.6238833825   -3.2429322811    6.3333828994    0.4621045550   -3.8989175347    0.4571104452
   2.4282892887    7.3270749493   -0.1988990007    2.0932217186    2.9826216096    0.0041272637
  -4.0195696603   -8.1533373916   -1.9420265051   -1.4949129548    2.8748977200    0.9344565907
   3.7881986779    5.2134127436    0.3309470593    0.6073319356    2.0739045379   -1.0438816492
  -8.4070783959   -6.0539854497    5.2321027224   -2.7601536388    0.1989567241    1.3986791048
   6.3291368029   -6.7370982498   -0.8259954464    2.8026321710   -1.4070643684    0.7395924610
  -7.5989261909   -0.5557234469   -6.5625054020   -4.9301370516   -2.2623661253    0.1879963379
  -1.1847846657    1.8885818838   -2.7689749167   -0.1741714323   -4.1393457680   -2.4404268448
  -1.7690778865    4.7608133263    2.3064502450    0.1165461424    0.7378385566   -1.3645342470
   4.0096432262   -2.1586860386   -1.1372202806    3.8767280206    4.4305964250   -2.1486663246
   7.3547843752   -7.0353913774    0.3878078416    0.1686450341   -1.6331421108    2.9006502592
   4.6760681906   -2.9376746951    5.8348684898    2.1252820508    0.4903736835    3.8324804876
  -7.4006985762   -3.5348000461   -6.9159323671    3.4007563144   -1.2306469387    1.5968990664
   7.1427111018   -1.1641501277    0.7773386210   -0.9485165080    0.1429262023   -0.5262275188
   8.3782965213    3.1986275441    3.6220993262    0.0199348150    0.8961501865    0.2489269809
   4.8814271056    3.8177454926    1.4294657725    0.7179548770    0.5936981469   -0.2589424236
   6.0145230442    5.3104999187   -1.3791010489    0.0267597244   -0.7936346888   -1.1189905505
   4.0918842374   -1.5927982057    7.0510834701    0.0498984060    0.5103334657   -3.3738208795
   4.8459661332   -1.1868881581   -2.8420109837   -1.6605614694   -1.5114423056    1.6268293419
  -0.9393450024   -1.1391027944   -1.7680588360   -2.0600163017   -0.2904299755    1.7954783316
  -3.3895840438   -6.2598837367   -6.4052472220    3.0529200961   -4.8092860705   -3.8906166479
   4.5544479633   -0.5422447409   -2.2051044333    2.9122027390    1.2435187324    0.2076261877
  -6.4761460720   -4.0160692769   -7.3179316086    2.0675168482    1.3768296695   -2.5272262442
  -4.1261670407    6.2508298183    5.2825187954    0.6059615892   -1.2547204948    1.2666574852
  -1.6604397403   -6.9197380408   -4.6121247270   -1.2120748872   -1.1567607982   -1.8066427398
  -4.0532204998    1.9507668492   -0.4978195224   -1.5257595603    2.0936142781    0.7011632700
  -1.5729377642    4.9283596412    7.9992764708    4.4131187094    1.9872742237    2.2367705228
   2.1295681524    7.8835244957   -4.0371519382    0.4081263267   -3.9157599121   -3.3372751169
   3.3824564393   -0.5772557857   -5.5976562453    4.1653795805   -3.7153480260   -4.6056209383
  -4.1899636464   -3.3678242447   -5.1339964142    0.2958911378   -1.5623164793    3.7010258783
  -5.1068989737    2.6509598534   -1.9508178014    1.2833925095   -1.7070476974   -1.8658153773
  -6.5318069045   -1.1873188931   -5.7233729119   -2.3776087613    1.8410241378    2.1451770225
  -1.5960020479    7.0030692816   -5.9902158368    3.0145504096    0.2224797456    0.1210480530
  -1.8031117998   -5.7935555923    7.7812539385    0.2636771579    1.0332658212    2.9552534465
  -6.3198284678    7.8865329620   -0.8960043184    0.1989696921    0.7409042918   -2.0459257905
  -5.4137376111   -8.3984643196    0.6784663758    4.3153380277    0.3389913545   -1.2909454758
  -4.6860091219    3.9695633658   -7.6260856011    2.2209680801    0.3970492706    2.5633590319
  -1.8372296579   -6.4656773572   -8.0695463387   -2.7830876580   -0.3358418988   -4.8145279838
  -7.2300443072   -0.2377851678    1.3160363687    0.9515143467    1.8350655209    0.9481690845
   6.3721690868    2.2633873078    8.1778752574    0.4551806482   -1.6962844888    0.8975615924
   1.6621776057    1.9898117743    0.7562001115   -1.2754628512    0.8350779933   -0.8976991091
   2.1490851285    5.6003748361    4.9920498191   -2.7023901772   -3.3487994864   -0.0694116813
   5.0466552369    0.5544019415    2.6367304074   -0.5728110142   -1.5454931724    6.0913587827
  -0.0645293109   -1.3471475772   -3.4256778882    0.7770641317   -2.1374479762    1.3065911885
   0.9278350336    7.6892589493   -2.1122592070    0.1869047739    2.5401124563    0.1842287534
  -4.9571713628   -0.7568432522    1.4700207154    0.8040157796   -0.4502893883    2.5053796786
   4.5269371075   -6.8045102346    3.4321155499    0.2752405218    2.1918523310   -5.9085055531
  -6.1173662927   -4.3029247379    1.0744286664   -1.2165192504   -3.8156613480    4.0188607911
   6.2995305463    6.0455406439   -3.9724294388    1.8472898348   -1.1531303654    0.5077789541
   6.2870763212    7.5699890899   -3.3070724074   -1.6852889369    1.7722668676   -1.4916655973
  -7.8944869936    8.3953889196    2.8571435229   -2.9263991732   -0.3667615601    0.8176268317
   3.6508251196    4.7272414109   -6.7608457919   -1.8111395216    1.3212659962    0.7736118805
  -5.7366370432    1.8211620154   -7.1727555402    2.9300019732    0.3636119790    1.9617380929
   8.0051879473    4.7633513086    3.8813121410    0.4999471775    0.0075214597    2.2657922538
  -0.4488972413   -3.6121809878    0.7908754320    0.3026201727    4.8970493062   -2.6860997591
   0.2385762875   -7.6149007183   -1.7544674808   -0.4188849613    2.5475265718   -1.7305893496
   6.2352957897   -0.6443863973   -6.9521198936    2.7521606407    0.7462498357    1.4626677188
   7.5332484565    1.3743528695    1.2025230844    0.7720308336    2.4839104021   -0.0352358677
  -4.9943903178    7.0661442404    5.5162838718   -0.7483317569   -3.0143491049    0.4811442941
   0.5482850435    3.8889182524    3.0461085352    2.4672096680    4.7333232209   -2.5511009413
  -1.3395284338    2.2003029003    6.6049609453    5.1004215085    2.9259828311   -1.7193722256
  -1.2170466897    5.0558501187    0.6183451655   -2.3675707174    3.0414607044   -2.3660355781
  -0.1346142465    0.0876049424    1.7757444718   -1.0100840312    0.6337106454   -1.1426691821
  -1.3815986236    7.4569689507    4.7645995923    0.3206646421    2.6180706927    1.8117756770
  -3.8534626465    1.9056638679    2.4391062416   -1.8385889331    1.0066286850   -5.0722330144
  -2.3792107941    6.2541074661   -6.7230423992    1.1823736227    1.4376459255   -4.0232542821
  -1.9188431218    0.0309234142   -5.7968967632   -0.0049445997   -1.6260066195   -0.6947747499
   7.2411390155   -1.8257992066    7.0070200359   -0.9702729295   -0.6341603008   -0.4958415437
   2.4478514681   -7.5558815677   -3.5049594568    0.2347583837   -1.8817500348   -2.9684423760
   6.5889265734    7.0188799910    4.2761305381    2.3082336502   -1.6089064969    0.4519622588
   7.1927059573    1.6016660377   -6.5881281597    1.1268681866    0.7111149454    3.0495366463
  -0.9693123157    8.2420402304   -6.4024226397   -2.3188939787    0.1478649016    2.0588727144
  -1.7455607167   -4.8747937357   -1.0639188943    3.2117672217    1.5389273721    4.5492965782
   1.7330296139    1.7570642856   -6.0792526303    3.4393451398   -2.7336461640    3.2965075135
   4.9411506712   -5.8143231243    2.3849467383    1.8668439837    1.7469632156    0.4842782184
  -3.3331193371    3.4218737648    6.4967513468    3.6838745804   -1.2633207885   -0.1130769755
  -6.6509132597    5.4062629132    8.1356132316    0.7371440991    1.8211504577    2.7080819722
  -3.7624588788    7.1773973153   -4.0770005004   -3.3793190154    2.6933808199   -3.3864390412
  -2.9547690477   -0.9323264424    6.0395104177   -3.1971444455   -5.0599050999   -0.1992017129
  -4.9539025931    0.3458217726    6.5179565389    1.7893748181   -0.4029570861    2.1049403243
  -6.2630179709   -4.2672817320   -1.0398497354    2.3868643856   -1.9794828304    2.3263178939
   0.9354873105   -6.6193616494   -8.0676779100   -0.8688279039    1.7770784828   -3.6239648362
   5.8296149495   -1.4256143997    4.1257610834   -1.6135501320   -0.6373272997   -1.6501175502
   2.7818567320    2.1352992390   -8.3428653813    0.6618074115    5.0954930874   -1.7329155580
   3.9474513983    4.9823605558   -7.6650058027   -4.7749055893    1.6768277441   -0.8207301720
   4.8395279443   -3.5435716106   -1.0533933921   -0.3713582347    0.7114927320    1.5800128739
  -8.2299205072   -7.9629286263    0.9617325130    4.2375075318   -0.0368888663   -1.0769860529
   1.7505937925    7.4534369310    4.6562940720    0.9965316194    0.2612537018   -4.7348591806
   5.7248552425    1.6498282768    0.9150734750   -2.1411685279    1.3732700313    1.8815851482
  -3.4701795903    7.0174097135    8.4374646859   -0.7816626030    1.0127956332    5.1120327097
   4.9445323549   -4.8451594000   -6.5207325910   -7.3442094638    1.4040954460    1.5838401836
   4.2132965694    5.2391202716   -5.5736745809    4.9404908602    1.0093178668    5.8148932915
  -7.9057800826    2.6565453965    2.5868877504   -0.8587412885   -1.2579707221   -0.2689648025
  -1.3568652880   -3.7316489450    3.6595586389   -0.5129447731    1.3701150273   -1.6947851544
   1.0661670823    6.0352442669    4.2665954317    0.0582360543    1.4981249325    1.6595084715
   6.4378108604   -6.0990853404    3.2168029201   -0.6214109546   -2.3027227777   -0.9619862541
   5.0270385263    7.0916013651    6.1275985327   -1.6298913843    2.8611399741   -4.0378777629
   2.3968403750    4.1053704543    7.8246224434    1.4551895816    0.9384807490    2.9845849931
  -5.5743440665    3.1457693095    3.2160669256    2.1519645678    1.3091580344   -1.4934736640
  -4.2072114542   -8.5279233754    6.1253579786    0.6803561969    0.8366086147   -4.8510587416
  -6.8848885502    7.1593997084   -0.1027360239    0.5213735806   -3.2238029372   -3.2976049027
  -7.4099916125    6.2637024174   -7.7370555793   -4.2372425685   -0.9502689278   -1.3025201707
   2.8354059134    3.1466843390    7.9241940433    2.6014957096   -0.2357517410   -4.9521007163
   0.2956310369    0.6431493035    3.0620735314    1.3733776211   -4.7024348451    2.0543439211
  -4.1762000580   -0.0377218731    3.1963941623    1.5743544461   -1.2768280252   -0.9457262825
   6.7024292817   -3.7359537146    5.3869894423    1.5570808647    0.7415193005   -5.2305269877
  -0.6189063823   -3.6754350980   -4.1132656141    0.5930321033   -2.5493000407    0.8394811425
   3.5652466140   -4.8244736848    4.3582879697   -1.5045078796   -1.3353663053    1.2397990375
   0.6021220246   -2.4745938639    5.8545715669    0.8324406079    0.5431761049    0.8005422404
   0.0226781760    3.8335224632   -2.8380182365   -4.0241120319   -4.2068786220    2.5028969107
   5.1298606439   -1.4686589418    6.7459779463   -2.0655836822   -5.1448748600   -1.1582321063
   7.6280659309    3.7951514436   -6.9750210855   -0.9407978538   -2.3223271692    0.2908241492
  -6.0698848342    5.7148343098    7.0585198428   -6.4385231807   -4.0802813698    0.9085304817
  -5.3447454181   -7.2946475470    5.5050968082    0.1397002602   -0.2553389063   -0.1763944915
   5.3704546035   -4.4842094406   -0.5144706170    3.1531628013    0.1362943152    1.7198084841
  -0.9623298659   -6.8930063009    2.2073510301   -0.8759982771    1.7068911720    0.7334171804
  -3.9583662170    3.9137911214    2.2251316544   -1.6109164056   -2.0670746530    2.9956280098
   1.8190063893    6.0145625848    6.6886725030    0.1113213406    4.1166031456   -3.8523466287
  -1.0457797439   -7.8894276098    2.5526179412    0.5452926619   -0.7721118495   -2.2909821924
   0.3603726206   -3.9504264332    3.2197406921   -1.5374080098   -3.5383177045   -0.0446101519
   3.4488786879    2.2041669541    1.9059933493   -1.3487886867   -1.9392286672   -1.4747760434
  -5.5012620313   -5.1118015675   -6.8557358111    0.3850715181    0.6434021150    1.8411592912
  -3.3247050959    3.1754758145    3.7273373863   -0.5431393944    1.5997967856   -1.4531455969
  -3.1503446130    0.7634273810   -1.4437246215   -3.6163007076   -0.6035018614   -0.3158664385
  -3.9562610961    7.5020612870   -2.5622226738    1.5300898932   -2.7127721676   -5.4887142465
  -7.7968580679    7.3190007721   -6.6470985405    0.9008340505   -0.0109245561   -1.3268024916
   4.6189845726    0.9532800862    7.9340310968   -0.0248381955   -4.0849025147   -0.5172677161
   5.6842789661   -0.5407547622    8.3263668415    5.4509042281   -3.0109424189   -3.3575548088
  -5.4430213525    3.1297610860    6.3920946258   -5.3280431432   -1.4234629689   -1.6025198120
   1.1368526106    4.8932196361    6.5562805648    0.3059829429   -1.1968855423   -3.0313210553
   8.3052209227   -0.9803454188   -5.3115773331    4.0035667723    2.8425393691   -0.0000526431
   0.8836299169   -7.5770938878   -0.1781789796   -2.1057810256    4.8271360140    1.3623791439
   3.5125788145    7.9602139819   -4.9813944544    2.1787641923    4.0631322283    0.7572885691
  -3.4670714996   -6.5286161872    2.2844179745   -0.5444533393    1.1314317202    3.4638246710
   5.1225530684    6.2436865914    2.2992460174    0.9780290816    1.1072946109    1.0993679605
  -1.1110020631    4.5293988486   -7.2184631519   -0.2303410874   -2.2342298417    1.6187057015
   8.5160521446   -4.6675759005   -4.0437057701   -0.5512562366   -2.6789989601   -0.7992126866
  -3.0897270510    3.6574592543   -6.9681771418    0.3353893864    1.2149229688    0.3654681698
  -5.8369630815   -0.8661737385    2.4438434546   -2.0581677078    0.5173732597   -0.0195883520
  -3.9561323473   -5.8060495164   -4.9772572034    4.2040077762   -1.1345225220    1.2885580685
  -0.4889090102   -0.4846957630   -2.3812372967   -0.2135540770    0.2833024079   -0.2867216301
  -1.7990686964    1.0161078312   -3.0255976529    0.4006528070   -0.0333948281   -3.2500362653
  -1.4085538066    8.4336346632    3.7437714859    0.7965982908    0.8834801423   -2.0999324180
  -7.6911618671    1.0443933614    5.3527706318    3.3703945224    0.0935912722   -4.1951927557
   7.7912321616   -3.2325462469   -7.1802707315   -0.6918665145   -0.3283845456    2.2921254523
   8.2705108347    3.2875810252    4.8173291809   -1.1512276094   -2.4717864571    1.3149846972
  -6.1493660402    3.8348240442   -2.7520607921    1.2473493260    1.3858981997   -0.5251717971
   7.7203359795   -7.4993030005    6.5753272591   -3.8340739458    1.5142045278    1.2101126508
   5.7356927715   -5.6481458744    4.6811638984   -2.6834439216    2.0908218111    1.7124514394
  -7.9597063228    5.5800888801    7.5162824122   -0.2334604351   -0.0953293521    3.6082708086
   7.2423556602   -0.4682809191   -5.7733068331   -0.8625148284    0.1861198979    1.1913994373
  -4.4679017782    8.4858413237    1.3485485264    0.5700523850    0.6484314391   -1.4844972097
  -0.0596685785    3.0961780955   -5.9007400987   -1.1602342892   -2.0824531812    2.9587104830
   7.8967063275    2.4245472403    1.5605594202   -1.4602684301    1.0633339052   -4.0723153502
  -3.0150563945   -1.1695202024   -8.1849904554    0.0121187803    3.6401149357   -1.1186543458
   8.4108574304   -4.0851593007   -5.1098284486   -1.3723274434   -0.7792472432   -0.1261723957
  -8.0813837101    6.3960438214    4.7245920414    1.9352461001   -1.6438695043    1.9757684921
  -7.2843295222   -8.3021013306   -7.0772954066   -0.4672684017    0.8291315100   -3.0486364721
   4.7881458172    1.7130592677    5.5043564167    0.6888636123   -4.2917810447   -3.7019731905
   0.5861930546   -2.4852856535   -0.3702638722   -0.8465621098    3.1183247415    2.9508472030
  -1.5437535214   -0.2102542588   -2.1905267328    1.7259386194    0.6796085037    1.8345681868
   0.8018788900   -6.0810833473    7.5995642304    0.8078075016    2.2583614296    3.1799501533
  -2.9269621533   -4.6075128857   -6.7166498111    1.9866064687    1.3036035508   -0.1714118966
  -2.5217151515   -3.9195079291    7.0409001332   -1.7696722864   -2.5572630600   -0.0089087201
  -1.1334201054    1.1532616247   -8.1905398710    0.4724527849    1.8390020588    3.6135835877
  -4.4070227430   -6.7834920743   -5.7383389332   -2.5368869794    0.1277816560   -0.4916938136
   1.4965328296   -3.0824189496   -2.0638528055    4.1599470847   -0.3148276341   -4.7633768160
   5.3104785560   -4.9561745241    6.2158672510    1.5393533213   -3.5702131531   -0.6299185577
   6.7118370485   -2.7506703426   -4.6131573379    2.3395852597   -0.8145105756   -1.3781372652
   2.1874869475    2.7419425274    1.3908114028   -0.9297115833    2.0666299906   -0.4138733775
   1.7834661380   -7.7694815470    2.4563402538    3.3510501081    1.4781693158    0.0330594438
   8.0837256076    3.5264083270    7.3980200571   -0.0965359808   -2.4510557696    0.2556688421
   8.2059717011   -2.4956546586   -4.3056169939    1.8673889499    1.9713751718    4.6285943646
   1.5937391376    5.7386633065   -2.0721483955   -1.2976463950   -1.8154114197   -1.8647872347
  -1.5138750524    2.8821820215   -7.1109065883    1.2130550863    0.7537267812    1.3348547614
  -6.4678438747    6.0670507632   -0.9387058194   -0.9705796499    1.1555384510    0.9878844245
  -2.5635819593    5.8329237502    1.5811129005    0.1718661175    2.7618491353    1.0492437285
  -4.7146623316    6.7971580846   -6.8697812801    1.4521857326    0.3287172825   -3.5424879355
  -0.6523344666   -4.5536645986   -7.2770900962   -3.8898257051   -1.5828093338    5.4563169086
   4.5598248202   -1.7426030504    3.0566899905   -0.6437442221   -1.0159349155   -0.0527939921
  -4.4439200583    2.0385480431    0.4254190484    3.5052440289   -1.4830703369    0.6630914292
  -2.8736126612   -8.0341190837    1.9795988718   -0.5908507437    3.8634918400    2.3124785066
   4.4674918637   -3.2545120076   -6.7836907648    0.6013116886   -0.8752752394    3.0826233225
  -2.5086233730    4.3475007013   -2.1645836296    3.2543743955    0.0288286019    2.0357258848
  -0.7106825054   -0.2299361110    5.1414365767    2.7435206561    0.1742294891   -0.9272502846
  -0.3616411347    3.5687578888   -0.7215119817    1.8042101129    1.0408654769    0.4784718860
  -6.5616732196    4.1679277748    3.4887619779    0.2735363124    4.0767640851    0.0944656008
   3.6308557114    3.1085837754   -7.8978832793    2.6610379669    1.3470575841    1.2177199925
  -8.4978012774   -8.1028337614    2.2919544055   -1.2242323929   -4.6767907280    0.4654785053
  -1.7279867304    8.3657084224   -3.5264510680   -1.1862198235    2.6645326062    0.2589569321
   5.8826439200    8.4370128548   -3.9571566823    0.4163959969    1.7769734903    1.4828657209
   5.9982660472    6.1773749902   -5.2811937292   -1.7875411653    0.0319885110   -1.4162755297
   2.5071083197   -4.8317397411    7.6285960908   -1.0825589860    0.7215956223    2.7903998399
   8.4493447582   -2.0436216840   -3.5000274923    4.7295359727   -3.0441417551    1.8503623537
   0.9628932100    7.3938085276    2.5087517274    3.9972346988    1.1240231713   -1.9326534458
  -8.3658136033    7.3207683110   -8.3446717468   -0.2684522558    0.3771094220   -0.5343834794
  -6.8561840060   -5.5209724609    3.7163325880   -0.0772539883   -1.9957858169   -1.5343745037
   7.8292549155   -3.2353944801    1.1909441128   -3.2061148371   -1.4648776821    4.7947805824
  -3.1542306458   -5.4608267053    7.4787167667    0.1999462343   -1.2212243183    1.5855246998
  -5.8593240224    4.8874536929    6.1796475897    1.8817136077    3.0909522016   -1.3393737120
   1.0738642491    1.8918885543    3.1354192279    1.1668353871    0.4737632334    0.7714508518
   0.5943136789    1.8870220665    7.1876997273   -3.0232794363    0.8602211175    0.2962994716
   5.9016169997    7.6980504749    1.2595536735   -1.6616809904    4.0854006483    2.2279588672
  -8.2232392468   -7.3228510082   -8.4901103540    1.2369592232   -0.1076177717    0.0615856277
  -5.1954769953   -2.3838015813    7.9516689661    1.5874304374   -0.3371354251    2.1351646790
   7.5291598338    6.5779073257    5.5316015021   -2.1264421986   -2.1366417316   -5.9425946540
  -6.1016441031    0.8913868578    2.4455801847    1.0575343450   -1.5391483719   -2.3723469633
   4.3078499116   -6.1327389580   -7.9558159193    0.3699705002    1.5937453347   -0.5311032050
  -4.6161320843   -3.9740544674    8.0510147201   -0.3022354229   -2.7386631869   -1.6560382442
  -1.5675097258    3.7456131200    8.2726830770    4.0772389564    0.0742768385    5.0526078839
   6.0094400718   -0.7343803308   -5.3165364793   -1.2569590754   -1.4339219316    0.4037177362
  -5.9504338334    3.4795005944   -7.1843765632   -1.1572039262   -1.0985669747    6.9240715763
  -5.9185492812    7.1540797662    3.1615698080    0.6219753811    1.1535388933   -0.2423351246
  -4.9427962435   -4.3529864627    0.5903181849   -1.2865181067   -1.6241830653   -0.6469032059
   4.0521386181    0.5950576399    2.1844644094   -1.4887335290   -0.4860904565   -0.6681831460
   6.8432680050   -8.2930134479    0.4404396064    1.0190345111    3.7097942448   -2.0124819372
