           1000
    17.09975947
  -7.0688645105    0.7040339569   -3.7833522119    0.6929991384   -1.4840423390    1.3201191295
  -2.9762234030    2.4190137925   -6.2363831478   -3.0190957455   -0.5145427817   -1.1868282562
   6.2785251508    6.2759637218   -4.5704327139   -1.3501663323    0.4631308367    1.0029330138
  -3.4380211534   -3.8118180867   -1.9827372807   -0.5010360228   -2.3577251347    2.2136122196
  -6.6043193109   -7.0410955044   -2.0807497331    2.3291265796   -2.1401562214   -0.1865490415
   5.9519483791   -5.7678408434    4.6261545095    3.4361436204    6.0578553186   -0.1122632210
   2.0080944732    3.8779165911   -2.7921677661   -2.1245749452    0.7664667009    0.1427431543
  -5.3601501011    4.3771003328    5.7485025345    0.3727882391    3.7478605759    0.3001989862
   2.6896321789    6.5386674644    7.4490841343   -0.9521724149   -0.0783548848   -2.0150316910
   2.5300771477    4.6630215893    4.3849261930    0.8486333543   -0.1845148084    3.5303046087
   8.1631795087   -5.9648932933   -5.0384839876    0.1771505681   -1.8716455081   -2.5441157234
  -4.8404395247   -7.8013349731    8.2708998887    0.9733409227   -2.3027206549   -0.1925593024
   6.5278001870    4.0481266294   -2.6419614208   -2.2498360624    1.7933714843   -0.3723460258
   4.2065069856    6.6379415418   -1.3147780422   -3.2991134743    0.2693203711   -2.2758235262
   8.3785516870    1.3824426667    2.8142137965    2.1364325454    0.7667166040    2.4284894050
   1.9750041255   -1.4238712803    2.5690172947   -0.4052777995    6.2358406701    3.4911690085
  -2.4952439982   -4.7566729852   -0.0018080344    3.2925960403   -0.8504491344   -0.8448345304
  -5.4506216330   -0.5245438395    4.1642401307   -2.0987333557   -3.0559922902    1.7314244935
   6.5008817887   -1.7027876433   -3.1003436225    1.5221383113    0.7361646277    4.2270543254
  -7.0712239807   -0.9248851517   -5.7018304701   -0.6771941128    1.6838615928   -0.7321775452
   8.0771826845    1.7786966823    1.1359901154    2.7493813799   -0.4080344090   -1.2337420976
  -8.0531935315    8.2863819304   -0.1593067995    1.2041743556   -2.9478148792    0.9812223551
   3.1810604480    4.4363302168   -1.5703784568   -0.4190237651   -0.2183331582    1.8873158433
  -5.2892778686   -6.5719575415    1.2644416110    1.7717714175   -2.1365065328    0.1527190582
  -2.4702349450   -0.9950762007    4.4328756366    0.1710316363   -0.3185521385    0.4019102310
   5.9334399903   -8.2098020980    6.7191504848    0.1621887689    0.2497813785   -4.2660007198
   1.7739455205   -2.0427352193    1.5307910578    3.2804790752   -1.5497005605   -2.2683848972
   4.7273870531   -7.6006956215   -2.8641145775    1.9148134880   -2.6239364340    1.2647224399
   0.2435573515    4.5423899904   -6.5796178184    0.1966861045    3.2385787721    2.5557821255
  -6.1484895185    7.4003959369    0.9406362182    0.5490884042    1.9046508101    3.7304606702
  -1.0296179433   -0.5150823707   -2.2506713526   -3.0733734280   -0.1361362820   -3.1068209290
  -1.6007451643    1.1100322977   -5.6976991764    1.4574433703   -2.1315748658   -1.0308370558
   2.7226533050   -8.1445751568   -1.1728822429    4.7761549869   -3.1317813407   -1.2008982872
   7.0391316505    1.5426368274    6.4052997313    1.2371358166    0.1938281525   -0.5621757305
  -1.5621740435   -5.5240437478   -7.1434400847   -0.0263192614   -1.5085431238    0.6890978577
  -3.1387556090    5.2218206601   -0.1950173523    2.3371573800   -3.6903983962   -2.0744448123
   3.4375130644   -5.0913533784   -2.3759980036   -2.4931632312   -2.9770202801    1.6987235586
  -5.5898091842    5.5512685114   -3.3229415521    2.4801333583    1.5521494411    3.8071433836
   3.1145646661   -3.2128991338    1.0121440530   -0.3750781922   -2.4322709096   -0.7950481743
  -0.7340685928   -6.3775948009   -4.9833311992    0.5704028239    0.3736863545    2.8297661715
  -2.8539461307    0.5960176467    4.8947981596   -0.3422816940    0.3542465487   -0.0149155139
   1.2255719097   -1.8493675460    3.7379371688    0.2922429332   -0.0200690336    0.6357285102
  -7.7514549666    5.8762780526   -7.1653289378   -0.1533635562   -2.5001600005   -2.4485576401
   5.5464251357   -7.0067296424    1.8061312022    1.4389984447    0.6396216622   -0.5163189270
   2.5004397046    0.4529894268   -0.3826740247    4.4105280904   -2.7753032405   -1.3458324805
  -0.1432939880   -2.4050818586   -4.9728999201    3.8974528750   -1.0497873518    3.5829002361
  -0.4799816148   -1.6952609799    5.2108043206   -1.2807032742   -2.7100544819   -2.0440843175
  -0.0344734813   -3.2329024250   -1.6353828223   -0.2473869074   -1.2104162353   -1.6040636758
   6.7627542882   -6.5404683141    3.0727656702    0.2055352036   -1.4175363036   -1.8016091463
  -4.4350630055    6.1307946280   -5.0164436090    2.7551897366    0.4592983979   -0.8427590001
   3.7255727804   -2.9530764911   -7.7654299866   -0.5997632954   -1.7232111713   -0.0999064954
  -0.0522109028    8.4155057972   -7.5999688114    0.0980008824    1.6754394432    1.1737789022
   3.7330323846    1.4496151196   -8.3739151446    0.9260062630    3.6069056590    1.8524413521
   2.4694084175    4.0401482562    2.0692096640    0.9406748642    1.8444941491   -1.6075364942
   4.8586899414   -7.6701792213    6.5862574570    0.0265717929    0.8049821609    1.0557384140
  -0.0972630400   -1.1222291378   -1.2080620791   -0.8158970747   -1.6867153225    1.7946172398
   6.1184276909   -0.1890897098   -0.5867803155   -2.3836299295   -0.5978506687    0.2927226383
  -3.7200772361    0.1610714805    1.4379299876    0.0846214754   -2.1543212459   -2.6484773341
   2.0649585379    5.3185337936   -1.8858034101    0.6773992141   -0.5546683317    0.1074381711
  -7.9768130463    2.2500292956   -4.5704367000    0.9094286976   -3.4738416851   -4.5442333881
   3.1194129323    4.4586023493   -7.4431519230    1.2668191691    4.2554342708   -6.4120279279
   6.7166958251   -5.1577700428   -2.4376176789    0.5467372125   -0.8623989590    0.9147922016
   8.4792320060   -4.2632720501    7.1598613212    0.4480940272   -0.6890529286    0.4513407085
   2.6899450324   -4.3351772862   -7.9486825694    2.4626287338    3.7404532548    0.7494828017
   0.5794865616   -0.8869421843    3.0565190561    1.4072683080    2.2288668149    1.3147445257
  -0.9697037727    2.3790207203   -0.5130929164    2.4298001054   -0.9953770227    2.1025208966
   4.5700968189    1.8836803495    1.7752789807    5.6602893801    1.8646817944    2.6139233097
  -0.0705224300    8.3771756739    5.3873432239    0.3288038643    1.8808491599    0.8291436598
  -6.5486413324    6.3272051084   -4.5112931767    0.8665948642   -2.2207299049    0.8546551621
  -1.9426978190    2.5176478018    7.1878155137    1.4815149877   -1.7168330862    1.9947068538
  -1.7707223966    7.7761885376    2.2409720291   -1.8379899263    1.7429308809    2.5367723735
  -4.4011789013    4.9470964047   -6.0710174443    0.6236072129   -0.2779530846    0.1329084116
   1.9258224478    2.4484077473   -5.3719414197   -1.8219777600    1.1718127864   -2.6288233680
  -5.8152952382   -1.1043492092    7.1844744069    1.6866027997    0.2915182770   -0.7228280245
  -8.4725925396    7.3117318650    6.7114308651    3.6760846562   -0.2146372976    0.6839932271
   5.2539937619   -2.3414404990   -6.8706988188   -0.6077978953    1.4220880808    4.8660227201
  -6.2587534078   -1.6517787925   -8.0869292017   -0.0964981932   -4.5112566377    3.3762784125
   2.0231003748   -7.4800112965    2.3283721340    4.7308218992   -1.9214126804   -3.5827945439
  -4.2246984718    3.0763211543    5.6389166191   -3.0093420321    2.2163684384   -0.1829087229
  -2.6312349239    5.0526004639   -1.2274861302   -2.4864553736    4.8585550842    1.6658438152
   0.3327706533    6.5137457172   -4.1676231919    2.3029738061    1.5494975526   -3.2402368923
  -3.8260105633    1.9858003066    0.2777378614   -0.3755920654    1.0575774959   -2.9835194186
  -6.8754622343    1.7160001109   -3.6742047862   -3.3196727549    0.8037511533   -0.5264091760
   0.7563655780   -2.5663103467    6.6586286160    0.5105775629    1.2803104204   -0.8610241972
   4.2485177580    4.1944566223   -0.6960489688   -2.0361168089    2.6638272309    2.7613015989
  -5.6944668000    0.6675104048    6.2962972066    0.5136486328    0.5271132825    1.8566729316
  -5.4114013374   -3.5128855050    6.0355324988   -1.2946424520   -1.4763972394   -1.5391020149
  -7.0466535895   -1.9669155473   -6.4248935606   -3.2284176942    0.1270474556   -2.1975289895
   5.6283440148    6.6812013735   -0.9147810440   -0.9755308498   -0.7493768870   -1.6387662562
   0.6324921158   -8.4160169930    4.1376202206   -4.8985099357    2.0224339492   -1.2725563761
   2.1881696697    7.2115467816    0.3790792487    3.0024270182   -0.6810361930    3.0419428108
  -0.4177448160    4.9740340918    0.3677004480    0.1344646542    2.9703232960    1.8557074056
  -6.0872488858   -0.4660988493   -5.6776031424    3.5340433698   -1.8081575792   -3.8646103010
   8.1127616235   -3.1545109591   -5.1443793288    0.4632183869   -2.1441329809    1.5268871486
  -0.4010610122   -8.3825458986    6.8276107207   -0.2498816721    0.7951536682   -0.0321818348
  -6.0934303265   -5.7340932122   -6.2898377268   -0.7915935540    0.0855291008    3.1475670973
  -7.7301515099    3.4970751962   -4.8581598335   -3.2854433666   -1.3248184850    1.8172382249
   4.6097133365    3.5147970630   -7.0055840598   -2.4301983433   -2.1003382446    1.9684887976
   0.5929430495    6.6764297479    7.3223471906    1.0976777650   -0.0854072631    0.6562154242
   4.5494457921    3.8685494660    5.9955494850   -3.0920454898    3.5354786886   -2.8585537626
   2.4997697813    7.5974398212   -5.4888246806   -1.7838820322    3.9105366404   -0.5789125690
   7.0398166705   -6.2401840220   -5.2780477441   -0.6526016168    0.4249186258   -1.4994109757
   2.9268299908   -3.5147715087    6.7108287949   -1.1017789870   -0.0310858058   -0.4913584583
  -5.4520284502    2.2492280748    7.9127972101   -0.7771234611   -3.1479743694   -0.4023504246
   3.0087955139   -6.1337152322    4.0072469179   -0.7024766414    1.1142716378    3.8861415181
   7.8833202805   -8.2167096289    3.7305057925    0.7773835908    1.0339237077   -3.8251723184
   2.8294318971    0.9450469493   -7.2845190098    0.3603562805   -3.5171362863   -3.2672255403
  -2.6335320716   -5.1936245078   -6.6100583132   -2.1858571026    3.0611422709   -1.3110463882
  -4.0948875947   -6.0819500700   -2.7811204655    1.0000066776   -2.6019086152   -0.5875130246
   5.7733514537    3.7429680917   -5.2666803345    0.3137123918    0.3794989979   -4.3255934602
   1.7564716144    0.7144341883   -1.1356849764    0.8806657200    1.7848564707   -1.6858704929
   5.4822177537    0.1490814716   -7.7982326248    0.2167181452   -3.5325629873    2.7651680051
  -0.9334756859    0.6520459756    5.4485707440   -0.4104373565   -0.5374767048    2.7810299577
   1.9895004334   -1.1897970855    4.1502005435    1.1359725045   -2.7272886705   -0.4701767283
  -1.5326434879    0.6919371404   -0.9911480154   -3.2723152754   -1.4621715926   -2.6514129677
  -4.6197292311   -7.1117987432   -2.8310952118   -0.0338554458    0.9362061740   -0.2010756335
   6.2066683324   -3.1505956888    4.4106246479   -2.4859564527    0.8709354423    1.4956245608
   1.3291271541    5.7407397175   -2.7452174445    1.8665863190   -0.5834212635    3.3687501636
   3.3013521599   -8.4538082049   -2.4285708560    6.5101020825   -0.7631875829    2.4395722798
   5.3075373530   -3.0167107234   -7.8140489930   -5.8040045103   -1.1980966362   -1.4958432780
  -1.3386672171   -7.3821926051    6.7739046194   -1.3266942463    3.5406559449    1.2389700303
  -0.6561160027    1.8688035526    4.2651188208   -0.6472423969    1.9101308009   -2.3152937360
  -4.5745617327   -6.9998580543   -7.3759427503   -2.5948892354   -2.3024476630    0.6693049881
  -0.9056176197   -6.4540932350   -0.2184909144    2.2906689337   -0.0657062656   -4.0502777613
  -7.6843299963   -1.1308314078   -8.0046104734   -2.5886929647   -0.8595538724   -1.3523070302
  -6.4502007475    5.7998859579   -5.5776604156   -0.8330414563    0.9037427724    0.3186496763
  -4.1920073979    0.6951707595    2.3101126044   -0.7173358665   -0.6003692054    0.5277793447
  -7.7796724686    5.0569107568    6.5393869430    0.3067754435    0.7277933336   -0.8544716526
  -6.2559121443   -6.1908658201   -3.9053607035   -2.9643745304   -0.4108379821    0.3479343085
  -2.3723381307   -6.7501844311    0.0976517659    0.5796724355   -2.6732715407    0.6502819582
  -8.1963214295    2.4902313400    8.2659872198   -2.2644374512   -0.3169366859   -3.4009284972
  -4.2016234620   -3.7136078543   -4.3952707391   -1.2382669400   -2.6412579312    2.6431019091
   7.4096918991   -4.3194224462    5.5089653823   -1.4918764977    0.4428331441    0.0728571558
   4.8664773437    8.3046567558   -2.0826371486    0.0761660260   -2.7511065064   -1.2385677860
  -3.1045763772    4.6953860077    1.3323830394    2.0884300418    0.3963754230    3.0525921846
   3.6906619706    5.5568848922   -1.3343824316    3.1574617694   -1.8666203247   -0.3866862933
  -4.6878392243    6.9005010835   -0.9728988358   -0.0460653437   -3.5860564234   -4.6054466272
   6.8412573433   -8.3119692031    1.8038711557    1.3495582657    1.4662072935    2.5588928837
   4.0703479816   -3.7972231201   -1.9915070993   -2.5164744138   -2.0211502738   -2.3035210191
   7.5317665378   -2.3838844678    5.6041196990   -1.1063687394   -2.1592430859   -1.5102320727
  -3.5711801979    0.1169710120    7.4635551516   -1.3649693307    5.1227261462    2.9602821340
  -0.2438091218    5.4954957273   -5.6822273351   -1.7566907621   -3.1763659618   -1.9558674425
  -2.1082193255    0.9266435454   -6.5334086451   -1.4931804072   -4.7651444087   -1.4548712514
   0.5070919463   -4.0644262025   -7.2959935698   -0.0672310411    0.4163158453    0.9801221255
   5.8125117914   -2.3647416167   -2.2043671695    1.9973756608   -2.2006026886   -0.9143748549
  -0.5459339151    7.4849147037    1.8624996514    1.1302670467   -0.0157411832    1.5730781474
   2.3710304171    0.4767396316    7.1665776744    5.1559407530    2.1643205979   -0.3253693841
  -4.4153813563    8.5058685584    2.3676560537    1.7839511468   -1.6224392637   -1.4640941374
  -5.3633670725   -3.4761550756    1.4284948667    0.2462774611    0.4865446975    3.1271032673
  -4.7524373630   -3.5685775451   -2.6577595306   -0.3302981140    2.2649756739   -3.8464132216
  -6.1666870246    0.0771252512   -8.4851183100   -0.3293741995    3.3790761050    1.1844373661
  -6.0548607984    7.7116853590    2.9055069135   -2.2190353765    0.4159263151   -2.7061323627
  -3.6879538721    3.3338741122    6.5194119024   -0.5242872329    1.0004499318   -2.3171600561
   3.8049451094    3.6226847262    7.8637400473    5.5214971235    1.2420761126    0.4814632959
  -3.6229187373   -3.3607081244   -7.3243949151   -2.8471809856    1.6056664929    0.2539679930
   2.6908665926   -1.6427512631   -4.3847379420   -1.9161719606    2.1328666248   -1.6923946944
  -2.8853636892    2.6742502367   -7.7616563675    0.7387640779    0.9775229787    1.4791339578
   6.1408527791   -2.5994158513   -6.4443958329   -0.3730369680   -1.0861091827   -2.0555390699
  -6.4226743557   -1.7632934792   -1.3837817826    1.3531146050   -1.9235812498   -5.3991607148
  -8.3448762343   -2.5282219755    7.3101142736   -1.0050262692   -0.0794379470    3.1935607786
  -7.9266815767    2.9401921396    4.5221852574    2.4163137490    4.0197359444   -0.7462057552
   3.0396805194    4.3944392599    7.2807668905   -0.7787719964    5.5369341883    1.8736458971
  -6.9173020146    4.3602181342   -0.9858659483   -0.3639584727    2.6185260648   -1.5398266325
  -6.1892401516   -6.1943538195    8.4145230966   -0.1971806802    4.1590981447    1.0876955437
  -0.0090971015    1.8071202624   -6.5607104534   -0.2288790861    1.4265164753   -2.6715677369
   5.2625906600    8.0270755076   -3.9735741708   -2.4148657726    4.3217883776   -1.8589662255
   0.0992447430   -0.7855794657    4.8419210944    3.0028494839    0.1980676589   -1.4080509341
  -3.5422926479   -4.1698579143   -3.2967267792   -0.2989764042    2.5724252862   -0.9947201368
   5.9003792399    3.0225340633    7.5713178006    2.6679082552   -1.3052356122   -2.1064409163
   7.1268133912   -3.3452628379    6.3020093477   -1.2998028210   -1.2945262075   -4.1792223669
   7.9144801102   -6.0085795008   -1.6224223492   -0.3052328184    0.5159126742    1.0292501891
   3.1740185451   -5.4730026233    6.2275697785   -1.3228279348    2.5428036598   -0.4698495007
  -2.1665422479    6.9098701323    7.0581583167   -2.3465760338   -0.8021366547    0.6730117162
  -7.7400667211   -0.0890915557    7.2727431573    1.3928822516   -1.0512095511    2.9640947624
   1.8079912306    2.2242639251    8.3474246230   -0.4877499391   -3.3763582271   -0.7417081042
  -0.3795024818   -5.7261524572    3.2853907890   -0.7365878465   -1.1496475249   -0.7037209086
   2.6781000144    1.5880322098   -2.7840073345    0.9596938848    1.8951944850    4.6965425964
   2.6171086386   -1.9032835248   -6.1996304583    0.4513124056   -2.5042099585    2.8580977666
   1.8221223866    4.6726824536    1.5412566777   -1.3158205470    0.6554046980   -0.1638798496
  -8.0913182804    1.6102050085    6.5824934055    2.8794871908   -1.3672443053   -1.0061216552
   5.1819542468   -6.9951052374   -8.1541372130    2.6400895157   -3.0581832834    0.9920559258
  -3.3008621055   -4.0667290958    6.9002943039   -4.2377745093    0.3226540645   -1.9386754492
   6.8625003898    4.6590506495    4.7670769427    3.9348405688   -3.6217481435    1.8770653449
  -3.6658684402    5.1597396303    5.3875246001    0.7087119365    0.8560817641   -3.0910246444
  -8.2706165111    0.9730264687    0.8277539308    1.0091655150   -1.3660868517    0.5280659925
   5.6051464634    7.7218024737   -7.2797423294    0.5079143118    0.2717802044   -0.2449257741
   4.9615270901   -6.6680198110   -0.8776592176   -0.8859280098    2.6596096929    2.7032114405
   8.5340380644    0.9369474080    8.5319149157   -0.2653465258   -0.7815905345   -0.7386509910
  -2.6343536141   -1.2345816888   -8.4665070316    1.2403966391   -0.1083177246   -2.3283040061
   0.3751203438    7.3761360015   -7.2314160995   -0.3677280890   -1.3603891025    2.1436387993
   3.7919034824    2.0440091260    2.4228435346    1.1236817476   -2.6947408002   -1.1988439634
   5.3608560243   -0.9215845553   -8.5038000066   -3.3694499529    5.3726677271   -6.2079576335
   4.8086373438    2.3051807203   -6.9910550158   -0.1217928955    0.3230023133   -3.5195338048
   6.5861637559    6.5676674280   -2.5524802650    2.5313610135   -2.5718578267    1.0985636944
  -4.6777535239    7.0615912166    7.5372150463   -3.9594994844    0.7360562495   -3.4991373477
  -7.6136957100    3.9668498684   -6.1945359078   -0.7042652811    0.7001758223   -2.2997762050
  -2.5223869139    4.6177380765   -6.9135894633   -3.7179186261    0.8169036433    1.8522800042
  -7.4896545328    2.8717900429    1.7315301266    4.1564842401   -0.1479618252   -2.9774344723
  -5.6583129333    4.0368530447    1.1825497411   -2.4487682514    1.9066836520   -0.9053131459
  -5.0603827644    4.0966068535   -4.1014679532    0.9976594273   -2.3293810656    1.5952400909
  -7.3563739344    0.7667930566    5.9443218542    0.5575144689   -2.3536131482    2.0162711721
   0.9957958828    4.9678721915    5.0278695723    4.1037624131    3.0517335044    5.9794132430
  -5.9272004025    5.7060976620    3.0810144753   -1.8367996071   -1.3547479771    1.1707567609
   2.8325544924   -0.5374777695    8.1626023539    1.4852052896    1.5295461500   -1.9557397451
  -6.9803657449    1.9084073777   -2.4821143358    0.6739059293   -1.3061717373    3.0309276949
   8.1850034747   -5.0221189684    5.6452058908   -0.6357048288   -2.2640093310   -2.5736981002
  -4.3084540441    2.6778458555   -5.4571567695    5.5040632578   -4.4751139246   -1.3546956156
  -2.5626188406   -0.4670314413   -7.8620870662    0.5540186117    1.0946408378    1.2556326750
   4.1220918737   -0.0811318826    4.6229483075   -3.0295142112    1.8846903920   -3.1863804830
   1.6735830214    6.5329107365   -5.1665266662   -1.0787687836   -2.6289730951   -1.0190352108
  -6.7669650852    5.9892207870   -7.2435805569   -2.4952353753    0.2956009734   -1.0650204599
  -6.5689613838    5.7773036317    7.4552643456    1.2889543684   -0.9758745457   -0.1176981546
  -6.5245468526   -0.1701298888   -4.9285600177   -0.9700240138   -3.3678556651    0.0194832529
   6.2169108503   -1.5674229520   -4.1344250233   -1.4744585962    0.6318916032    4.0778238114
   0.7109591235   -7.6882084348    0.7788442205   -3.4608978095    1.2289616186    1.6046850252
  -1.3125611951   -7.4098898978   -5.7859271644   -1.5952356684    0.4639697064    0.6404845980
  -4.1523957860    7.4663491431   -8.0468699654   -0.7808586836    1.6605335114   -3.6212081020
  -8.4925336028   -2.1160213875    0.8122301663   -2.4721128843    0.2633556292   -3.8623013078
   6.3387199347    5.7336188889    2.5874896150   -1.2659299764   -0.4251744735    2.2518864545
  -3.2750450790    3.9644972927   -1.3126370137   -0.3713269088   -4.5798155437    0.9444346384
   5.8539419623   -7.6440874381   -3.7190497348   -2.1211477009    0.1538977177    0.1586879528
   3.6086300767    0.0488327552    7.1989398179   -1.5215681804    0.7892560125   -1.6924132864
  -7.1691954169    5.3502548357    5.4110074696    1.0579607995   -1.9332257583    1.9994598092
   3.8543826318    3.9146442588   -5.7268801008   -3.5116344123    0.6748033358   -4.6389179279
   2.2761891032   -8.1717648841    7.0630232978    0.4267200618   -3.9139052215   -0.2241185192
  -4.8373213713   -3.1159338639   -5.8185818586    0.9682661999    0.5240158293   -2.5120527106
   5.4153629020   -5.1420652947    3.0698276733    0.6719739441    0.9222177425   -2.4543337699
  -5.2769330899   -7.0669170422   -3.8820967108    0.9879658997   -0.9436967943    2.0079051295
  -2.9242934556   -5.7509981759    4.3319790176   -0.7540012856    0.3694246350   -0.8313803050
   8.2730231289    3.7082107409   -6.9408675657   -3.9136571245    3.7580078680    0.5883734877
  -3.6940790820   -2.6635437043    3.6897338222   -0.0427807013    0.1946508643    0.8507917630
  -7.7137947877   -8.4129574984    3.4197950334    2.5316403470   -3.1529188431   -2.2577451609
  -1.6037177284    8.0140697549    0.9189520563    0.9803757623    0.7397158295    1.8708100422
  -7.0019080536   -1.3894829452   -0.4653510987   -1.3263348733    2.4593459324    0.4830957177
   6.1838433324    8.0445833662   -4.6999201682   -0.2152984549   -0.2410998781    1.3951390862
   7.0835698831   -7.4922295972    3.1121699054    3.1404229362   -1.8775551349    0.8019504051
   1.1774881759    8.4234468556   -2.9215096759   -0.4800182515   -0.3588695445    0.7355642431
   2.3631225034   -0.7056279335   -4.2988390960    0.8431904167   -2.5051508955   -1.6171584701
  -7.7668577041   -7.7401427523   -5.6894934363    1.3166693634    1.5978609509   -1.4282064063
   0.1944295139    2.1070894857    0.6273738329    0.4808642682    1.1028621786    4.9092447532
   3.0419576147    2.4783648946    6.4276015719    4.4546978698    0.4653012196    0.8814239303
  -4.2870674807    2.4295234606   -0.8011905371   -2.5111459330    3.0391994919   -2.0975260460
  -2.0329234980   -7.0076740936   -6.8823796115    1.7277620731   -4.4508802887   -1.0421623661
   1.5676763704    4.0470723915   -6.5267928563    0.3066829835   -2.4739207235    1.3455063006
   2.0109440315   -7.1961932763    7.4717815864    0.5166824993   -3.3514587732    6.7487143898
  -3.1982038648   -4.6592657335   -4.2623931554   -1.3322822203    2.4563313060    2.1813186760
  -3.7955357640   -4.9162283068    8.4082123420   -0.1063248107   -0.5076872905    0.8124451466
   5.7951472961    0.4513257828    6.1819782046   -2.0466067885    4.2512326102    0.4744468796
  -7.7741926212   -6.2171327195    7.2740237151    1.9258037351   -3.8467595352   -2.5242117125
   0.7023885673   -6.6208930688   -1.3853262587   -0.3355364427    0.4403717799   -0.9597549649
  -6.4977196319    2.2563625655    1.7895671263   -0.9484719847   -0.6533667325    0.4943328518
   8.1441871694    5.2565648398    4.0851706636   -4.0136518744   -0.9438492099    0.3088177855
   7.1379310786   -2.3961818260   -7.8989757723   -6.1994269819   -0.4398506508   -1.9182541740
   1.8832482847    4.8782199987    6.4898516040   -0.3448058094   -0.3499369235   -2.4109133301
   3.0768355828    0.1712587275    0.5140482564    0.9546027543    2.4356060107   -4.3801991175
  -0.3265554732    6.3780397246   -7.6615872859   -5.5996746952    3.4526527939    2.5408993328
  -6.0494790461    6.5822231933    2.1627418744    1.4614610223   -0.8187409860   -0.5181055858
  -8.0877200142   -1.7117182820   -6.6968970042    1.9691777718   -4.0299108293    2.8106054115
  -0.2460864929    1.6525689899   -0.1402309640    2.9208480660    2.7998300102    4.6121243928
   3.0468865320   -6.8271154790   -0.7175532694   -0.1896739654   -4.1343646358    4.5765392501
   5.6192175204   -7.4190752910    7.3706064402   -1.4965324649   -0.8893136045   -1.7894966162
   8.0340272869   -4.6837770795   -1.3708049255    3.1635210558    1.1912711178   -4.8315261099
   3.3587945024   -6.2151015688   -2.1031787095   -2.4868708976    0.2925171144   -0.2443357241
   3.0854676359   -8.4356780553   -5.4496500142    3.1126552646   -5.2545662380    0.1931820559
  -0.0181460072    3.2153186642    3.1666075601   -1.4719676456   -0.3249430012   -1.3549916767
  -1.2307169239   -3.1404238308    3.6353933189   -0.1444955331   -0.9969518808   -2.1096566652
  -7.1348404848    6.7564449089    5.9465696135    3.7643404061   -2.7023748567   -1.6121764313
   2.8506318312   -5.4805411295   -7.8442410828    5.6213469809   -1.8572015309    1.7880602733
  -6.1862991187   -0.1022674751    2.5414370286    2.4856617167    0.3053256513   -2.2086093352
  -1.0498738221    0.9325401298    3.9659587789    0.9583468285   -0.1154641576    2.6315805310
  -5.7665015001    0.1580871912    1.7330144839    2.9172780307   -0.9272737518    0.4162516448
   2.7554487259    4.2038529646   -4.9901402810   -1.4974232697    0.1210259567    2.1230695551
  -0.9376446579   -1.3077490508   -3.6610856895    1.5410208306    0.9208641225   -0.2044307555
   4.0431587126    4.8276814805   -4.7478708488   -3.3375189544   -0.7161659145   -5.4446248224
  -0.8726389139    6.9833036166    8.4540901902   -1.9212388734    0.8267237216    4.0047309261
  -7.7973104215    1.0909951471   -3.0214413995   -2.5882699932   -6.6827012505   -1.7079575622
   1.9865007470    6.9106885947   -6.0921004288    0.1599382562   -0.6301163350   -0.4326613087
   2.1850432992   -4.3974618861   -2.9307109620   -3.2294294648   -0.9606238646   -2.6850682986
   8.2544045680   -0.7506478513   -5.3976185371   -0.6023755024   -1.1435740514    1.2371032472
   7.1375909646    7.6430370263    3.5097662717    2.7344604748    2.2917655215    1.2832275918
   3.4595033955    0.9930508238   -5.1772071882   -1.5746629989    1.1365587315   -2.9899955581
   1.2700878106   -2.6422180347   -0.6207829512   -1.8846739990   -1.1797646752   -0.8512617795
  -1.0360787147   -0.0567577806   -7.9820699029    2.4022490975    1.2246460879   -0.4437213377
  -7.4345233597   -2.3655770239   -3.7492518806   -0.1231979823    2.7179834274    0.2820022283
  -3.8314513762    6.9578390546    5.4215967613    0.7685381815   -0.6211708883    1.1221349973
   0.8433377112   -4.0907528583    1.0388251204   -4.2370918162    0.1099097295    0.2178203740
  -1.6610592210   -6.0462767574   -4.5971174372   -4.1147718902   -3.1178129448   -4.0003920053
   6.3820322703    6.9499302560    8.0727900249   -0.0022063237   -0.5837363017   -1.8125347946
   3.7826659934    1.9654266235   -4.7775041657    1.5223363742    0.8934745332   -1.3514893528
  -3.0318224684    6.9658958974    6.6965211839    2.0373913614   -4.1862888829   -0.6505856396
  -5.7090917045    0.6783199950    0.9313217571   -3.9436144355    1.0544308753    0.4345185313
   3.3960934684    7.1565484493    6.2391233536    0.8255337860    3.0167800092   -2.1807443309
   5.8593465832   -5.8805597992    6.5899466835    0.9289520090    0.0016152793    0.3691601243
   2.1091182191   -7.7554221481   -7.0684336306    0.2735820285   -0.3609762731   -1.2944414215
   0.7250877348    0.7355418752    3.9171875054    2.1984710855    1.8334544680    2.8786118662
   5.8385905896    5.7724660615   -5.6581086516   -0.6713354203   -2.9039067143   -0.7848390096
  -5.6201656658   -8.5430276197    2.6152934736   -0.5546589528   -0.2752663388    0.5801061338
   7.5751133746    7.8911357631   -6.1283680987   -1.8454277498   -3.1849427830   -4.1042914880
  -2.5227686571   -7.4408430495   -4.0685159798   -1.8469585470   -3.2070720584    1.7182023331
   1.2120252866    0.1329433733   -1.6542585099    0.9645685419   -0.0961964268   -0.5052979437
  -5.8620332856    2.7269692825    2.8658571042   -0.0009030048    1.0990013476   -2.3030360126
   4.8729280813   -1.7557285309   -1.9195684565    2.0381844025    0.1643515282    1.1535841755
   7.8273866800   -8.3530573210    2.7393630153    0.0198108994   -0.7454553395   -1.0852922519
  -1.9070074642    7.0823039035   -8.1374662655    1.0395635816    1.6817207688   -2.7195304866
   5.1983080700   -7.5484130261    2.6035014357    0.2546914652   -0.3500490290    2.2155136132
   2.5932740167    1.4868277007    1.0449117489    4.8493241898    0.0124337577    2.2113840339
  -2.8487196958   -6.0367243104   -5.9899889645    0.5399806369    1.1181978857    2.6247048839
   4.5515412517    5.2223603409   -3.9225353040    3.9480361713   -2.5496077573   -3.8038394822
   0.7648622441    2.4179678299   -0.3508494849   -0.8141280098    0.5896662463   -1.1509194737
  -5.7592519942   -3.0017850817   -2.3755972754   -1.8196325624    1.8081289458   -0.2636385024
  -1.4031775702    6.3196721716    2.6322141109    1.6527500209   -3.9223853204    2.7451420985
   6.0327604171    3.7261297752   -4.0528654640    3.7087671476    0.9123872564    1.1397328095
   3.2729059923    6.9442720220   -2.3997688961    2.0966883808   -2.7159898053   -0.5955287223
   2.8692140870    3.7737860575   -0.5614824797    0.6838505471   -1.3866017802    0.3935990994
  -7.9425901670   -5.8039495400   -5.2556417329   -2.7936862214   -2.0721562069    0.8338806558
  -0.3838079022   -4.0438385001    1.1039171785    1.0064215135    1.5228180315   -0.6905430961
  -0.7889527716    6.9696013944    5.2872219415    2.6486634773   -1.3830544244   -3.0731737500
   7.7994401406    0.5586517814   -1.4898637601   -2.0404862782   -1.1668631800    1.6341387481
  -5.7111241504   -4.9568759444   -5.8663220626    2.4233441245   -4.4847794917   -0.5251763912
   1.9295406685   -7.0411694835    1.1254669751    2.4097509285    0.2280990311   -2.3007921739
   4.2206996455   -8.4010571835   -1.4226884739   -0.9372130070    2.9087185585    2.8851973160
   0.7495387214    6.7157407585    2.6353732863   -2.0729320592    1.3377707650   -2.5193671385
   2.8251972281   -7.3176109227   -1.7113413283    2.3533716684   -1.8017045063    0.6868371992
   6.9350688585    3.8369738605   -5.0416602524   -4.1045229277    0.2866284618   -1.2359418819
   7.4094693482   -2.5529578381    4.3307264585    2.8812631995   -1.2140201466   -1.5772200123
  -6.7812194891   -6.7202899441   -7.0026555612    0.4153909457    0.1365947617    0.4523365032
  -2.4209594118   -3.2647568846   -0.4771656339    1.0248457757    1.3925835712   -0.4004823209
  -0.0657174361   -4.3009401936   -2.2684965890    2.8285441128    1.1486158651    0.9813697361
   3.7845929854    0.7560961472   -6.6458676857    0.4132090781   -0.7306163809    2.2814915409
   2.2403263868   -2.3703580025   -8.4058979098   -0.6401262880    1.6803026185   -0.7041261163
  -7.8855080388    3.9387360244   -2.1896686978    3.5489902474    3.5359255045    2.2942549303
  -6.9121105046   -3.6155138694    5.2694378359    0.2550896618    1.8955993259   -1.0180631170
   0.2746057512   -7.2414124960    6.5810185264    2.5869375284    2.7240008700   -1.0885583059
   4.0647368748   -7.9970752216   -8.1265193845   -1.0179389778    1.8784668430    0.9201348145
  -5.0578267788   -8.3794713420    0.0582573157   -1.2161746112    5.0122118625   -0.6715459680
   5.9301867129   -4.2953531237    4.9669364618    0.2128732592   -5.1237254118    1.3291835797
  -0.9494509627    0.1429658503    7.2791626182    0.8670013846   -0.8585045111   -1.0936361951
  -1.0881160327   -0.8190879949   -5.6600997205   -0.1653879187    1.7882043540    2.9520642537
   3.7857342488    6.1311391097    1.2072767930    1.5978419224    0.9659805093    3.0279404644
   1.6300391115    7.5636363670    2.5502946957    0.4071551055    0.6305281387   -0.3812121357
   0.8872390321    3.9796297276   -1.7966592595    1.0570471583    1.0788700533   -0.8576187119
   4.3421401931    4.5077332540   -2.4105241684    2.1698061464    1.3556404811   -2.8291305632
  -8.5125640972   -7.2898598894   -3.7847294424   -0.0283573696   -0.5015465757   -2.7053912520
   4.5051288783   -7.1705590279    5.6939794840   -1.8879679441   -0.2691369580   -3.2375652262
  -0.4112835553    2.9283404892    4.1538095623   -4.3941312409   -3.4233274910   -2.4279600161
  -3.1233986856    1.7434253308   -4.5096118962    0.4967673296   -0.3391558747   -4.5052030601
  -7.1466641517   -6.0992524479   -3.8115659072   -4.6371703720    2.0920504004   -1.1096447059
   3.1847057330    6.6788656493   -6.5264775133   -0.5717216364    2.7636029202    0.4454521642
  -5.6996067286   -0.5697454206   -1.8912553255    1.9226026172   -0.5185661481    1.5838283262
  -5.8774995203    1.4474509141   -2.9838223369    2.6072873747    0.8157928854   -3.4595416393
  -6.3495953967    1.3714561889    8.0780771282    1.9358509747   -0.1554423822    1.8700528229
  -4.8464716019   -1.0043710831   -5.1948752277   -2.4975345725   -1.7287437473   -1.4140364814
   4.0991443156    7.7885847028   -6.1515668380   -3.5635307870   -4.0080560768    2.8553040417
   5.0949524722    2.4636327698    0.6059612545   -0.7650100697   -1.9870222315    1.5324057839
   2.4436155900    0.8786851099    2.0798186873   -1.4841174714    0.6143208912    0.6480212861
   3.7057981163   -5.9914116782   -4.5801969761    1.3966850091    1.5040906799    1.1777856405
   5.7218742544   -1.6008750239    6.2197117844   -3.2803723317    2.7340161996   -3.8408457306
  -7.6114547072   -0.6716601408    1.0660811833    1.1621369273    4.2866384568    0.6541411472
  -0.2279278368   -1.8123623377    3.3203290704   -1.4622998679   -2.9579134079    0.5905064497
   5.6636427800   -7.1465157565    4.4267532163    1.7317119807    0.2950467892   -2.8022048777
   4.8101862300    7.8248458482    6.8892684952   -2.2869623073   -0.1392756011    1.5272526986
  -4.1410444097    4.5129773361   -1.3967073496    1.7407665690    3.9037735866    7.0859513461
  -4.4614221653   -7.4272155610   -4.0977234824   -1.5487930181   -1.6078140879   -0.8816328999
   4.4360726300    0.1577985356   -0.7156744038    2.3658648039    0.4775372939   -0.5351553894
   8.1969646666   -5.8135246701    2.7717559371   -1.9324441240   -5.3478038891   -1.1334097010
   7.1005831029    4.0318327177   -8.0641614755    4.9109225051    1.0609507176   -0.0948358672
  -1.5225881011   -8.1022358968    2.4647139402   -3.6882000478   -1.0103465355    3.4641525689
   1.2747590841    4.0244421360   -0.8770296656   -0.5258185831    1.1526458041    2.3021339544
  -0.2717262226   -6.9373811125    0.5481530355    3.1893495035    1.7666950427    3.9952029559
   4.9062452922    6.0767832455    6.0937159080    1.9118062726   -1.6071487756   -0.1107389300
  -2.2211889235    1.1505729450    8.0325216625    0.9264827226   -3.0754155208    0.5621600350
  -7.0023286522    7.5097560452    4.3312382113    4.3002295831    0.9744362333   -2.0221549040
  -8.4171378571    6.3125292749   -2.9075168974   -3.5456229169    0.7434663181    0.2207421897
   1.9846062401   -5.2159358731    5.6939622273    0.6832384314   -1.5254009137    0.8362985184
   6.9033278548   -3.8746362961    4.3314080261    0.6886086001    0.4728846557   -1.1932979771
   4.0786627921    5.6131816897    6.6221930797    0.3711137740   -0.6172492418    1.9767048571
   6.0981898280   -3.1047740940   -0.3133270637    3.0058196170    4.1845207277   -0.1957016543
   4.9138286760   -4.5311878335    0.7177601953    0.4430142245   -4.0027276878   -0.6317257260
  -0.1262288424   -4.8784180650    2.9679253796    3.5926449798    0.9441158560    2.0601974677
  -4.6238705112    6.1524757210   -6.1648887045    4.9148264283   -1.8413672719   -1.4359807933
  -7.3975787084   -7.0282769701   -4.9382922640    3.3899007303   -0.3353927485   -1.8906391103
   4.1210713326   -7.7609624770    0.8989381872   -2.9162321332   -1.9670793891    2.3515147941
  -2.8375232768   -6.9242529800    8.3102912941   -2.8480480513   -4.9583170911   -1.8796161923
   5.2575188912   -5.9388613424    8.3152309149    4.8527343759   -1.9708105824    1.1151199319
   5.1209832977    0.7496011764   -7.1092142010   -2.8342522110    1.1779407477   -4.7157590041
  -6.9214108959   -3.4303904622    7.2818647005   -0.0601862978   -1.6482062523    0.7126295016
   0.5038267443    8.3741716193   -6.6424331714   -1.7470179684    1.3733272256   -2.0269791327
   3.7915056632   -0.9379793620    0.5964445772   -2.1480425307    1.9189149229    0.1755956828
   0.8359685243   -3.6974115825   -2.1045511510    0.5888714095    1.6324962081    0.9501774101
  -2.8701359624   -0.4645503148    5.1094035271    1.9024132208   -1.0482303632   -0.4135836060
   5.2868559138    1.0449795696   -1.7508456543   -1.3693089255    1.6691746813    0.5533660289
   4.0517157519   -0.2332376851   -1.9571442223   -1.2628116584   -0.7559416102    2.7723368967
   2.1124614084    1.3176753512    0.0842748662   -0.7898256679   -0.8950809692   -1.2658282097
   1.5814704222   -4.7763786137    2.4684150643   -0.5574519381   -2.2092129189   -1.4279439902
  -1.6301270388   -0.4527460640   -3.3948127656    2.6165399926   -2.2588973816    2.0940939062
   3.5099303222   -4.3311366578   -1.3069150017   -1.5320230284   -1.2032649769   -1.1298712421
   2.7873604910   -0.8260186330   -1.9441430825   -1.8880438820   -1.1447816531   -0.4544324856
   8.5255206130    5.5326847227    2.9627261344    4.3518418815    0.7260754015    1.4668214671
  -0.3921284196    5.2965138341    2.0669448202   -2.6627396998    1.9190755655   -1.0120739709
  -5.1951016324   -3.1574531491   -0.2228704595   -0.3140062936   -0.0012160633    1.2781111199
   6.0739676626    1.8840948987   -8.3606480670    3.0761724053    2.8862887832    0.1468530376
  -5.6980643169    6.7881799381   -2.1816280448   -2.6366010918   -0.6769118554   -1.6299286432
   3.5419627028   -3.9934563756   -7.4280626665   -3.6763558373   -2.5937723231    5.0266252124
  -5.4856388274   -5.8879014606    7.7386218364   -2.9009798342    2.0434906795    3.8711624995
   4.7111070798   -4.3999839526   -1.4052428425    0.8085987287   -2.3955284816    1.1476048495
  -4.7455394727    6.4284832024   -2.1527918701   -3.0725245715    3.3486656012   -3.0234802643
   3.9454803344   -6.3126570058    7.5171661687   -2.0634426317   -0.4472028234    0.0280225263
   7.0030872632   -1.9869750152    1.5765092797    1.3695978017   -3.1426388735    1.6071755407
   6.6460153701    2.8668156944   -0.2425943193   -2.8045606184    2.4881335146   -4.0163210224
   0.0244311951   -0.4742591314   -7.1797630652    0.2951450500    2.4439397454    1.5326213470
   6.4503488048   -3.3164585915   -5.5892968256    2.2274710443    1.8384047033    1.2639777852
   1.3439400890    6.4020542655    0.2386829893    0.4251187699   -1.4705086242   -0.1073009774
  -1.5777819534   -4.6332372490    4.4066535215    1.3984402391   -1.2015342093   -3.4478544828
   8.2047503365   -6.2841439379    7.9299604352    1.1682190071    0.4463497475   -1.0878450126
   3.9561309345   -1.0443592061    4.2451892067    1.2635041197    0.7204849466    0.2278213097
   1.9938233769    1.9154769777    6.3216837596    0.8350791759    3.7198961162    1.0666372229
  -5.2271088867   -2.1470801815   -0.8249124814   -2.8818112352   -1.9370393123   -2.1774793300
   0.8563450183   -6.3067233831   -3.0875441825   -1.4615102014   -4.2573444441   -3.4577690732
   3.1926213097   -8.5178514584    6.4548882937    0.2847640959   -0.2191653424    2.9445484155
  -2.6084441941   -5.5667352133    8.1882715599   -0.8263537331    0.9831231149   -3.4277932197
   2.2960575852   -2.9662555120    6.0406649617    1.8588945401    0.8822952423   -2.2135627570
   8.2412426388   -1.0488372539    0.8111149546    1.0800957277   -0.5180279883   -2.2696637775
  -1.4966064026   -1.2121128252    1.4048125795   -1.1667736948   -0.5323013000   -1.4895250056
   6.3202535575    2.7079483440   -6.8391380507    1.2808608886   -3.4473596706    2.3266855870
  -7.9865072449   -1.3846174822    5.5408194099   -3.5964332442   -3.0979220744    1.1377449186
   5.6652457605    0.2688124665    1.8309863747   -0.2845820460    2.3714844016    2.0543479988
  -1.5273577900   -6.3612056632    0.5341744125   -0.9366539207    0.3697621566    1.1308844416
   6.9800112511   -6.6330625760    1.0024297870    1.0725957533   -0.1729472526    1.5100189243
  -8.3382122816    0.2781483419    7.9138305854   -5.0990979157    1.2461078649    2.1749089465
   7.9816186580   -1.5856970988    7.3434952317   -2.7153030399   -2.2677859140   -2.5682420196
   6.2049289230   -0.8458932654    0.5977492291   -0.7712765497   -2.0611410576   -0.3398622128
  -1.1283117988   -2.0924668364   -0.4000333742    2.6054709171   -2.3080019820    3.3870145495
   1.1796353669   -5.6477765697    5.3082133877    3.5041941792    0.0673945834    4.9245978201
   6.2643294992   -4.4201366179   -1.5235989060    0.9506288470    3.2586401608   -0.0720212340
  -3.5087763300    0.9592621846   -2.3248644693    0.2991213889    0.2878680875   -3.4987172808
  -0.2274158632   -5.3665505615   -8.2644897878    1.2751756685    0.3180864877   -2.8709333952
   5.7702813301    7.6922870827    7.4062162238   -2.1976620168    0.0778259813    1.1962837920
  -2.6885860724    4.3424443536   -0.4836540308    1.2995974568   -0.9986301376   -2.9101583272
   1.8521166421   -6.1445516335   -5.3323130974    0.1511332214    1.4053879369   -2.9197456387
   2.0126688800    4.1730141082    2.9180882295    1.5780425843   -0.9224835529    1.9393746311
   1.4299123684   -5.7673908848    2.4578371851    1.8378350559    3.0175221244    3.2792567621
   6.1457105329    1.1376706218    3.6840648938   -2.4427738700    1.2929464650   -1.5559353494
  -6.2592582180   -0.8195602642   -3.1274313843    1.3391498396   -4.3550425661    2.4179240306
  -7.5063508024   -5.7578581377   -6.1316795528    1.5329052501    0.0336761072   -2.5802785055
   3.9496817204   -3.2042900190    6.5636869369    3.5390347864   -2.9906138536   -1.2252027489
  -4.4395596671   -2.1673296490   -4.7517166462   -0.8479530206   -0.2624186109    1.3529870575
   7.9356561127   -2.3057800704   -5.8284804033    3.7846925207    0.4644916489    1.9420051832
  -2.2775855039   -5.8060963266   -2.7119810506    1.4127588416    3.8197438867   -0.2130928725
   1.2371628510    2.2855415718   -1.6054021071   -0.4013402372    1.1695070242   -2.4919082430
  -0.4046374623   -7.7192271720   -2.8510159258    0.3916878611    1.2838881454   -0.0433572138
  -1.4793152725   -7.7210240571   -0.2760359376    1.3010850999   -2.3354564683    0.5530953761
  -4.9984683762    5.6462973016   -7.7915650568   -0.8321355857    1.2184990611   -0.8754120605
  -1.3602862510   -6.6518014801    3.5415134241    0.0668151397   -1.2200988377    1.0241397257
  -3.3745011997    4.3528107179   -4.3102649723   -2.8007679886   -0.1298097901    2.0180551495
  -1.3849611556   -7.8369345256   -8.0924947865   -1.2601170534   -1.0104468216    0.4338957830
   8.0555378931   -4.3059551687    1.6912291601   -0.0810016687   -1.0164409164   -0.8189877498
  -4.7519485373   -1.7549147897    7.7196259266   -2.6342491454    1.1093057876   -0.1536699881
  -6.7605410832    2.8468529367    3.8042151347    3.5263467267   -0.0000487710   -4.1929195809
   6.1250858221   -2.2736678534    7.0215214975   -0.8516085053    0.9959060791   -0.3888753960
  -3.4304267377   -2.0824072991    0.8667812977   -0.8541940997   -0.6737481965   -3.1001390928
  -3.7713664442    7.7660007417    2.1999795274    3.3389742596   -1.9003582172   -4.4416124270
  -2.9502394713   -1.8777553097   -4.8797280283    4.3263720151   -0.2995265535    0.8685430206
   6.7157997281    6.2696785067   -1.5752571920    2.3850226826    4.1174122761   -4.1947690567
   5.0974042382   -5.5307493232   -3.0833901883   -0.0315726102    3.3931609456   -0.6501100154
  -7.1267360463   -7.4983066870   -7.8888427150    0.2053977298    0.0209210692   -1.0633574493
   1.1594222578    6.8096206851    1.8874254963   -2.0776435956   -0.8913076452   -0.8057573782
   2.3487883277    0.1020474161    3.7344535424   -2.0715351455    5.5432955065   -1.0016785967
   2.5156862966   -3.6923305938   -0.7785390156    1.7964234699    0.3187739605    3.5570035786
  -0.0685881922    8.1194312740   -0.2929728527   -2.1827080466    0.9569043787   -2.7776424956
  -0.3865462425   -2.5859379592    6.1308078431   -0.4362814029   -3.8807372591   -0.9707045161
  -5.5158549431    6.3699218228   -5.1837632651   -2.4637254083    1.0884093716    3.6094318196
   0.4189570232   -3.5218169670    2.6071189802   -1.4867544407    2.2342483326    6.1947891251
   2.9992406207    5.6172614139   -3.5264579992    2.3528105142   -0.5413550323   -1.7686146817
  -4.4256933723   -3.0467458845   -1.1850529729   -1.0814232270    2.6508253930   -3.4548085142
  -4.6131262062   -1.4617591370   -6.6717824359    0.7738833961   -2.1135218445    1.7750995713
  -6.5748593126   -5.8163902082    1.8661789057   -1.4049098156   -4.8245269643   -1.7390068580
   8.5452140424   -0.3198833840    6.2153833400    4.8829979918    1.6801171574    0.2435869127
  -2.1200021039   -1.8920913435   -1.9055694932   -2.3775504061   -3.5081461550    4.6873449188
   7.8238129892   -2.4483725211    6.7362986608    0.7688964808    0.1859553198    1.8094950641
  -6.3154146626    2.8451569967    6.6161155427   -1.1381182632    2.6604035111   -0.2713162778
   5.3450009904    6.3973255054    3.9334843304    0.2070988639   -3.6493971676   -3.0371923686
   1.6984459626   -7.8182375253    5.5292803463    4.0286893167   -0.6621525502   -0.3842356578
  -7.2482262552    1.3767432257   -1.3693308278    1.1994890924    1.9463913211   -1.2021100094
   0.8029254307   -0.9093710053    6.0448031511    2.3094558285    2.4568680652   -3.1142326038
  -6.3148920435    6.6723527673   -8.4997811231   -1.4778807051   -0.9467544977   -0.7905712274
   3.8224219666   -8.3443435768    3.7895974860    1.2105651715   -3.5830209194    0.9341504887
   1.1038697740   -2.5799074639    2.7523102598    3.0470740325   -1.3817216958   -0.7302894061
  -0.3544358755    2.9820873283    2.2857888061    0.2111613627    3.2087075142    1.2408321019
  -5.0705367121   -4.4821472401    6.6117887186   -4.3117291589    0.5715442380   -1.0785540178
  -3.4035534400    6.3060335389    7.3679962629    1.3297877580   -1.6978969836   -4.3554088902
  -4.6359272997    5.5473126591    3.4594985186    1.3113083038   -3.4125307045    2.7324020049
  -7.1548277654   -5.7937546667   -8.4282653985    2.7492685608   -0.3105560145   -1.0637742594
   8.5030034108    6.8081932681    0.2762782179    0.1530169282    2.2949302952   -4.8974871442
  -5.7112186139    1.6699510321   -5.2079459692    4.7653805208    3.0239442264   -1.8989969308
  -0.0674224452    4.9825058345    6.1660733620    4.4694064876   -3.0011994306   -2.3291086780
   8.1390701143    1.0820864757   -6.8787344397   -1.4490452561    0.2186871354   -2.9362342137
  -3.4279611189   -2.1317788903    6.6452829084   -1.8512572229   -2.6634043305    0.9894120510
   3.9249407904   -7.0234028373   -5.4259273587   -2.9440717614    3.1972795082    0.1651394682
  -1.6416875605    5.6058241984   -8.0660227999    0.3653029939   -5.5141577240   -2.0915969691
  -5.4324241133   -1.9037054803    4.3398848765    5.1322681317    1.6879362449   -0.2991372359
   1.7880564683    3.0036852561    6.7488129468    0.4927894475   -0.1240119473   -0.7836482021
  -8.0569063337    8.3866887938    5.5919505195    0.4084467605   -3.2960851200    2.2387948865
  -8.4652138735    5.9120359448   -8.2081403959    5.8185614596    2.8904945900   -1.4295124886
   7.4581670283    7.8054884719    2.3605085512    3.9876030805   -3.9150849303    0.0455220730
  -4.0900477396    5.0629504058   -8.3783684966    0.8843806784   -0.2901505104    0.9054008409
  -3.1227998334   -5.1837512221    1.6445931322    0.2810507652   -2.9362720089   -1.8693000789
  -2.8306808232   -8.2854512555    3.0157643110    0.4934939427    0.2237117077    0.9330806282
  -4.8056890182    0.4676714267   -0.2084269402    0.4846065567    1.1985525132    2.6247951149
  -0.2872645721    0.6797134375   -8.4246918371    0.5051756689    2.1055731242   -2.2350606252
   4.7487282379    7.4265957373   -2.4064123671    0.4671383469    2.5803645504    1.8743569927
  -2.7447998907    0.3328798182   -7.2089296869    3.0723733772    4.5295789187    2.6448279817
   3.7191257838   -1.1113256779   -0.3916070536    0.4405501193    0.7323340044    0.1213897139
   4.1858510337    7.6393468370   -0.3030960758    4.1460956026    0.3612123666    1.4820011219
  -6.3840170618    8.2384350245   -2.5728780903   -2.9698930151   -1.3742971663    2.4946716886
   2.3194161197   -0.8445223818    0.7647894273    1.2748293852   -1.9358336083   -3.2194797202
   2.6938075858    6.5482528009    3.3076116215   -0.1255569986   -2.5158674341   -0.2023657750
   2.0725465273   -5.3107263719    8.3797326251    1.1417788262   -0.4200031213   -1.0883879201
   4.2676343797    4.8415818553    5.5004719209   -1.7242924836    2.0553670456    5.4247886158
  -2.5256225925   -6.3350045215   -8.0115498424    0.4147382347   -3.1172716300   -0.4328114984
   0.2410240302    7.8588023819    7.0311383175   -3.9209841039   -0.2365728539   -0.1630938021
   7.8832826232    4.7144155563    1.2539156407   -2.3881730683   -1.6555612009    0.1712874036
  -3.9909216426    7.4728221171    6.2716716827   -1.4522270909   -1.4576572389   -4.4215967708
  -4.8341836695   -1.1960759997    8.5405077580    1.2298898937   -3.1302102183   -0.4949447920
  -0.4834385005   -0.8166820035    6.0225681092    1.8107382089    2.0023392287    1.5489115217
  -2.3344158214   -2.4782848190   -8.3209153301    0.7826053459    2.8510990778   -0.1362080822
  -0.4951318723   -6.7106420507    1.7797623970   -0.0591219037    5.4022487001   -2.7028531583
  -2.2630188812    8.0343714765    0.1962394306    3.8103491109    3.7107589165   -1.8020145916
  -0.9107986704    5.1971734500   -4.8461634256   -1.7040553510    0.6382958848    1.0773437218
  -6.2037285168    0.9499651906    2.1993821551    2.0305079572   -2.2536179599   -0.0556620931
  -5.1380486615    7.7912606986    6.3425834856   -3.0690285927   -0.3957281756   -0.0258206426
   0.3166597438   -5.7051103449    6.4416611101   -0.4878699307    1.8798824233   -2.6421190806
  -7.7822995419   -4.5674557571   -7.8287427763    0.7103284069   -1.4644609477   -3.4387220141
   2.5772287311   -3.0865475740   -2.7812129668    3.7199150726   -1.0108663315    0.8934952930
   6.8691857770   -0.5383906786   -1.5265523010   -0.4676090514   -0.7683132788   -1.9574503044
  -7.7610249279    4.0239691909    3.9435098618    4.5243108612    0.6511715919    0.7613843225
  -1.7186845725   -3.5536387560   -3.5740281419   -1.0918333298   -0.1046698413    7.8475532202
   1.2485866178    7.8116239429   -3.8519503984    0.8250878951   -2.3141965376    0.9244622357
  -0.2074441145    4.4299404166    7.9151314610   -1.5692270282   -2.9688644502    1.1967256785
  -5.2656153645   -1.9466318041   -4.2840454015   -0.4513617758   -3.7780604179   -0.6988590113
  -8.1711680503    1.8731090262    4.5725973554    3.6616013873    1.0732790076   -0.2519296608
   2.7527830737    1.0258015920    3.8286890943    1.3028566333   -0.1333069615   -0.9127675352
   4.9779459018    3.2311468498    4.3601677764   -1.6335666771    0.2822347180   -1.3390481256
  -3.7235272084   -7.6632816914    7.9173625058   -2.9033930732    1.1199613946   -3.0856482304
  -7.9456578965    4.7862283824    7.4585989087    0.1643897345   -4.2538148372    0.6286734045
   1.4862960007    4.1395819288    6.9657299833   -1.7581084577   -0.7263253196    5.5835176453
  -7.8086571515   -0.4448894551   -0.7032261890   -1.2627379692    0.3612468480    2.8152027868
  -7.9148557022   -3.1215688909   -5.4471930560   -3.6664667685    0.1366256315    1.3031808809
   2.8827024224   -0.3061140645   -0.6880529537    1.4580754024    1.3919107584    2.1678203722
   6.6510828771   -7.4411200644    7.9819756705   -2.2889984904    0.0718090996   -1.4337285529
  -6.9614564817   -2.7939677961   -2.9223762408    0.2566010471   -3.4409528615   -0.9757100458
  -2.4868484548    0.1431026865   -3.9609186882    0.9941405279    1.3595014684    1.0273073569
   8.4529715673   -8.4895252536   -8.1666607170    0.3283053844    1.4771318615   -1.4906275827
  -3.5622605109    4.1090464439    2.5095351106    1.6775679159    0.6647354020   -0.7685839019
  -4.1984434636    0.8097100991   -7.4623146026   -0.8608696100   -0.2770008043    5.8818476021
   3.7724700613   -2.2552833940    3.9986717631   -0.2647436271   -1.2442018698    3.7743566361
  -2.3613500799    3.0138779839    2.5134690169   -1.0232795378    0.9293058677    0.1940089829
  -7.8773200807   -3.2598607558    2.4340767538    1.2228456511    4.2476937682   -1.0786450195
   0.7575427891   -5.1161248385    3.0414557849    2.9754476728    2.2959381011    3.1698060649
   1.6286631476   -3.5218134702   -7.5403718822   -0.5493322777    0.5564341191   -0.5025526498
   3.0464621090   -1.5029208682   -3.2756990872   -1.9691068114    1.4314527090    0.2340228455
   2.4268783019    2.5503592703    5.2978843136    1.3523973064   -2.0913375813   -1.1988984658
   2.0801599248    4.3756640252   -1.3723322319   -0.6463906021    0.6240964213   -1.3574106755
   3.6041238413    5.0256987903    4.6199966153    4.6882496857   -3.3197263604   -1.8965207732
  -1.3969401754   -1.2795853463    4.5202858184   -1.9315991246   -1.3669410966   -0.2188867477
  -2.3441486746   -4.2214981955   -5.5797159727    1.1163917261   -2.7098571880   -0.8992779112
  -5.5174308106   -3.7590407467   -5.9591919403    1.5505392400    1.1164537485   -1.9650635463
  -0.2101631853   -7.9921113119   -4.0997944081   -3.5268690025   -0.7467451227    0.5295638640
   4.4047378048   -0.2202389885    6.1726065346    0.3476501227    1.1434509534   -1.8938843043
  -3.3076665818    7.3944168050    4.6810403265   -2.7453244666   -0.7111011424    3.0820579931
  -3.8046347732    6.8417652553    2.2696270353    0.9448732118    1.0958417475   -1.3866888370
  -4.6795949029    2.9986308742   -2.6106341501   -2.6527010536    2.3962383821    3.4349545331
  -5.2904381186   -8.2508466483    7.0296706333   -2.2839961304    1.8432864288   -3.6734644367
   2.4356370565    7.3532790447    4.2902787394   -2.4800697746   -0.1391734177    1.9541674369
  -0.4121033789   -2.9236678746    0.8813251629   -3.2431281467   -0.8569207236   -3.4867634896
  -4.6480846571    4.5824854125    7.2355578103    1.8789587859   -4.6738002828    0.2601020270
  -4.9925077001   -7.1937822675    6.6241663650   -3.9559052946    5.6063280467    1.2721570557
   5.0550060053    7.1714423271    0.1160660989    0.4212167017    3.0051468848    1.5148438994
  -7.4362744286   -4.0863111718   -1.8589078412    2.4708260569   -1.8725638865    2.3988482366
   3.4232980640    2.7651176460   -5.6268296209   -0.0413155281   -2.9133373542   -2.7748876421
   5.5637366930   -0.1177301169   -1.6219095239   -3.3134766684   -2.0804935674   -0.0954364873
   0.7691026325    4.5142901584   -7.4728502565    1.3328451396   -1.1641019005    1.9803482296
  -0.3824012964    5.7707857709    7.1406450200    4.1119920432    2.3983238678    2.1990371033
   4.2572428061    3.1159329556   -5.1571159863    2.4287523856    6.2067667952    0.4910403904
  -2.1201701751   -2.7495520120    4.6195056224    2.4772439270    1.8597403051   -0.8740607291
   2.4752131149   -8.5053678480    8.4753757754   -2.0052898964    2.4618969335    4.6625966487
  -7.0620244233    2.5476428764   -4.9858838928   -1.1996038049   -1.5222882032    0.4510190461
  -7.3416636679    2.2077247815    6.0773198130    0.6136663104    0.3816795025    0.3848979459
  -5.6335382749    5.4897880349   -0.1788079402   -0.2100532853   -0.1516334828   -2.6914859210
   7.4169489959    3.3648106212    3.4328128387    1.8728545922    0.9557107635   -2.0798392289
   0.7269930828    7.3841053042   -5.6478572361    0.0681093576    2.2246936658   -0.8257273181
   4.0505751791    2.7480889367   -0.5384987416   -0.0117958244    1.0337001324   -1.0151187835
  -2.3967592268    1.3467975050   -0.5952452581    0.9835591392   -0.2009606338    0.7342285720
  -7.6791899634    1.8353254875    2.1510877715    3.2171889949    2.8534102924   -0.3955893084
   1.4880267486    3.9048360218   -3.8719248223    1.7588558615    1.7961702266    1.1613519003
  -7.9923516547    7.8525623145   -6.5247719760    2.6340961685    0.0704460391    3.5478738226
  -6.6137107168   -5.9083023452   -0.4547097475    0.9021724243   -3.5279891233   -1.8317598358
  -7.6353661003   -3.5402311452    6.4043450743    1.2311457472   -1.0194758198    0.3670454341
  -0.6318164193    1.6373733790    6.5071518038    6.8469287396   -1.4317442916   -0.7427098262
  -0.6986982724   -7.0788344885   -6.9492951148   -3.1318834126   -2.5604441140   -0.2308815745
  -5.3586659297    2.4672340043   -5.8860242304    1.4256244696    1.3880405596    1.0598022966
   5.0287725217   -1.5724014339   -4.8223511418   -2.3770159708    1.7709606735    1.3478304511
  -3.5833484986    0.4563928138   -5.3435892106   -0.5921450538   -1.6409719356    0.0526297410
  -6.3269119675    4.5428559289   -3.2420197459   -0.5375978941   -1.7139414089   -0.4437383839
  -6.5749667802    6.6379916646    6.8693218466   -4.5214187201   -0.5707162745    2.7526980591
  -3.7286914688   -7.2706631586    6.5648793748    0.2335358847   -4.3960967222    1.6538616017
  -1.7755808646   -6.0451298250    2.5727933842    0.4644050346   -3.5224436355   -2.1248110462
  -6.2609860072    7.1894572861   -4.6672197846    2.0058891311   -2.2406411256    0.8113838855
   7.3730235034   -4.6067112329   -7.8834555425    2.3090070416   -1.4065994187    3.5671127844
   6.0590304966   -6.5664021660   -1.5471701531   -0.8632867104   -0.6190462352   -2.7656984576
  -4.4721503884    7.5146956732    4.4359614618   -3.2240752198   -0.5743693447    1.7628203784
  -4.6949235364   -6.7019636823   -5.3684096802    1.2741561107    1.4557988774   -2.5684286139
   0.1505345522   -4.3404447435   -4.0659439333    0.2907496101    1.0646746958   -0.6894396920
  -2.2712306540    7.4847930698    7.9469357116    0.7512005294   -1.8187548703   -1.2608751138
   8.1309222900   -2.8490912022    4.9632610604    0.1710935650    1.0189538614   -0.9245314134
   2.2216270092    1.2872512278   -4.6597759540    0.8341765162    3.9293494778    0.7128818922
  -3.8360982175    5.9393430253   -7.9305160439   -0.9972478122    1.1391248502   -3.6465719779
  -3.3022405612   -8.3439101273   -5.7733978012   -1.5134868994    2.6815626770    0.8679047618
  -2.9088235515   -4.5860143976    8.3577683828   -2.0303630079   -2.1247294895   -0.9247184779
  -6.6627675677   -4.4389463621   -8.0111083104    4.0539543063   -0.9645734378    0.8815961791
  -4.0220493146    5.1260812303    7.6556375374   -2.2672674599    1.2803377591    4.1021547528
  -0.8385815170   -5.9457728029    8.1480057919   -0.5665517234    1.0140474695    1.7158246095
  -6.8779582225   -3.9961090053   -3.2210325101    0.7700033516   -0.4312471315    4.3763009378
  -3.6565218812    1.8042267408   -2.9135316539   -2.0474442028   -1.6561580742   -3.2427513672
   0.0132851446   -5.6177922343   -5.4101194472    5.8680021158   -1.5435685571    1.5935860699
  -3.8146914223   -5.2863779016    5.6282117019   -0.4741331929    2.5606282760    0.3855897361
   0.7139858395   -5.3737389524    1.5321890576    0.2613108698    1.5017585905   -1.9499970245
  -1.7932252541   -7.9608865068    0.7915113696    2.9730299151   -1.1309292901   -0.1751624178
   8.4395332705   -6.2098418845   -2.3607945878   -2.5519049175   -1.3392820800   -2.8602730656
   0.6320524631    0.5180154115   -0.2256448175   -0.0374147696   -0.9390936884   -3.0657423688
  -5.6057292592    3.0736142461    4.0271666215    4.2511212094    1.8609809646   -0.2840968764
  -1.3794396317    6.7574066326    4.4477953196    3.8493157410    2.3238996246   -1.1877360498
  -5.0134099585    1.1742898454    4.6599134177   -3.4674989587    3.6372819487   -0.2467142535
   1.2068611289   -6.7274102702   -0.1460011380    0.4003357523    1.3842146621    1.0854620320
  -4.4254679909   -7.9995491525   -2.4063555017    1.7005394122    2.9735566726   -1.3300817321
  -0.9800918908    6.9488214811   -1.3039004843   -3.3755283530   -2.5551447859    0.8819136447
   6.9598739453    1.9666655698   -2.8751120835    0.1839364697    3.5470433984    0.7232990920
  -6.3250510023   -3.5920148098    8.0670833734   -1.9617141645   -0.4738925210   -3.7988898557
   5.4849668177    2.3014564631    6.8152250100    1.4030894661   -1.1946989617    2.0252611786
  -1.3908627362   -0.4045512887    8.3310236426    3.6167471138    2.4325486247    0.0850604224
   7.6258089495    0.5604574887   -4.9701256957    1.9163631623    1.3932869546   -0.5597179788
  -1.8743044952   -8.0891419192   -6.5016946431   -1.0622112300    1.0816381989    1.0033678533
   8.5304436064   -3.8384238196    0.5713506010   -0.2894584284   -4.2283291910    4.2314536596
   1.9935899276   -1.2665397083    7.4591946510   -0.2682976942    1.5222080731   -1.6218891975
  -8.0887017860   -6.7791964360   -8.4303081577    3.3543185156    0.0471388722   -3.2793327307
  -4.9561737358   -7.2916683255   -1.8838839074    0.2920728767   -3.3281532076   -4.5654849371
   8.1719802892    2.0192793540    5.3066621495   -0.1464185607   -1.9046982800    2.9584181080
  -1.1564447263   -1.8041999378    2.4711392022    1.3857455265   -1.5332944059    0.4009229101
  -4.9223153201   -5.1643492767    2.6068597401    3.9917674980    2.6335291033    0.9059711496
  -6.9520831766    3.6505513898   -3.1975020532   -3.5513104914    0.5585422337   -1.0779624996
   5.3999273088    1.2988477000    0.4299277910   -3.2967641453    0.3453978197    0.7645966943
   2.5837046133   -5.9299903417   -3.5956031229    0.0522686437    0.0024623306    3.4242001213
   3.9137956827   -1.7187377600   -2.0361742466    0.8812860539    1.1152071770    0.7955080435
   7.5118460927   -8.4499781375    1.0285678399    0.1498730150    0.5332308901   -1.0997296825
   0.1210787855   -5.2215501944    4.1100198116   -2.1229381911    3.0679620168    2.2186328767
  -1.4451804930    7.0633362778   -2.7756510401   -5.0911876834    0.1904464290   -0.0137645371
  -3.3136985322    2.0136820847    1.2826766586   -0.4938097413    1.5179415640   -0.1445893379
   2.2075991654   -2.1596925160    7.2174924175    0.6262442123   -1.3979337183    0.0057984403
  -4.2823331094   -2.3361405362    1.6979048765    1.5961451973    0.0895238083    0.1909365760
  -3.2864870053   -8.2534271276   -2.8763301902    1.3775088998   -0.9762159982   -2.4122351066
  -5.0431778409   -5.0578540856    0.6783592328   -0.4430853907   -1.8749778780    0.6656068659
   5.5241004480   -4.4784842337    6.6155351436    0.7334772822    0.5364012149    0.8211653695
   3.7405624157    7.2383345411    4.6568433924    6.3504914559   -1.6792879980   -1.6920770178
  -5.1237660810   -5.2517149271    4.4720796702   -3.0183301329    0.8055299675    1.6622334343
  -7.4204059704    5.5043770921   -5.3049694163    3.4710535502    4.0190290813   -1.5639233523
  -7.9318807573   -0.0329599123   -3.7796426767   -1.4129733730   -2.8994689714    0.9235442924
   1.1374167813   -8.1816845626   -5.5923154075   -3.5230892643   -1.5284921904    3.1084337968
   4.6296032531   -0.0360241884    2.5991262470    1.8402534439   -0.8615786666   -1.3631434204
   0.8260508250    3.4555785658   -7.0595460412    2.9263697079   -0.2973525717   -0.2833234306
  -5.2826728188   -4.9167658717   -7.2581825139   -0.7935235448    0.3508994994    0.1976785972
  -4.1777652260   -2.0304107964   -2.7282566783   -2.4819577495   -2.9093426242   -1.3914880163
  -7.1915182047    3.7985933399    1.6986323981   -0.5650560433   -2.2999855139    5.7327166484
  -1.1961107208   -4.9720946986    8.4220677287   -3.5697529651    2.0178422651   -1.0554016441
  -1.8409330091    2.5475775469   -4.5372146244   -1.2743325618    1.5367510652    3.3485426249
   3.2762264835    6.5804874051    5.4171387776    1.3198650805    0.4332748679   -3.3607324264
   2.7181184858    3.1485733249    1.4411604274    1.7508031841    1.0777899619    2.1555903632
  -3.9035158389    1.3768263223   -0.4101607804    1.2845775106    4.0999403159   -0.5649276222
  -3.0557429518   -6.2783882908    6.4534848025   -0.4962114099    1.3191195135    0.2954937510
  -6.6803007824   -7.9954673923   -5.6407502653   -2.6363785696   -4.0319713952   -2.2145158451
  -4.2349972103    0.6681182220    7.7478879731    2.3329573058   -0.2425498695   -4.3506093705
   8.4005232873    6.5673121819    4.1970529242    0.1595162327    3.5552487734   -0.5800403320
   6.2848835612   -7.1558762411   -4.9644482588   -1.0901963598    3.6508086730    0.5759464063
  -4.4119742976    4.8494364643    6.1121305998   -2.1882725773    1.3864206495    2.0337352287
  -0.3414446229    3.0453652664    0.9159526664   -1.4965711218    1.3160630988    1.0599859860
   5.3842120360   -6.4413436542    1.0397212860   -3.7291410879    2.5174573164    2.0381792646
   5.7811079587   -3.8589488860   -7.8373939042    1.1082259930   -2.0544010981    1.3333046801
  -8.0366267267    5.7961796862    3.8933764980    0.8200775912   -1.7941920778    0.5474248429
   3.1058323588   -3.4099175388   -1.8877428376   -1.6886994824   -3.4508894739    1.1341864217
   3.6717343446   -5.7362436427   -8.3265634478   -1.7843649500   -0.9381424066   -1.1132942055
  -0.0142401182   -2.7624276002   -6.6980467919    3.2441949102    0.6498152385   -1.7871009558
   6.8023390142   -4.5585983014   -4.7430856596   -0.4338290418    0.4185166556    1.2899961308
   7.3260826454   -3.8800197843    3.0893182954   -1.8083987267    0.0470882537   -3.2533198082
   3.1348145214    6.4157355632    0.2690407257   -3.4283002043    5.9773769104   -2.1044379376
  -3.0467488351   -7.6588283191   -1.9369054410    4.9803234210   -2.8010518732   -0.4874765457
   7.5729195102   -3.3985195597    8.3972455540    1.2691658226   -0.8532081163    0.9077644217
  -4.0306170676    2.4941975720   -7.8322046621   -0.8057088577    1.6689425749   -1.8934213509
  -0.9973500853    0.7619899374    2.0073778464    1.1452406605    0.0127420799   -0.1748180097
   6.3032269663    5.6424850071    4.2699102310    1.5040027698    0.3022226329   -1.6121128731
   1.4336606404   -0.8009251469    1.3642965982    1.1084516506   -1.1563013662   -1.8490854596
  -3.6769829035   -7.8936185144   -7.2393941092    1.2795150964   -0.3954185519   -0.4007253684
  -8.0458757292    7.8732871374    2.2427604919   -2.1469633528    2.3743334799   -1.9079019488
  -6.0059609879   -5.5281311999   -3.1953683172    0.5225083768    2.6410677198   -1.3007211059
   1.5674135732   -5.4684900262   -2.5954241702    1.2777155662    2.9285016283    2.8561863407
   0.2569988967    7.3801011783    1.2033082862   -2.8417966876    1.7833469523    0.3157266712
   6.5586365345    2.9215041163    1.9725722131    1.9204656856    0.8323776182   -1.0287634768
  -2.3408677267    0.2766219156    3.5146283628    0.5945346565   -4.2713714095    1.4692958076
  -5.4574049448    0.8851942677    3.1088349237    2.6624285666    2.5597662460    2.8904459500
   2.0817829010   -6.6818628335   -1.9425821967    2.4626755708    1.3561912693   -0.7045498976
   6.7881230569    7.0235421682   -0.2133682777   -6.1129792005   -1.3123947028    0.6509905009
  -2.9255710057    3.7999333595   -2.3061365287    3.4787232609    0.3439744299   -2.5515456194
   6.4524853385   -2.5529235576    2.8168900569    1.8737654409    1.6457809111   -3.6172081074
   2.7737747477   -6.0498540058    6.9373901187    1.4145270094    2.3502032230    0.9052560103
  -3.6477147158   -5.5166434187    0.6727862109    0.0358809781    2.0253376141    1.8052673006
   4.7507053148   -0.4937873473   -7.9065674558    2.2259493594    0.1239178946    0.4157458749
  -2.9154912499    1.0646363911    6.1460703831   -0.4014415269    2.6077081477   -1.4558602974
  -1.8894769398    1.1807422893   -4.4183531477   -0.6083363476   -0.6767056812   -1.7578902704
  -3.4929599851   -0.6623083992    5.8684060677   -0.1393172330   -1.7118006022    0.5634425333
  -2.4681735256    6.5336598924    1.6904344380    4.5510677047   -3.5257662565   -1.1366809682
   8.5464542505    3.0869838410   -2.6642931835    1.7290923430   -5.1777821945    0.5774483514
   4.5982781368   -6.0583062198    5.5218715229    2.7670461824   -1.2157008960    0.8633080661
   3.1355235100   -3.6405395396    5.8493952874    1.3353302994   -3.5125327860   -4.1252997440
  -4.4334707051    7.5241370104   -1.9986940211    1.2413899544    2.2834781529    0.6818661958
  -3.6525991042   -3.3109963387   -0.3828574403   -1.9507195449   -0.6745640095   -2.8881971410
  -1.6966973336    1.0626247713    5.6937817812   -0.1496188686   -4.1492093654   -0.4153439978
   5.7977872699    8.0954354354   -6.0249992952   -2.4444218888   -3.0265006817   -1.8233910073
  -2.8672570928   -7.3251669298   -7.7043292300   -0.5031806988    2.9953227399   -2.2184021109
   5.8076172132   -3.2598022522   -1.3299449505    3.4402421030    1.5587617372    1.8028525665
  -7.9463013872   -6.5125860681    1.5100286111    3.2641499177   -2.5841647838   -0.6163507277
   7.6438415691    7.1593508780    0.8130274082    1.3722707013    2.8304231099   -1.1311570667
   1.4049363013   -2.4980305643   -2.1805531805    3.5278190300   -0.1596460855    2.1622961200
   4.4195193918    1.1454759982   -5.1378119602    1.9466715441    1.0579674198   -1.1673269947
   2.0560152724   -3.5398479944    8.0255625822   -2.6938126847   -0.3416507964    1.1266204747
   8.0944102332   -4.8240303311    2.6502671772   -0.7352360060    2.5619771136    0.2863130776
  -1.5812576983   -6.5249086921    8.5494782804   -0.9641776612    0.9428028613    1.0808155889
   4.3757578136    4.1746465143    7.3268632764   -0.2195140328    0.6939824137    2.7863031730
  -1.5286438572   -2.2364266512   -3.4202973775    1.5793173725    3.1969777885    4.1334104836
  -6.5273368243    8.4121353616    2.1778752843    1.2702980076   -1.7857055392   -0.1288917002
  -5.7245751429   -7.7082382656    0.4497408217   -1.2379248295    0.5868581220   -0.1907541056
  -7.0668961583   -0.3067947525   -2.5862901491    0.7353176225    0.1022910177    1.0392339205
   4.2523287122    3.7592721378   -3.5686819776   -2.8945521178    1.8891212576    0.0585994223
   6.9078043025   -5.5274331522   -5.9414142626   -2.5041910453   -0.7706608989   -0.4560900214
  -4.6326016460   -5.7243229378   -6.4599294659    0.8702763613   -0.3399438389   -2.8136891248
  -7.9388559466    1.6569655133   -5.9313128200    0.8651177062   -0.0021906026   -2.3903405523
   2.9526849131    2.2104206376    8.2636509896   -1.4192732756   -0.5540859165   -1.1862521442
   7.6539349552    1.4408912080    8.1963560767    0.6516164378    2.0155006944    0.2292199037
   4.9895349187    0.0971785993    7.7888268225    3.0484819642   -4.8604933034   -2.8180226532
   5.4313547069   -5.7748406529   -2.0978340897    1.2556367253   -0.2206693078   -4.5317717664
  -4.3907218056    5.5429795764    1.6467443233    0.6464280158    0.6506930704   -1.4291878882
   1.9015604334   -3.0663135502   -1.2778474278   -0.2661933547    1.2212196808   -4.0687365965
   3.5807720433   -8.0123783685   -0.6244655741    5.3753163032   -0.3880901265    2.0694805814
   4.6820515563    8.0868910943    2.8045509564    1.9452142170    3.5425408707    0.7270205904
  -0.0851662225    2.8754100693   -7.3110318694   -3.2710154532    0.3717015437    3.6835028842
   0.9138300442   -2.9562725496    3.9031978142   -0.3155683513    3.0008262878   -3.3270872285
   5.6775370600   -1.0872366518   -6.7319129669    1.9946394168   -1.6059418560   -1.7217850137
   0.8409524276    7.2364771164   -8.1133269215    2.9214676862    1.5697188826    0.1335211609
  -6.7823868352   -1.5291991855    2.5016903509    1.2976478245    1.0866483778    1.0538431105
   7.3707113349   -1.4618696325    0.5944326237    5.0091103018   -0.0332845199    0.1318216674
   3.8711262717    1.1104784857   -2.5745996063    2.7106445819    0.6039389101   -3.8888950840
   2.8603708497   -2.6216072741    5.1120601281    1.5124115516    0.0774331380    5.1657942836
  -2.2511139538   -7.0434282447    7.6375682939   -3.2999270920    0.9118915953   -4.0681876402
  -6.5825253639   -7.8995917827   -3.5776456744    1.5229042377   -0.0482994578   -3.1022644811
   2.4488537838    3.6484409235    6.0881510350    2.7886293210   -1.2259189465    1.9549121169
   5.1487720010    1.1221795820    8.2698982509    3.6052200973    0.4876246280    1.0282840200
   3.1038079174    7.6629764765   -8.4060796039    0.1915142298   -2.6669689123    2.2400273408
  -8.0790735116    0.0658765534   -6.7826929322   -2.1992708029    0.8380826191    0.2191604743
  -5.8517444531   -6.7534373861   -0.1588452870   -2.7345259841    0.2737441462   -1.6935821406
   6.8428105836   -4.2464800313   -3.5039562258   -3.9293470665    6.6220270044    5.0535090502
   3.7213616204   -5.1934509988    3.2267789012   -0.6392094085    3.4180968210    3.3940646514
   6.0991689452   -8.3221057389    5.5171604941    0.5443727775    0.5371919839   -0.0369472633
  -6.4189020279   -3.0798424104   -7.9132319376   -0.9702521558    1.5131174858    1.9850371272
   7.4204776773    6.5092314913    3.5246724758    0.7645361066    1.0205114937   -2.8659769962
   1.5433173460    5.7349217333   -0.6948192862    1.7587001882    2.9641121373   -0.2005929746
  -5.7035256023    0.8612898053    5.2708270826   -1.8858015331    1.0181961497   -1.3842405416
  -7.4554245603    5.6837047067    7.8668200071    3.4282226183   -2.9315988284   -2.1372164544
  -1.1214940884   -0.1684337333   -4.3459633570   -1.6002833864    2.3547303494    1.7487440115
  -2.5948174936    6.8777264220    5.7150523580    2.4772927141   -0.3975814272    1.9677735080
  -2.1192396828    8.4181453471    8.4421106333   -0.9019061400   -0.7952359386    2.3688848976
  -1.9437382008    5.0857318906   -3.6372482925   -2.7297522868   -2.8833358837   -2.4644666926
  -3.5866771974   -2.8765667969   -3.4292224352    0.4132502434   -0.7479872462   -1.1393126616
  -2.6696232687   -1.0927805284   -6.3254033801   -1.4661600627   -0.7782666464    0.6912321933
   7.8574258019   -1.3252914426   -2.6305994415   -1.6908258215   -1.0050248356    1.4843966698
   8.0707996234   -2.8964849707   -2.4433846437   -0.5441094255   -0.7105335585   -1.8658244504
   3.8302645876   -3.4088143132   -6.6609734672    2.3406594863   -0.7867438876    0.5257509206
   2.0690556739   -2.9579979183   -6.7739767966    4.8314294124   -1.6743165456   -0.5853093753
  -4.3210956733    4.6023077771    3.8862196992   -0.8002470624    2.9573789451    1.0220658061
  -5.5492080668   -8.4941202592   -7.4825766419   -0.4690715574   -0.1973901953    0.0316189030
   7.6787547277    1.2127215209    5.5151892645   -0.1099748234    0.4362220291    0.4645329543
  -4.5270042570   -4.3122487128    4.8976984587    0.0107313726   -0.3280101324   -1.5505783632
   5.7355366178    3.1311034464    2.9760172693   -0.5335690257   -2.6373337434    3.2883890901
   8.2141303397   -8.3488528493    1.7462649767   -1.1430936986   -1.4296185077    4.7043367868
   5.0601473348   -2.1774980453   -0.3874393583    0.2791663088    2.7318821400   -2.6082887500
   7.7446947447   -2.7537942268   -7.0643991298   -0.6216820764    4.6428760316    1.9391305537
  -3.7010894180   -5.0572045345   -7.1112991203   -0.4564099985    0.5086361299   -3.8883301229
  -0.5120118691   -8.1561947556    8.0378648851    2.1319002513   -1.7882829212    4.2030609693
   7.1144071708   -0.4803875533    0.1509424394    0.1278507465    0.7465193035   -0.3667561180
  -5.9114531490   -0.6555726078    0.9394235188   -4.2356792713    0.1219455807    3.1423403526
   6.6546762546    7.4347121197   -6.1621958683   -0.8799360009   -2.2907841406    1.5177657970
  -4.4325246387   -3.2335740424    6.7946452456    0.1182169088   -1.2775971324   -3.4286181259
   6.6141263839    1.5868743602    2.7156121348   -0.0676289447   -1.4607942083    4.0640645395
   2.6934063477    3.7303637480    4.6166093245   -0.2700318706    2.2070995439   -1.1014603186
  -7.7721559985    0.6299682187   -4.8178132545    2.1706163268    1.5646371568   -2.9848848468
  -8.5157813093    8.0651369721    0.8620417822    0.8546560625    1.2319708744   -2.0466479867
   2.0651095442    6.8017293705   -3.4499476107   -0.5862874561    1.4287443494    1.2081129746
   4.7293066428   -2.2879135437    1.0147377843   -0.5834836169    1.6747755449    1.1015006477
  -0.9550163634   -5.5444804141   -2.4324777246   -3.5550099925   -1.3820971285    1.4206111773
  -2.0918539330   -2.9877029699    5.9852355749    0.2375220960    1.8935027756    2.3840724957
   7.2514252325   -1.4490640628   -1.2978784964   -1.0122418633   -4.6976235439   -1.2258126549
  -3.1069291897    1.3457741525   -7.5847106201    2.2316409992    1.4706123911   -2.9342807484
   8.4526388915    8.2491550944    4.4632192901   -0.8693526688   -3.6969052504    1.4932460691
   6.9062206057    7.4635201946   -4.3981231405    0.8832606495   -2.0472883477    1.5386398708
  -3.4647007715    0.0652817967   -4.0255466761    2.0788540961    2.5534489236    2.4348617296
  -5.6531319685    8.4310441458   -3.2600709895    0.8301866735    4.5774062068   -0.0455969817
   0.5825587518    6.0904113682   -5.8310751762    0.4575238867   -0.0770335540    5.4783255048
   8.1420974946   -6.1574073059   -3.5679757794   -2.0482558281    0.9068224430    3.3396643645
  -1.7833266926   -5.8094206395    4.7376954084   -0.4863257939   -2.2694667913   -2.4022007269
   6.5953291799    2.4511824378   -1.6982109975    2.3429860650    3.1980498999   -1.6532790158
   8.0307130987   -1.3056848298   -6.5228235083   -2.6094321804    0.5258989922   -3.5599235329
  -2.9713329098    5.5052220508   -7.7060206266   -0.8771395933   -1.2079308300    4.1362585400
  -5.3482971464   -0.6116910162   -4.4247868886    1.7070419866    1.5787611262   -2.0003077138
  -3.1218213825   -3.3061891110    0.9703408245   -1.5153127066    1.3869274127    0.9991738186
  -2.0043661583   -5.8386091609   -1.4794879777    2.1661035812   -1.0927774376    2.6402711467
  -0.2526330809    0.6815679751    6.8756635389    5.1436399918    1.0179273801    1.5479619784
   2.1480108667    5.3787324410   -7.3296770683    2.5975441952   -1.4172144060    1.9950377822
  -4.1790198662   -3.0060453634    2.5644596500   -0.3159543063   -5.1414425928   -3.0465640917
  -7.8244974756    0.6802380330   -0.4491977118   -0.6576277729   -0.7978155171    4.9139078492
   3.7114137493    1.8685395041   -3.3702187340   -0.0082361060   -1.3031953242    6.1366691618
  -0.8441452808   -8.1453595777    4.6516288451   -4.8755344853    1.1134074574   -1.6228662622
   1.4228100709    0.2125110863    5.0972637609   -3.1083142663   -5.1274186422    2.0644351074
   0.3969699083   -6.4961523925   -6.2514273653   -1.2992374156   -1.9352436332   -0.5142400670
   0.3673962127   -7.3723522877   -6.5886289072    3.7673997216    0.2185670102   -0.4554198349
  -7.5786646386   -3.7386513768   -0.0288627441    1.2387456453   -3.4742191362    1.1816535054
   2.1932312668   -0.7777260760    6.3686262582    3.6877302755    0.3223182844    0.3771464092
  -8.2866706593   -5.2607680954   -2.2294928485   -0.5513634190    4.4729146955    1.4545329352
   2.7376542952    8.1059239054   -2.9918610953   -2.1428111676   -1.0055295531   -0.4397807919
   2.8206226093   -6.0574983490   -5.4826223522    1.2712598074    1.6633392529    0.0557041479
   4.8864811378    5.9711445439    3.0663731746   -0.9701468594   -1.4388865382    0.6524848343
  -7.4106107485    7.5023071274   -2.9689745388   -3.0139667067   -2.1856063308    2.4541907685
  -4.0977142868    3.0224079563    7.7891139675   -1.1106730023   -2.3270066738   -0.0722084559
   7.4378708494   -6.7331972022    8.3329001576    2.1599902382   -0.0407407363   -0.9578954094
   0.6237922366    4.0977385208    3.2658833946   -4.1368708202    1.5600477528    2.9325079996
   3.6083356790   -8.2905625023   -7.1540341433    0.9043856756    0.7518301564    0.2475650230
   3.8590896215    2.7560405825   -7.5659531556    1.1856200022    3.5712184870   -0.1360259805
  -8.0927125156    3.5456750873    0.4983504835    1.0870247497   -0.8553503603   -1.6595212758
   0.9255864177    6.2839125686   -7.0240859350   -1.2169139820   -1.1135821655    1.5300544991
   8.1835043727    6.0099039792    1.3766788484    1.5139237413    2.3031663268    2.3379397468
  -1.2760277131    3.6641842309    6.5288881147    0.4668999555    3.2280038950    1.4611140715
  -2.9150440492    6.0519780238   -1.1176056155   -0.4029633254   -1.8263791276   -0.5955881446
  -4.9707698708   -0.1677253222   -3.3680162675   -0.1645734471   -3.1824869491    3.8680900647
   1.5961579614   -7.0275062693    6.1903330192    0.4487427408    0.7027627519   -1.0764239431
  -5.1263660232    4.7620425729    1.6867630752   -1.0820665804    1.3538114042    4.4948224952
  -3.3604609550   -6.2490892409   -3.3909301391   -0.7873442502    0.8285078515    3.3985377464
  -0.4779941544    0.9631489956   -0.9275162385   -2.6148254067   -0.0070219138   -0.6094513181
   7.6349269983    1.9024676954   -5.5452349931    4.0409731970    0.5561131839    0.4489336495
   3.6042596308   -2.8353834904   -3.8453716171    2.2395140474    2.2176886198   -1.3306557251
  -8.2176344064    8.2519586555    6.7950892530   -1.0353695187   -3.0757692466   -1.0474126438
   1.9449257568    6.4432981357    0.9948432923    1.1657761913   -2.2153941411   -2.5517577871
   3.7528483512    8.0051862959   -3.9297341584   -1.8820439711    0.0971118962    1.1858089874
   0.3147796523   -2.9590935261   -2.6313706788   -1.4744544236    1.7083186789    1.3516412543
   0.5175009007   -0.2995771612   -8.0643983012    0.2672186707    0.8657904910    1.9154050294
  -5.4676748192   -2.4694346434   -8.3049072128   -0.9528089304   -0.3504986801   -0.7383462504
  -1.7653049194    1.1614091590    2.3511840510   -3.7061432978    2.0733175419   -3.5039847164
   5.2387299670    4.7240792440    6.4436027427   -1.8852390603    2.8146145293   -2.3461972500
  -6.4006844193    6.8261156175   -5.6490526211    1.7443134014   -0.6886412858   -0.5769186688
   7.6294782064   -0.2627896183    5.3321082917    0.2019555198    0.4026761275   -1.4334821208
  -2.3110953949    7.9453600241    7.0952612188   -1.0519896955   -1.3726812748    0.3361630932
  -1.6409377058    3.2889085409   -3.6005514647    1.6144028148   -0.8221256595   -2.4584418899
  -8.4584078092   -6.3811236950    6.2166637724    2.4384172987   -2.1748197720   -4.7130198562
   8.4190255024    2.6961215986    2.2590462657   -0.0832894396    0.3271824366   -0.0714589490
  -0.0772932223    5.3709525245   -7.5332875482    2.6641646308   -3.3882453273   -0.4526931904
  -0.7929111414    6.2018503345   -3.9824852217   -0.9929988767    0.5203554651    1.1948896657
   5.3232796083    4.1256693590   -2.0625330281   -1.7508478640    2.9013537406   -3.8922341581
  -6.3446527007   -3.6585104634   -1.9138311466   -0.0091352987   -2.0559372738   -3.4204101838
  -5.8709816511    4.3530053830    0.3003880908   -0.3585674290    0.7949405021   -0.1871086810
  -2.1000523771    3.2296145472    0.1844436319   -0.1701950429   -2.8203117862   -1.0103795810
  -4.6553313034    7.9500355029    5.5184747493    2.1084205145   -0.1120922929   -1.0344862311
  -0.7677654099   -4.8032179663   -7.4206073288    2.2745249574    0.6566083459    0.1840949053
  -6.6859354585    5.7741701869    2.1325662990    0.4926662213    0.1092840668   -1.6484715218
   4.7338613746    2.9707499343    3.1277301241   -0.9723551886   -1.7073626824    0.0301909903
   4.6621864081    0.7120950764    6.9105635409   -0.4010444372   -0.7586284879    0.8414453411
   1.1414677590    5.4709105278    7.3514932656   -0.3162615475    1.2305308769    2.5782005967
   5.8226518439    7.3787172108   -8.2725862970    4.9351218390    0.3603154119   -0.7250442768
   3.8279110610   -4.4950528991    1.4021254410   -0.2049627806   -1.6449063040    2.7429241552
   5.1761241482    2.4946282496    8.1730900235   -0.5795799522   -0.1472510887   -0.8803440828
   7.5382887682    1.0021836231    3.2196752082   -1.1861058794   -0.5797377721   -2.1683021968
  -7.3865163320   -6.6516577728    2.5144363343   -0.4914097407    4.8017644778   -4.6201339566
   5.5309704735   -3.6853572841    0.0653234855   -0.6556444871   -2.2115193637   -1.0681222604
  -5.6386763552    5.3852032564   -6.1415400121    2.7371334800   -0.3976195918    0.7654778824
   7.1853929643    5.0480535017   -8.0351702640    0.9602468765   -0.2209406523    3.2543484544
  -0.4815502219   -1.6150980065    7.9063896678    0.1806543289    5.8261233946    1.3489960110
   0.4823851002    1.2170427975    1.6634703897   -1.8214301356    5.9665499613   -3.0598077940
  -5.2786444456   -3.8737611976    4.2962894078    1.4184132081   -1.7724138123    0.6307096379
   1.3380476625   -1.7831030985   -7.1569082629   -1.5249783760    2.8067495075    3.0002649301
   5.1950099655    7.3477087971    4.3606615131   -0.3143746141    1.4065864457   -0.9140103777
  -6.8296127886   -4.6806433831    3.1314665835   -1.3828910750   -1.8174208184   -4.8975994672
  -1.4650292746    1.1826809707    0.4801970632    3.3138231063   -1.1445251965   -0.4979821845
   8.2737743230   -3.4903748229    6.5814136933   -1.6792004704    1.7230914968   -1.3593486521
  -2.7171919996    6.1971482364   -3.2951497292    3.2320204742    1.4649875750   -1.3586586416
  -5.6602711794   -5.6207467392    6.6308136251   -2.5490986003    0.4021603862    3.7543805351
  -8.3396998579   -2.5165887464    3.0746158986   -4.8494899249   -1.5461183959   -2.0304853922
   5.9512565900   -2.7178691028    1.6161295062    0.4000958265    3.3606732486    2.1980086722
   5.2357450964   -2.4331709026   -3.4313768707   -3.8696911474   -2.3895322930   -3.1895418588
  -3.2021196412   -8.5219206035    1.8643958463    0.5572377060   -1.5589832949   -1.6072297503
   2.0493296211   -7.3627116102   -5.1366408432    1.2168300197   -0.9314931199    3.1713162076
   3.5459801588   -5.8965434202    5.0982850928   -0.7509388928   -1.3677216695    0.8112837081
   4.3994651368   -6.0296320778    4.1199986081   -0.8564194454    1.5157030787    1.8568626204
  -3.0741993387    1.9348507082    2.8578120033   -0.6847251560   -0.2753777145    0.7733317262
  -1.6980419151   -2.2190345616   -5.5173571974   -2.9881850300    0.8011492001   -1.6626382822
  -1.1143802667    7.9203546100   -0.2538339525    0.2319137148    0.3699498378    0.4657980384
  -1.3841371237   -3.3373371573   -0.1272224484    0.9507431148   -0.5772275479    0.2004702907
   1.7992784592    2.4648097757   -3.9264742174    2.6176389916   -2.0750070343   -1.2376346633
  -6.1053773607    3.8770508187   -4.1350799946    0.6678001182   -2.7572496389   -2.4261439776
   4.8812963704    5.7647015237   -8.0128261377    1.1054089459    1.7105042953   -0.2854248674
   7.7856724199   -4.0749937737   -2.7614478413    4.9357604330    2.1726446839    3.4264432905
   8.0139604939    1.0372673579    6.6694325312   -0.2262112743   -1.4288179412    2.1574154822
   0.0571704642    5.8823132756    2.7950401421   -0.3387091529   -0.9258140463   -0.0620555566
  -7.8867571135   -2.4907062025   -2.1554236458    0.0902671118    0.3157447786    0.9898081910
  -4.9987262618   -4.7101764226    7.5277818718   -2.7973454868    0.8530360015    3.5161037628
   1.6081675862   -5.7236442355   -6.7973903196   -1.0301907711   -1.6437879135   -0.5445395247
  -0.3400970109    6.1274233454    6.0769981648    1.0621437861   -0.5331446241    1.0844362736
   4.0235100821   -8.5029848804    4.9138339770   -0.1313865373   -0.9148516374   -1.6886157439
   0.2401110606   -1.5407553797   -6.3853997766    3.4419648199   -1.2653830203   -1.0360010082
  -2.5912273447   -5.9383519408   -5.1282470341    0.9205649614    1.7765834938    2.5824295784
   0.7531353608    1.7594520985    7.1086504085    3.1091028911   -1.5684416719   -0.9593015307
  -3.1409104515   -3.7404534144    2.3561544148   -0.7945370125   -1.3514073672   -1.8412628250
  -6.6163772553   -5.9697132212    4.7182765021   -0.5385259013    2.3104421432   -1.7883289963
  -1.8289506947    4.4628452342   -4.8421848600    0.6089727639    4.5663814428   -2.1724940406
  -6.2144134973    0.3439859336   -2.9402898750   -5.6412381312   -1.0367822803   -1.1411633948
   1.9773273589    5.9402725156    3.0263872051    0.3616908898    0.4636437540    0.4241845158
   8.4653289551   -0.2035196788   -3.1042419481   -0.8131470430   -4.8057957511   -1.5239908094
  -4.0728924299   -7.5257375601   -5.6885674250    2.4075237025   -2.2144976885    1.0044523704
   8.4069489326   -5.3244176142    3.8630126180    0.2862770849    4.5506797244    0.5538063533
  -1.6479932722    1.9931435759   -3.0610922003    0.7951459199    1.9804553241    2.4458993266
   4.6684177929    7.8267551401    8.4854399130   -0.7183511463   -2.3674974301   -2.3344491346
  -5.7806915224   -5.8138884264    2.7125817249    2.3716982332    0.3124437670    0.1313082850
   8.0819634379   -5.3950225838   -5.9651472076   -1.2665790298   -2.0041416759   -2.7032014593
   2.7927616250    0.9437063292   -5.9969562820   -1.5272571213    1.3793484816   -1.7114618167
  -3.1552680012   -6.3237018298    0.9474336477   -3.6577405350   -2.3615771625   -3.3214315412
  -5.5204459340    2.6502002758    0.1638628338   -1.2778455901   -2.1132055956    0.7102184890
  -7.8278825987    2.3731382966   -0.8574267697    4.9547037863   -0.3296162012    0.9313226589
  -4.2202949782    2.1705984322    5.4962111798   -1.7428377027   -3.2427842037    1.2167626188
   7.6565685849    0.2125639473   -8.0582289765    0.6043235002   -0.1399083556    0.9975788255
  -3.1654928918    5.5017847991    3.7117699373   -2.1031986619    3.5374681285   -1.5012237604
   4.9202686444    3.6481443726   -4.4122533926   -1.6403094838   -6.2941993199    0.3520562507
   5.8825258455   -2.6815593489    6.0185970759    2.2977196056   -2.6388064699    2.5486536663
   2.0139193737   -1.6255036377   -0.1571674697   -0.8514895890    1.3013888702    5.1847696299
  -1.8472128667    0.0442345368    0.9820791999   -5.3940989340   -3.9600401142    2.0549213590
   3.1801428110   -0.2211319562    4.3183859691    0.1242508800    5.0175905732    2.0280184249
   3.8991362817    6.9776081152   -4.2381654167    0.9904991232   -1.8239463904    0.0593097392
   0.5011922617   -7.8974471454    7.4810980933    4.1405022228    2.2737505012   -1.4678630651
   0.3028222149    3.0264818724   -1.0163134843    1.7552807473   -1.8402007719   -1.0525210180
  -6.1160363020   -7.0186681342    7.4539214585   -1.7796198760   -1.0942505765   -2.9208558995
  -1.4076037593    1.6920904840   -8.0730221824   -0.9438776330   -1.3097775106   -0.2883871107
   3.8888940436    4.8598672013   -7.8066976038   -0.4780003100   -2.1585561135   -2.0728133244
  -6.4288304830   -4.6026641837   -6.4469255142   -0.7956476504   -1.5922688880    1.7562069184
   5.6088834700   -7.9696223269   -0.1957010034    2.3549085553   -2.4429305369    2.8036037447
  -0.1257076645    7.6406218212   -2.8429473218    1.3647953619   -1.4728622713    2.0209549238
  -4.7881122950    1.8092320702   -3.7930651688   -0.9116870788    0.9134603842    0.0564847648
   6.2335252047   -7.6808253476   -7.3466922579    1.6326005507   -3.4574648297   -2.3613477149
   3.4653051104    6.5999782206   -7.4875676515   -1.9769430528   -1.9791826276   -1.8414584525
  -3.5836069131    3.9214303262   -5.3090745486   -0.8063203701   -3.3021608396   -0.8993219467
  -8.3343210528    1.4969898414   -0.0935574646    0.3083869691   -0.1931905178   -2.4277333976
  -1.9462547372    3.8938091413    4.3005128447    0.0875471347   -2.0413500559   -0.4863346401
  -3.0402563323    8.4732014713   -3.9166066562    0.2516145816   -0.3479709354    1.6411573020
  -4.4142621031   -2.4229986068    8.2753189208    0.7923226124   -0.0621564133    0.1932795474
  -0.4168630610   -5.0178673159    6.7888532974   -0.2659005066   -1.5269051357    0.8544131849
  -5.7339305467    4.9591269649   -1.1380968334    1.9703659140    0.5585564045    0.4720605649
   3.1499004831   -6.3652119140    1.9670350336    1.1521997603   -0.5298859598   -2.5042992933
   7.9427055597    0.1425908648   -6.0416926409    0.8928256601    1.5923270781   -2.2211534874
   0.0996042803    5.9052321929    4.7302920480    2.4339671258    0.9212291295    0.4177710251
  -2.2053530895   -3.7799043527    7.6431924994   -3.6348552806    2.7957330843   -1.7408859452
  -8.5291567218    3.3336429778   -3.9387537827    0.6774902045   -2.4754956868    2.0085215974
   8.3501527783    4.1689568032    3.4583547954    0.9962257997    2.7743324474    2.9104298885
   4.1945434093   -1.2118592342   -4.0685704399   -1.4480867595   -1.6948173369   -0.0482957176
  -3.4051501984    1.3175075607    7.1467601703    2.6235237884   -2.8789196069    4.2227560398
  -2.5202160155    5.1504583672   -2.7413867322   -0.9341050847    0.2549616360    0.4799403807
   4.8517735411   -2.5484930869   -4.7349606625    1.9166241441   -0.6577956062    0.3943900781
   5.4646278169    5.4482989970   -4.0400020814    0.3334247204   -0.9150334385   -0.9242019669
  -7.3346900723    8.1051087107   -7.8756858974    0.7551942658    2.4534876480    0.0530892795
   3.0872845958    3.6786455002   -2.8021555447   -0.0870823324    0.8916331019   -2.9291299035
   5.5108788024    5.6398375689   -0.9393164359    0.1349289937   -0.9392372434   -2.7112762020
  -4.2554362972   -7.5616308324   -8.2304607782    1.2191121896   -0.1904552839   -0.9891092108
  -8.4330036295   -4.5250211931    8.4971244496   -3.7356735319   -1.5199994094   -1.0220408581
  -3.5330886203   -2.5277065074   -1.3883699237    0.7774351278    0.7433321137    0.3333119670
   2.6004622470    8.2033353608   -4.6378171589    1.0254917145    4.4485626226    4.7542117809
  -5.5811048306    3.9327488935    6.7323951507    0.6162329654    1.2255264021    3.0807840514
  -0.1388452815    2.6745088350   -2.7280351601   -1.3202709958   -0.4431733824   -0.5266303155
  -1.5085252711    5.2170280354    5.1299432318   -1.9387348002    0.5687517300    1.3290621775
   0.8723733770   -7.3080984118   -2.1414496962   -0.1437622732   -1.0830200694   -4.7879590296
  -4.7649141792    5.8701944466    6.5551049150    3.6189102226    3.7895400096   -2.7393348270
  -7.2886791009   -8.4268263552    6.9068910874    2.5272510378    1.6696504006   -0.2232146718
  -7.8795462085    5.2669756905   -0.0986456576    2.9863711146    1.6520486920    1.3571409596
  -4.0978866731   -3.1276665837    5.8205007295    5.1261271828   -0.9882887050    1.0690493759
  -5.0925049761   -3.6701813245    7.5902778281    0.5478406615    2.5277424634   -0.2906199074
  -7.8759932412    7.4748304930   -7.4657031867   -0.7370159340   -2.7777860711   -2.8079370357
  -2.6003882825   -0.5147178676    6.8758737095   -3.7888215732   -3.3268113562    0.9268274102
  -0.6317892191   -3.0825672679   -4.2392662565   -2.6974791129   -2.3772874011    0.6271947969
  -6.4506943187    4.1533622719    7.5452233149    0.6938860827   -0.5169363960   -2.0463587684
  -1.3716577582    5.4891556485    6.2842651962    6.6191088273    2.0278020172   -3.8452035752
  -0.3893162845   -3.1016964399    4.5071615529    1.6385656920   -0.2187283916    0.0466898034
   5.8367131182    4.1139717537   -0.3300769889    4.5572459877   -0.4335675477   -6.6716500387
   7.9499184815    6.5278837673    2.6087905431   -0.7454432365   -2.4391768121    2.3774530271
