           1000
    17.09975947
  -2.7882845473    7.0743599997   -2.1060539860   -2.6141176025   -1.4194582239   -1.9087337698
   5.2492346400   -6.0300996901    4.2659039210   -0.0300279000   -0.3574526502   -1.1754830403
  -5.6640102673    7.2915629096    5.8281617835    0.5578375619   -0.1404335160    1.1979167866
  -3.3327024308   -1.1711349553    6.4819304327    0.7410677097    1.2702278486   -0.6980000037
   7.3361731035    4.7206615918    6.4557774311    0.2650643752   -0.4259367648    2.4585717848
   1.0191992441    5.6216719761   -2.3528062403    0.7240169104    5.6215030453   -1.6041997304
   0.0282294864    0.8156364506   -6.0141877507   -0.4053626210    0.9294584014    0.4487604826
  -4.0893367885    7.4552396930   -6.1472698123   -0.5228385844    0.2421577526   -1.1280965187
  -3.2884935165   -0.0926275660   -0.2122372107    2.5664258600   -0.3221918472   -1.9755776129
   2.1170608073   -3.2142878398    5.8746475912    2.9434830391    2.9912480908    0.7460263057
  -2.2818885717   -5.1283054422    3.1660149481   -1.1174076499   -0.2692758620   -0.1185323076
   3.6559139788   -2.4888747065    4.0070499437   -1.6062848222    1.4481491343   -3.1810859833
   6.6825617349   -6.3593502559   -4.3214752184   -2.8083172491   -1.4666310240    2.4176368942
  -1.0090842644    8.2052394109   -2.7621586763   -2.3134214923    2.1168107959   -0.0170642277
  -0.9885572465   -3.3298877865   -8.4757245440   -1.0088377815   -0.7126106081   -0.1468588802
   1.7175375306   -0.4949261864   -0.5319711821   -2.8920952574   -1.5459617872    0.8526569814
  -4.3927141470   -4.2313920241   -0.4043165525    1.6386619605    0.2044858943   -0.5501203811
   2.0636876905    3.4234206174    3.4077742493   -0.7224430814   -3.4696867404   -0.7282337193
  -5.4092409148    2.6056222920    0.9840358278    1.0656595579    0.0996312409    0.0025764549
   8.3704224549   -6.0724997825   -8.4557351671   -0.0954522490    0.1090320294    1.1712529884
  -2.1799790879    2.7391107473    3.9552253005   -1.0770787970   -2.0335149180   -5.0210647125
   3.8428612383    6.4218624373   -4.2775922129   -1.6761686832    1.8295193555    2.6950582600
   7.7668226502   -7.6259768152    4.3030165602    1.9100466559   -3.4242364951   -0.4398099440
  -0.9243621132    6.3791280138   -6.8121930073    0.3233005103   -0.6405812881   -4.0243831437
  -6.9265432075    5.7003160956   -1.5504173320   -1.5249611318    3.6660519638   -0.8988374831
  -4.3018195479    2.6124342644    6.4269430598   -0.5993009303    1.3415882169    1.5007821825
  -6.5051907357   -2.9560136591    5.1769621930    2.7029458226    1.1040092129    2.2594751064
   0.3967766275    1.6152838505    4.8011553411   -4.6857793165   -0.0492227402   -2.0701614687
   6.5482841601   -7.7012923563   -1.0789051514    0.5413271175    4.2544665392    1.0539883807
  -3.1679762658    8.3136946558   -6.4857838808   -1.1014097566    2.8595154897   -4.7382317184
  -4.1684014827    8.1437812917   -0.4672575869    0.9841671709    1.1194406822   -0.2485127723
   5.5817473577   -0.8698619551   -8.0531278246   -0.6167285023   -2.1413080830    1.8223108138
   1.5957956208    0.6381757057    5.3714580603   -0.0936836792   -0.6470193088    1.3365336322
   5.1264515160    5.0656814868    4.0624391187    2.8593762880    1.8010509879   -1.0119478853
   7.2950900804   -5.9766897659   -0.4018382878    1.5519742824   -3.3162143937    5.7229039608
  -2.7909677349    6.5156151145   -3.3981217980   -3.5577220241   -3.7742148394    4.0528806840
   1.5424930832   -0.6524123027   -5.0470855718    2.9490926698   -0.3121697662    0.6677181195
  -7.4325560571    0.5574638560   -5.3240619247   -1.4561380875   -2.3450444530    1.1832524666
   4.5668544729    6.4885600395    5.0965079357   -1.0340474084   -2.2743758298    3.4321679636
  -3.0927875762   -0.6365066324    5.3797477243    2.0851601281   -0.8238068094   -2.0536188162
  -2.0851927018    7.0041282083   -0.2290232150   -2.5024823544    1.9115341729    0.1613313287
  -7.9700406018   -8.3443266411   -7.0370867853    1.5339681987   -2.3776235576   -1.0346607189
   4.1598813572   -5.5480537419   -1.4995033430    0.0033216893   -0.3666728848   -0.2694609676
  -3.8812232728    1.4545785041    4.5725470538   -4.8796231102   -0.3871983416    1.8329894371
  -2.8065897381   -5.8634366031    6.0415743269   -1.2819590060   -3.1558881755   -1.3620147607
  -0.2114592512    3.9491036335    3.3100412169    0.5342785093   -3.4789064671    0.4827299493
   7.8762379407    4.9317452786    3.5297512825   -5.4647561143    3.2202409880    2.7718314159
  -0.6421745689    6.6947699630   -0.3536128529   -2.5980710200    0.6040954129    6.5047786452
  -5.2346631754    0.1929139180    3.9303312690    2.2877490049   -2.1574993533   -2.3684484794
  -8.4021026395    4.0798851523    3.7163600266   -2.1993164792   -4.1027750685    1.3802343092
   1.9872593169   -4.6761249103    5.0826084763   -0.1565743575    1.6570313320    0.4012741354
   0.2217728533   -3.8375464699    6.5091950222   -0.5798586640    5.7521532529    0.7269445260
   8.2134113018    0.6317172743    5.5708644986    2.5660977477   -0.5353176148   -1.0513857964
   3.7444973379   -8.0949392172   -2.5670212483    0.7511598083   -4.4842722276    0.9151099953
  -2.9941774841   -3.4394827277    2.7969888829    0.4176113844    3.3259622852    2.2049178511
  -4.3781033211   -8.0494091776    5.7934802116   -4.1471235786   -3.2142023770    0.8137752946
  -2.7085443419   -4.5972403834    6.1733697200    1.9864485156   -0.4596212481   -0.5000539855
  -4.1353812329   -2.3965848573   -6.3728719270   -0.4581103979   -1.3916994101   -1.7001931610
  -8.1981606418   -0.2844483667    3.1640574562   -0.7131775736    3.9543029198   -1.5964174026
   2.6490313057    4.3608891173   -5.1735758625   -0.7522488578    1.6935198251   -2.1847419354
  -4.7264980363   -6.1067583771   -8.1033673098    4.2917181903    1.9173033713    1.0442752271
   7.8618730073    3.9798083325    7.2938658522   -3.6610956661   -1.8241770571    4.4184810894
   2.6719507255   -7.6937532695    4.8314914243    2.6239075279    1.9382959610   -0.8799413815
  -6.3659190142    7.0682586066   -7.0623720166   -0.3637754978    5.1662889690    1.6203081489
   6.6983986378    0.0693779956    0.4880903917    1.6415194084   -0.5325954480    0.5678141652
  -3.9816949810   -1.7477465292   -5.3859503957    1.4750567264    1.4341327665    1.5749866088
  -4.4804938478    6.4250010312   -8.3314792796   -0.0197460581    2.1669459146    1.0477605840
  -8.2795177083   -4.5463285754   -1.5304842574    2.2176006824   -2.7583045814    1.5101978535
   4.1681917816   -8.3860730945    3.5298225576    1.9302848734    1.0677708310   -4.0005707803
   3.4392071224    6.7444857692   -0.8175477943    2.5328749927   -0.6525328780   -2.8527169069
  -3.6133565695   -3.3167430477    0.3503815703    0.6960583266   -1.4965212648    1.7253306607
  -7.6602849576    3.5289993231   -2.2698452708    1.5961829000    1.1180411731   -1.6657117853
   0.4052210454   -3.4600241690   -1.2150163899    4.9037894110   -1.0589951302    2.8446114943
  -6.9479507224   -8.2713706478    0.8905308541   -0.5961420572   -2.8627964716    0.0183711937
  -7.7875167741   -5.3619666581    5.6768975117   -0.3584532472    0.8665516472    2.3354303811
  -5.9039418064   -6.5279188775    6.5722023478    0.2870578442    2.0734113802   -0.7792192499
  -2.2868598857    0.7205830998    0.3691696083    1.9002109029    1.6294356823    0.1583635306
  -6.5362274484    3.2169156811    4.1462260869    2.0847130628   -1.8609993707   -0.1211461284
  -1.8577811399   -8.5141325095   -0.6838694770    0.9575811195   -0.5325360999    2.0463585046
  -3.4134507984   -4.5534903905   -0.7208012746   -1.7225866602   -3.1354388078    0.9353497773
   5.0503418473   -5.6958238604    5.8122012092    1.5931727213   -2.9282841479   -3.6110270311
  -0.0988862852   -4.5847260932    3.7546785743    0.5771450393   -0.0513779085    0.4460700858
   4.1235466081   -2.0018254984    3.1770278775    3.1317809986    2.8632599663   -0.6283054982
   2.0207016612    2.4832102243    2.7165420630    1.5918408184   -2.0313538463   -3.6478224863
   2.1656924841   -5.1473530159   -1.9469970218   -1.2006621243   -2.9739508383    2.7152045640
   3.2182560558   -1.0958371907   -7.6275540262    0.3050665058    4.8480987861   -2.3166640741
   4.0426329687   -6.9848635324   -0.8071038247   -4.9298062133    1.6140998172   -3.6554129932
  -4.6201241878   -4.7795102166   -5.9166527651   -0.5683543478    0.4081487984   -0.8556586413
   7.1459651176   -2.1971391150    1.9884988864    1.7059238621   -2.3710591126   -3.1107019792
   4.0858173083   -2.4564870177   -6.3295537493   -0.0883627110   -3.4870455766   -1.0080014535
  -3.9380101007    2.3285499078   -8.0859346782   -4.0623525629   -2.8420991398   -4.0819959288
  -2.5716322026    0.0278986087   -7.1979138380   -5.2715322137    3.6421103549    0.9000613147
  -2.7250751370    1.3222190332   -4.9126831119   -0.2742892325    2.2749481664   -3.6865583169
  -7.7697828814   -6.9474917383    8.5202596087    0.7950653034   -0.3286780093    0.2107492518
  -4.3026877372   -3.3546753386    3.7505549239   -1.7229306039    0.1891558325   -2.3522439956
   7.3486045089   -6.9816401322   -3.5691050385    0.3397279873   -1.7410260972    0.1267635529
   3.4969790994    3.9945713672    7.5280189299   -0.7460744808   -1.2034025458   -1.6089700349
  -1.2871813229   -8.0645492949    3.7989433950    3.3483025338    1.4775578248    1.1929776609
   4.4352276696    2.1815239685    2.1196600385    1.1198406144   -0.5606620444    0.0335075901
   4.4370067142   -7.2173354165    4.4552816328   -1.3149248110    1.9018261313    2.7050537087
   6.0881071575    4.8890818640    7.9003858343   -0.1711125988    0.3714969508   -1.9714475570
  -6.1472989064   -3.3382909806   -5.3989800184   -2.2700094629    1.2748075333    1.5099827522
  -1.1122321804    0.0040523266    5.8111793456   -1.2330934905    3.2296370059    0.4369118019
  -0.1523628247   -1.5012636497   -0.6070961557    0.3925611582   -0.2113178726   -2.0205599404
  -5.4089309520    2.4142326965    6.0465097823    0.5903535936   -0.1917928384   -2.5759985286
   6.5059172128    5.2785306672   -8.2768003795   -0.3232569317   -5.5376815479    2.8264670922
  -6.2830382540   -8.3215439004   -7.7347987691   -1.5614287107   -1.6534530585   -1.0398369476
   0.1812456975   -3.7829195022   -6.3529330262   -0.8057484291   -2.3922872816   -3.5310147058
  -6.8523530906   -5.8982290434   -7.3577361757    2.8331411294    1.1959834689   -1.0479035061
  -0.1679633571   -4.1621139314   -5.1227528634   -0.5561435897   -0.2744274685   -0.8375079054
   5.5458493559    1.3382854380   -2.7135979785   -0.0842804701    2.5580573822   -0.3196025307
   4.6721497125    2.1759730212   -4.2810066228    2.3275915971   -4.9913820169   -2.4130908366
   0.0536827553    5.3405660163   -8.0376903813   -1.7685222134   -2.2988157807   -0.0157663578
   2.6611195754   -5.9048925078   -3.2160044780   -2.6421056238    0.2057128504   -1.6895174139
   0.2976407023   -2.9440538676   -0.0069009983    1.2898057992    1.2868909646   -4.9989119226
   8.1895443212   -5.6218706998    2.4745574706    0.3656920628   -0.9828629070   -0.5418411047
   4.0710596052   -6.8579746983   -8.2925354190   -2.1401155759   -0.5934111533   -2.0205649422
   4.8553611552    1.6054195577    0.9029288521   -1.5959222942    1.6114914982    3.9591240453
  -6.3841524721    7.8194067156   -5.3157097007    0.4803844559    0.7534943245   -3.8381727437
   7.6958294547    2.7971222232    7.6994012827   -0.7434199332    0.0718966389    3.3436199024
  -0.1809345639   -1.2915797595    0.8272151008    4.8770433837   -5.8623231038   -0.4690339700
   5.6012157340   -0.5958298345    7.9683741664    0.6265431017    2.6564190862    1.6524516051
   8.3497868597    0.3269470955   -2.2430066427   -1.4137309002   -3.8881263658   -4.1043547513
   7.6469477780   -2.8118444221   -8.4474244965    2.0332325919   -3.0592642244   -4.6993872901
   8.1776164183    5.0501646282    8.1748800448    1.1842617513    1.3143058537   -1.9383449117
   2.2113346798    0.6349507653    0.3681508454    0.2235857101    3.2814039937   -0.7625387872
   1.2156987986   -5.6760449103   -1.3428977126    1.6124891667    1.0717781399   -2.6098076574
  -6.4544721648    1.7650341254   -1.4087345089   -0.3596120710   -0.1170460227   -2.0692979279
  -5.8592553477   -2.6316257425   -7.9891263067   -1.9180135947    2.5742630259    0.3282035761
  -2.5875406132    3.6786839052   -1.4117058704   -3.8062977688   -1.1000525346   -1.3348640932
   2.1057331434   -5.1233895093   -7.4456319338   -3.7343112021   -2.2054092297    0.4945932068
   2.7203128774   -1.6662270738    7.4473525530   -0.8970697055    0.1333914724   -2.6086253984
  -3.4787053475    2.5051532930    5.9517296737   -2.6734571481    0.0536216733    2.6720745049
  -3.3193831355    4.7905599281    8.4441510874   -1.7885963492    2.1893700839   -1.1178757771
   3.7020624468   -6.0185939513    1.6979871985   -2.7034352428   -0.3754615666    0.8383168593
  -6.9113082774   -7.4992277512    4.3943783612   -1.7766340383   -0.0552549495    3.1918342589
   6.2057663092    2.5520714657   -8.0936892852   -1.8805040551   -1.6568602493    3.2174033840
  -4.3171375769   -5.8390100874   -1.1251575982    4.0557183199    3.5739927473    2.7960004372
   2.1429613669   -5.4877478147   -4.5068031692   -0.7800623282    2.8590933338   -3.6712473646
   6.6133329764   -6.7542929133    1.8226887868   -1.1848999623   -2.4056019772   -0.6545341824
   4.2053157852    0.7197622747   -3.5154168623    0.3542898311    1.9857932283    1.4084650601
  -0.0321910395    4.7668442854    4.3743034258   -1.7626559056   -2.5073996353    0.9449662791
   7.1898702998    2.1610723941    3.4301683434    1.9965447037    2.3575798614   -1.4642921092
   7.5192857273    1.8056725848   -5.7806050515   -3.2244060061   -0.2255027490   -0.2148192657
   4.5677768186    5.3136981340   -5.4768793176    3.8037093962    0.3225473111    2.3657998189
  -1.1080800031    4.7025911555    5.1678044299    3.8619351362    1.2782912904    1.1053562375
  -5.7415576228    0.6016563926    7.6271467604    0.0677350086    5.4898850726    1.0801431400
   7.0587604495   -6.5164317152   -6.3842408564    0.0920116400   -0.8468095742    0.5047502062
   7.3142271352   -4.4175271558    1.9811767533    1.2357172024   -2.5531615430   -0.3322588817
  -7.1166817157   -1.0239698672    8.3920490761    1.4637362658   -1.8653367785   -3.0721334172
   0.6967150130   -7.4949176047   -6.0250939082   -0.0517977286    2.7116445054   -2.6627986405
   7.0189200377    8.3661602569   -7.4140078716    1.3261310463   -0.3975699372    2.5051804638
   7.1455291219   -2.5407082064   -5.2585360259    3.3358090088    1.2800148159    1.6478338742
  -5.1795942699    1.5313466330    4.8538210309    0.5553368086   -2.0297888394    1.4804828097
  -3.8671547271   -3.8134498463    8.5377877847    1.8009593748    2.3829753951    1.3418418714
   2.7847854875   -2.3612376812    5.9411753383    5.9526608610    1.5070822702   -3.1124486693
   4.9136292979    4.3708508234   -5.2950555127   -0.2546064676   -2.1200141392    1.7406599397
   5.9573903428   -4.4170406809   -6.7338703739   -3.2800847623    0.7623689537    1.0990006369
  -4.6655205243   -4.6120988883   -2.4240335906    2.5925501454   -0.2283580735    4.4674540031
   0.1135709490   -7.1432054321   -2.8255979724    1.6978223864   -0.2115659300   -2.5779999189
  -0.2156015937   -1.6018221026   -6.7865764206   -2.0174913815    3.3145914574    1.9983494139
  -5.7364905176    1.5720282777    2.9296610351    1.1261825438   -0.3266035177   -1.9510135311
  -0.0133887441    0.3606829576    8.2191307405    0.0911663003   -3.4437501066    5.5948333607
  -8.0051292495   -5.1520753716    6.9401261877    0.4320286350    1.8675646465    1.8762830254
  -3.7472434565   -5.4415859380   -5.2536434518    1.3646615823   -3.2208936462   -1.6908460006
   3.7035192026   -5.3380719787    7.1619387297   -1.4966134114   -1.6051435901    2.7183173075
  -5.1225415006   -6.7243705803   -5.1440092607   -1.3206124831   -0.9316980088   -1.2556917109
  -6.0289738544   -2.1928684951   -6.7567077090    1.5114047800    2.2376561483    0.1053536812
   2.9479310605    2.5552513891    6.6621190085   -4.9018467195    0.3945004513   -3.6040018743
  -3.0181489797    1.4253133436    5.9201657843    0.5726136684   -3.7310410505   -2.5127864116
  -4.1876660680   -1.4318259735   -7.9928540263   -0.6485814475    4.4026489281    0.8536076510
   5.9339971269    5.7297697127   -2.3404773427    1.2090776666   -2.3641159552    2.6713685390
   3.1998866393    8.3830953771    0.6136675149    0.7919795866    2.2002988769    2.6425788529
   3.6660507460   -5.9991217565    4.4897937945   -2.1542903240    2.1358440255   -0.1484426090
  -8.1530457464   -1.7198901186   -1.0279402263   -1.8414373070   -1.7663687464   -0.1167046984
  -0.3122463487   -2.3858986531    6.0479902958   -0.4523202910    0.1651893626   -0.6620240891
  -2.5698180090    8.5142771142    5.6396014717   -4.1619652101    0.3277061521    0.6407762672
   8.1811665980    1.6539902197    3.8644916417   -2.9156793306    4.0981869187    0.9902516342
  -0.0430564559    7.7335744507    1.0228877731    1.3887028582    0.1890682077    1.1651687084
  -0.9149353948   -5.3947586613    8.1033573304   -2.1399349212   -3.8961537107    1.6623342083
  -2.9106625121   -1.0470047905   -4.9176028837    0.5780761884    0.6181048786   -3.2364071724
  -5.8185592451   -2.1164043128   -0.0755029262   -4.4794890844    1.3112891255    5.5296442546
  -6.0098117465    3.3496243783   -6.1585943247    3.6415936323    1.7148198285    0.1337425492
  -2.0921388874    6.2954214020   -1.0636628664    0.0035695804    0.9151365561    2.9444312736
   6.9739197379   -7.9442532719   -0.1246634703    3.1634365957   -1.1901671561   -2.0038262084
   3.0494728690   -4.6503798627    7.8148882828   -1.5870371202   -1.7537411907    1.8986579762
   1.0301358531    0.6580909111   -4.6825845059    0.0082737906   -2.6884177096   -4.8326996684
  -0.3422174388   -4.1880633111    1.1178857186   -3.2564700662   -0.3830398905    2.3787466138
  -2.4848680061   -0.4240014403   -5.6048494591    5.2284408997   -1.3765204702    1.9385079951
  -6.8472439795   -6.0631802570   -3.7536653669   -1.5356467857   -0.3741474839   -2.2118205479
   6.8885534956   -1.5074755582   -2.5134576025    0.9920741494   -1.7181900382    0.7633443643
   2.6352880592    0.6964986360    1.7342085784    1.8511107237   -4.5617295082   -1.1570855329
   0.5824193535   -2.3815452460   -6.5356111276    3.2151070250   -2.1306657869   -1.7452654363
  -7.3328473419   -4.5732823686   -2.2192750126    2.4807294006    0.7895155827   -0.5858016317
  -6.5961654752    2.9236802684    8.2018740151    0.4201611236   -2.1623026845    4.7527695864
  -2.5469801551   -1.4010006108   -1.4499072492    3.6010492550    1.3187550672    3.2104229116
  -1.6911042460   -1.6674763570   -7.1989994962    1.1729403268    0.3777715384   -1.8289477325
  -6.4078896730   -3.3765640548    0.2241957702    2.6579529920   -3.8736908211    0.2258246752
   8.4688444316   -3.3118015144   -6.9908941198   -0.6891369916    1.2945116045   -3.7629378452
  -6.5879151775   -3.6866131204    1.2852498279    2.5727175300   -2.9050162991    0.6358458255
   2.3727289087    3.3770188345    2.3505204314   -0.5446209488    0.2115838917    2.3760194082
   0.5789676766    4.7842094783    1.4029262586   -0.6763636428    0.9718954386    2.9812391702
   6.6724538257    7.4534972833    0.8863625537    0.7811298561    4.2135524642   -0.9547346115
  -4.6667612668    4.2595302037   -2.9008631030    1.2243888586    0.0166493780   -1.8058683097
  -3.1769031319    3.4504254275    3.1560776962    0.0425244482   -0.3990492097    1.3724597117
   4.0080195065    5.7998523394    5.9665638891   -1.9856727894   -1.9442347977   -3.3735220991
   8.0318892068    6.6308928740   -1.3174914136   -0.9111381433    1.9621250627    1.6165608877
   0.3358293401    3.9879539444    4.8656664559    2.5909812731    1.2874285080   -0.1993476101
  -2.9070390212    1.0808031150    1.2714627067   -0.7381637039   -0.8109135114   -0.5350976334
   2.9949862982    6.0149329567    7.7121969459   -0.5663142933    0.2933655723   -4.2346948758
   1.3887992448   -6.5816436209    6.8068219600    1.7717796869   -1.1977379863    1.5856072221
  -4.6062165698    7.1773973508   -0.4826383602    5.5070389696    0.7347101689    3.0655999868
  -3.4526598876    7.6515568553   -3.4633940343    0.9732741967    1.5779153669    1.0721840763
   1.2619662788    7.0666532924    4.5429097907    0.1656186104    2.4456527609   -0.5145201791
  -1.0674357982    6.1129564529   -2.9083200626    3.2955584720   -0.3541798199    3.2837223839
   2.8996557866    4.2156842228   -6.8178563823   -2.5860224409   -1.4625061104   -1.7911780037
  -4.0765229500   -0.9090977437    0.3704824889   -1.1083105274   -0.0897955664   -3.0633532027
  -5.8127065428   -0.2228816844   -2.8590329485   -1.7400647837   -0.6007037846   -0.7324897775
  -5.7073809893   -0.4749104634    2.1781711129    0.5464794847   -1.3196507463   -1.2218640177
   1.5181789391    3.7941861547    5.9064913858   -2.5893493782   -0.1114142342    0.0094936293
  -1.3553529376   -1.3412633031   -6.3856852960    1.0493950104    2.0534787854   -2.8232487132
   3.4803507797   -2.3707186386   -1.2549593591    0.9881603725   -2.6305538685    1.0651098338
   6.3674666016   -1.6148983212    0.1365411373   -1.9375762556   -1.0863596800    0.1680414313
  -3.8067836623    5.3268105497   -6.0870607853    2.0390853945   -2.2220341687   -1.3504448877
   4.8848936568    1.0861702301   -4.7850232124    3.0572937393    2.5935908508    1.0584022321
  -2.5594799571    2.4456747001   -4.2689916503   -1.5088201147   -1.8419931103    2.5128223672
  -7.2875712918   -8.2679117522    6.4671561055   -4.4238704091   -3.3112975258    1.8404640895
   2.3137651699   -3.4091128701   -2.5196355246   -4.0833074300   -2.9767524495    1.3367982089
  -6.2140787600    3.7358299855    3.3359167225   -2.8933125262    0.7770989913   -1.6328967483
   5.5700970088   -0.9957765510    3.7894396213   -0.3578363472   -5.1283740422   -4.4584252968
   6.0029861843   -2.7805043309    1.0607417352    1.6157419332    0.3130366181   -2.1741208855
  -1.4962618284    1.2532980687    5.7003514023   -2.5109569520   -0.6707503178   -1.9188230807
  -3.4414785430    5.8506332861    5.7389810297    2.1954135064   -1.0380018598   -3.0569565319
  -8.3040234122    4.9380503121   -3.5738680459    0.5806348333    0.3345233788    1.3237209126
   5.0034359533    7.8447448034    0.1925347800    0.9641092572    3.3992708130    0.5811886990
  -1.2020862605   -7.9007430912    4.7676107725   -0.8410268721    0.6605901909   -2.6588667960
   8.4155567276   -3.7209790685    4.8379343690    0.4555998299    2.7700328160    2.8805140855
   1.9385201379   -8.1286758597   -6.7647664815   -1.6021100852   -5.6780865896   -4.3734725915
  -6.8141110998   -5.2606918581    3.1386699231   -2.5368754339   -0.2583678158    1.5673714012
  -6.9768281422    0.2428140700    1.5621425088   -0.8297565759   -0.5011197437   -3.7940399705
   4.1284181957    6.6618941837    3.5969493401    1.1743542655   -0.2677772349    3.9448664742
   0.2600657094   -3.5401209914    4.8092568342   -1.4505428568    0.4710215065    5.2762982345
   4.4037349221    7.6523427235    6.5832190153   -0.7475407458   -0.1579208013   -0.0476242888
   7.6419783629    0.1153045747    0.9890410370    3.2795111622    2.1590706436    2.0884791672
  -3.5787804478    4.3301646778   -7.2945665648    0.5150819997    0.7814158615    3.6019996905
   3.7565870466   -2.4260147520   -2.5284196288   -0.5966293856   -4.2470252409    3.3303896763
   5.0701882487   -4.4848753242    3.3203846047   -1.3328990602   -0.2788301021   -0.5145816050
  -6.0996609141   -8.2003585404    5.0149519093   -0.5136864688   -1.1636277118   -1.2055089735
   1.4588184549   -3.9801907322   -2.7121488012   -1.4802770085   -2.6473936422    2.7721342414
  -1.6829543357   -6.0412477784    6.5232062659    1.8210276302   -2.1817384335   -1.3877181568
  -2.6405976284   -1.7953661334   -7.9510186094    0.8162767236    2.6093037130    0.5628626039
   3.9052731457    3.7586803760   -5.9095248920   -3.6780260679    2.3045590229    2.1319960289
   4.5811113531    3.3043011218   -4.1263672637   -1.2516876426    2.3290879204    2.6093471907
  -3.3130517654   -8.3699369290   -7.4812907940   -0.5347836626    0.3433605671    2.1410601710
  -0.8582461934   -2.1626276109    2.8303427483   -3.7809618750   -2.5646712350   -2.9805154494
  -3.0678759418    2.0514167403    1.5093163789    2.9107116877   -3.0514127905   -1.6396512745
   6.3227079358    6.5376291731   -4.4322760754   -0.8280979775   -3.0963830430    0.0597839605
  -4.1325446197    7.1318839310    1.5455915245    2.1804133598    2.0698846777    0.3027363038
   3.6878735414   -5.8742781210   -4.4959232005   -0.0260303154   -0.7763025603   -0.2492522587
   4.8295787205   -0.1433734023    6.2970366610   -6.4286459247   -1.5736905088   -0.8086915825
  -8.3074649896   -1.4205122999    7.3403039977   -1.4048232461   -2.3835559272   -0.1609822237
   7.9377055437    4.1491298915   -6.5963757218    1.7910068242    1.7078987164    0.8685901444
   0.2963199626   -8.1789503437    7.0625339230   -0.5140891997   -0.0034550871    3.0138725897
   6.2889199891    7.3194037558    6.4667867730   -4.4527272095    2.0775139288    0.8336545121
   2.0962112288   -1.3724247436    3.0564100017    0.1390004487   -2.7358124980    0.0167891391
   3.5822308723   -0.1838707979    5.2244091695   -3.5093303065   -1.3960748025    0.8067583522
  -8.0177104896    2.5876232672    6.8245290084   -1.2286093360   -0.9784686474   -4.6022405074
   0.2452739295    7.3568462951   -3.6623833280    1.6365266727   -2.8980992744    2.9287557918
   5.5799315989    4.1238899617    0.3056605892    2.6554490257    0.9599313029    0.6556610975
   4.4569887957    4.3502115284   -2.6643780333   -1.5247357689    1.7832238744   -2.6320010375
   2.7182438869    3.7078130301   -1.6322220224    1.0529769321    1.4535576916    0.2006320953
   1.3452461573   -7.2522165701    7.9005919973   -4.3178795720   -6.0949123184   -1.2072294941
   8.0984839735   -1.9624169873    0.3150434599   -2.7907420201   -0.8158475805   -1.8261779199
   5.0666876914    0.0218101395    5.1758703695   -0.7928267589   -0.7254447437   -0.3338482068
  -5.4349647914   -3.6374924635   -6.1303828927    0.4982912876   -5.7432872510   -0.2511352749
   0.1951260318    8.2071090781    6.1752365228   -3.4481399558   -1.7664696061   -0.3495511918
   7.5602481594   -2.4382294437    3.2014598850   -0.2776748251    0.5541305708   -0.8809458447
  -4.0885882217    0.9811241811   -3.6712972275   -1.9920866396    1.3404292665    2.0610340654
  -3.2445817222   -6.8179908338   -5.7144077347    3.5249730051    1.7935380515   -0.6266855422
  -7.3581901088    1.9995812150    5.6620408851   -0.0925219153    0.4912658896   -4.1563469573
  -6.9309618520   -6.6116546147    6.5175064905    4.3761791768    0.0537321162    0.0652270907
  -7.1112078719    4.4109660727   -6.7113723842    0.4068571670    2.5865498264   -0.2441837789
  -6.1278159513   -7.6116840093   -6.0240253103    2.1169180262    2.7634500433    2.7854442551
   2.0130753503   -6.2928791921   -2.4499568025    1.9910679943    1.9928040974    2.4900258288
  -2.3604676022   -6.3444917793    7.7543594545    0.2268948993   -2.3728690623   -1.0898317261
   5.9630932011    0.5072038609   -1.3356621189   -6.6259084625    1.6103444892   -1.7845773041
  -7.7316920666    2.1770746261    1.5707799192   -2.0632041146    1.5968052095    1.5810653939
   1.4398960373    0.7459494524    1.3450099588   -1.2174613613   -0.0736529675   -1.6498424508
  -8.0640926508    5.1522490165    3.7395108294    0.4869776463    2.8361980046    0.4147410413
  -3.2085377465    6.9011522515    5.4075186201   -2.7812233866    2.6295926778    2.4339724523
   0.7987828431    2.3898402579   -0.7471698898   -3.2958661182   -1.9104652758   -1.2034587294
  -1.8008851109    3.4150664580   -5.2860253179   -0.0468818215   -4.1696263554    0.9454419869
  -7.8861400386    8.1248380743    1.3027246621   -1.7899042976    0.0692005938    2.7328451003
   6.6249001904    5.9760243908    5.3472414353   -0.3864151985    4.1049125371   -3.1758892172
  -5.9529726050   -8.4048091561    6.1450951954    0.7023195526   -3.5609382551   -1.4985966483
  -7.3815076676    1.1157134073   -3.6733624731   -0.0950687758   -2.8635231887   -2.6296108454
   0.1996938514    6.4648520413    6.5712057624    1.1185998486   -6.4161422797    0.7354115166
  -6.7487933320    2.6522091434    6.7634764426   -0.4696226431    3.1683162501   -2.0469904760
   6.7234913112   -1.5169255349   -6.4274676209    1.2452298533   -0.7642531574    2.8640662777
   3.4831082899   -4.9426618712   -6.3141777751    3.0125531409   -1.1184751612    0.9201440667
  -4.5075487624    7.1583933811    6.0498418327   -1.5569427341    1.2314856712   -2.2856321812
  -0.6076245263    4.9977923971   -2.5414534814   -3.8091772062   -0.7944027847   -3.1374323709
  -3.0888688670   -7.6437389488    3.3661170620   -1.8219980427    0.3632052919    2.2135886827
   6.1181943011   -5.7259403459    3.5283269522    4.9635888511    1.6000076095    1.4947533399
  -0.0364041462    1.4586191458    5.8006941755   -2.3518601790    1.1046419108    0.1159105695
  -4.5229907933    3.7487637294    5.1699237315   -2.0313402639   -1.6677688565   -1.8811698119
   1.6530777324    0.1580350322   -1.7783087247   -0.2788100085   -1.9536158379    1.9281422167
   8.2096850765   -1.3800921759   -8.4684864796    0.9262765418   -3.0454457189    0.7859488801
   2.1907211736    2.5376168218   -0.7802417019    2.8720024813   -1.9660339346    0.8414573305
  -0.6090475806   -5.2426133361    7.0177700215   -1.7983423869    2.9294118100    0.8393909601
  -6.9258220941   -6.6640445368   -1.7816613571   -2.2948536826    3.0370719321   -6.2362302185
  -7.1595066599    3.4539476108    6.1997990270   -3.2179985136    3.0038187768    1.9807210934
  -3.9992411474    2.3180088533   -2.6459367861    2.1284961240    1.7376471586   -3.1944366957
   7.5267940782   -4.9673344631   -7.4510400735    0.1579848950   -0.7158142988    1.1710375798
   6.3518215776   -1.3747479580    4.3181320825   -3.9898942918    2.0047720943    1.8302706262
   6.4088055489   -7.9357335678    8.2142350719    2.9686903492    0.5937309845    1.9826426356
   5.2565443814    2.7014980570   -5.1286224881    0.7518946000    1.8069232735    1.6407230794
  -6.0903338833    0.3127534009    8.4501137619   -0.0616856486    3.0266190208    1.1823635802
  -6.7442877408    0.1210051253    6.5675906002    0.0306293357    3.3507218301   -1.2854890696
  -7.2883267233   -3.3978575448   -5.6086811165    0.0486286656   -0.6122391222    0.3357331458
   2.9782099550    1.5528328279   -3.1666009482   -2.6122559011    4.0540199346   -2.7634536913
  -3.2891116535   -5.6205931097    1.9568868084    0.0095818715   -2.5476715435   -0.1812902762
  -4.0857495244    3.7169068483   -6.0261973920   -2.5490251362    1.3317465084    1.5625068772
   6.2661593553   -7.9746644315    3.8110836046   -0.8570165027   -0.5368820303    3.4393045633
   2.6074030629   -1.0416311589   -0.5574610156    1.9251813980    0.4397687675    2.8792153006
   7.0327022711   -2.4621694809   -0.1843293630    1.0447112211   -0.1033408597    2.5820499633
  -5.1136817273   -2.4268935936    2.3541523387   -1.4245194766   -2.3764807436   -0.8688808219
   2.1638272281   -8.3826760888   -8.3295436507   -3.0039465756    0.2456460853   -1.3131757087
  -5.5296602332    0.1029166667   -0.5101273207   -0.6092101162   -1.5355700908    1.4798497119
   3.2467401340   -0.6612916471    8.1030990047    0.5202516303    0.5284368999   -3.0278368327
   7.2377418934    4.9415574492    7.5939635035    0.9565710673   -1.1004108270   -1.5009536034
  -0.1477668985   -2.5161517869    0.7394189509   -3.7793461819   -0.5766675495    2.8832618946
  -5.7515755243    7.8517856342   -2.2367803905   -3.0462147476    0.5507456044   -1.8405623652
  -4.1362344872    6.9513179640   -4.7744975003   -1.7959353030    4.1458467471   -0.5906809646
  -2.8231308066   -6.3958868416    0.3554877428    1.3527739427    1.0455041163   -1.1192785504
   2.1253253080   -7.3516336184   -2.8341553300    1.6500579587    5.2593731096    0.4247210977
   7.7817701572   -7.2725289014   -0.1975550673   -0.3112309521   -3.0544059784    0.9317446091
  -7.7996219310   -0.8115104719   -2.6135052232   -1.6427622881   -1.6713883712    3.6403074915
   3.5914453887    0.4919395273   -6.2874798654    2.1922210671   -2.7541981445   -2.6829106614
   7.2817614413    6.7371109808   -3.9430572087   -0.1099150918    1.1952039912    0.3511603546
   0.6357743395   -7.0631699834   -0.8753386630   -1.2338552143    0.4192649428   -0.5315112258
   7.5601447212   -2.2732901230   -7.5506572864    1.6765524421    0.2421355276    0.1306308253
  -8.3522567315   -8.1230682686   -4.5430485643    3.0459690180   -2.3992024742    0.8532931505
   4.2855774993   -1.6455347454   -7.7057205049    0.1573150393    0.3133942819    0.6128680457
   2.0736851753    0.1007600360   -4.7583734764    0.7725118424    0.9675753944    0.2903915228
   5.5930755188   -8.2984886782   -2.2300616271   -3.3095360108   -0.1443778753   -0.8238115135
  -2.1052725764   -2.7554115788    2.5206057046    0.0894328473    0.0518101335    0.9715168899
   4.2557359497   -0.3409018717   -3.4125796871   -3.2037169862   -1.0696231225   -0.7239573439
   5.0509877069   -0.2888132465   -0.4071371155    0.6956196823    0.7264279206   -1.2734205169
   1.5310070625   -7.1873050384    1.2102699094    2.8073656432   -0.9415137574   -0.0432534066
   1.1177478817    3.9760659275   -7.2527217490    0.3351061604    0.9025343108   -1.6240357795
   7.7414567577   -0.5993018529    6.5894095903   -0.9765405370   -1.8488776750    1.0317984367
   2.5216790707    0.5624742530    3.1151623958   -1.9519050663    0.1442673048    2.7054788273
   6.2840943826    1.7489103843   -0.2275275701    3.1148038667   -1.6419328911    0.5935389765
   7.0395041049    3.6471335807    7.9902137467   -1.9254589131   -2.9807976207   -0.5872390674
   7.2943211738   -3.8367821484   -8.1050687530    0.1619991611   -0.5146458635   -5.2639614976
  -1.7018002325   -0.1085391337    0.7784191357   -1.8933243227   -1.9843685168    0.5072570261
  -8.3808496630    1.5286023985   -8.1146629504    1.4898989807   -0.7754598834   -0.2958947176
  -8.0412594011    4.2227828175   -8.0677497140   -4.1604827564    1.1723702527   -0.6957707855
  -0.3371503800    1.2507141225    0.6743485922   -2.5219250281   -1.4956538227   -4.2250815067
  -0.8963566480    5.2736609044   -6.5508246302    1.5875781441    2.4596990015    2.5758187243
  -1.3764837690   -2.6078302377   -0.7810858079   -4.8257131100    0.0017547885    3.4518762930
  -7.9647752193   -7.2175075552   -4.1592742536   -2.1051238700    1.8470442948    1.5755814066
   6.6118403048    0.9547126821    2.1907309658   -0.2537279040   -1.8880265559   -1.1029627422
   8.1775322727   -8.4120395758   -2.3258982681   -2.1292127162   -1.9996463530    3.0543607733
  -7.0591051336   -7.5909550778   -5.5389910037    0.1241225578    3.1730858362    0.5529597661
  -3.7568188001    4.7362171229    1.8462388902    0.1042413775   -0.0375395675   -1.8730487629
  -3.9207857614    3.7974126749   -1.6136158483   -1.5610454083    0.8610577637    0.5459924366
  -3.1671454126    4.3832711900   -3.9772716963    4.6984330380    0.5076215311   -2.7711688975
   7.4512598038   -2.8817554985    6.9179105652    3.7801826229    0.7687863863   -0.8763138036
  -3.2439868217   -1.0102193915    8.5072427334   -3.5859050255   -4.5515835219   -0.1382775855
   1.2593088470   -0.0450961509    6.2145369040   -0.2576216404   -0.3605782817    0.5269759861
  -1.2198826368   -8.4787985768   -3.6433154567    1.4405764844   -1.9709404986   -0.3696368671
  -4.2866355962   -0.5823259279    5.7767574819    0.5600142506   -1.4446365364    1.0450185373
   6.5751651148   -4.4166793181   -5.2487925207    4.8983563149   -2.1377064200   -0.2859340525
   6.7030302811    3.7715534848   -1.8075274000   -0.0237997652   -1.3977281800   -0.3301344804
   5.9450181231   -6.4410887514   -3.2398006876   -1.7461034097   -2.8568454149    1.8440138858
  -7.6278474439    4.3813649072    0.9851916404   -6.1717309286    3.0961931634    1.2309530897
   1.5244591482   -7.0986752864   -3.9363299886   -0.7367622554    1.4585266893   -0.2639564302
  -8.4899053114   -1.2390352444    4.9607399624    0.7214056201   -3.4518917329    3.3101616918
   1.3735402945   -2.2716231319    2.2693076519    1.9197781232    4.3862880756   -0.2489350601
  -7.8492195674    2.2961727500   -1.3836121952    0.5920272228   -1.9553759470    0.0711558762
  -3.4448380106    7.6784060917   -7.6687196874    3.7067147539    0.3725985186    0.6762520050
   2.1319305755    7.5141784220    4.5606223941   -3.7864039003    1.4437035714    1.5982925226
   7.0362959854    6.9651501076   -6.2363994698    2.4414157423   -3.9652576639    0.9573980129
   6.3854132020    5.5279135238   -6.1352200080   -1.2529596479    0.5948078422    0.7072222190
  -7.8183158984   -3.9735543610    7.3299420143   -1.0215079212    0.6982642727    0.0349521910
   2.5373257853    2.7920179293    4.0002065918    0.1951513270    2.4571298940    4.1141999489
   4.3923159086   -1.2829665044    1.1725418137    0.6110024598   -2.9325489513    1.9376675177
  -4.9964489170    0.8125243226    6.8387875564    1.0873474777   -0.4945964756    0.9747743411
  -1.6093603768   -0.1014761640   -5.7860720742    1.2350886939   -1.4910414470   -0.4349743888
   5.6455161120   -5.8977969001   -7.5178410871   -0.2821103137    0.1291732526   -3.7905370367
   6.2955594944   -1.8948383049    6.0075249725    0.0954980584   -2.0926050161   -0.4779428715
  -3.7256378168   -6.6692123534    4.3795610333    1.5026826751    0.8433504071   -3.6227499456
   5.0899054055    1.3208401985    2.6175222512    5.2554789092    0.8965384173    3.0406909590
   8.2518125001   -6.2621607807    1.5251548447   -2.1662296833   -3.3120366880    2.0363166579
   3.4692725055   -3.6778688502    5.9249135085   -1.5574080436    1.3474299764    0.0226802321
  -7.0699850335   -4.3393305580   -1.1487557593    0.9567454285   -5.9390883475   -2.3475309947
  -0.4759445527   -4.8242506768   -7.0820215164   -0.2009943817    0.1689852034   -2.2201659777
   3.0687385124   -6.8099063027    0.2666423777   -3.1301327731    2.0888094724    1.5213772405
  -6.2684218471   -6.4466813844   -8.0809143869    3.5321289051    0.7439216118    1.5553194909
   1.9621530561   -3.8548781191   -4.2434407426   -4.7394763920    0.1608069771    0.6867288004
   2.1193958950   -4.1574246413    5.9897550699   -4.4550741483    0.0442034097   -1.1391102024
  -0.1884658465    8.4515592276    0.4304676628    0.1511897266   -0.4921986907   -1.7452525183
  -2.2100124651    1.7787849929    2.3848406002   -1.4623033790   -0.0640575718   -0.4808711825
   0.1684502284    4.0990838741    5.8400195295   -0.3478960537    0.7423123189    4.3060571245
   0.4527938870   -5.3785129071   -6.7022033662    1.2464436732    1.0609612383   -0.9963982951
   0.6730327545    0.1380323514   -6.3976807642    0.9832353783    0.0705240183    0.7686933845
  -2.2748817171   -3.0517144144   -1.3530930751   -2.4995968626    1.6601513308    2.3558100309
  -0.4387558874   -7.9702231230   -6.0248225517    0.5601956987   -1.9157891315    2.7397720654
   1.2345551238    3.8589919730    7.4725772904   -0.2107483147    2.3258189278   -0.0302697842
  -6.4291196011   -3.6066092826   -3.2572754613   -0.9483819621    2.6270763904    0.4709031406
  -4.1784173707   -0.1979028742    7.6568042568   -0.7421909689    0.2299306307   -1.6336266037
  -7.2066689928   -1.2860516734    2.5842383803    1.7196450004    0.1006328580   -2.6146602420
  -7.8803570571   -1.5991260248    3.8752594603    3.5456487009    2.2532465480   -0.6397198562
  -0.8413848771   -0.2876009448    1.9347972557    2.1293683263   -1.7843319611   -2.1281930083
  -7.3744787195   -6.1550983686   -0.0263225622   -0.6044749142   -5.8347302061    3.7854956002
   0.5684881687   -8.5424924460   -3.5606655307    4.6765102551   -5.3057807601   -2.7994331565
  -2.8451526344    7.2190900039   -1.0735920783   -4.0256986864    5.9453839496   -1.5176917249
   3.1588965738    2.4454850032   -2.0354108487   -1.6275666193    1.8122155011   -0.1217261106
   4.5162748380    7.6816652398   -6.5270961062    0.5778052223    1.0415273706    1.1631676170
  -5.8450479712    4.4813862876    7.0773881666    1.3337386715   -2.4919275602    0.7153023324
   6.3034288126   -7.0405796325   -6.4196966734   -3.0267495138   -0.0302501807    1.0559422854
  -8.5145740033   -7.4275779781   -1.9927772886    0.8146637124   -3.5783616778   -2.8922746860
   3.7497481338   -0.9242013680    2.4098887798    4.9086919181   -1.1613664078    1.5082213714
   0.0925916556    8.1551743610   -2.8682529821   -1.8146472193    2.4098969413   -0.3405954783
   6.5720813084    5.2827159698    3.6912474887   -1.6324611891    3.5279550848   -0.0516324259
   3.3394614061   -8.4454269999   -1.5981615456   -1.2568067166   -1.6403528638    2.3025195267
  -3.3519878441   -4.4920426422   -7.1466300020    0.8309368152   -1.6689730082    1.0692499851
  -3.8363791601    7.4948199483   -1.5466918670   -1.7980174811   -2.8851734347    0.2217044594
   2.8150237758   -7.2879494566   -4.1259522770    0.8495075823    3.7512081847   -4.0304721672
   6.7671203148   -4.8910494022   -3.7811106452   -3.5951394653    0.5109533587    2.2271503318
  -3.1483449422    1.2631952743    8.0307544671    0.8633530669    2.8522149387   -1.0508143765
  -4.8982862071    7.3423753119    4.0502140366   -3.1256684436   -0.8325296864   -1.6999786628
   5.8957168102   -0.2711922648   -6.2937104384    0.2007148483    2.8668784770   -1.1309035869
   6.8145290120   -5.5075990330   -4.9983855768    2.5397822782    0.6816634141   -0.0967729356
   1.4662928589    6.5546694986    7.1076190051    0.7085096604    5.2538460656    0.5591731460
   0.9762152121   -7.6764487782    0.3802512310    2.4673466451    2.4294440433   -1.4783172100
  -4.3203263751    6.3217934387    6.8493218940   -1.4030802363    2.0673295288   -0.4064592310
  -0.1022519613    8.0722996258   -0.9579918955    2.5977580136    1.8665841189   -1.6326946548
   1.9217333998   -5.7401811995   -5.5214382169    0.2197832759    0.3806414063   -2.8829104172
  -5.6520580262   -7.8231977471   -5.0491915947    2.4525861886   -0.4453720378   -0.9703176289
   5.0496981010   -4.0201593529    8.0582712585    1.8917294408    3.7906500171    0.1850931986
   2.1397085794   -6.4599619668    7.6495654824    1.5509795403   -1.9887124545    1.0588418617
   6.8133706956    4.2910977635    0.3132118557   -3.2550166652   -0.8787996738    2.7287125268
  -7.4032699336    5.1783934232    1.7898878904   -3.4137561536   -1.9027741925   -0.8205803368
  -6.8776870497   -6.8263613501   -0.1955561736    3.2065854282    1.2411913799   -1.0659255065
   4.5183533178   -7.4401325342   -2.3425022007   -1.4502357354    3.2736660902    1.1378397459
   3.8370529331   -7.4413573710   -6.3687230977   -2.1004190948   -2.0390876990    3.4262702734
   5.6352171436   -2.6485367767    1.9358175224    0.3537217005    0.9165514013    0.5423183429
  -4.0785183918   -3.6349597299   -3.0658758060   -0.3557477787    2.2276632321    1.8982554697
  -0.9842696010    0.9818427438   -3.8895966152   -1.3258566976   -2.5538631180    1.3829974093
  -5.5733487756   -2.2950537177   -2.1602898846    0.3158950272   -1.1633735834   -3.3953745598
  -2.6857992181   -2.0818383980   -5.5956060042    1.5658964475   -2.2122972279   -0.6979487006
   1.9192875110   -4.3939109456    8.1037491780   -0.2861625654   -0.2139986688   -0.0335574979
   1.2764599265   -3.0559461214    0.3910508572    4.0964386774    0.1060103145    0.7365438744
   5.5585572467    3.3984445945    3.6905873579    2.4628156705    1.4360586462   -3.1888271847
  -5.2556773006    6.3375820890    3.7036135123    3.0264736465   -2.9647996062    0.9126258530
  -2.8092532367   -4.4705645514   -1.6898983225   -3.8513894575   -0.2343990322   -3.5594851368
   3.4634061501   -3.6003565865   -3.1124194332   -0.3949610666   -1.9542197639    2.3784466375
   6.0722889526   -6.0703273926   -1.3146739790   -0.8651278630   -2.7307810570    0.0751923558
  -5.7138943942   -1.2048641024   -5.5531794183    1.3162258445    1.9995686376    2.3450861918
  -6.8935010366   -1.2874257724   -2.8272290015    0.6460193533    2.2203145186   -1.9418034331
   5.6610731516   -7.7898569481    7.2461015946    0.0886796043   -0.0379655476   -0.0050870752
  -1.7573874335    2.6670939076    2.8752913587   -0.9740273708   -1.1049855340    2.2280208591
   3.6432836221    7.6407467048   -0.2465713611   -1.2559832260   -4.0463507627    0.0977408651
  -3.9608090211    8.4008254012   -4.5018491951   -4.1699485496    4.3368457152    0.1029451345
   6.4239607942    2.3975553542    6.7082895724    0.6378923813   -7.0850146007    2.6983881774
  -0.9777695550   -1.7779736344    6.3871645909    3.4911352565    2.2085798845    3.1011762881
   8.2497422429   -1.5734610183   -2.0873695315   -2.0925483944    1.3121371110    2.3281177571
  -3.6862895432   -1.3059455152   -6.4054005185    1.3164865213    2.0630918677    1.6799734994
   8.2429076051   -6.2871560377    5.4823403565    2.9840218747   -0.0157976371    4.5562633059
  -0.5909335022    2.8110147669    4.8268678196   -0.8303477541    4.5160299291    0.4356749485
  -5.7785368277    7.7933883837    3.6580601702    0.0930422946   -3.8342553661    0.8615785362
   0.4284049213    0.3717660790    2.8290013778    1.3427818135   -4.0449238343   -0.6754363753
  -0.0610172713    0.3295150495    1.4677196023    2.7991048149    1.1196020836   -0.3015955132
  -5.6935534709    0.5187164778    2.1058398555    5.6243897847    0.8826762184   -2.5288021351
   7.2139803335    2.3905098739   -7.4675675720   -0.3887464607   -1.9700999207   -1.9306447600
  -3.0935782529    7.2486645456   -6.5468383588   -2.2611295392   -1.5448380507   -3.1205828110
   4.9012180394    2.5846735930   -1.6764795385    0.9494742418   -3.6582671746   -0.8652480754
   5.6876841822    6.2796420635    5.8210576637   -0.0719494849    1.0497563558    3.0190214325
  -1.4133021805    6.2594799345    7.8958288154   -0.2036228989    1.6160212522   -3.4729295176
   5.0196878773    8.2919635083   -5.5406738692    1.3344821430   -1.9292565447    3.0249420810
  -5.0121628680   -4.4644383580   -7.6858203592    1.1965504015    1.1002985586   -0.0681082293
   4.2137431656    0.3279788917    0.0179815152   -1.4605271353   -0.4475316125   -0.0990666649
  -1.4220984118   -3.8417368096    2.9560438973   -3.9985538295   -1.7469198901    2.2666270796
  -6.5594480089   -1.6660738113   -8.2000525922   -3.8843682890    0.3693791783    0.2945454222
  -6.0323478515   -3.1897935541    3.2629490159    2.1879757344   -0.3915263917   -0.7290910236
  -1.3698235955   -1.4087428477    3.1273120038   -3.5208616030   -1.3762658630    1.4381554501
  -1.3293693487    7.3861034386    0.2796905064    1.1259745937   -0.1054189415   -4.8409302421
  -5.4643100365   -1.8188776050    6.3199937975   -2.0277921174    3.3403833474   -2.5062071727
  -5.5847986392    5.2907006671    2.4198130988   -6.4335630904    2.8604659015    2.8452099153
   5.6983358278    2.0905619867    3.7923384136    0.1949596273   -3.2860480885    1.6695583441
  -7.9849926694    1.8206822203   -5.5758666539    1.7936787287    5.8430309407   -3.9400743990
   6.1304803083   -2.6291136988   -6.5280142833   -1.6786251236   -2.5636550485   -2.7849580646
   5.7158647088    3.0320165325    7.0657091729    0.8621383958    3.6676656611   -4.9117978674
   6.3860621624   -1.5043994170   -7.4049612352    1.0850676117    0.0968652124   -0.6853034451
  -5.2112168489   -3.5988277830   -0.8481249949   -1.4552759464   -0.1545522272   -3.0689829722
  -0.6993637703    2.6158068394    7.4902612698   -1.0703013784   -2.6940028752    0.4627831956
  -4.1602006295    2.0703835465   -6.0559301560   -1.5152128252   -0.2441747963    2.6254350797
   4.9920324943    7.2790182386    5.0778295540    0.6341706912    0.9672171877   -0.8577065121
   6.4103365994   -4.1835056383   -2.2714115970   -1.1586856325   -0.0940737005   -3.0307212197
   1.0046290326    5.5301920866    6.5573146370    1.4490990571   -1.8108964870   -0.0860700080
   2.3888905918    0.2242829584   -3.0490243282   -2.3741381885   -0.2196713048    0.1614629221
   3.4680904602    2.1478474445    1.2212063343   -1.8096677382   -0.7280235240   -0.6496851163
   0.5292557708   -6.3594187463    3.8512944419    0.9199245022    1.4705146049   -1.1291302781
  -7.8957989539   -5.5654090681    4.3064875738   -0.6027621221   -1.9084022509    0.6660332677
   6.6508159713   -7.0068693771   -2.1224724600    1.9515560139   -0.0403924184   -3.2925786035
   0.8672844608    7.8765343921   -2.0933290307   -3.9043378521    0.6837813408    3.2084233157
   3.9983120611    0.6436592446   -7.9877035117   -0.8862379905    1.9736256195   -0.0780811922
   2.8434829536    4.0330612607    5.3689568611   -1.7704451918   -1.9847278275   -3.5299596545
   5.5217567159   -0.7495736108    5.8030805420    0.6661699207    2.1239941077   -0.1389510746
   1.3063260969    5.5288632244    0.1861056459   -0.6837524866   -1.7633336448   -5.9793889730
   7.2531127195   -0.3050330975    3.3352006570   -1.8768520176    1.9640557005    3.2404518946
   0.2079327332   -8.3013753033    1.2831157273    1.5113723602    1.3469822713    0.9422750616
   0.2133053795   -3.3468481920    8.5036960749   -1.5992301828   -0.3657906177   -1.4373468818
   7.4515859505   -4.3903506499   -6.5185899976   -0.4082493932    1.8454820973    3.1857490010
  -8.4622760103    7.5167494573    3.1707737033    1.5689275995    2.7947410665    1.9612533170
   5.4542079730    2.6669216493   -3.9454426844    0.1685718017   -1.2410561566   -0.0490633296
  -8.3116202999   -5.2956398317   -6.4565259533    0.2159012580   -0.3577124640   -2.6982211211
  -5.2803967201   -7.5033331493   -6.7626176309    0.4761930627    2.1921899381   -0.6142996581
  -6.6308630608    6.3216927556    1.1762888426    4.4804254332    3.1658804046    0.0335059292
  -7.3303008437   -8.0222373281    2.6987360207   -5.4832756649   -1.3752637088   -2.4250998880
  -7.6694867109   -2.6939520074   -7.5669321042   -0.3414951880   -1.1163013981   -1.7435185915
   8.3676918759   -0.4007248452   -4.9533408409    0.3551884734   -0.6745665343   -3.3280707211
  -1.9286778080    4.7624420606    7.5330081045    0.1516989677    0.2447621997    0.6378569147
  -5.5560378277    4.1877147045   -2.2758546833    1.5608677983   -3.2618209708   -0.9543698747
  -5.9274149309    2.0493514653   -4.3892019952    1.5956127647    2.5612094941   -6.8707908066
  -7.4878854703    4.8557766917    6.1324406975   -0.0946876654   -4.2539000583    2.5679811155
   0.1716279398   -0.4428497956   -0.6034875299   -3.9193146922   -0.8118888480   -0.5486099603
   3.8377480776   -6.8443355258    3.8194956717   -1.4157858259   -0.1175685925   -0.1538823960
   5.8018187777   -3.0987594326   -1.9139981687    3.3827759176    2.1433698052    1.2478733642
  -5.8059062617    5.4134334831    1.3366376099   -3.2568075507   -4.8007260004    1.1003390434
   5.9459752662   -4.1167990612    5.3496867876    1.1765647791   -0.9545492857   -1.3020149385
  -2.5336325335    6.2553064786    3.0872081378   -2.2989995209    1.8083014912    0.7721610330
   7.9590126594   -1.6365680861    1.9011082071    1.5689975571   -3.3221628034    2.3951664396
   7.3035556592    4.4311764802   -7.9881090814    0.9898316510    2.8427274471   -0.1851633009
   1.2422804873   -2.5635449833    6.8755467394    1.3201893242   -2.4576364390    2.6117348656
  -4.7931087919    5.9940371900    2.5127301545    1.4567580397   -0.3876677478   -2.6899495020
  -4.9311576871    0.2571603997   -8.0833995413   -1.8650873495    0.0722442013    0.8707810016
  -2.9617679811   -2.6182656058   -4.8753014596    2.1677099146    0.8595800590   -2.0199904651
   0.6173039873    1.1881150155   -2.9402265574   -0.1697274711   -0.3544664496    3.5564219224
   7.0493811340    5.6163622295    2.1457410838   -1.3010885927   -1.5468580702    3.5399143804
   8.1991474876   -7.4441404411    5.3410154986    1.9233165562    1.7760709990    0.3605476610
  -2.7071209442   -7.5785101529   -4.2821517022    1.3082259802   -0.7760559705   -2.2658642371
   1.4142809173   -4.3211230881    6.7767333736    3.6452895500    1.2362559327    1.2056614277
   5.8077573477    4.4546852606   -5.2551775861   -0.5990449056   -2.9478095189    2.2711074861
  -3.0227361507    8.1460453734    6.5122005414    1.6433417117    3.9977928186   -1.0876681851
  -1.2696966690   -1.8666311400   -4.8856017265   -2.1132698928    0.4602578327    1.1875258174
  -0.8979114674    6.0720328016   -4.0322781740    1.0630533725    1.5383474096   -2.1890043014
  -5.8799427536    4.4427068187   -6.5669459159    2.3605127937   -1.4447740975   -2.1887080047
   3.0890118339    4.5823835488   -7.7713607217   -3.2005786046    0.4314937039    0.1057487669
   8.2667529261   -7.6327434539    7.2489296199    0.3069963596    0.6636358713   -2.4857630801
   5.3443528362    4.5139703871   -3.3970694155   -3.9716714559   -1.7959242198    2.7360180281
  -6.5947350180    3.2613324777   -7.3898425017    1.3687893663    2.4833606722   -1.3956432659
   2.6164053594    7.7948311668   -1.1860571304   -0.2177591063    2.5564507221   -2.7408408280
  -1.1110667622   -3.7865334123    1.6393937584   -0.1965154778   -1.0620666201   -0.4828100281
  -2.3278792971   -4.4253756181    2.2645110955   -0.3625216532    0.0224380625   -0.7008814522
  -8.1849437435    1.0345323598    6.1029341735    0.2796912787    1.1375035879    6.9197789610
  -0.6584533807    4.5118349350    0.0915164526    3.6684775340   -1.8886927298   -2.7029849301
  -4.2675710880   -7.2617086599   -7.1922726466    2.6690020324    1.7198962134   -2.7406071359
  -1.8165948114   -7.8385820776   -1.6523498280   -1.0731524020   -1.9321084052   -2.7689720840
   8.4725558497   -5.9173306155   -3.1320034014   -0.5357505131   -0.0257153716    2.1961856916
  -5.3373897064    2.6957208438    3.1227503506    2.0090922128    4.0033471687   -0.0911350314
  -6.2613325753    4.1467638277   -8.2158415169   -0.7229039093   -0.3173627538   -0.1170762433
  -2.4454261721    3.8535359405   -6.7923244789   -0.2890939522    0.3697297048    0.0424369348
  -7.7933814451   -4.2068968107   -7.9637989711   -1.1239696817    0.2975665812   -1.8640717612
   7.8868793851    7.3456726517   -4.8798142410   -0.5093192171   -0.4460270232    4.3399288123
  -3.6469397302    7.6104138982   -2.4292921636   -2.3031111483    0.6045228639    2.4825323833
  -2.5335671283   -7.5256062409   -6.0220004106   -3.3977635028    3.8722417108   -1.1433054790
   1.2226121576    6.2685921213    5.5922660792    1.8019499500    2.5036668783    0.6208900660
  -1.8863796372    4.2064621456   -0.0693702755   -3.3071387465    2.5088175191   -1.1820200725
  -2.3734284006    7.9354973700    7.3532710336    3.3859242755   -3.7180543969   -0.1616343324
   0.7998483918   -1.3917183809    3.9059061589    0.3178065382   -1.2323872731   -1.9945902753
  -0.9640248580   -7.0923553449   -7.1462288322    1.5169154684    1.5738676060    3.3835378049
  -2.0235961028    2.3208710319   -2.4077367308   -0.1942435012   -0.4143616534   -4.4246545172
  -1.4470407694    2.4304687367    6.2281761033   -2.0619008954   -5.6123203905    0.0249707700
  -0.6637661930    7.5491729604   -8.0270990986   -3.5266347669   -2.1775518477   -1.5356403408
   7.8534652157    7.6700942025    3.9624006124   -0.2230758808    1.3263190927    2.4513477917
   1.3338942872    6.6819773779   -4.2163415746    0.8845489135   -1.5151993705    0.5196070663
  -6.0705920779    6.1277564160    2.8303891508   -1.5704294620    0.5257886479   -1.2100673982
  -3.8782954609   -4.1692943768    2.0813392050   -1.3271465375    2.5165767122    3.1104584849
  -1.7584286606   -4.6286037438   -2.1703965359   -2.0764281894    0.2652885703    3.1937385688
  -4.9113896879   -2.5025544001   -7.3554034871   -0.4523807623    4.5203516438    2.6815745005
  -3.6655719466   -8.3423856459    2.3369111426   -3.1467714351   -0.5595963736   -2.4536000842
  -8.2992024584    7.3235505880    4.6933314553    2.4236627333    0.9703106279   -1.5627291118
   6.1325182822    4.2300007164   -0.5504234827    3.3348373333   -4.3244854936   -0.0067744288
  -0.8770866767    4.4430912804    8.3211429697    3.8930501485   -0.6447490687    0.7743364796
   1.4360345938   -1.1496872458    2.0611050292    1.3355998044   -0.8456095964   -0.2752547806
   6.4916443910    1.3237045950    4.6640348555    2.3977689243    0.2628596287   -2.3049043826
   0.8927035298   -5.6808636403   -3.3881174219   -1.3608433325   -2.0660499269    1.0809494591
   3.5005773333    7.4710062975   -6.5604109621    2.0634600313   -3.6976424351   -2.3727907623
   5.5212306547   -0.3339898945    0.9014836292    0.3390831220    1.0640660747   -1.2835039924
  -2.5495343470   -6.9941524633    3.9042628007    0.5514874200   -2.9073753003    2.2633840231
  -6.1324985045   -8.4958604275    2.9632656182   -3.9331612281    2.3551517135   -3.5976906812
  -0.1507017367    2.5254625896   -2.1293963070    0.1606009140   -0.6499872295    0.2150209411
   8.4802240751   -3.8551314874   -3.1256309291   -2.3273750676    0.8133888550   -1.3326888561
  -3.5215997155   -3.5673760758   -1.4031018665   -2.2213626233   -1.4748539883   -1.0399942288
   7.8349956175   -7.2627887160   -5.2672046529    1.2608939999    0.1073123843    2.5197757084
  -4.2783269552   -3.3585993677    5.4025865136   -0.9292654052    0.4326076964   -0.9163471218
  -2.2336617103    0.4531930216   -2.8046197509   -2.9340144813   -1.1120935899    1.4691729987
  -5.6502894693    1.0784287553   -6.0497585817    2.7820148279    1.6970805119   -3.8110850256
   2.4594762838   -1.4344191679    5.9959141857    1.5980523694    0.1813646662    2.1939202227
   2.4150532983   -0.2338019071   -0.0247131985    0.1190138443    1.9744133895    0.7183810302
  -0.2931517792   -5.8189634778   -8.1342545358   -0.6205709203    0.6216187318    0.1887512383
  -5.8575110168   -5.2989767110    4.8374771421   -2.1564659397   -2.5946091100    2.3889691283
  -1.7584770150   -4.3855105291   -7.6646233754    1.1919101375    1.5401553764   -1.2372705686
  -8.2647438880   -3.7695898643    1.2261576995    2.6246202714   -2.0236160996    3.1025812870
  -6.6394694095   -5.1711290632    6.3400956843   -2.2310233814   -1.2009633710    1.2458036037
  -7.9574515087    2.5277611167   -8.5094525073   -1.4706679468   -3.0102986907    1.9336146377
  -4.7947847208   -7.8267073098    3.3994855545   -1.5804060767   -3.8893221378    2.3963779100
  -5.6120796362   -1.0562018411   -3.7946308798   -3.7415517333   -1.6629189292   -4.6257319166
   4.5201100074   -6.3836780492   -3.7510785162   -0.9254152820    0.0791384361    0.9631328864
   4.4867067104    5.1418023089   -8.3435459899   -1.4455762178   -0.2077358481   -1.5457741997
  -3.6874017500   -5.9815217878   -6.4170558249   -1.1830570654   -2.6131404703   -0.7046757266
  -0.7835177093    1.4590942290    4.1837191978   -0.2871452559   -2.3674216228   -1.2749400427
  -0.3489940443    0.4649147760    6.1856571628    0.1668575568    0.6558559109    3.5570504913
   7.0155739421   -4.5328370528    3.5641127488    1.5116304666    5.0630325215    1.4276050936
   4.8073232143   -1.6044620444    7.2271639168    4.4685931946    1.6834944097   -4.2988487953
   5.3016293309    6.2687460739   -3.4613408670    1.4040493439   -3.1167852770    2.1057412730
  -6.3133657721    5.8289013253    7.2768988434    2.0825518148    1.0927293361    1.3039827724
  -1.5233282467    1.2794144592   -5.0039904469   -0.9574953975   -1.7575420099    0.7039651262
   5.9216952854   -7.6845824413   -6.9946756686   -4.3866665550   -1.6085194072    0.6971191984
  -0.3791123600    2.7624631595    3.0349062646    2.0624478518   -2.4644401055   -2.2712325037
   7.6969892538    5.0783972884   -5.5598640806   -1.3712968447   -3.5320088573   -1.8452225723
  -8.2087590565   -2.0206826932   -6.6765482560   -0.6413553019   -2.1132212429    0.3379620665
  -7.8249390649    8.0136891281   -8.3938274765   -0.7291414472   -1.3022598738    0.6000468989
   1.8200460311   -7.0683738872   -0.3729880081    1.7544856729   -3.5038544877    1.7302334179
   0.8679179274    8.0835644585   -4.5454250129   -0.0876730049    4.3500843195   -0.7148026240
   2.3971331916    7.7595508416    6.8443341096    1.4636049955   -1.0312045859   -1.3280063749
  -4.3047792662   -0.0269075657   -5.0690061957   -0.9142207937   -0.7828588501    1.5599743149
   6.2361742877    5.1796131068    5.2820330701    1.8184678986   -0.1859863553   -1.8146002271
  -5.2588823498    5.3775859479    0.1485595350    2.4892474423   -0.2822533724   -3.1595614444
   2.4451773248    5.9685107103   -0.5580952276   -2.2133623946   -0.7735672413   -4.1906739896
   1.0124720013    7.9490835952    5.9153915282    4.4946762878    0.5519953518   -0.6941038729
  -0.0831086793    6.1226730906   -1.1223924588   -2.2048060193   -2.5656598603    2.8021263972
  -2.9336676132    6.5971603848    8.5069811889   -0.8074469692    0.0098438657   -0.4076529146
   3.0195232389    3.7636116572   -3.7363568053    0.8772318953   -0.9273516029    0.7721645702
  -0.0067243638   -1.8402157065   -1.4597913555   -1.7384798231   -1.3996915849   -3.5455684297
   2.8466074126   -4.0761439468    3.5522155816   -0.1513270759    0.6259343859    4.5960225108
  -3.4935788054   -2.0720422490   -1.1286856371   -2.8831560180    1.6639037772    0.0658121070
   5.2021366383    6.1923251417    3.9210029182   -1.5381844788    1.1508110873    2.2094101500
   5.3988178219    1.7893291359    8.3412928721   -1.0360443670   -2.3492997330   -2.1466570788
  -4.8208458021   -3.4911683048   -0.0192443045   -0.5894728613    1.4004343658    5.2412751502
   1.8665813304   -6.2315902366    3.8469309984    2.8222294501   -1.8434982736    0.7093628851
  -7.3530789947    6.7007828249    1.6565355021    0.2481441556   -2.9596714139   -1.8467889485
   6.5168368284   -0.4754181837   -4.2890314966    0.9206243054    1.0782752243    1.3950739316
   3.5755625035   -5.0906302806   -3.3351830526   -4.2417092023    3.1567496470   -0.0339143735
   3.8109297973    1.4078489075   -2.4508357221   -0.0184246653   -1.1107223586    1.0183131049
   3.7487511922    2.0746765388    4.2388565880    1.8205666496    1.5432306370    1.3363258693
   7.5311995275    1.7310084545   -3.4592832813   -1.1592453984   -2.9066330231    2.1498940592
  -7.2491364620   -2.0108866753   -6.4074966256   -0.0076745553   -0.5617461924    1.6537298374
   6.9341551890   -7.1278037215    6.3246305385    2.9986552339   -2.9694716990   -0.7024553940
   4.8024156550    2.4988752765    8.1645898251    0.6363380674   -2.9222161609   -0.9126181523
  -6.9152821185    1.6486494068    1.9407807901   -0.6166600082   -1.3970348177    0.2001005382
   1.7493302033   -8.4257532490   -0.0128270307    1.8977390780   -1.8042781707    2.1938463508
  -2.0452878130   -7.3637663631    5.1868878642    2.2948077897    1.4135585030   -0.9577442616
   0.9568502331   -1.9142695709    0.6805073444   -2.0322353282   -2.5737551074    0.6867715997
  -5.8458657698   -1.7582581806    8.0151190711   -1.4191065343   -2.1868391563    1.4627986588
  -2.8771923531   -4.3061803512    8.0510485542    0.6563033204    1.8764227346    2.3617068006
   3.5104577940   -5.8206542905    8.2516592724    0.6586352405    3.0374291375    0.0620740397
  -5.0507491432    8.0424568472    2.7819507188    3.0744613389   -1.9463324836    0.2963885942
  -6.7429593436    3.4949752481   -2.0067625071   -0.8163888821    5.9910721943   -3.1324988427
  -1.5817938046    3.4448387879    8.3657431250    0.0073142758    0.3655394442    1.9275377392
   7.4256211522   -5.9794031526    6.4504329296   -1.1923169865   -0.6199184318    4.3111154118
  -4.8787584888   -5.2639264852    6.2238204893   -0.2239341707   -3.5547463543    0.3992398644
  -0.9587266236   -8.2379216232    6.8506529686    1.8052482480    2.9666645996    0.5685006107
   4.1062957360    0.5230586120    7.6881484788    0.6974702410    0.2970143262    1.6396284376
   1.3703027427    1.2819535852    6.1907992769    0.4995875156    2.8885880483   -1.7290312400
  -1.7658184772    4.9571050863   -6.0674218302   -2.1823310591   -1.7143465076    6.0980789309
   0.9897546016    6.8472963100   -0.2789408159   -1.4005715481   -1.2792171266   -1.4057711160
   7.0199230173    8.0462940462    5.4656258352    0.0921384713   -1.7106949345   -0.1742906271
  -5.5085530758   -3.7992470712   -3.8049640047    4.2775864338    0.6164786288    0.2940224365
  -7.0567765457    1.4691119564    6.4682886958   -3.6210402121    1.8110209904   -0.4549500726
  -6.6305970928    5.4615333851    5.4546565926    2.2947288216    2.6258370973    4.6323090776
  -0.1695253976    7.9952775835    3.9624256186   -2.7581373020   -2.4932423433   -1.5442273137
  -2.2301601832   -2.1980302649   -0.1643738053   -0.5851064300   -1.8319206107    2.2417002625
  -5.1171663573   -0.7981551291    7.7470198122    1.3427029192   -2.9640654985    0.6207462146
  -1.3087996661    4.4481384622    3.7517177451    3.7043875136   -4.9016865872   -0.6089101622
   7.3779067519   -6.5136482591    1.1295255350    1.7171716967   -6.2172666228    0.4216953739
   1.8744323089    5.8919797180   -3.6514195066    4.8119995556    2.3043805820   -0.7812978408
   6.7705658093   -5.2281924533    6.5179321045    2.2193672365    0.3463960871   -1.1078744048
  -7.6476225027    5.0665392754   -1.6450672214    3.1454551631   -0.3165087475    1.2154945451
  -1.1723059714    4.3466781261   -1.2604372230   -2.5130874650    0.8792527268    2.1443796383
  -6.4377633425   -7.5150503960    8.0296897916   -2.4731515354   -2.0737973400    1.0544566511
   2.9566633923   -1.1661949565    1.9186300754    3.8893375618   -0.4448579803    0.3611926299
   5.5293608694   -3.1172047087   -3.4151493369    2.1631474304    1.3229971496   -2.7722414811
   0.2658065962   -7.8424054726   -0.5492567732   -0.4418425296    0.0623350910    2.5893390786
  -4.6241754610    6.4782684304   -2.0514817759   -1.3912039990    1.8019507372    3.6688305484
  -4.2204472483    3.4875225655   -2.8478353493    1.2702698189   -1.1737234730    1.0714360765
   2.7379732381    3.8423672161   -0.0845036203    2.6135440224   -5.0046510353   -3.6218591559
   1.4181296111   -2.7213010667   -4.5960639622   -2.8206829980    3.7490970371   -3.0819150520
   5.7577327632    6.5457256232   -8.4450580621    0.5650705020   -1.1991766079   -2.0782471394
  -5.3311527542    6.2741396746    6.0030255404    1.6299407528    1.5828578768    0.9879859903
   3.5032245178    5.2338332748   -2.9612194959   -3.5891132226    2.2808050647    0.5382226890
   4.0801410831    6.8890701562   -3.3757297645   -0.0775804134   -5.9175609428    1.9223403111
  -2.0566940779    3.5541858015    6.8129056747    2.8671491699    0.1396176804   -2.9365656473
  -3.4525864655   -5.6523780159    3.6320083874   -1.1450043089    5.3250728229    0.7793903599
   7.7406827697   -7.9958262765    0.4649981127   -2.1405686946   -3.7061104711   -0.4786284767
  -8.2921996171    3.8253859834    2.3159887176   -0.4948183697    0.5266167372   -2.4390054373
  -2.2029641093   -1.4281723808    0.7288035842    1.5261080777    0.6900054735   -1.9684256632
   5.8341545347    5.1133473154   -1.1295242191   -1.8122972407    1.1593256133   -0.0718887282
   7.4287701518    0.2094043638    7.8107780221    1.8329235603   -0.2082162686    2.7212063715
  -7.6848784602   -7.6662719120    0.1994366889    0.4609404872    1.2878283776   -0.4284406899
   5.7855542488    6.6431389745    1.4216618450    0.2612243513    1.4525220882   -3.4593592035
  -3.6643550136   -7.5798798968    1.6243338435    0.5033410981   -0.6684133965   -1.9308753664
  -7.7667577981    6.1162914173   -5.0160113165   -1.8059474500    1.1432438364    2.1484727702
  -5.6967272321    2.5465342692   -7.6602475887    0.6608078240    5.6370456118    0.3022446450
   4.5088106788    0.2843688087    4.5357047667    0.5186336674    0.1638161461   -0.8704083010
   0.9961361105    1.1326397340    3.7260435098   -2.5361074482   -1.9902328046   -0.4111642450
   3.2577506099    6.4206015244    4.1148456260    1.7745436104   -1.8189082779    2.1349134081
  -5.7326172034   -1.2447922310    4.0196228285    0.6766649202   -3.2005198359    0.2174746835
  -1.7610213959   -6.2149961001    5.4249058496   -4.8289776910    4.0562271873   -2.2829261624
  -0.2812936322   -1.1584349853    2.5598702634    3.1426864460    0.2894173346    1.3241627958
  -3.1220294954    4.5257434383   -5.0315665660   -5.6019350358   -1.9743377654    1.8334251397
   1.8846336552    6.2178450917    0.4458901762   -2.5312988959   -0.6732863305   -1.8446064382
  -0.7169845278    5.7805987724   -5.5664925311   -1.4272660159   -2.4438750145   -5.2031955465
  -1.4325467028   -6.0618557314   -5.3937842249    3.0487546678    1.4433132436   -5.0591956601
  -0.0078778739    4.4847963585    7.1804062066   -3.2968849785    0.4029682392    0.6578134596
   6.7701903002    3.3276419510   -6.4126370416   -0.8645302441    3.8615663309   -1.9376489994
  -0.0329829162    4.4371034643   -1.5592093632    3.7432325354    1.1042192837    0.1716227416
  -8.0433022710   -2.4984816825    5.0281925638   -1.1135315468   -1.7057501981   -2.6074493580
  -2.1035300310    7.5423898742   -3.8458232364   -0.5762596866   -3.3776582380   -2.6287368413
  -4.1872602865    1.1509111518   -5.0823521666   -3.1803697333   -1.8423058824   -5.6833053660
  -3.4263733291   -2.4491174703    4.4904664043    1.3603232105   -0.9934135684   -0.7666958356
  -5.5377116785    3.0003682200    7.9260168137   -0.5189397483   -1.7114430445    0.7717471663
  -3.5469554510   -4.2306495136    5.4535933752    1.5105751384   -2.4311508966    1.0718652741
   1.5890475883    5.8484328826   -6.0700162287    0.6436812457    2.4308193306   -0.1125426345
  -8.1070684916   -5.9324883509   -0.5327624170    2.8413665896    0.2835449202   -1.4595803088
  -5.7977023906   -1.5398635060    2.4851168490    1.5566967454    1.5472647266    1.4583296815
   0.3705887698   -6.7578881533    0.2456044406   -0.3479853109    0.4418644205    0.5036157227
   5.4113462206    7.0931440705    3.5147829556   -0.6581774005   -3.2316542602    1.4493434934
  -1.1338543194   -3.4516465060    0.1568341233   -1.0295797819    0.7347220863   -0.7957057545
   2.0909725830    7.1809121460    2.1598446681    2.0321802221   -0.5097870114    1.2954559108
  -2.1796220566    5.2424904176    1.8151649611    3.6806611336    2.7175207537    1.6510207065
  -5.4097475255   -7.2895630753   -1.2768672423    2.7232704752    2.2037963956   -1.7353683817
   5.3496073498    3.7477482294   -4.5058249253    0.5885341479   -0.6679114171   -0.2488153164
   0.1741655974    5.4426819155   -5.6157430656    1.7913415983   -3.3988919481   -3.9364156405
  -3.1956585228   -8.5466743482    1.3129961522   -0.3163761737    3.9291681139    2.6645700417
   6.8278801552   -0.4102847644   -2.0216610625    3.2365466174   -0.3906258818   -1.1795882895
  -6.9726083937   -7.6434957176   -7.0638655686   -4.4820869326   -0.8667827276   -1.8602055202
   1.8362074035    2.2446562795   -5.8610908355    2.0236711429    3.3538646921    0.4363270866
  -4.5893665686   -0.6765908224   -1.0613124407   -0.8147991626   -2.8162207666    1.8057542732
   2.9228910403    6.1092014177    0.5257011555    0.9031847715   -4.9589708430   -2.6781256404
  -6.3351364584    1.0723225924   -2.8604340363    2.7619006439   -3.6543383664   -2.6534571861
  -4.6369988805    8.3443356889    4.0224909931    0.0270740440    0.6921299439    0.3743498444
  -1.9778265556    7.3271839444   -8.1545665993    0.2462525051    1.6634120740   -0.4136533040
   8.2452015569    2.0161203887    4.8894563847   -0.8604061818    1.9225779600   -2.7183105380
  -7.6658894755   -1.1920286363   -5.3232781243    0.3055787576   -0.5650297921   -3.7405509664
   2.3988638711    5.4102507373   -1.8290022934   -0.1805797686   -1.8253105358   -1.7473062134
  -8.3530225427    1.6200877244   -2.3882666782   -0.3847974568    2.1867185341    3.6736054141
  -3.5460002056   -5.6249476485    6.9383154651   -1.5466293258    2.9904550277   -0.6114543524
  -1.6738784525   -7.1186153396   -5.0504230350    1.4103535351   -0.4170553155    4.6008421631
  -3.1900263837   -7.6517136039   -5.2850316297   -1.7742729274    4.8905502759   -1.0741915139
  -5.6182375449    4.8829559146    4.9935290718   -1.3640682498    0.4652021157   -0.0999151447
  -5.5827396237    6.0915533146   -6.0341055578   -3.0739038221    1.4179036463   -1.1924281727
  -1.7895050026   -6.1043996423   -1.0070390771    0.5360009567    5.2970758222    2.9543609717
   2.5055608146   -7.7117003207    2.2700681166    0.0126144593   -2.7396150158   -0.6748287493
  -7.8246340683   -5.8841026864   -4.8194954432   -5.0119198460    2.0287019213    1.8211948399
  -0.8534335616   -6.4572229003   -3.0543314268    1.0522919825   -0.9341708906    0.0476782190
  -6.1020121098    8.1489052859    1.6788088616    0.8284124559    1.1610108138    2.3877913108
  -6.5469950572    2.9262646737    2.9410449576    1.0312095967   -1.6679420537    0.5327278823
  -3.6418006286    0.7696830059    3.1103668488   -1.7134186423    0.8804993541    4.6322602938
   1.7694154580    3.4556287087    0.1617255680   -2.1271015312   -1.3345184474   -2.0355901682
   4.2902326564    2.9345408016    0.2446285531    0.4400406426    3.3685889524   -1.8982647006
  -1.9162386117   -0.3257423477    4.6595649823    0.1383242521    2.4026772096    4.8178359288
  -6.6327071794   -6.6151087638   -5.6800984807   -0.1745426938   -2.7175813106   -2.9331568718
  -8.0105130637    6.3562397510   -6.8789612775    1.5333833205   -2.9889959716   -2.7919157757
   7.4204030158    2.0656041682    6.4376917205    0.0471968048    0.7991211818    1.7181017033
   4.7018629559   -7.4089489373    0.0489958722   -1.3997533559    2.0946017780    0.5790657251
  -8.2363827374    7.5245684336    0.3257368832    5.4983115161   -1.4333026641    1.0358879430
   0.5599854924    5.8661973911    3.3172317103   -0.9881789022    1.5519005060    4.8801383491
   6.9301662776    7.8298619811    3.1537337874    1.4882783462   -0.1830131399    1.0483623958
  -2.0170416540    1.0439148647    7.5001467694   -2.0299045390    0.0237390097    3.6463643195
   3.7634825367    7.5774976703    4.2405785927   -1.3644821177   -2.4981626248   -0.3341389138
  -0.6498085609    6.1261120606   -8.3224274248   -3.3360227874    2.9488264936   -4.4153114191
   6.1244779525   -7.6278809003    1.2487661762   -3.0619140962    0.4236334629   -3.4619051290
  -6.3869340254   -5.4187757317    1.7006329798    2.6481451979    2.5095923145   -0.7651006001
  -0.7433186865    5.6406550605    5.0810743431   -2.2405742782    0.9946454208    3.5680207670
   1.0945002029   -4.1011644769    3.7239399501    0.8528873193    0.0032507839    0.3439693132
   7.8805576105   -4.9098620180    7.2768123392    2.5045823602    0.7232388415   -3.0030907353
   5.2592072974    1.4705946910   -0.3435356115    1.9370676882    2.1918242760    0.1523092304
   3.3309411060    8.4148569154    2.5883423872   -2.5943123232    3.7993862973    0.8811483704
  -6.2517261605   -3.8985608007   -1.5622305052   -3.4825384454    0.6094179745    1.9317450201
   4.5385280202    3.6158260166    4.8809696709    4.3743500784   -2.2191322995    0.3127368699
  -1.7910316875   -6.5533966507   -4.0259948914   -0.5815684485   -1.8784644957    2.1765525982
   1.8460358120   -6.8828800025    2.6231642808   -1.0870527495    0.7195942469   -1.3924352785
  -5.0148854416    3.5500411984   -7.4340646457    0.5896968797    0.5350331454    2.3024969595
   0.1124978775   -7.3731959284    7.7486643113   -3.8068037945   -0.7463421588    3.6974036054
   7.7373114340    5.3535358773   -0.5061250572   -0.3114602128    1.4964560950   -1.2696002386
  -3.4551995023    5.8335824620   -2.3354733181   -1.4491485238    1.7077271404    0.9487452370
   6.2159696331    1.9022122387    0.9851383125    1.6497794822   -3.8784525500   -0.0799423833
  -5.5037353113   -8.4462371801   -5.8254692596    0.0131897726   -2.0069026946    1.7048184112
   0.9708170190    6.1750411436   -7.8384840916   -0.5019686159    1.2925047278   -1.7208680536
  -3.2101707173    2.1037974251   -3.5538729160   -0.4106645391   -1.4529676266   -2.8591176283
   2.8869697884    5.9930716847    4.9761140321    1.5365818666    4.7053823567   -1.1621102553
  -4.0329911600    3.4317919992    7.4500570597   -3.0816922321    3.8881048719    2.6978389715
  -2.4788198401    5.7985672859   -6.4390015668    3.8893370395   -1.4239989956    0.1313571806
  -6.6439045425    5.8045403570    3.7495739212    1.9841845271    2.2532452889   -2.9529867420
  -3.6737718694   -4.2679963339   -2.3433207396   -4.1789866792    3.0370959918   -1.3729937477
  -5.5266268924   -7.9566668270   -2.7857734529    3.5088442856   -6.0108279852   -3.0098018026
   3.1924827998   -1.5909514656    6.5456322551   -1.3054273196   -2.5048151595   -0.1735173576
   0.8994158241    5.7905418116   -4.4995102357   -2.7449061362    3.4729726943    3.1173600389
  -4.8515102099   -8.4191869110    7.2503104693   -2.9597960538   -3.9687684285    0.7698941089
  -5.0127319353   -6.9893092566   -3.8678761693    3.9320976462    2.2796656272    2.8784023369
   0.0766309566    2.8120181469   -3.1329151833    0.9396748745   -0.0536794923   -0.4736632836
   2.3130299878   -2.1642729721    5.0909634626   -0.6771590370    2.7442608076   -3.1497915626
  -0.8337408138    7.0418260928   -4.0527953670   -1.7678801085    3.0470246163    1.3532670516
   1.0765331764   -3.1874956693   -2.1254293902    2.1169952392    2.0793176506   -5.4198714479
   4.1115107206    8.0601321691    2.7128564903    0.8215828139    0.2933155676    1.6535345230
   3.9619943596    2.6219654678   -6.7430312086    0.1896078132   -0.3753639814    0.4182250730
  -3.4292273049   -4.2998470880   -4.6426077729   -2.0714691382    2.0025516728   -1.6912356019
   1.3754924344    0.1146568251   -2.7547554705   -3.9646807299    4.8676986242   -1.1941002719
  -4.5856644009   -2.4678135047    0.2952043428    1.3572958504    0.4893648887    6.1047295059
  -1.3486461355    4.1548101149    1.6380199477   -1.7683504472   -2.6300238845   -1.7169968707
  -7.2801967446    0.6284621473    7.1488686103    0.3901053941    0.1006845588   -1.9448868541
   7.5946760408   -0.1416602003   -3.2147772454   -3.4716615308   -3.2025940542   -1.0001155810
  -2.1694999110    0.3549844486   -6.3864901777   -1.0915481326   -2.6171600982    0.8984133733
   1.6513845477    4.6434277026   -3.3153424359   -1.0034803297    0.3668138861    1.5210445629
  -2.7608975037   -8.4752686878   -4.7656387176    2.0789489680    0.9759982819    0.3693970870
  -4.1017704423    5.5659320669   -1.1664207005    2.5193679277    0.5172030734    3.7264873652
  -6.6169793644   -5.3505688553    8.2661392330    1.4281703323   -1.7326388876    1.1921959906
  -0.1371398438    1.8615931075   -3.8097644726   -1.0192997261    1.8436079641    0.4405717447
  -3.7011003588    6.7045560183    2.4737069378   -3.0947150217    0.6221069872    1.9411697839
  -2.2081054511   -8.2415427715    2.5897754530    3.2342361573    1.2028695287   -1.1704119805
  -3.9446064489    6.6661011534    3.9378521325   -3.9864171807    0.2496024827   -1.4231586006
   6.4665998120    4.5437114102   -7.3812283797    4.9834858384    0.2863330402    0.2346618222
  -8.1972070451   -7.0426306436    4.5874166067   -2.5384812121    2.9846209593   -0.7909456516
  -0.2822975788    7.0691633648   -2.1464363802   -0.5036051547   -1.0187706605    2.1031241322
  -0.4675312280   -6.4651929546    5.4178307805   -3.4214533071    0.8452785969    0.3530471281
   4.8102596946    2.8589037811    4.1910143908   -1.6971068575   -1.6230139819   -3.4283675788
   2.6923831340    4.6977402809    3.7296592042    0.5696504810    1.8255663621   -1.6932762199
  -0.7117642445   -4.4578025316   -0.1699599507   -4.1365666491   -3.3490218682    2.8352324927
   4.9458109598   -5.3471155882   -3.5521181679   -1.4717284320   -0.0401134687   -0.0744290411
  -4.8872105771   -2.3180058212    1.2199645595   -1.5107058053    0.4617936376   -0.8914782158
   6.1750854122    0.9602257750    1.1634411050   -2.2633461538    2.3812205225   -0.9285062816
   3.7490614162    3.6801701523   -1.0581521873   -0.3137469175   -1.4785811109    1.1126061202
  -1.6266536214   -2.6958380107    3.4317506340   -1.7452525835   -3.9492179542    1.2269642673
  -4.6917678914    4.6700718114   -1.1310294826   -1.8129146774   -2.3831765984    4.4705664080
  -1.8798376204    2.4259830335   -3.4317580939   -3.1059092795    6.1710919939   -0.0323868593
   7.7245505811   -6.5259156690   -1.7503865583   -1.5107945529    0.4655138102    2.8743016538
  -0.3232156466   -3.9427459303   -2.6979941212   -0.6904733196   -4.6540755119    0.0463186890
  -1.8502264816   -8.2836459892    7.3366682205    0.0284152850   -0.5869087343   -2.0535629638
   4.4735860222   -1.2175012125   -1.9672066019   -1.1569321093   -3.4449492805   -2.1192011822
  -2.4863214188   -3.0527526170   -3.1055906493   -1.0514373859   -0.8625208541   -0.3334124712
   3.7538579555   -4.2878724980   -5.4210487423   -1.1008272963   -0.3183214469   -1.9564166109
  -8.4089235378   -6.0815094673   -3.9719949483   -2.3996817969    0.1033338269    0.5867686310
  -2.3866800123   -4.8722924596   -4.8082954768   -0.6725710619    0.7051101651   -2.1352430545
   7.6458450294    2.7085034561    4.5069410018   -2.8945915336    0.4278918828    0.6340559706
   4.2888971765   -4.7511506145   -2.8942488646   -1.8960936653   -1.1405740775    4.2078606492
  -1.2599238113   -1.4302819889    7.9312192193   -0.7947105280   -1.3102249426   -2.8328327040
   5.1050187014   -3.7221168967   -6.4886938089   -1.6568828736   -1.6874399439   -0.2118610314
  -0.2302988372   -1.1363136296    7.7356437419    1.2249732259    0.2437037465    0.2301469656
  -3.8178516489   -0.0523824054    0.8306797731    0.6337578562   -2.2605474809    1.5378155048
   6.6892248576    5.3687165429   -3.6454076057   -1.0262561950    2.2904040630    1.0922534765
   0.8025166035    0.2053709819   -3.5198885490    2.4916219834   -0.5037401326   -0.9569361104
   3.4192072467    6.2940198858   -8.1089632310   -0.2174416781    4.9642446803   -0.5557209166
  -3.7355937539    6.1045543993   -0.0776264038    0.1426436291    1.5665260390    0.1180610247
   7.5233870851   -0.9749970137   -1.1132395995   -1.4200230852    2.9331104031   -4.9398913051
  -6.9891328668   -6.2027549858    3.9207473930    1.2299505971   -0.0580939144   -1.0798659434
  -8.3091730076   -7.9721516397    8.5466721493   -0.3445522499   -1.4224524383   -0.6593362758
   0.8289888132    6.7859751579   -2.3688367728    2.0323810446    1.2924464308    0.6745702851
  -1.5099733555   -4.9448915199   -4.2295696626   -3.9854486719   -0.2927230318   -0.6293211752
   5.0246937050    1.3544193665    6.7030812274    3.0050189316    3.9212766821   -3.2393747878
   8.3274834008    7.6467557726   -1.8676417166    1.2072126548   -1.3358498333   -2.0921963200
  -5.4628253791    5.1426620509   -1.9413167536    0.0828097965    0.3095502465    1.2977416933
   8.1133936529   -6.8345068176   -2.8694461626    3.4873288919   -1.1529530174    0.0639882660
  -5.9857182529    5.3906852275    8.3786668322   -3.9390408407   -1.3181860890    1.4832212450
  -1.5781071184   -5.5795826334   -3.3220973074    1.8523717511    1.0814905636   -6.6724524856
   1.3298110846   -7.3375999401    5.0498656224    1.0251744220   -2.0599078684    3.8957077983
  -4.0566382137   -3.5580105651   -4.2400009624   -0.2591926578   -0.5871938555   -0.1426152588
   5.0155291804   -8.3147132312   -3.9722064590    0.4578864800   -2.6730368880    0.4659032222
   1.7591439692   -0.1397137787    2.0707574023   -0.9373379040    0.8468813499    2.2246703753
  -4.8879984881    2.2435846069   -6.9461300131    1.8847135628   -0.3761273818   -1.4429021620
   4.3603033133    4.5708483654    3.4730562665   -1.4153564262    0.0505279139   -0.1092364174
  -4.7428992244   -7.6055167920    2.2943897423    0.4982395556    1.2051899883   -2.0422117854
  -4.1110301695   -2.0662850868    4.0481260293   -4.0281308467   -0.8968739250    0.4827012958
   5.7939398883    3.0095453249   -1.6984775150   -0.3230003182   -3.2549376729   -1.9646309316
  -7.0300510573   -6.8296399311    5.2193824550   -0.0495752002   -3.4488928313   -2.6775313442
  -5.6917638715    7.2966899214    1.4705955291    4.6606577999   -3.3753350912    0.4494197349
  -1.3522131792    6.2611623165    7.0174475783    3.3405932084    1.5239825939   -2.1090616881
   5.9546416997   -2.1002625828    8.0126321721   -5.6456374805    0.9766996314   -2.2730627326
  -6.7800801239    6.8668827887    3.5022870369    3.9053628554   -2.9593904389    3.3943281018
   7.6011426145    7.2814058709    2.4613470301   -1.9191872835   -0.7070515033    0.7998232834
   5.0069467585   -2.0420983000   -2.0224991932   -0.4035146456   -2.6990294662    4.5221608878
   8.2292029874   -5.5665288477    6.4665125775   -2.0198102913    2.2473490836   -0.6623372859
  -7.6021009606   -7.2374547867    1.5586003050    0.7093074049   -1.9045721661    2.8166101507
   5.9013732058   -1.4576571168   -5.5521004449   -0.5051409885   -0.0764701430   -1.5258357541
   0.2271156821   -4.8666962009   -2.1089917958   -0.4155018029    0.7371862186    2.4879468033
   3.1037641937   -6.3011402597   -1.8522805605   -0.6977584806   -0.3207741479   -0.7657985528
   6.2927313802   -3.1618281603    3.2867985514   -1.7371430094    2.7495906017   -0.9704252868
  -0.6691781577   -4.5825387467   -3.8089279736   -3.5784793787    3.0506930711   -1.0593309759
  -5.1226281670    2.6660753468   -1.2427927203    0.4584443345    3.1289984865    0.0548559090
   5.0582160376   -6.8516221818   -5.0739114690    3.0280636981    1.6830420031   -1.5408865168
   0.6738692094   -4.9378383951    1.3832064994    2.3221648969    6.9687002643    0.5576742295
   2.8978212155   -6.7722551924   -0.7548994428   -0.8104947812    1.9055421078   -1.0640594923
   7.4376938705    6.3789590537   -2.3794298812   -1.7822265185    3.8992961033   -2.1286429383
  -7.2435135398   -4.0260741658    3.4709987353   -0.8208109309    1.2801877528   -1.5204333019
  -4.7732493458   -0.1734488147   -1.9941332835    0.9987759897    1.9970132898    2.0574903576
   5.1085921823   -8.1698855611    4.5201605161   -1.9986402904    1.4243403819    2.0773599833
  -7.9899378129    0.6158780833   -3.2067130502   -3.0465732733    0.2221247957   -0.1797064394
   8.1892344210   -1.7263969539   -3.3478718388   -2.9092647906    0.4800952325   -0.3075352577
   0.7781731649    6.7655760552    0.9024488270    2.1331096652   -0.5489170310    0.0733639549
  -2.1137129721    7.9394236789   -2.8053304777    0.2424212518    1.2703296364    0.7931933340
   1.4101545634   -2.9072335459    4.4217767590    1.0447143349    4.6182127395   -0.3779520545
  -7.7312784665    7.5143254555    7.8792165762    2.5421689757   -0.7037675997    2.9979241458
  -3.3725208391    6.7482744985    6.9929749685   -0.6928048394    2.6728128251   -1.5227548602
   0.1496417691   -6.4576132478   -3.7011476151   -1.1086217940    2.7830225027   -0.0009639208
   7.3623736400    6.3711083335   -0.2992112861   -0.7826107089   -3.0379612432    2.1706735182
   1.7952087964   -3.6453091155    7.6421097860   -2.5303826361   -3.3946775289    2.6094699424
   2.6228160473    4.6342719244   -4.0823403200   -1.0265933910    1.5975143551   -0.8314282854
  -7.5654879808    1.1434445225    8.2452740626    1.0090098235   -3.1965298560   -0.3164636657
  -3.6748309456    5.1594223655   -3.1155691076    4.8175979979   -2.4923802344   -4.0285997769
  -2.1716834101    5.3062829865    0.5064983109    1.0812740690    3.9517037883   -2.7805430243
   3.4558849280    1.6602693298    2.5005000647   -1.0597704436    0.4727089528   -1.6927202274
   2.8322778850   -3.3636061685   -6.0338561377    2.6284033550   -1.6269191835    2.0229508497
  -7.9881538710    5.7022083797   -7.9995402773    3.0849942476   -0.9257352030    2.0369938945
  -2.6164012832   -1.9745094306   -6.8027048957    0.8841514397   -0.1678045313   -1.5802309257
   5.9608287669    7.3782371760   -0.1275642587    0.2732220807    1.0052376609    1.5736275598
   2.4913327191    6.9072172476   -3.9643617337    0.7065630412    3.3288589909    0.7694377538
  -3.6299849139    1.2993079419   -1.4832404725   -2.9914866528   -1.4813025235    0.3277778074
   6.0833237884    5.6069400602    7.1608091553   -1.9808758855    2.6242815158   -4.8543766552
  -2.0167791191    6.3354704535   -2.2219194369    0.3017526931    0.1621772842   -0.9657560020
  -7.4494131350   -2.6314461466    7.4102901942   -5.9060675002   -0.4352416738    2.0217266280
   7.8697756053   -7.8868360862   -8.0874732445   -0.2401228575   -0.0220020703    1.9760206732
  -6.6453151990   -0.1734458608   -4.4925337712    3.3733784061    3.7186472222    2.6749980624
  -5.7830715028   -6.9893882305    1.1167195857   -0.5037516371    2.7116181857    1.4957581616
   3.0005316019   -5.9979927503    2.8459766312    1.3425570925    2.1705394347    0.5742731111
   7.6101279850   -5.8286527848   -6.7796568718   -1.9690777083    3.8553817603    3.5855706160
  -0.1241767561    8.2290944315   -7.5187155829   -2.8973501735   -2.9728378323   -0.2994958674
  -3.4341559111   -7.3929466875   -7.8003037667   -0.8753454671   -2.0353262684    0.6351466199
  -1.0589492015    1.7856015659    2.6684425140   -0.7439185521   -0.9217079006    2.5371878898
  -8.5304743153    5.3083515295   -0.9647363655   -0.2586708975   -0.6277368670    1.7853662479
   6.9892610326    4.7222678680   -2.4582554187   -0.5825841492    2.6022595474   -0.4190596288
  -6.6486185977   -7.0505791786    3.0054993898    0.8565198746    2.1995635176   -1.2996183067
   8.3287217394    3.8217106475   -3.3300196709   -4.4742365458   -3.3003664496    2.1611694992
   0.7989163051   -6.1761372718    1.0307940445   -3.4128585143    2.2499588202    1.8431800585
  -4.9854250746   -1.3627257857   -6.9752777068    2.3470815181    1.9583784424   -0.6699379726
   7.8850635678    4.4183756305    0.1440158362   -1.1163542855    2.6734954616   -0.4887328360
  -3.3070792006    5.0217797200    2.5927321501   -2.0831405616   -4.2031312554    0.2779377349
   6.5324743145   -3.8751102379    7.2837749341    1.0670527554   -2.2961844933    2.5450464619
   3.6435732146   -3.2256050602    7.4860698826    3.5762869244   -1.6103548369   -2.3901715632
  -6.4673805250   -1.7685650067   -1.5411107142    0.3329522088   -5.1628089900    0.0006667858
   1.7252337066    1.1077574790    2.5837993941   -3.3502401192    0.9259934911   -1.4954747834
  -6.7176816902    4.2986348988   -4.2362415550    2.1064442629    0.0521871620   -0.5347629632
   6.1708242151    7.9938213825    3.9512186184   -1.0669179055    1.4634912308    1.4316442318
  -2.5677950986    2.3199331856    0.0025245450   -1.8904256635    1.7144047020    2.3852886042
  -1.7663505949   -7.1050328945    0.5334252567    4.5912909082   -0.7806767798   -0.0949481915
   5.9726445151   -2.0497397577   -1.4924955262    1.9103131632   -0.5927836479    3.3196064229
   3.2973247165   -6.7692228919    7.5567747105    0.7849362010    1.9470834995   -1.1560836977
   5.3092374127   -2.3737615190    4.2728087462    0.1966818373    1.1681799389    0.5418523899
  -1.7894011649   -7.8725566480    8.2224422948   -1.9614350925    0.8648868578    0.1528917108
   3.0471470476    5.4847218352   -4.3675986855    0.0898266092   -2.8308992819    0.4742292508
  -2.2319569871   -2.4804513339    5.7852365078    0.9376757212    1.5342054293    1.8817628822
  -3.2929944914   -7.2651539897    7.9586817958   -0.0111390381   -1.7810887690    0.0470598458
   4.7497461682    4.0784574089   -1.2928553138    0.9043572400    0.1066181500    0.3703725458
   8.1919814711   -3.4601262790    0.0977097779    1.3801920597   -3.5167652343   -0.1211446233
   0.7842568011   -8.2146205621   -7.5786709158    1.7172835825   -1.9691137796   -0.2353639112
  -1.6572092361    8.3235477520    8.4158450966   -0.2461044516   -1.7941921253    5.2167108833
  -6.3940061705    1.6596691542    7.8654768306    3.6442713649   -0.6255128136   -2.4406863158
   5.0062056015   -5.5804702407   -0.9301685930    1.0062234779    0.6255049055   -1.6069135300
   3.6452669607    4.6347718439   -1.2122071193   -1.2182094094   -1.9842267761   -0.6809161697
   4.0305827801   -6.2146832325   -6.0860547063   -0.9561831378   -0.7822156792    0.2036205284
   2.9524549365    8.0270770045   -4.8155407382    3.2106070302    0.6442069444    1.1387661712
  -7.7569265642   -6.1619842210    7.4283050844    0.6630287128   -1.6450188308    2.3001324263
   6.7446517672    4.6550240791   -5.0668829314   -0.3797518284    1.9844283653    0.7179878271
   4.0578592343   -5.5294086422    5.5770711396   -1.4293871992   -2.4956110610   -3.7929893252
  -2.9555866910   -6.9871273326    6.1099864348    1.2539842107    1.2530373164   -0.9542562491
  -5.2132466564   -1.8497312028    5.2830301731   -3.1079745882   -1.8481168352    2.4016948119
  -1.9712393327   -6.0943292934    4.5071823825    0.6819635790    2.9469611772   -1.1571960014
   3.7696939003   -4.7546811376   -8.5495790382   -3.5115486512    2.2031990973    2.6921683695
  -2.5624757920   -7.0227297524    1.1309512778   -0.7025180724   -2.3303062671    4.1193087746
   1.5682591410    8.3873810435    4.1578317501    0.2393574064    2.0554487373   -1.3187387011
   4.1263342826   -6.2081320564    2.9319518163   -2.9219062055   -2.7289187581    2.3639108415
  -8.0113220660   -3.5573802961    2.8445680095    0.2064390019   -4.4682598755   -1.1724496278
  -6.9442967566   -8.2942793896    5.2485115224    1.0003429422    2.1703862534    0.9926340901
   2.8599795046   -1.1425317957   -1.9073392024    3.3899852630   -2.4213934394    2.6552574319
  -0.5274297386    0.7241902124   -6.8531459640    2.5945593872   -1.7935555678    0.6048335246
  -7.4476446714   -7.8036880957   -4.6368633674   -0.0073181247   -0.3548171155    0.3090931335
   5.8658826473    4.8549984378    2.2859138903    4.7812034073   -0.8413713485    3.9363143646
  -6.3705315122    4.4714371413    4.6330038560   -2.8121402652    1.6689426804    1.4474827082
   3.3215302222    2.4523890356   -8.3952568185    2.2880168212    1.2935070184    0.9428641852
  -1.9289124278   -3.0685206089   -6.1868413835   -1.5547707476   -2.3640839519   -0.7818104125
  -2.8866067555   -0.3735857490   -2.9992747644   -0.0786350005   -2.0959294046   -2.7510614712
   0.2400225521    3.7302754003   -2.3214331174   -1.3670168823    0.3847049774    1.9753149051
   5.3651290602   -8.2818905684    2.0867585962   -0.2760228004   -1.3913502775    1.2411448281
  -7.4216345961   -4.6196262501   -6.5021900817    0.8985914221   -3.1208260946    0.3555725980
  -1.2362301340    5.1885113807    6.1500025195    1.5520667358    3.7138860075   -0.6417632219
  -4.6368262598    6.0029130838   -3.6693067840    0.7155169931   -3.6512934015    1.9912979527
   4.7647407841    5.4679197315    0.1786679265   -0.1824228592    1.7650279854    0.5786578517
   2.8654702532   -7.9211300505    0.8557790071   -2.5598298914   -0.5557514010    3.8042909827
   2.6904366662    0.9202940521   -7.9924798127    0.3844542854    1.5824765873   -0.2000286528
  -4.7825032603   -0.5519148549    4.4002726126    0.4001787917   -3.1638148544    2.4716366363
  -0.5324198490   -0.8299632886    4.8864750685    0.4146813329    0.6269673478   -0.1155148266
   0.6066296791   -5.6119716967    8.4124801423    4.3059935609   -0.3113222990   -1.6600798306
  -4.5990478460   -5.6569794128   -2.1731277323   -1.5420368180   -1.9955005786    3.9121162324
   0.6763222641   -1.7417036273    6.2176159233   -2.6093516591    0.8066229345   -2.1669076095
  -0.1501880131    1.8235147510    7.0422754125   -2.7869527757   -0.1707989145    1.4367295179
  -8.2895224917    2.4365264207   -3.6285691798    4.2360369968    2.4192917525   -1.6402301030
   3.4408465260   -5.1006627591   -0.8867979359    0.7215128764    1.9204555804    0.3699859061
