           1000
    17.09975947
   6.2376378649    6.2718296093   -1.1426792833    2.0440983671   -2.6255725466    1.6720104994
  -2.2981340407   -5.2052631346   -3.9584498841   -1.1011259868   -0.0005543680    0.2945328221
  -1.5707287610    5.3830917013    2.0109744797    4.6918435855    1.7817595622    4.2989526133
   7.8512748603   -0.8808970617    5.0097155338   -5.3595184559   -1.6624685269   -1.3007787986
   2.2895177139   -2.2000974414    3.4554270924    1.1503004682   -1.1919997668    2.7393944901
  -4.3527780545   -0.0912412731   -3.0964056467   -0.3557861019   -0.5971689390    2.7937787766
   5.5557791188    4.2403430177    2.9727301921    1.3022170952   -1.6089015714    1.7061711312
   2.9217506034   -6.8473004245    1.6619258486   -1.4456551321   -1.0912822405   -0.4029080933
  -8.4202770455    0.8032199072   -7.4263687473   -3.9534402082   -1.9170688926    0.5796145807
   3.3912757153   -0.7409118282   -4.9642038031   -1.3597817883   -1.8969197679    4.0626024568
  -0.0133649289    7.6383103463    1.1096438232   -1.7400723278    1.4625969532    1.8188146578
   3.3754348083   -1.6938401909   -3.4483905501   -2.1103996437   -1.7038518478    2.5510372563
  -4.1178751288    4.5477384984    7.2055219003    0.6621568866   -1.1719597365    4.1836935138
   6.9606566099    0.6944680054   -6.4071258775    3.7002224635   -2.1151003036   -2.5659960903
   5.5869766152   -4.7003679519    7.5697066226    0.8048523211    1.2935658066   -4.6298253617
   8.4054712131    1.1436221389    5.0958595634   -1.0208933770    2.1837374141   -0.8187284773
   5.9396460024   -6.7020963279   -6.2491899716    2.2236891577    2.8232960105   -3.9078362523
  -1.7589644833    8.0603198815   -3.9420135464   -3.1715587804   -0.8889498150    0.0170286095
   5.0411299045    5.6225449578    1.1027292090    1.2750563602    3.1045303567    1.0870446039
   4.2593714441    6.2211019192   -2.9092124316   -0.8031999942    3.0138871505    1.5840284116
  -2.3403761430   -1.3834454443   -0.3457002717   -2.6816841864   -0.9099906102    1.2610846779
  -1.0218933700    7.6655636251    1.7475826476    2.5582069008   -1.3261485420    0.2009656941
   0.3228853903    2.5198730794   -3.7837582905   -0.7596891215   -2.4150292541    2.1267850445
  -2.3888723564   -5.7125960883    1.3843267203   -3.8800942508   -0.3121132735    0.4403118542
   0.3217596532    2.6744208457    2.9176815699   -2.3507983918   -3.3273791560    2.9616876069
   5.9717959464    2.3762391411    1.2244097929    1.6968563343   -0.5614725925   -0.1233596347
  -6.3374712507   -4.5642908649   -7.7171370942    3.2614599611    0.5352036159   -2.1123642189
   3.9238504774   -6.8019168243    3.3469352392   -0.9612153918   -2.4593038045    1.1671874698
   1.1932019864   -6.8636780097   -5.8967799879   -2.3780189022    1.6080490941    1.8842521427
   5.0542354974   -0.6086083634   -2.7472877199   -0.0701369312   -2.0390480880    0.6807476599
   1.7731022199   -5.9954719280   -0.2950234907   -0.5559441268   -3.4542255559    0.3511760508
   3.5845196461    6.7028481734   -3.3840008065   -1.4454969694   -1.1426392874   -2.7109851837
   3.3797252073   -6.7515754046   -4.0490576562   -5.1177294757    3.3441059915    1.7769009625
  -0.9586009842   -7.7737687888   -4.9305666151   -0.0595052391    1.7453461263    0.5051916460
  -4.7015538947    5.3676751898   -3.8850741044   -0.6445356276    0.7967035580   -1.9164546234
  -6.8000609398   -2.9849301321    3.0656386183   -0.2754179837    1.9574649925    2.7738864392
  -5.2279694634    4.6606733767    7.5424731538    3.2163557362    2.6628183070    0.2600649021
   6.7283044024   -7.0448696580    0.4667100990   -0.9411737916    2.6349269886   -2.7712981749
  -2.4664078362   -3.9536991505    3.2889559579    2.6993113832   -4.2594723540   -3.7798778813
   4.9859823294    7.5652511934   -6.7941355354    1.2364386089   -0.8996360048    1.5364625165
   6.3476399359   -2.3231958259   -6.2367835901    1.1620588534   -0.3834261145   -2.8432239404
   5.1301078885   -0.9962992716   -1.7171324473    2.2121177031    3.6731472769    0.2670032843
  -0.2398995899   -2.2566875061    7.1785691490    4.8396857118   -5.0998834019    1.3338211785
  -6.9280932582   -2.1940138419   -6.0784520153   -0.8203887379    1.3207936497    0.1172206451
   1.2885653015   -6.5220975840    3.7821181075    1.4050316707   -0.1544081045    0.8830428214
   1.7201566867    3.5180519205    3.3985415322   -0.4381383712    1.0833821714   -0.5815278013
   1.2939559418   -6.3079821277    7.9555907452    1.1633570563    0.8178756718   -0.6661590494
  -1.1748629235   -6.9755695251    4.6616842299   -2.6402525929    2.6376096426    1.7063884192
   5.1942411960    6.7125593605   -8.3510061875   -0.9286533139   -0.9187429486   -2.5390385120
  -0.9024675889    0.2347631189    3.6658844252    0.8819070749    1.5501349597   -2.6953011341
  -6.2281513844    8.5390069368   -3.3982000236    2.6607562902   -2.2637482562    2.0745143199
  -2.6611245859    4.7590655122   -6.1495829301   -3.1468026103    2.2324370060    2.7190656952
   5.2805690640    0.1624529034   -1.3679259577    1.6752746410    1.4401750286   -1.5492419333
   5.5275862968    7.9546420981    8.3157512000   -2.3704108947    1.5455847726    4.5847110996
  -2.9527276041   -1.2122225529    3.9989832574   -4.0134653607   -1.8879663186    0.9854630297
  -8.5491248609   -4.5786390978    3.6011324310    2.0895687346    1.3461047619    3.2918564724
   3.9942527904   -3.9960435567   -8.1354141390   -2.0976742751   -0.8974057271    1.7288713801
  -4.3806006654    6.5788589027   -5.0951902547    3.7933955142    0.3437211058   -1.9661732651
   0.0343482993    8.0819864395    4.9457579642    0.0484091773   -3.2949651477    4.4282118726
   3.4454860455   -2.4677283261    6.0344133147    3.5320708122   -1.1531842178   -1.2457241715
  -3.0205646918    7.0055893623    2.6735588529   -0.6867602656   -1.1062829716   -6.5184932407
  -7.2219292362    5.8319522589    7.0541626164    2.7252608128   -1.2211488357   -4.6833915791
   5.8935254522   -2.3752065992    7.1442929579   -2.4562606141    1.3769764314    4.3325256982
   0.8169642445   -4.3571436138    0.1513944774    0.7273289286    1.9611090254   -0.9194674980
  -8.1582323692    7.4234213055   -3.6493118807   -0.7872711971    1.5548056302    1.2220768751
   5.2495854997   -4.6103790828    5.1913596248   -2.2531168279   -0.4412606656    1.8652392748
   7.7158008119    7.7691823870   -5.7908452084    1.3098205500   -0.9218730448   -0.2890427072
  -3.6135041943   -3.0310139256   -2.5091517853    0.0728119571    0.0392898944    4.4867965553
  -1.5735426098   -2.1854703555    8.3962437658   -0.7068297958   -0.3057188048    0.6082433521
  -5.7331633516    7.2240492134   -5.0110919750    3.4166637816    1.0844364238    1.2834125640
   8.4611140457   -0.8489353098   -2.0943965048   -6.2083801570    0.9451884253    0.6289840487
  -6.4974396615    2.7151127222   -2.8426905390   -1.5345557409   -0.1626746447    6.7284158881
   1.5417586747    6.9021797749   -6.2829575205    1.2793871576    1.7472784411   -2.0969014192
   4.7688694011    2.8263154730   -3.8213409671    1.0041820151   -1.4440730123   -1.8720421933
  -1.5441479848   -6.6469325062   -1.4548865764    0.2963548894    0.9936145838    3.8758261642
   5.5875784495   -4.9805422583   -1.4950097592    2.6660845399   -2.5221184312   -0.2951664996
  -4.2125527286    4.9372766832    0.8035555442   -2.6552476423    0.1962339532    3.3314847010
   1.0866643848   -4.5902204467   -0.9544059664    1.6911413482   -3.9688731748    1.4233263752
   8.3094235048   -7.8183168907   -6.2427350157    2.2694898656   -3.3712392295   -0.2795805308
  -7.0118246416   -2.5056964590    7.1647630006   -0.2591826003    0.2308549360    3.5757636914
   7.5288445524    2.6030065957   -2.6441848472   -1.1140400103   -3.2828522615    0.0121251553
   6.2335431808   -6.6680357346    8.3482658696    1.8374900940   -1.8293655683   -5.2024240627
   5.0576015167   -5.7612615004   -4.8174771923    0.5425575688   -1.3967628696    3.2363920955
  -1.4821960716    5.5471787262    8.0809887587    3.7203283834    4.1327913588   -0.4101146455
  -2.1455644475    3.7010850532    8.4839588739   -1.9439016181    4.2571689854    0.4961658927
  -4.2668188082   -2.7806589706    2.4661374250   -0.1376930548    1.7109924026    2.6560251489
  -4.1668342168   -1.5288466183   -0.4211163076    0.0620869120   -2.6207136151    2.2994781954
   7.6455542751    4.7349013289    5.4251372856   -2.9640602005    0.2518819460   -2.3802878434
   4.0858999392   -5.2253811459    0.9064027943    2.0412562857    0.8417559889   -1.3753740452
   6.0574421857   -7.0268963934   -2.1684286724   -0.3979458880   -3.0243044850   -1.4799392591
  -5.4204279082    3.5193043017   -7.3069185121   -2.7071503730   -4.7532899292    3.6748859156
   5.4969497608    4.1172482713    0.0269857068   -2.3461608364    2.4114262650   -0.6004485290
  -4.8316459752   -6.4409564610    2.4179813018   -2.0520703932    0.3386899634   -1.3887983704
   7.1061871668   -1.2780776618    3.3541628818    0.2776863219   -0.0376076351   -3.1172493859
   2.0665940555    1.3353367174    1.2697412611    3.1635948900    1.6050377953   -2.3412881550
  -5.1984979483   -0.3217713108   -7.1555630378    4.0960470194    1.7546569082   -2.5098060428
   7.7087919550    2.7365584684    1.2818879857   -1.0373326755   -0.6580885825    1.9350107500
  -8.4295606565   -1.8255987176    8.0141202184    2.7605229378   -2.4102857566    0.1116862437
   3.3078681547    5.4576221449   -7.4435443334    3.6286477229   -0.5298953617    3.9345291613
  -7.2497658444    4.0642685150   -2.4812189989    2.4171557883   -3.4281626864   -2.5918266464
   1.4328934554    0.8189917055    0.5015809858    0.9622868772   -1.8855311425   -4.3906024316
  -1.3867135513    3.8217686055   -8.1187835997   -0.3395262013    4.3790361186   -0.8508884034
  -3.1856614393    6.2028663003    5.9931426500   -2.5007045084    1.2638698097   -3.6081262613
  -2.6551430724   -4.0896655187   -5.8947088988    0.3899155605    0.5321330918   -4.0427233250
  -2.3830467876   -5.9775821898   -1.3198015822   -0.2254324613    2.0344456651   -0.4391734350
  -2.7188142772    6.7286899917   -0.1826979468   -3.2033637753    0.4591200165    0.4789248627
   7.1128248717   -1.9701844678    5.0062318352   -0.0239276757   -0.0708021497   -0.6978878538
  -4.1058948074    3.2489182469   -5.2504753859   -2.2975746727    6.0374587610    0.2950980221
  -5.4536597736    8.4333246256    0.0366813059   -1.9178521373   -3.8766043043    2.2233493775
  -2.4411295402    4.1451038789   -2.3243173259   -2.1505013422   -0.1707924863   -2.8968846448
   3.2422933207    6.1375096072   -1.0020629566   -1.4229902252    1.9971506712   -0.6874240043
  -0.0622322273    4.1859704034   -5.1220139305   -1.6953485809    0.6211762781    1.5497616077
  -6.4937160443   -8.1588453889    3.0042013570   -4.2543342334   -0.7178857526    0.6861926838
   1.9225053799   -1.6291609175   -4.0207855039   -0.7912207199    1.0783459421    0.3848906185
   4.3054288475    4.4231198130    0.9592386848    0.8766835111   -0.5261833428    0.5428667165
   6.9491958286   -1.3544842278    6.0382008138   -1.5255103245   -2.0237851989   -4.2506013090
   5.7184201763    0.3121812908    3.3971009315    4.9165230854   -3.2008504611   -0.2355980091
   6.4765329304    1.9412960228   -5.6836018024    2.4805453006   -0.7625361440   -2.2891155938
  -3.3541685830   -6.3912499327    0.9410403374    1.1361973215   -2.0883740807   -0.3117938475
  -3.5505152058    2.4607373097    6.2700517269   -1.9267987481    0.1689723139   -3.8878677704
  -3.2602510302    6.9731970207    4.5282706390    1.8786033848   -1.4337817637    0.9595970860
   4.2421270499   -0.1413268560    5.5266112796   -0.0115338938   -1.9658027377    2.2612886769
   0.4167663271   -2.6733283262   -4.1631486663   -0.5424889779    2.9152405565    0.1500545296
  -6.3969581052    2.2131397158    2.1503959864   -0.8864748349   -3.3613272322    2.4899259562
  -6.4783102358   -1.5906708812    4.5396181785   -2.0559208776   -1.5019691357    0.8641889120
  -4.9561970793    5.9520781059    3.6702426460    1.6141119127    3.1986258183    0.8762279484
  -1.0329689733   -2.1120675197   -3.5113044242    0.2697278879   -1.2411223825    1.6497643099
   1.1470123084    7.2268181776    5.2175807804   -1.6390837108    2.5443032531   -0.8221890756
  -1.4967668150   -2.0455254667   -6.6020688334   -0.2259985165    2.8090139383    3.0917142795
   3.3428772001    3.5993846278    7.6612074782    2.6681224126   -0.3424834285    1.3365583006
   1.2370081135    5.4998963396    8.0827794624   -2.3726755397   -3.2149226035    1.8103484413
   0.6241677442   -0.1931225956    3.2657722629    2.9537382007    1.1731525291    2.2857608714
   7.9977871981    2.8340915678    5.8132710252   -0.4465327596   -1.4068600825   -0.3595016246
  -6.2302085059    5.3526368878   -8.1484498568   -0.3847834686    1.0020351167   -1.5790396614
   7.1405962611   -5.4368302802   -4.5483093147   -0.2191058880   -2.3588029380    0.4553773633
  -0.5940204057    5.2015585577    1.1471919901    1.1210941576   -1.2684982723    4.2540746833
  -0.1874537281   -3.4028557566   -7.3443694686    1.4780355039    1.7695069837    0.5589227905
   7.0329124300    5.5629935618    4.1014201225   -2.3238985122   -0.3264169999    0.9232269877
  -7.6157662222    1.6824196385    7.8573028680   -2.0560466407   -3.0249136272    0.5106291126
   6.3829038959   -3.5931459002   -3.8428047585    0.3594841928    2.7522021036    0.4831794231
   6.2817191106   -7.3510832752    4.0192256323   -0.3548150524    0.7956811836   -1.7950891009
   1.4923597160   -1.4609099965    4.3445801891   -1.9535778447   -1.3236261116   -1.4430309757
   5.1507847738    1.3701028427    4.5059131490    0.1230284454   -3.2124667385   -0.4971980637
  -3.9528897724    0.5850546809   -8.5371676516   -3.3479222037    1.6237201527   -2.5407413273
   2.6656682005    5.5012969444    1.9409541984   -2.1829144119    1.5593541451    0.7797807454
  -6.9105956103    0.4052668097   -5.7115368117    0.6659970301    1.9464212156   -0.3248413179
  -1.7593474883    6.1259109294   -2.9507955231    0.1997319654   -1.9261695561    0.5707568188
   7.2698443289    5.7756599480    0.7678691197   -4.1123522779   -0.8273189586    2.4410707168
   1.9556183101   -2.4514061538    8.4756474362    0.0761217233    0.2375225114   -1.0023109952
  -7.2267469410   -4.0744941009    5.3891327231    1.0564406548   -1.9257101086    1.3961512146
   5.7546962135    2.1095759460   -3.2708255820   -0.0043820273    3.4107366758    0.9448865777
   7.8310254235    8.5497601739   -6.3499008808    0.2373535277    0.0784000912   -2.4992243608
   7.4912758682   -2.4013001905    2.1370662089   -7.3433585060    4.4620038267   -4.4167326867
   2.0629476884   -6.6903433256   -8.3166060993    1.5027652705   -0.4843796409   -1.3417983544
   0.9688505623    4.2241122581    6.2891315281    1.8392376438    2.1398142382    2.0954159811
   7.1119151071    3.6325485019    7.6774291202   -1.7617290918    0.7689271617    2.2607258261
   0.3019154280   -7.9862327442   -1.1686986135   -2.3674064157   -4.3096749602    2.3141193180
   4.7930122542    3.0523457385    1.9557357680   -0.7505849691   -1.9056725509   -0.1842436656
  -6.4713708112    3.1788183884   -6.9736619801    2.1844186089    3.7716649031    2.9441036792
  -6.2094267018    7.5682575893   -1.1109560865    2.4843940794   -0.4113415504   -0.3413217626
  -8.3807960059    5.8045200592   -3.0686775583   -2.0264337015   -1.5332933493   -0.0654768446
   1.0829724658   -3.8706950054   -5.0766681061   -0.8288176869    0.5242028067    0.8812879992
   2.8155337351    2.3199093086   -7.4163636305    0.2458350735    0.0119925641    1.2294369507
  -3.5524601256    8.0497672618   -1.7464478729    1.7056194110    4.9197952234   -2.3219724409
   3.3914593944    1.6474140004   -0.0402560353   -2.0737539709   -1.0278739544   -1.3585337478
   7.1883819610   -5.4726430666    2.6999499217    0.0332350229    2.0884884018   -3.1887401689
   3.5299359134    2.0605022444    7.4062220593   -0.5890583101    1.1726132583    0.9656463517
   7.8165867505    0.6910617689    3.4391362630   -2.2563611979    0.6945989215   -1.6451710102
  -0.6500036029   -0.6866766902   -7.6431918196    2.2379961905    1.0965149103    1.3648661121
  -5.8461739837    5.3733852017    6.1953620745   -1.3799994436    1.0679776600   -2.9796137113
  -8.1545355886    7.2215566361    1.3983762264    2.1221972942    0.4681876413   -1.6284128954
   0.9862628303   -2.7797385975    3.5193972552    2.4021805562   -0.7850088562    0.2529668664
   5.3766294390    6.8346264902   -4.9475283537    1.1320003975   -0.9917667833   -0.3239323163
   7.3412882143    7.2986159655    3.3328651556    0.2679997034    1.8236529702    0.0502651335
  -4.1402676425    0.3817641680    0.1501066024   -0.6309092763    1.9255805694   -2.7917687379
  -5.8169000832   -7.2143705318   -2.9131921266    0.7252715188   -1.8435636847    2.1504120171
  -1.6564485307   -1.3809231227   -7.8480984193   -1.7632546938   -2.7220088738   -1.3473379855
  -5.4603820110   -4.8249480080   -2.3305205078   -1.8439233916   -0.0685893112   -0.0352596470
  -2.6445410650   -5.0307948566   -1.5508299065   -1.9466570559   -1.7750597023   -3.2624884933
  -4.4870088320   -5.2730811931    0.3741453259    1.9114840204    3.1121252257    1.5825821681
   6.7109865615    5.7214265693   -7.0082012189   -1.6287130251   -3.3524448846   -1.4453968399
   6.9107076732    3.8370802149   -0.2818783682   -1.7874493189    0.1558212558   -1.8601078847
   1.7124880217   -7.9807502265   -3.6069155216    0.5569002492    1.5749521191   -1.8701083256
  -2.0911945086    7.5233208705    3.2839660646    0.2326141199    3.9678995139   -1.2394948681
  -4.2314289512    5.4132302080   -4.8407226957   -0.0481201837   -1.6209306737   -3.2254711130
  -0.3281263542   -5.3459748025   -4.9338335018   -2.6627657319    4.2373066098   -3.1697937344
  -7.2978182790    6.0642881854   -4.8734944787    6.6857051095    3.1268296260   -1.3165351912
   6.1629130533    6.9871925071    7.5109794223    0.8059934551    1.5380149744   -1.2297338937
   6.2077913923   -4.2371170892   -2.7079324039    0.9933793682    0.5113154588   -1.8965945758
   3.2355956721   -4.7167000215    5.7739849061   -1.5041397657    0.1134179213   -0.8041567108
   0.9592906818    4.1476656885    3.3361493172    3.3959703678   -3.5123785251   -2.1924038572
   0.3933800695   -6.4083963474    7.3233175243   -0.4066124691    4.2213869694    0.3348293098
  -7.7233811453   -1.5482889656    0.3275191841   -6.4649379841   -2.6411348285    0.0556580447
  -1.1383709508   -0.7813728063   -0.1189334082   -0.1291156664   -1.1781129830    2.8652313858
   5.3603930765   -0.9663915305    0.2498951478   -1.6623957180    1.0534327080    0.3231664550
  -1.4770878550   -4.0643776441   -4.9517911858   -1.0453401213    2.5302064942    1.4633161833
  -0.5001355758    4.4509456373   -7.0835944543    2.4632723508   -1.0528213958   -2.3527110759
  -7.7252998717    8.2366333954    1.7931075949    1.1813774902    2.8225079432    3.7338275994
   6.5894373602    3.7214503523   -4.4023157354    2.4277701003    0.0596802547   -3.1334855465
   2.9732020092   -4.5399824570    1.2151712828   -0.1787908723    0.8383776835   -1.5426951835
  -3.6494176336    2.4915598482   -0.3522148829   -0.0363685227   -0.7142992865   -0.8863195233
   6.4121663416   -3.0291181195   -1.8887418243   -0.9956332396    2.0683367474   -0.7832602445
   5.3251183377   -5.8756427190   -3.0721385737    0.2289221632   -1.2009149934    1.4140461877
  -8.0999254626    3.9116301983   -7.4877245684   -0.5071857390    2.6831626182    2.0024829410
  -2.6558561254    0.9734892088    7.3840739840    0.4642541324    2.3633740807   -0.6165084135
  -2.9165498454    1.4239113444    0.7847917800    1.8259425657   -3.0226442395   -0.6105266937
   2.6941513568    4.3062747086   -7.6919422706   -1.0201952703   -1.2442470152    1.3056218561
  -4.5330220342    2.7694120919   -6.0521097603   -2.8153205438   -1.7643667875   -2.3339348778
  -3.8530746840   -2.0560012301    8.0095700847    1.0386113146   -0.4702151267   -2.0063971433
  -4.4103890185    2.5146660820    2.9787170301   -1.2152092403    0.5159785548   -2.1433440536
   0.6774542498   -7.7202234790   -4.8810057847   -0.4439961950    2.5448353326    1.6503387541
   2.0768917216   -3.9919272546   -3.7549103623   -1.4168014313   -0.9765598447    2.8434708784
   3.5068929714   -0.6161546203    4.1000411862   -0.6002000966    0.8227971654    0.8120290314
  -2.4805937063    7.5991399380   -5.1294279340   -3.3835611102    0.3934547748   -2.2810764307
  -4.0467519062    8.3310462574    2.0878432475    2.2564319159    0.3975153778   -2.4673679540
  -3.7555152309   -0.6123913792   -5.7316552910   -0.9489581894   -0.2191546823   -1.1791168242
  -8.1673064863    6.1762919125   -1.3061471678   -2.7544702398   -1.0510347676    0.5715999586
  -1.1510109046    1.7015414824    6.9871265155   -0.9523099552    0.3647211274   -2.9440261492
   3.7177038373   -4.5436126390   -2.6603185430    0.6867476953    1.7937425705   -1.1362143387
   5.1863282946   -6.2076953624    3.9710424554    1.4084122364   -1.9485418680    0.3836199779
   0.7229944739   -5.8799421446   -6.1946539783   -2.9605690912    1.0774589839   -3.3808167680
  -5.0927451050    7.1326407103   -4.2427184349   -1.0352275189   -1.8130884192   -4.3949043315
   3.9078388567    8.3437800267   -2.2832339971   -1.1804994942    0.3757131094   -0.5169594502
   5.8078464252   -4.2805505738   -6.4628650012   -1.2962154344    1.9639513752    1.6570990061
  -5.8953203132    7.7184514680    2.5642134018   -2.9630291239    0.2085665556   -2.8511224406
  -6.3842969128   -3.0796401865   -0.4703271675   -0.6777079609    0.5131715725   -2.8134068332
   7.3025337860   -4.8461944334   -0.3692302143    1.5202186286   -0.3671791729   -2.4620047907
   3.7977476556   -2.7390309614   -8.5457021177   -0.1534514219    1.6260282920    1.3928530439
  -5.2050808545    1.5778371599    7.9371829969    0.2088896785    0.9232592590    0.3964827735
  -7.3861410269   -5.0291967741    2.1814253812   -0.0512505581   -0.5287008825    0.5706821898
  -2.0088832669   -4.8199061233    1.6324345532   -1.7895504381   -3.2922030114    0.4491423476
   1.6712533722    7.3047510099    7.7538934555   -0.0061777035    0.2910142495    1.0794225499
  -0.5720275439    0.8858454932    0.1871757736    0.9551727131    3.7000665192    2.0498009584
  -2.7045142564    7.4452169248   -6.1417014057    2.9799826216   -1.2214888586    0.3328444613
   7.1781793519    0.1769558377    0.7388967451    0.9830717204   -1.7344312187   -4.5638236431
   4.5152299733   -6.6440790356   -8.3157766802   -1.4412509232    1.3239795560   -2.0417462122
  -5.3552988423    0.9050708742    1.3335180863    2.3774150917   -0.7628253081   -3.2369540377
   0.6248476716    6.9518459983   -5.3347770002    0.9378048052    4.9958034662    0.6744362937
  -4.2482725140   -6.0050900529   -2.4472355974   -0.7404836644    0.9164717279    0.3014865219
   0.5811275145   -1.5996079544   -5.2422972242   -3.3576523777   -1.9915571903    0.1961747668
   1.8213457002   -6.1676471275   -5.0357475898    3.6009930472   -4.7348442573   -1.1485665366
   8.0858452950    4.9600108687    1.6230642887    1.9601234874    3.2135629102   -3.5084035084
  -6.1666747470    3.5008232141    0.7946475803    2.1188450140    2.5359507228   -0.4295170111
  -5.6530591948    2.0094566707    1.3922296115   -0.5018307183   -0.5123134088   -1.8268766681
   3.3748032826   -4.3280130174    7.4568154473   -1.3450322211    3.1187069191   -0.2617257603
   3.0553948981    6.2613697224   -6.0006634932   -1.8364299398   -2.7640243004    5.2798249067
  -7.0319335789   -4.4175647641   -1.4097431075    0.3789314930    0.6586890383   -2.4650610635
  -4.3586908782    4.7762583220    8.2114996909   -2.1510594282   -1.9637079932   -0.5239437055
  -2.7758530921   -3.2591268205    6.5717773088   -1.3461626207   -3.8553702272    3.7853554545
  -4.5466416878   -5.5133150541    4.5301083138    0.3232980861    1.3829162762    1.7503715085
   7.3665870440    5.2071862780   -7.7450234592    2.4434048883   -0.1705591278   -1.4869882958
   2.0446805982   -7.3868216753    7.8420000442   -1.5263847909    1.0129694524    2.1317974362
   7.1605994648   -1.4183313064    1.0717427328    1.2397200682    2.0746117869   -1.1486161594
   8.1478183757   -2.6540580370    5.4279410551    0.5427311683    1.0372729528    2.2331853419
  -4.7791050093   -7.9953154549   -7.9828829213   -3.8994765366   -1.3472142880   -2.0816916053
  -2.9710204729    3.1248266120   -3.2310981202   -1.2602960484    3.2602341546   -2.8314969965
   3.3846129933   -4.0878675389   -4.8969560177   -2.6917737179   -0.1207851205   -2.6402568854
  -2.6853644564   -6.7825334618   -3.3125774093    1.8020336773   -1.4024525210   -1.9081349197
   0.3936948183    1.4332545821   -0.1665275348    2.2777293438   -0.5533552886    0.0446782486
   8.3920820769    5.5927744465   -6.9766774641   -0.2534208973    2.5038292812    5.1520463246
  -3.1461971815   -6.9912060782   -2.5330047079   -2.5479708981    2.3944404093    3.6268997025
   1.8186867740    2.3975421488   -1.8411709598    4.5546609563   -4.0760960795    2.9556239136
  -2.5540416041    5.0102188030   -7.1319505626   -0.6637057874   -0.0416619058   -1.3549839319
  -0.5184547842   -6.2104450199    8.1732295777    4.5072522172   -1.1651309511   -0.9179959552
  -4.5335257706    0.7416658267   -4.6052115814   -0.1028579517   -2.5309353072   -0.6516822150
  -3.1130870999    1.1846343385   -6.6280046957    3.5136005372   -5.0537412532   -1.9420452147
   2.8706264161    0.7855665426   -5.2164934245   -3.1661109937   -3.2555502350    4.2826542899
  -6.0647716640    1.3791355430   -0.7948565366    3.5361922325    1.2822178477   -2.4321494953
   3.5714571870   -3.6878105401   -6.6767643395    1.1285476717    1.4635620480   -2.0248652602
  -6.9271694716    2.6198887712   -5.0953028986    1.7589202436   -0.7037012515    2.3570107407
  -3.0409660604    7.4863711801    6.7057390900    4.3798611961    2.6746424554   -1.0959190363
  -0.2532714714    7.5048571537    6.3754280330    0.5056279988    1.5704605023    2.4976325445
   1.4922463659    3.4653815207   -1.5049666726   -0.9282930390   -0.8292674347    1.2904334143
  -4.7796025597   -7.5111670759   -3.0298113783   -0.4319155812    0.0436514096   -0.0327671073
  -0.9886340743    3.7596359226    0.2470652213    1.9984587597    1.2440774677    1.5647861361
   0.2438326309    4.5637263125    8.3423366124   -2.8359753221   -3.4100739063    1.1318599517
  -4.6973231881    5.2383672120   -0.6253298076    0.5448405672   -0.7884967033   -2.9298215471
   2.7174921851    6.3417244051    6.4180136146   -0.5366031083    1.0494437719   -2.2244727793
  -0.6855523974    7.6746667357    7.2710224006    3.3938284852   -0.4511983738   -0.2652321877
   0.1254473895   -7.9189187947   -7.0508028676   -0.0099288076    0.9248988594   -0.4449664247
   0.2856403447    8.4578969921   -2.0162462390    0.4114533983   -0.9582685688    5.5275604606
  -8.1404002115   -3.6683679487    1.4698538458   -6.1111113590    4.4901169589    0.5988201470
  -1.1869512017   -5.2084062666   -0.3881300234   -5.6993075319   -0.7384501347    0.9761127841
  -6.8327879636    3.2774574726    7.6917441392    1.1455790112   -0.5483264854    0.0546097899
   7.7642667500   -1.6182935800   -6.8170050640    3.7518910025   -2.9012476871    2.8100832106
  -6.1227687705    7.0314804925   -6.6141107508    4.0449078985   -1.1965458568   -0.1284336514
  -7.5362324973    8.2403910587    2.8288329764   -1.2277828000   -1.3764301998    1.2491327113
   3.1576851847   -6.7045964844    4.0948610483   -2.9859336072   -1.4849901933    0.9720307731
   6.6454110720    8.4580099254    3.0595109178    1.4181271720   -0.5511429727    1.1573931527
  -0.2471668395    5.5212869447    5.5710618831    2.5575763132   -6.7134075524   -2.8122657710
  -2.3523749849   -0.0448218177   -1.4522201495    0.3560768422   -3.5034333752   -0.4434377313
   0.3207657940    1.9479562966    5.7885204595   -1.7234991473    2.2305028317   -0.8360651312
  -5.8702310044    3.3048700210    7.2990736400    2.4841345225    0.6696426960    0.7848327490
  -8.4728067067    5.9992390036   -0.3391342267    1.2375043006   -0.7146399420    1.0884219993
  -4.0430170570   -5.5068403580   -7.6615447278   -0.2669861414   -1.2887110746    1.0911152331
  -6.5010821188    3.2538606424   -4.4755320041    0.1220690169   -0.7986409786   -0.6996992440
   6.7279297115    1.6426350825    5.7143467941   -1.4255302533   -2.7560810018    0.7440127692
   6.3301593994    1.7225680982    2.0608820426   -1.1959709593   -1.3432916857   -0.6123893227
  -0.8430069466   -5.2944686813   -2.5756783829    0.4186340578    1.5490915613   -0.4864840550
   3.0104959981   -2.8681867522    6.7651486722   -1.7914655003    0.5683374474   -0.0109934566
   3.2662805306    7.0848094995    1.6216501753    0.2158281767   -2.8390879579   -2.5264946679
   0.0058834050    1.0163453280   -1.4098326362    2.2904580290   -1.6979780221   -0.9431929944
  -0.1411233825    1.0916469594    8.0846488614   -0.6120145758   -3.6428159689   -0.7969525613
   1.9341438287    0.8013036237   -7.2122737603    1.5818088506    2.1021750508    1.4634131502
  -7.7865888363    1.1889833171   -0.5547863218   -0.5448931653   -2.1589670528   -2.5061287598
   0.7124106549   -7.8496232471    7.0228137885    0.2554220690    0.3437168374   -2.1009287622
   4.5013314914    1.7691770987   -3.4377706402    0.5119924922    0.0860613377   -4.1349419020
  -7.6095840198   -1.9791309641    2.2332304861    0.0283694408    1.1419308006    6.1765943720
   2.2107294807   -0.5487970624   -6.9147130701   -1.8634714600   -4.1291166095    3.4757785073
  -7.9305693809   -3.1834494833   -5.7202087384   -2.9256086319   -0.5848924587    1.3815604733
   5.1822245594   -8.4765457164   -5.5637779071   -1.8908039694   -1.8100310222   -0.9733859016
  -2.5104158083   -0.4642041134    7.9765152002    0.9994552090    0.1469238998   -2.8858879146
   1.6361734481    7.8277817423   -5.5607807686    4.6472615228    2.4297404525   -0.2329251903
  -7.8527105457   -5.7847511070    0.1148394518   -0.8467356792    0.7503924378   -1.7872368685
  -0.4664953999    1.8458685617   -5.0410091937   -3.8475925309   -0.1797125987    0.1249512685
   6.5689340248   -4.7179026431    3.9301920508   -1.2416597374   -1.3736805887   -1.4933546312
  -3.4313772106   -4.8138679503   -2.3392738087   -1.2498900668    4.2625163637    1.1870460505
  -1.7079305142    4.0637234379    5.3000539795    4.9251030181   -0.1068234640    0.5767767194
  -6.7931606007    6.5038087567    2.2069347160   -0.7312201505    2.2361844470    3.5517261668
   1.3624898985   -5.5956788673   -2.3763095404    4.4301816183   -1.2195141939   -1.1258770705
   7.7749704982    3.7256359263   -6.2755346686    1.6759837410   -0.8412301345    2.4204187133
   3.0612791951    1.9232830957   -1.9259325640    3.2136927439    1.4323224904    0.9813558290
  -7.9097023993   -2.8500404876   -2.4518284377    3.2431418518    3.4662422123    0.5348144330
  -6.8654621501    0.3499750596    3.0028236243   -2.6172243452    1.2031036152    1.3644608046
   3.5230782788   -5.2782080823   -0.8944644731    0.7649968740   -1.0233300385    0.4981662637
   0.3886503254    7.5622325212    2.7269992642    1.7548662695   -1.1216819179   -1.7338967480
   2.3886019689   -7.1445187767   -2.1852868070   -0.9180424221   -0.5592470771   -0.0938925795
  -7.3129403700    1.0304135941   -8.4010020832   -1.2867291100   -1.2940302908    0.5499213516
   8.4626461399    7.0622702849   -3.0962153527   -0.1831005790   -0.6691990887   -3.3836015595
   4.3509118438    3.6789220211   -2.1654344024   -2.2857623509   -1.0354099905    0.3272153660
   4.1496375846    7.0206848872   -2.1325646031   -3.5247820534    2.6261118136    1.0876020866
   8.4934756453    5.1325491676    4.0596512901   -1.3154452208   -3.4820584291   -2.0862286821
   1.0097517692   -5.4129327518   -8.4944497299    1.7190002699   -2.3850783066   -0.9627732353
   1.9486925583   -0.2774618355    4.3890859356    0.0673952216   -0.8364731574   -0.7629522433
   8.1728647293   -2.3750460891    4.1259148328   -2.0062123346   -2.2393579729    4.8754388582
   8.0619704404   -1.8871902622   -0.7953087286    3.4281819020    3.2470443565   -0.4322756813
  -1.5758734684   -6.7678559838   -8.4432263865    0.0879155962   -4.8089546284   -1.8847161449
   4.2842989030   -1.6001227252   -4.4870382306   -4.0397651817   -3.7911437343    0.1490893121
   7.5198522182   -6.0710694909    1.6620357437    3.3650775628    0.8863563898   -1.1650477613
   0.6095216729    6.7818293521    6.5272322129    2.3530512293   -2.1961306938    4.1254967595
   7.3700284094   -4.4897018574    3.6334837117    5.2153697480    0.7790395053   -5.8553009933
   5.0120764041    8.2381161208   -1.0419974812    3.5089204280   -3.2421139472   -0.5761384294
  -3.5552180803   -1.9527243769    5.6639220479   -0.0931934089   -0.8278579436    0.5511672124
   7.3863667462   -6.6148886349   -0.4957051566    1.3193656874   -1.9564487640    2.2110330153
  -3.1347298261    0.2027956185   -0.6211583553    0.4626795959   -0.3309052453    3.7941887606
  -5.8883488494   -4.7849404751    6.1787777704    1.2633723245   -2.7372870807   -0.8535327504
   4.8490446407   -4.8100455440   -7.1396836885    1.0421243429    0.1677966747   -0.7932293166
   4.3773831131    1.7017840173   -7.1998777578   -0.2920847969    4.0562538696   -0.1718874329
   7.5732934117   -4.1172755212    8.2032489807    2.3413618363   -1.6603325661    2.2563552509
   2.6515563138    0.3902499203   -0.6147867865   -3.0511602231    1.1801909403    2.2254532760
  -7.7007930704    7.9495799796   -1.6603055213   -0.3911443016    3.0791105345   -0.3116262955
  -7.6315177382   -0.3074727401   -3.2011826293    3.5854461801    0.7847531551   -0.8227192096
   2.9032162002   -3.9497952358   -3.1173552841   -0.9961385290    3.0683349394   -0.7412555739
  -7.2671593792    2.8216180853    6.6544969965    2.6119434246    5.5435719426    0.7607545739
  -1.5853461126    2.9918696461   -1.7575008963    0.5112699402    2.9565948474    2.7319571536
  -2.0060543291    1.6394204712   -7.9796025292   -1.7615642852    2.2758973399    3.0289655222
   0.4242233042    2.3655644041    7.8417640901   -0.1393079122   -1.7450959788   -1.4711880150
  -7.4418798587    7.4508164297   -4.5644046351    3.2103602591   -1.8319301717   -1.7609985525
  -6.2694775989    4.3681919685   -0.3916475597   -0.5308280333   -2.1232050824    0.9282296267
  -0.5448761880   -7.6017054865   -3.5367455344   -2.6675556751    1.8617803432    3.4053631487
  -0.5349624906    6.6891087828   -7.5016882094    4.4687360588    0.4029475029   -0.1473653208
   6.7287668869   -1.9470730897    2.5843056872    0.5444195910    4.4675158516    0.7389690575
  -6.8973763681   -0.5887226707   -6.4512937316    0.0947861901   -3.8257942524    2.3978912519
   4.2591120334   -7.1193937484    5.3205843864    1.4677844615   -1.8343046506   -2.8517319858
   7.1351688971    2.2363991327    4.6886612315    1.0427203585   -2.6050165479   -1.5174983618
  -2.1044739081    2.8855453209   -6.2219661872   -1.7705031755    1.4540533454    2.4727219465
  -4.9507981266    7.4581871488    6.1375550656   -2.2642763211    4.0732418412    0.7467429885
   5.8646219865   -2.8782464287    2.4540205744    1.9547676715    4.0114655623    1.7197370200
   1.6126395492    2.9848914197    6.5172458127    1.5242687174   -3.0712778978    0.8247815593
   3.6189299939   -5.5916508915    6.0463776494    3.7809018874   -0.0002064906   -0.4282798485
  -2.7428312532    3.4096066748   -7.7330144021   -4.2694209976   -1.4312179738    1.7338514693
   4.7808277682   -0.6486686595    6.9322111751    1.1714278900    1.1235826270    0.3496219450
  -7.3103469056   -7.7305216584    2.2994580557   -0.8250115810    2.7921019777   -0.1054647872
   0.0010045250   -3.6097917912   -1.9605569558   -5.3026789742    0.2918046043   -0.5252724386
   5.7483037851    1.9843365658   -7.1611109085    0.0631712162   -0.9598219432    0.6383447135
   7.6654706391   -6.7428845912    4.6232786442   -5.0787286640    0.6477000783    1.8829741036
  -8.1495936658   -5.2843362298   -7.6410643350    1.9737571151    0.5421388766   -2.2830946694
  -4.8221398374   -0.8084630873    1.5083916018   -1.9359008259   -0.4789812238    3.0408999338
  -0.4865238966   -1.2727879032   -5.6836670047   -0.6952472576   -6.2245119818    0.6813627871
  -8.0226791702   -0.9015276508    2.5034100709    0.1711923144   -0.0603159162   -2.1056301371
   7.3247813151    4.9261800060    2.3918742402   -0.4368304588    4.7511552306    0.9793231149
  -4.9858424161   -2.5876010882    4.6887149650    0.7540991947   -0.3131611603   -0.9900780263
  -6.6879128634    1.0636087128    5.9121503116    0.3227579055    0.6176605038   -0.3396844916
   6.9262570366    7.6616398370   -4.8189123644    0.9797043331    0.6368202144   -0.2653099563
   7.8361780831    6.9868153416   -0.8388627000    1.0006455563    0.3143607902    1.5525223619
   7.4042838947    0.9622543938    4.9470696066   -2.3427179332    3.3012565665    4.6161633208
   6.4403791620    2.1465085910    7.2019935759    0.7969199318   -0.0369704978   -0.8811661439
   1.0796995917   -4.3003166562   -4.1263150753   -0.3814614625   -0.7212899179    2.0768405811
   5.7151694245    1.2246854774    1.2437942376   -0.5282197661    1.2162350880   -2.9582397993
  -2.1465708238    1.1195242867   -4.9177059918   -1.4470960550    2.2295288557   -2.5156517407
   2.9695302591    7.9164745752   -2.7074855048    1.4655452713    0.1656089569    2.4970633852
   0.0061517432   -5.8185916727   -7.2922437059   -3.9759426580   -3.6070102041   -2.0559161291
   2.4662844462    1.5810454002   -6.6817459345    0.1216614130   -1.7918647285   -2.8473088558
  -0.3454282173   -6.8119023638    5.8159353360   -1.2500542298    0.4645305953   -3.2634129913
  -5.3924045824    2.3046503054   -2.7200113795   -0.0496835476    0.2515323263   -1.7634764959
  -7.5186090408    0.0857830070    6.6110215703    1.3051970614    3.6449159559   -1.2239224137
  -2.1697996465    4.3516402046    0.7430833804   -3.5443637827   -0.4776986352   -2.2455549594
  -7.9464817326    3.6138798499    5.2189895861    0.9947781863   -2.1677455583   -1.5338482060
  -4.9407833884    8.4338824629   -2.0228196833   -2.7107843771    0.6238370223    0.4868235400
  -3.4245720367    4.9649863975   -2.5002964738    1.8119906904    1.8433300007   -2.4385715659
   0.8375782540    5.6752851363    6.4488777849   -1.3530592907    0.9803695154   -0.2448960438
  -5.2217105252   -1.9686193356    8.2689065331   -1.8428580996    3.1898661947    1.0169530320
   2.7924449641    0.6727941522    7.8722406498    1.1045848410    3.0611295494    2.1812354382
   2.5043285092    1.0874504914   -2.6051334288    1.4549708090    2.0372040444   -1.6528896248
   7.2061310504    7.6736076804    1.6870873498   -0.3467459672   -4.3332225906    1.0020882766
   4.8306564601   -4.5209945687    1.5314272638    1.9058250018   -0.8528976599   -0.8834126011
  -7.5824589101    3.0902049236   -0.1685310589    1.4189114538    1.5727561510   -1.8318523874
   0.3027290320    8.3305351782    1.6710413627    1.1441755351    1.3062839859   -2.5364152576
  -6.1756664901   -4.8960589726   -5.9928119499   -1.4449528004    2.7173303623    1.7882121624
  -3.5494384477   -6.9974962878   -1.5408514670   -1.9622918357    1.4229163691   -4.7508994511
   4.2207279169    6.0171357813    4.4074387848    1.3121126849    1.7108452713    1.6074282482
   2.3469875219    5.6020070927   -7.3761993405   -0.1786164537    1.0423137800   -0.4860178803
   3.3994126510    1.3643774750    1.3777576679   -0.9462782145    2.3748964858   -2.4554364064
   3.6050034162   -6.4137370171   -0.3810567260    0.3801301024   -3.2805624370   -2.3002149657
  -3.5543861995    2.9725917687    5.3462223660   -0.0171864682   -3.4281247049   -1.6796208375
   4.2378627601   -3.8657712056    5.4908302905   -2.7188360805    0.3032747812    0.8606895244
  -5.5736356685    6.0383001105   -0.6562067598   -0.7917403188    1.5802915079    4.3493596216
   7.8367688131    1.5460242850   -4.9036791171    0.6518756009    1.3121488049   -0.5019995778
  -3.6260162656    6.9571249664   -1.9343324413   -3.4064325756    0.8079790593   -0.5055697550
   4.9307978381   -7.7846836711   -3.3487760134    0.4628355527    0.3533348928    3.6315983252
  -5.8040160859   -1.1777022162    1.4235546257    0.9195169729   -2.5799010034    2.8489847381
   5.9578704874    0.6934131226   -2.8081894508    2.3312799600    2.8945824398    4.2330797074
   6.2586702663    2.8363516107    8.0339463632    0.0655085050    0.6616653576    4.5610879582
  -1.9886598184    5.3498373923   -1.0136972288    0.7986803066    0.7249588380   -0.3888621412
   3.6282259734    2.5535619530    4.3021611585    0.1589076680    0.0467138308   -1.8018455382
  -5.0316878005    6.9614221933    5.2388746623    4.2329166464   -2.4925906948   -0.8353612805
  -0.7901576198   -8.5260904291    1.2454750731   -1.6725624992    0.5053107504   -0.2336526031
  -3.0662814191    4.4002911949    6.2951472188    3.2004794874    1.4159080461    2.5871950955
   1.8046045755    0.7010524612    5.2357099931    3.1102968948   -0.0536943132    2.5529982508
   1.5670560518    7.2171569277    6.1818358402    0.9084544105   -0.2717579336   -2.6449147190
  -8.4773417540    7.3029065812   -7.0259643982   -2.1778782499   -0.8066251172   -3.3664400242
  -3.3550952551   -8.5006738611    1.0465636173    0.6741474719   -2.5399519244   -3.3951267289
  -3.1868533733   -3.1852020777    2.3760734314   -0.1354266787    4.1587645392   -1.8829545596
   7.5774901943    6.7278990616    0.6670150606    4.4949364950    2.2529975296    2.0361051644
   2.1614179358   -7.4869243484   -5.2195238866   -2.7470559071   -1.1701161334   -4.2224152525
  -2.7638859155   -3.7943858439   -1.9094799719    0.3282120654    1.4631676751   -2.1850835382
   3.0384480924   -7.7859659053   -0.6705623389   -0.9896632733   -0.7352865872   -0.8425959752
  -4.0096996594   -5.5014735282    7.6959829307    1.9871338810   -1.8654177131   -0.2951835247
  -8.1165404995   -0.1406045048    4.4957151673   -1.3931488930    3.6121956745    1.6268994994
   7.0690152061   -2.5028582198    1.1902613608   -0.4349265760   -3.6161902464   -1.8232318091
  -6.4440579322    7.2393698801   -3.7714357518   -4.4912238936   -4.9828459601    0.6509913462
   2.4628480208    7.8229161220    5.0189303596    0.5466661686   -1.5474381459    3.4133756208
   1.3169776255   -6.9205820253    5.7281916207   -0.6053704961   -0.1006679138    0.0801737873
   5.1805530692   -7.6450869792   -4.4494654830   -0.0591662108    1.7128839522   -4.6344368565
  -7.8904000469   -1.3646492708   -4.0206848319   -1.2521512227    1.0542337815   -0.1139849230
   4.0168426759   -5.1564551968    6.9989982938   -2.6274993650   -1.1926136142    5.4377310558
   1.1013862910    5.9832565664    4.4591628062    1.1279167813   -1.0486899728    3.0291851788
   6.5340173869   -3.1786843711    4.3807621201   -4.1111900180    1.7360296564    0.7062299123
   1.8936764167    7.5923938897   -3.8111273758   -0.4928172182    4.0904018919    1.2319395549
  -1.2641820769    5.3648661984   -0.0171727022    2.9441580000    0.9391181555    0.6316052454
  -3.8535107354    0.2467328261   -1.3787294322    2.3039684209   -1.0419533160   -1.3150132557
  -2.1463196003    2.6280530837    1.4650469642    1.4799598874    1.2346970752    1.5882637364
  -0.2052877792    3.5050265113   -6.6656075005    0.0699626393    1.7849195090    0.6651743283
   4.4890187048   -5.9809919782   -1.4586025071    0.5591631893    2.3249056323   -1.7689760813
   1.6779325644    5.0685852373   -2.2156476466    0.1929037274    0.0693406126   -0.0714998379
  -0.5962865432    0.6220154031    7.0850855107    2.0060232635    0.4040255642    2.1136157736
  -4.1089710030   -7.7401747610   -3.9465658450    0.0220238844   -2.9219119770   -0.1428943516
  -0.3366040852   -7.1000682693   -0.4491074283   -0.2542085214    1.6791565795    0.8664573723
   7.9174543713    4.3912088360    4.5035872392    1.7700835656    1.0226804697    1.1057262511
   5.2047932587    1.4315634312    0.0828262759    2.1352429118    2.3470464632   -0.7657925623
   6.3560732238    2.8033800014   -7.7676061983   -3.3105779620   -1.8947681633   -1.0097379107
  -0.5093456217    0.1059541804   -1.9243218875   -1.2440920687    1.4244322883   -3.2112260731
  -0.0152465356    1.5678851644    7.1887816506   -0.7101604461    1.3610478056   -0.0007975535
  -6.7568754477   -3.7772457705   -7.0463671643    0.1225037225    2.8721724600    0.5388759908
  -4.5569184751    1.4039935695    5.5378286626   -4.0229611300    1.4273217327    1.9840426369
   7.1285924660   -8.2151346099    0.1089626245   -0.2383230498   -0.2805382847   -2.2786846466
  -0.7965851259    2.0355780317   -3.8761982252   -3.0366024140    0.8565577734    3.1265158422
  -1.8398382763    6.7870539395   -5.4749001042    0.8035930993   -0.0246088918   -4.4750768311
  -4.3338942421   -2.4873084030   -5.0789847109   -1.4062741157    2.9842704708    3.2237539054
  -7.5051900403   -8.0459880100    6.0545979293   -3.0448059773   -0.1155317208    0.2224322327
   2.3799667220    2.0484689199    2.3975431747    2.6651055644   -1.6400367779    2.0528423814
   3.0709125440    0.0023490806   -7.3661307913   -2.2899984268   -1.1678004289    0.2925102721
   1.5118313894   -4.7311639357    5.9245742860    1.4833242640    1.5523699334    2.9751912908
   7.4855659290   -2.3461585351    3.4774296672    1.0701536014   -2.4342435277    0.9371634202
  -5.0157224057   -8.1042583436    3.4595464543   -0.3600303162    5.9622602461   -1.0485599472
   0.5071033803    7.2469282679    4.1122438245    1.5653451582    0.0503862968    1.2614134241
   4.7787822497   -7.5888467010   -1.7774031288   -2.9153697778    0.6997500490   -2.6575002081
  -0.6261304583    5.9351789972    8.4824868820   -4.9471402589    1.3212517344   -0.2605561181
  -3.2696598882   -6.3608592036    7.3647297022   -2.8539879207    3.6523720095   -3.2212975512
   1.1241307163    4.6912488658   -0.7494547929   -4.0917772565    0.4638841065    1.0326483165
   3.7892857588   -4.5886083562   -5.9993823571   -1.7906227551   -2.1694778202   -0.0509873089
   1.5569996986    0.9300771147   -2.2735728165   -0.9176595206   -3.8115999745   -0.4956035354
  -1.0669333784    1.8683579189   -6.8816534130    1.6582151402    4.3048258901    2.4508666143
   5.2656523308    0.8885382235    8.3184700903    2.4871445276   -2.6143415754    0.1199083240
  -2.4345709602   -1.9548469890    0.5095001937    1.6185525771    0.5089876400    1.7119127455
  -2.4721894992    2.9529060015    5.5447405941   -2.1736639133    0.0646369084   -2.4902237317
  -6.1832616220   -7.8227336830    6.9589466929    1.9797480403    3.2105267174    5.2724475416
  -1.0727646686   -2.7907268823   -6.0779436822    2.4591245237    6.7347008206    2.8358934433
   3.5144162204   -3.4369141248    0.9187293969    0.0059601938   -2.3272078184   -0.9555985801
   7.0023948819    5.3676640558   -5.8805053911    2.0629834454    2.9247769340   -1.1944343339
  -2.2343474655   -7.2414082639   -6.4369123235    1.9358523233   -4.2493885266   -3.1104745290
   0.3835038064    5.3486304185   -2.4098607786   -0.4611539291    0.4229377117    0.4740396793
   2.6089880838   -7.2222529599    0.1045939793    1.8877988622    2.1228329961    2.4305643589
  -7.8317078112   -2.0366955672    6.6788234270    0.4844235582    0.3682700259    2.9347279424
   6.3755181885   -0.8969935474   -1.2670417110    2.7153757453   -3.9096077682   -0.9000090599
  -8.5374881170    3.9869582302   -1.7340150368   -1.1913188713   -2.6910928051    0.6718753657
  -7.4859702993   -5.0695560336   -6.4524007425    2.8922148432   -0.2240638396   -1.9557598380
   3.5738996009    1.4811891650   -6.3907119410   -2.5057299121    1.7048057527   -0.8251869095
   8.3317195909    1.6176650959   -1.2243927793   -2.9951397245   -0.6122078737   -3.9779829179
   0.4201622170   -6.7873292494    8.4143038913    4.5781249283   -0.4930290944    0.8609680083
  -4.4601078167    1.9060987404   -0.9574095818   -0.6432069660   -0.5970361736   -0.4215485544
  -4.2095127343    2.1019921052    1.8091539145   -1.6871678602    0.2728930614   -1.9278753109
  -7.0537345123   -2.9090349088   -7.0649038324    2.6802701019    1.8937151476   -2.2376962510
  -8.1590898809   -6.3762736543   -6.3603542880   -2.5331756723   -1.2220913015    0.3696298766
  -3.9230587805    8.4431065613   -7.0189784362   -1.3714224501   -2.3523454451    0.3154567887
   5.5873409737   -6.9581754098   -0.6631936451   -1.9376167131   -6.3750521394   -3.3496153519
   5.7822805921    6.8880839450    5.3773955169    2.1557182947   -0.8738562696    1.4300051063
  -2.6553776445   -6.2726981792   -6.0219349399   -2.8856027187    0.7003910300   -2.3966055790
  -0.0340209667   -0.6912117244   -5.2002786989   -2.1444391543    1.3107291824   -1.7688757362
   3.7682224586    0.3331806637   -5.5654497189    0.5682373933   -3.5616575267   -0.1444407795
   4.9485396221    3.5227542734    5.9863677617    0.1889050280   -1.2202058590    0.5102483176
   2.2021008707   -2.0706865641    5.1120731569   -1.4257604108   -0.6996001215   -3.1872654880
   6.1726897140    6.1581952671   -5.9528679341   -2.1473717926   -0.2344784096   -0.9059798263
   4.2692012170   -7.5096400713    4.1331598404   -1.2910892103    0.3277672913    0.1488939056
  -2.2096185381    8.4024665274    1.8002675864   -1.2634154863   -0.4996847467   -3.9181976294
   5.6284032441   -7.9448316760   -1.3121386627    0.0018388688   -0.4893946831   -0.8110813229
  -7.9822017103    1.2211863287   -3.8109604882   -1.4877430504   -3.1503520197    1.3857419909
   3.9311875286   -7.6980102155    2.2281945019    1.1034125609   -1.2470171796   -5.6446145038
   2.1080823471   -3.7255727737   -6.2955645426    0.4926726885    1.5733374480   -3.5394590588
   3.7058905717    4.5933973300    3.7861797809    0.9621897034   -0.7010262532   -1.3146161344
   0.3276315594    4.8989076135    3.7853031572   -4.1682389070    0.6881206256   -0.5311832769
   4.8911281678    2.2557225469   -5.2940536349   -1.6206451831   -1.2859496865    0.1472968221
   7.4802613532    7.4919972841   -2.0385430975   -2.9040510452   -0.7331418794    0.5164740613
  -8.5263466457   -5.3225052315   -3.3404819819    0.6007081927    0.1390795452   -2.5501612466
  -6.3456528776   -4.3136136394    3.9494551519    1.7702797731    0.0981124698   -0.1298974732
  -6.4821795205   -6.0428522653    3.4889238649    0.5467989554    1.0108580061   -3.5419209266
  -4.4694681010   -1.4658186982   -2.3118528271   -0.2413683255   -0.1672682920    0.3350540460
  -1.3829806054   -3.7111492297    2.5026590665   -1.7745773975    2.7147323192   -2.0722269359
   5.2153286190    6.6084597480   -2.8035747562    0.7715904410   -5.6960520977   -0.2276920733
  -0.5073118177   -4.7466413802    8.5420353004    1.4349999356   -0.5994335359    0.7354165154
   8.3112366609   -4.9820840104   -5.8070090348    0.7056852552    2.5494648101   -3.2764248900
  -8.1881710479   -3.3226446012    3.2400529598   -0.2253885108    0.4743147670   -0.8208683526
   3.2463491965    1.0393679898    2.3227005179    0.0597911890    0.0310919656   -3.3269951467
  -1.1308442974    6.8176929698    4.8445077666   -0.1105709424    2.1631807736   -0.5142762419
  -0.9940954932   -7.9128316783    7.1967695303   -1.0991556985    4.7063973015    3.4709029044
  -1.3941664486   -3.8468154253    3.5420696518    0.7109178359    1.6613725019   -0.4920001347
   1.0629531798    0.2849328448    1.6724090325   -1.1097477049    0.5894912313   -1.8772905796
  -6.5967058016   -7.0569340955   -5.0455084411   -0.0476533725   -0.1648960021    1.6719786077
   3.6269575259    5.2115719792    0.3714651964   -0.3164401171    3.3310928171    1.2535791607
  -7.4280133023    3.5496146598   -4.1425540488    4.8253150151    2.8749408953    2.0004568096
   3.6956858683   -0.2470716383    6.4313327852   -0.2810130686   -1.9758621065    0.9303002205
  -7.7660641423    1.3894820576    6.5131130343   -0.0065850953    1.3694611858    2.3625147443
   4.4073163783   -6.2536650327    6.4564893069   -2.0196303159   -1.9779933984   -0.6098023543
   3.7027816767   -7.1273752577    8.0847068350   -3.4919360925    1.1707905574   -1.7414199186
  -5.0728331214   -5.4905016360    2.5831405503   -4.7047359702    1.6389171106   -0.0822269077
  -1.1302990112   -1.9245713559   -2.5750768532   -1.1009595260   -0.0556829936    3.6273273958
   2.1690304574   -3.5800841802    0.5053090086    0.9041868846   -1.7521530173    3.1077358966
  -6.3534666909    1.3001406024   -7.3943961373   -3.0271530856   -2.4406782892   -1.4776032848
  -3.9305943878   -4.4892917267   -4.8933950977    2.9259077534   -1.3162857616   -1.3098009730
  -3.4788901693   -5.1738657256    4.5673445533   -0.7787893527   -0.8544850781   -0.9182840540
  -4.4621472560   -7.5197118887   -0.9987646270    1.1175067733   -0.5743941035   -2.1735056168
  -0.5602170344    3.7253765863    2.4909197197    0.2088503530   -1.7107514731   -4.2473580767
  -0.4369774143    6.4535632795    0.0777801106    2.7738709741    1.3218322344    3.5813551758
   5.9728115905    3.5438448335   -3.0313220882    0.0291545165    3.3589683562    0.3857203428
  -7.7904888991    5.2956158714    3.2829431092   -0.9853500044   -0.9829381852    1.7846197762
   3.6610241990    5.8966705352   -1.9061581339    1.1807204983    0.4831987391    2.4339390957
   5.5255608538   -0.7371995060    5.6368283226   -0.7099468830    2.7937256623    2.0453767814
  -4.7971005227    5.3737936864    6.4809958550    2.6517106745   -0.1938433867   -0.2338055652
  -0.0915442699    1.5821272849    1.2690209849    2.1547897718    2.5359000403    2.3569116325
  -4.3628897875   -2.9574675464    1.3001240384   -4.5652913412    2.8639231915    0.2367954731
  -8.4438816438    2.8218418884    5.0630865597    1.0973001718   -2.7849473323   -0.8329497045
   1.2451282938    0.0819698823   -3.6982977043   -0.8960343022   -1.3728135792   -1.2236234875
  -5.2751956607   -5.2957014555   -0.6786591380    3.9129131831    0.9287735671    0.9043870945
   5.7048562067    3.0493473643    2.3036587615    0.6286675082    0.0220258753   -0.0296572949
  -0.6923907440   -7.8176637847    4.4658438328    3.7750044224   -1.6241327397    2.0693990678
  -7.3463946508   -2.9507867148   -0.7450745554   -0.0809694329    3.3434161368    2.4425853134
  -7.0740592095    5.9322052680   -0.4652728935    4.3842897853   -0.7731435887   -0.3577259105
   0.3905346730   -3.5657431037    4.6110311196    1.0706319161   -1.7753317576    0.2186375007
   6.1795343442    6.3482950073    6.5592333337   -1.6965402679   -1.7111531300    1.3396954725
  -6.2997333087   -6.4940178302    2.1023959536   -1.0827586899   -3.7986801710    0.5583544211
  -6.3647802705   -1.9313008443   -3.8777356685   -3.9101985645   -2.2959418300   -3.6587138091
  -1.6252460630    8.2239725148   -7.6719313976    1.4895382338    1.3056211611   -0.9730781296
   4.2075499021    1.0869213428    1.6077023562   -0.9491520952    0.2752302689   -2.4874451005
  -2.6222936963   -2.6947012753   -5.6779878646   -1.1285332073   -0.7993598495    1.2899436064
  -7.9892585571    0.5754087760    5.8392100731    2.6878533814    1.1083919662   -2.2276413374
  -7.7638509017    7.2378565982   -0.1107171921   -4.0680656492    0.9131329123   -1.3997178831
  -1.9024121163   -5.9522407700   -5.3982538383   -4.8896815688    0.1558399217    0.1234631304
  -0.7130417935    5.9619223573   -6.4022301883   -0.1246732116    0.3966967020    0.3773145769
  -3.6954989812    3.6176770198   -6.2717134341   -0.4062663228   -1.7549474396    0.7831526519
  -4.9141355367   -3.9804068044    8.3295398478    2.5150949251   -1.2229961518    1.3264809110
  -6.9435539106   -0.9993230001    5.1643785956   -0.6200558832   -0.4149410138    2.3741395442
   3.2838238277   -7.0902926243    2.6836624073    0.8383594864    1.6853123465   -2.4720398221
   6.4146286543    3.1661715969    0.2915680411   -3.0852658158   -1.8686283320    3.2911312348
  -8.0637060678    5.7497864675    1.8608485923    1.5504134287    1.6793280535    0.0568779277
   0.4771795833   -0.5861151174    2.1795515567   -2.1878546809    0.6286499794   -0.3072366064
   2.0156425625   -3.0545403448   -7.8181387193   -1.3482510660    1.7329996712   -2.2225330752
  -1.5829400744   -4.2097222139   -3.6224279148    1.2512603081   -2.3143180158   -0.2057616221
  -7.2286384632   -3.9637606391    8.0814643010    3.1735631606    0.1895495524    0.6551750176
   7.5367740113    6.3819074771   -5.9532812251    0.1073363067   -1.4528799248    1.7395074163
   3.1182363986    3.2487566271   -0.5646524634    3.5549955919    2.7065801322   -1.6134312230
   6.8916178494   -0.3900640856    6.4086856915   -3.2964224060   -2.8618784797   -5.2733948809
   2.6232525698   -4.8694036174    7.1024056557    2.8792646335   -0.6566520965   -1.6961580704
  -8.3423763850    1.0528425039   -4.8356782309    0.8391051160   -0.9650407147   -0.5011306552
  -1.8194878516    5.9692990713    5.0541864920   -3.4739654382    0.1947914552   -2.0298652560
   6.9717354851    5.7886771447    5.2178693811    0.8933443790    2.6559630927    0.2852575065
  -8.4003144400   -8.1118333550    5.3553508091    1.4899561806    2.0362191943    2.8624792204
  -7.6719013072    2.9931875115   -6.4472596381   -2.3825124774   -1.4928494333   -1.0729753805
  -8.4112490265   -7.4084595708   -3.0574742870   -0.2106419569   -1.0917462460    2.9481035743
   1.1951061634   -4.6874290416    0.9366362062    5.5176691372    0.2892325802    1.1549844513
   4.0580112283    0.1613519850    7.3780320104   -4.2897304814   -2.9961119484    3.1411456702
  -5.3232306524   -5.9839646754   -5.9830272154    3.1909567527   -2.9020523933   -0.6821701399
   6.1956551515    4.2201949712    2.0495271260    3.3100376678    3.1387198974   -2.4475078544
  -1.5597191297    7.1497634062   -8.2562334413    0.4176810619   -2.6854801550    3.3354971539
  -5.4389398047    1.3234590319   -5.0838822068   -1.4924828160   -1.3313303205   -1.5520142939
   4.7002634097    3.8757402356   -6.2427089418    2.3677912382   -2.4843661398    5.2051545175
   6.4218782062    8.0342655376   -6.1367874304   -0.9319587864    0.3226152344   -3.0413378358
  -4.9833058102   -7.4695194657    4.6023488438   -3.9005646395    2.0965558324   -0.6400971772
  -1.4095427915    1.1185731277   -5.4730334227   -0.4714528647    0.0948304412   -0.3740949838
  -1.1263436050    3.5109020319   -5.6924037656    1.5328914701   -1.8193950418   -0.1142564074
   4.8625739063    1.6683723967    2.2642635698    1.8504383234    1.0987992019    0.0782350161
   1.7421118939   -4.9824609697   -0.4606836126    1.9411025395    1.6280773490   -5.2153105371
  -1.2074811187    8.5084212310   -0.5351337876   -1.8030755014    1.6304729118    3.2671406033
   1.9165191908   -2.5022148307   -6.0347693808    1.4330041144    4.8359574630   -0.5931687163
   0.3356118494   -1.9965566197    4.2040529203    2.8104142972   -1.2295940838    4.3465512555
  -4.8974665697   -0.3469851586    5.8222633403    3.9441884724   -0.3980503024    0.5509554125
   1.3085268179    6.5215665298   -4.8300075405    0.5905026612   -1.8304245410   -1.3592712443
  -1.0013341752   -2.9105909626    5.7655444948   -0.2048988435    2.2760580709    0.3871950164
  -1.7369331523   -1.9555184390    6.6128281640   -0.7202458295   -2.9085879166   -2.5671275463
  -2.2310637835    0.6208632987    4.9844456720    5.2596902673    1.9705410111    0.8420253315
  -1.6714333246   -7.9447261424   -3.9211773613    2.8840025313    0.3287510166    0.5281606989
  -1.9323308433    0.4841733696   -0.4228137520   -0.7579902833    2.8579476991   -3.7566835469
   3.0763787588   -5.4517594939    1.9814558581    0.6636387025    1.2578434959   -3.1634795640
  -4.1707520237   -7.4052553853    3.8514153269    3.1546325426   -0.7088275302    0.2162667973
   0.1695045865   -8.4862686487    0.4833858262    0.0776767502    2.5490530015    2.9665611031
  -3.9086948463    5.5309514386   -8.1824211955    1.6005983630   -3.7519010382   -0.8218112177
  -7.0925897497    3.5092075682    3.7617866532    0.9313733026    2.9663680487    0.3333498516
  -0.1725969376    4.5850532331    5.7858305738   -0.5375521376    0.3678502485   -0.6597321832
  -4.5469756355    4.3081829651   -4.0676115354   -2.2088776893   -4.9728980161   -1.3376820813
   4.8586020020   -6.6595744186    1.8720924402    0.1652660576   -4.2307151185    0.4786827208
  -3.3514954556    0.9876083918   -4.4970798263    1.1185456740   -1.0451132957    0.9204213551
   6.0864174382    4.8758937197   -0.3596766497    0.4140641977    1.5388433465   -1.2648058797
  -8.0692895108   -3.4842462422   -6.7146417454   -1.5650197812    1.9224940856    0.5893565766
  -7.8061866974   -3.5871791418    6.0479642229   -2.5247643443    2.5476871501   -1.6463773181
   7.9186293942    5.8214092184    3.2532666204   -2.8141245072   -0.2083118637   -4.1991722540
   5.7302942754   -5.8507938945   -6.9619828492    0.2164290762   -3.6295920365    2.4253827899
  -1.0554771675   -7.1845107039   -2.7324093918   -2.3532842068   -0.7277191283   -1.6444895766
  -6.7719187696    2.2013889055    7.6392744812   -1.0504878191   -0.5343997039   -0.7683399800
  -0.6944048212    5.3747357202   -2.0512751708   -0.9264478967   -2.3799141542    1.5903209417
  -5.3853725633   -7.9786102512    6.0478570140   -2.4016343157   -4.3680297035   -1.7665791123
   0.5854855715    4.8970349569    5.3639566740    5.4707987876    0.1563714340   -1.9062324321
  -0.5977960207    0.4033167808   -0.8408011651    1.2011083785    2.1987528030    0.0292916586
  -2.9965366499    0.9208494303   -7.6448268834   -2.8704175978    0.7763335413    3.2528287809
  -0.0133811965   -0.2505552990    4.1116824271   -2.1351377273   -2.5493160934   -0.9957012295
  -0.1084670332    6.9781031082    8.5305562194   -1.0307763339    1.7108086426    0.7823006562
   4.4757015801    4.6687832248    2.6417140684    1.8665592518   -0.8184891637    2.7748822111
  -1.5456397420   -4.8588484800    8.2158913714    7.5920447956    0.8584913030   -3.5571441700
  -8.0061609429   -8.1856844037   -7.3942553322    4.0239293504   -3.2806546801    0.9541439307
   7.1671374540   -1.8811792905   -0.2581080813   -0.8843001191    2.7665519421   -1.8410250102
   4.7970032831   -1.6550242778    7.1580052355    2.2806496607   -0.9274669388   -1.5187296619
   7.5891233864    4.2891325466   -2.3016218884   -1.0368089992    0.9578643287   -0.5681365695
  -2.1892851633    2.1069137871   -6.8550087079    1.6053787941    0.4459390320    1.4526035950
   6.5234468958    8.1668287554    6.2636955952   -0.8416582337   -0.4979028578    3.7589123477
   8.2193619719   -1.0748439150    7.7342519702   -0.4207827667   -2.8491500604   -0.6751846755
   7.9890546281    4.6420568860    3.3060324053    1.0038741367   -0.6966987140   -0.3765877399
   6.2541964027   -3.5635491503    7.5650527204    0.9684826194   -0.9175583958    1.7374399530
  -1.4314666119    2.2311895552    4.3294833241    2.4931994942    0.2988538055    3.1488086920
  -1.6329895768    7.9668864889   -2.5211911307   -0.0719488290   -0.0176488807   -4.7406118115
   2.8694037992   -0.3995171373    5.0256431825   -0.3326828925   -0.2926436342    1.1083470124
  -5.0759605826    8.4791004418    2.5143042891   -2.0771599236    0.7399532383   -3.8213067312
  -1.9828252767   -0.0566816858   -5.4373180668   -1.1282561014    1.0060149194   -1.3529879127
   0.8347766056    1.1399919261    7.6350412136   -0.2753436063    3.5201103075   -2.7007937186
  -8.2096304230    6.7575788784   -4.1991968223    0.6618136149   -0.7047377399   -0.7427837245
   6.6707462788   -6.3927343135    4.0516853787    2.2515903075    3.5873940446   -2.8012730187
   0.3827021777    0.9887958501    2.8086652185    0.1780906321   -0.3737796925   -0.1691712534
  -6.4883031833    5.2748714193    0.8515764075    0.1113512450    0.5330152107   -0.5964822273
  -7.7867235985   -0.8207914027    7.8310382891   -2.7135646923   -0.8690403298   -2.2045617160
   0.1538079374   -6.7575001668   -2.7915143810   -2.0555159912   -0.8826835033    1.1555986871
   6.7511696021    7.1837411458   -0.5765166998    1.4412918920   -2.6115356306   -3.2640821728
   1.9645751098    4.3545322515    1.1505206743    3.3853939301    0.2614499156   -1.7249971822
  -0.4166859952   -6.7188502119   -7.0927888789   -0.3906437506    0.2470266683   -0.8340386687
  -7.5827170339   -2.6670860849    0.9904985846    0.3744431500    2.3995031371    1.5089618774
   6.9851023526   -3.4802877320    3.3496766812    3.2089788342   -0.7995445283   -0.2771225617
   8.0661869130   -3.5410821867    2.3813735648    3.5312769975   -1.3879633678   -2.5833906687
   4.9754432620    1.0559233635   -4.9426168558    1.7373799434    4.1362529936    0.3300471879
   7.7153193981    4.7838408977    7.2500443123    2.4355094247    0.7080637616    4.1351006187
  -2.9295356416   -2.7449522997    3.3256436367   -0.5704647306    2.7894882169   -1.8270682665
   3.9051679234   -5.5090975690   -5.6582104710    0.4756949297    1.2198493289    1.7203248384
  -4.0855754583   -7.4014512865   -6.2712830956    1.0575990530   -2.4477599630    3.4639131944
  -1.8252016555   -3.0378523779    7.7785185860    1.9538825302    2.9996628545   -2.5819701756
  -3.4824592313    4.0534405763   -1.8096059768    2.9350866718    0.6461815058    2.2544253139
   8.5319522873    7.5557756549   -1.2525961705    3.2523405008    0.4721512028   -1.2698894483
  -5.5101018505   -2.2681274870   -0.9385409877   -0.2598336579    1.0868687256   -1.1612284090
  -2.7117045787    2.3942089134   -1.3220114735   -0.5671697377    2.1333866122   -0.0342717900
  -7.3828375734    4.6849285584    4.0399111392   -0.5266808830   -1.2597973586    2.0160096499
   5.0107163686    6.6553312557    1.9841215358   -2.8714942730    0.4714811584    2.2554110533
  -3.9972887895   -7.0650894597    5.6180142417   -0.6115995834   -1.0352677259   -1.0817834078
   3.4342890360   -5.4814651548   -7.0116528957    0.2105912546    1.4420349035   -0.4285996669
   8.4982321265   -1.1658303118    1.3361790217   -1.1482680616    3.2495822767   -1.8293609491
   7.9591699075   -7.8595028531    8.0982222293   -0.5903396605    0.9220427764    0.1301682505
  -7.9240942259    3.5119708102    6.7791100568   -1.7297532155    4.7607920149    1.1802347605
   7.2645108361    3.3497433226    4.0141959776   -0.0251338750    2.0040202318   -2.1385563651
  -8.3847421530    6.5510667585   -5.3043148915    1.1624067323   -0.7839651846    3.5243080971
  -4.0864622004    4.2739016152    5.5501150770   -1.3049542815   -1.1680477581   -3.3872849501
   2.1740870574    3.8228093759   -6.7214667520    4.4918817621   -1.6654119841   -3.4728703818
  -0.9527030544    6.9566493259   -4.9932019308    1.6326954210    5.0238818541    1.1716564761
  -1.0959570861   -0.0364698132    2.6817267524    2.1351630417   -0.5711267634    3.1987699987
  -2.8610817760    2.8042870358   -5.0866806005    1.5791266352    0.6723986984   -3.7313029699
  -6.2009384009    0.7638595706    8.3036407890    4.4005471237   -0.8728734788   -0.9363370485
  -3.5380742686   -4.5484176721   -1.0845284109   -0.1402790327   -0.2683795088    0.2653449618
   1.2366959036   -3.2266233323    1.3687208541    1.9268103789   -0.7436691145   -1.4962488699
   6.4746196854    7.0483758664    1.4323675837   -2.1564055584    0.1386093181   -0.7024771884
   0.3071707951   -8.3907234417   -8.4110883486    1.9445538118    0.8299769581   -0.8259200505
  -3.6948263432    4.1458934453    2.1741223162    2.3361999547    0.8741363388   -3.4748288691
  -5.7124791868    4.9840863134    2.8267161785   -2.6602270961    2.9171894826   -1.3940632748
   7.1805641645   -2.4043588777   -7.0207337393    0.1367354592   -2.7067556445   -3.4534081434
  -6.7079772987   -7.4629863641    3.9418080555    1.1140143574    5.0751191282   -0.8294230292
   1.0673443624    7.0954812847   -0.0021289684    2.5479065340   -0.4907907743    1.7137047294
  -2.8038694860    4.9620488132   -3.5957197012   -0.1156544072   -1.3730624789   -1.4111185367
   0.9677102690   -6.6977888278   -7.4390510134   -1.2011021598    0.2224441075    1.6954236105
  -7.3296203397   -5.4459264998    4.2221624616    3.4579279684    1.9643956479    0.9427112389
  -1.9659847153   -4.0108546219   -1.5074553810   -1.0711547984   -0.6166220836   -1.4159353889
   7.8849211970    8.3768700592   -5.0169484849   -2.6459249860   -3.1107519788    1.7267294373
   1.7425670414    4.0480154781    4.3472782410   -2.4991081519   -0.8764870131   -0.6473198025
  -6.5595878261   -8.2715202863   -6.0930991915    3.6485437262    4.3464765205    0.2769046482
   7.1412200479    7.1008831090   -7.1951035646    5.0633719510   -2.5341827426    1.3364378062
  -5.7373561474    2.5502821994   -8.3916710311    1.5916755266    1.6810540577   -0.6074449547
   1.8086846391    5.3456214978    1.6193025762    0.9721907249   -1.8657483268    1.6932613504
  -1.8270213520    0.5076383425    2.3331160094   -2.5130375630    0.6220602485    0.9975685642
  -1.8571951233   -7.6488280413    8.1574440614   -0.5872591176    0.3934731383    0.8958284849
  -1.5365620599    2.0969567379   -5.7606721699    0.4754376447    1.1783663654   -1.6405248376
  -5.8826834138   -7.6717209019   -6.7800646297   -1.7673491295    0.6200644361   -0.1703528437
   7.4985573992    7.8993386194   -1.1046715833   -0.7976638013    2.6415838661    0.8887121688
   7.6723124648    5.8874321723   -4.2680664728    0.7202867908    0.6346963426   -2.8912704003
   6.0021467568    0.9595714766   -6.9345966431    0.0711224066   -0.6410043590    2.8789524214
   6.3624993420    6.7841498731   -6.7303602030   -2.0691328298   -0.9251214169   -1.4620998561
  -8.4795450002   -5.7931619955    5.3565694312   -1.1616032268   -1.1314097468   -1.0302772574
  -2.3807341183   -1.4754545037   -1.9322269367    1.0080022128   -0.9761099357   -0.3160797754
  -3.8063144248    4.7524777314   -6.6471109916    1.5085872269   -0.3499833473    0.6892215487
   3.8539456951    2.7129710437   -7.5364785854    0.3092977972   -1.2251632882    1.4700780865
   6.8719150573    3.0852905871   -6.8201498510    0.1076281068   -0.3903316543   -2.8366171616
   8.4992451625   -1.5473016929    6.0890245033   -2.5763519392   -3.2972267685   -0.8374015881
   7.1034097023   -4.3417878689    5.6655078626    1.0399967499    4.2716659443   -1.7618515680
  -5.7765582696   -5.6883728099   -3.9004624111   -2.0204312114    1.9989641186    2.5867952301
   0.4519317441   -0.8683187837   -7.3509284978    0.7982012401    3.3727924741   -0.2245594697
  -7.9459416717    4.3533337965   -6.1717563341    0.4896958489    3.3106162454   -2.8046052319
  -0.4103300993   -4.5320722337    7.1125672707   -1.1412405359    2.1741043319    0.2791378062
  -1.5734564716    6.1479042717    1.1693997054   -1.1686317669   -1.1785378103   -0.4986343365
  -4.8555845615    0.7499192892    6.4200067748   -0.3158544881   -1.6753212958   -0.3039772689
  -1.5312423075   -2.7841969994    3.8712471521   -2.4222774034   -4.5241969555   -1.6601740760
   0.8277944453    3.3437364547   -3.8996795945    2.6820106991   -1.4096359454   -0.5545055409
   6.4968791199    6.0536708375    8.2712312476   -0.4928900850    0.5573505872   -2.7804030416
   3.5051109332   -2.8700709964   -2.3949215458   -2.6492964452    0.1663483364   -1.6962414621
   1.1085838441   -8.1760005148    0.1501935862    1.8132621899   -1.7902351263   -1.8374048759
   3.5590465393    6.1793967691    7.2704896524   -0.5186730127    2.3346539793   -0.8695205141
  -5.2244824408   -4.5910188606    1.8484533351    0.0805561449    1.9558707296    2.5106354711
  -3.7546149917   -0.8094166331    6.2974714368   -6.4758251680    2.7002591609    2.2598266924
   5.8924619725    5.3853191292    3.7334601322    3.4483424167   -2.0810581097   -1.0585274945
  -4.7492652122    6.3271952557    7.0494311769    0.1080761207   -1.5467630071    2.3555200461
  -0.2751165911   -7.9180127126    5.6819569898   -1.9773360684   -2.8590431689    1.5213662377
  -4.5281882735   -7.3019296579    6.7092307308   -0.4760272133   -0.3469697639   -2.9840607925
  -4.7851833523   -7.8442518693    0.0259422897    2.7467363775   -2.1741073223   -1.1620674132
  -1.4388763330   -6.9908858376    2.0786199037   -0.6233592643   -1.1832675642   -2.2288622361
   8.5313143798    2.5784786664   -2.3629718337   -0.6743692469    2.9118086188   -5.4870436518
   2.5631747946    7.7737892073   -6.2757045851   -2.5763167122   -4.4413854207    2.6968054172
   3.4307038711   -1.2302352061   -0.4195952711   -1.9239778049   -0.1589548454   -1.8116199142
   7.5314423086    2.7661883233   -0.7931218337   -0.3999954123    0.6246939172    1.1978945632
  -4.9078630308   -6.8309000558    8.2933629665   -0.0500724623    3.8811480032    1.2113809290
   2.0241799845    1.2570417816    7.0622212231   -2.0738914327   -0.9113649139   -4.9080480197
  -4.9835882601   -0.2883774268   -2.3186761254   -3.0531660450   -1.9805143592   -1.2469672243
   7.7420491604    5.8026003602    4.5229668287    0.5077624633    2.2819070670   -1.9290490789
  -2.4229377950   -2.6647055950   -2.1080286391    0.8517139732   -1.8806352746    2.7311963593
   0.2043765382    4.2304681667   -3.2111005864    2.5514337585   -1.6183800826    0.0833597340
  -7.0064602186    6.4568948789   -2.7496529591   -4.3846052943   -2.0947972205    0.2710138930
   1.1517185048    4.0080264734   -7.9837935913    1.3007682587   -1.0183204679    1.2697927562
   1.3384037236    2.2779092394    1.9112843879   -0.1474697579    0.8442296331   -0.4395878940
  -1.3084456482   -2.4026090405   -4.4081027368    0.4684598382    0.2030270603    0.8012313238
   1.5999357723   -1.5969731904    0.1213795925   -1.6469359727   -1.4852027424    0.8702319952
  -5.5813663978    2.4749645260   -5.8437685523   -1.1937376401   -2.0934296873    1.3993892586
  -3.1953545702   -0.1887005265   -6.9921822205    0.0457440691    1.0261923498    2.3081850445
  -5.3531134989    4.0317971372    3.7337397668   -4.8769151772   -2.9703194738   -3.2133661615
  -1.8967384513    0.5113030192   -8.0065351034   -0.6293112310   -2.2209861504    0.8612074162
   4.3288678717   -1.1804019580    1.5659884531    0.7352089810    0.0127097240   -0.9155907840
   7.8723503594   -2.1851534838   -2.2916753803   -0.4133004276    0.5902069078   -2.3056676818
  -1.8259513276    1.9188795791    2.0403879435   -0.9780078146    2.1214663434   -1.9415060942
  -8.3526177539    4.7328791446    2.3527926078   -2.9730571608    2.2069408970   -2.0463927711
   2.1344004529    1.4958626153    5.8501054550    3.4258171132    2.3320429465    2.1796166576
   2.2640057909    3.8523410426    5.2032874878    0.9288939979    1.0513814812   -2.0390133112
  -2.7413890805   -0.0985545311   -8.0935551103   -1.9236694742    1.7167588507   -1.2952341185
   4.5724740375    6.3218311574   -3.9815273668    3.1062736191    0.7985785738    0.8163932448
  -4.0576075760    1.3315913322   -7.9309705582    0.6697591108    0.6162181635    1.4139735410
   6.0290906896    1.3707532771   -2.0910769545    1.6307231284    0.1541260560    3.5615081778
  -4.5907051242    1.2590742166   -5.9127044696   -3.3563154214    1.2536096736   -0.4234333403
  -1.0794547848   -6.1340072063   -7.8428679334    0.2242880720   -0.1406681126    0.9239941433
  -3.7314802498    2.3891847743   -4.0395961222    1.0007708831   -1.9746962303    1.0563050606
  -2.0162131507   -7.4797332389   -4.9538200701    0.6166984953   -0.7455632443   -3.0068801241
   0.9027525747    1.3593571927    6.5993509054    2.1177197342   -1.3850575023   -2.5968716897
  -7.7380179432   -0.0012907627   -7.7004601409    0.0427235390    2.0216709335    0.0698649748
  -4.6285166128    0.4161150304   -6.8875941424   -1.9120210844    2.5501103338   -0.9083254274
   0.3220324324    5.6703756200    7.2347632719    3.5942196996   -0.8715050188    1.3319664236
   0.6284173818    1.0123023327   -2.7237572645   -0.5671154923   -1.2863984025    1.8409468938
  -6.0056406960    6.0955337942    1.8468420690   -2.0755062069    3.0672600006   -1.3748304943
   0.1201953226    6.4596962850   -1.4630358843    1.6336728938   -0.7121646111    1.3702660931
   6.1022449175    0.2364235096    4.8611630805   -1.1301913345   -1.3843169622    4.5387367088
   6.3071436176   -2.5888261938    3.7475067145    3.8937216217    0.5253541230    0.5613112731
  -3.6511057738   -3.2210753976    5.2254313915   -0.0663502037   -2.5868387617   -1.0256334593
   6.0926170015    2.9479576014    4.6998944031   -0.9480983700   -2.4167211464    1.6682808462
   7.3619532046   -3.4248814089   -4.3574994437   -1.8184902654   -1.4628080625    0.6448859578
   6.6784618935   -6.7544913614    2.9528666838   -1.2374075237   -2.8166835799   -2.0113202898
  -0.4036227514    0.9498748736   -3.7290015117    0.9784089851   -0.5380535322    1.7321695228
  -1.5372887982    3.3400942831    3.1372520521    2.0905198397   -4.3021132109    1.6542254612
  -6.5059519684    7.0494745156   -0.0519101826   -1.3956648013   -2.2663650070   -0.5315027870
   5.2201557063   -3.1253496931   -3.2940279060   -1.0113324876    1.2347148280    2.5562008676
  -5.0469261410   -1.6955637911   -6.9144351721   -3.0459083662   -4.6102586866   -0.6979109437
  -4.3331228513   -0.9837479442   -7.7945290008    0.2575326730   -1.1374818643    0.6936285285
  -6.9223954108   -4.8793189489   -0.2838655674   -2.2064396033   -0.6585052191   -1.9898956944
  -2.3049336891   -3.1205645081    0.4726486776    1.1477476000    2.3270641005   -1.1379247846
   7.8028231173   -8.0397476596   -2.5190257479   -1.3109555260    1.4022555059   -1.4503338257
  -2.2324343930    8.2945274180   -6.0706799477   -1.5267617767    2.2673285692   -1.9398199973
  -6.0319809703    3.6904700213    5.2630581261   -3.8851813150    2.2130113794    0.6513177333
  -5.5724859426   -2.1515547275   -3.1994693823    0.3901685862   -5.7618899501    0.9977755867
   6.1428804467    0.6931338417   -4.9317374863   -1.0148005627    0.4898718166   -3.7042571968
  -0.3384938860    6.4797205663    7.6056254742   -2.6864005201   -0.4249106901    0.4950353133
   1.3818197586    6.4704531393    7.2225227612   -0.4046118550    3.2954402380   -1.0796954997
   7.4207824054   -6.6082095842   -6.9105549988    0.6542522714    1.7865840472    0.4329576882
   0.9083204010   -2.0828492907   -3.2766587926    1.9044403262   -4.2508962166   -4.1155311126
   4.3977773577   -1.3232746979    7.9765671014    0.1859044030    2.0107315640    0.7603699564
  -5.2404852795    8.4002956405   -0.9921576512   -2.1440698640   -0.6079626848    2.0918159205
   8.1449150609   -0.5350614080    3.0856335952   -0.8373882633   -0.7721520773    1.3337323089
   4.7795886582   -2.1504654958   -7.4547467589    0.3191725095   -0.4583204883   -2.8093968541
   6.7763129923    7.7768701395    8.2943697490   -2.8476276765   -1.3884168181    1.5468898165
  -6.5628657315    1.8381571150   -0.1741737116    0.5276273355   -1.2383810957   -0.3119173628
  -0.2381023446    7.5339684470   -0.6022444257    0.9205312048   -2.3749664907    0.9479156250
   7.9516842641    2.5950241403   -7.5859611473    2.1124698873    0.2882470971   -0.8437984982
  -4.0686790386   -6.5738353581    4.6518152098    1.9603486310   -3.7044449555    0.1419770565
   1.3735962014    3.7268043178   -6.0719686882   -1.2257061508   -0.7956349382    0.4612589846
  -3.6523933712   -8.4719292374    7.6838034783   -1.7482543921   -1.7028229422   -4.3234485268
  -2.9495325021    6.4860061233   -6.1149101237    0.3403203721    4.3904164021   -1.4718817783
  -7.7486052342   -2.1295640313   -7.8722064073    0.2064952927   -2.6478793021    2.2726804475
   0.6292653869   -7.4458641208    1.6742015719   -1.9684076673    0.4126914964    0.7846498038
   0.3063797485   -5.0363908898    5.8986369597   -0.0771150215   -1.3023005065    0.5144436425
   6.0623579099   -7.8782090524    5.1325995443   -0.3647816051   -1.3990233756   -3.1497791704
   6.5930311063   -1.1380560308   -6.6488157786   -5.4605067535    0.1640859962   -4.0795588360
  -2.1780909537   -8.4849391112   -5.0293033457    1.8390991151   -3.0156728528   -1.7114220032
   4.2052790386    5.8117349402   -0.7298154135   -3.5011522066    0.7938800466   -2.2924908962
  -0.5810484276    0.2492956610   -5.6243263831    2.6402137797   -1.3032178112   -0.8925258575
   6.9474665206    7.8863730247    4.7419889797   -0.2548763159   -1.1826950609   -0.6737247777
   5.9141816219   -1.3188343595    1.5306836406    4.7496365517    0.7994940653    4.4094147769
   5.6441401034    8.3397130524    3.2445528515    0.0853756538   -0.3262171833    1.3599795789
  -3.0553705679   -7.9211640907    0.2108915387   -0.6081188576   -1.4750938116    0.5275195293
  -3.0280155551   -1.3476079074    6.8078322579    3.5178195903    1.4202845412   -0.3237865539
  -6.5298108729    7.8267127651   -5.9716732283   -1.5172591072   -0.5141528585   -1.9494868803
  -0.2192666717   -3.7921920435   -2.8797206730   -0.4271247087    2.6384826498   -2.9144719759
  -4.3590005726    7.2181671216    3.1275122760    1.7037308122   -3.8363956780    1.5018037280
   2.6546118445    2.2648821174    7.7839533148    2.3113349273   -3.0629431856    1.8759013468
  -7.7718249768   -7.7635940838    7.0007935195    2.8250040350    2.1984156469   -1.3518778200
   5.1226720428   -8.5496235720    0.5298522484   -2.0145699947   -1.4048471444    0.9456284818
   6.6743490417    2.7255428331   -1.8946928640    0.6478036264    1.5801275837   -0.5784049288
   4.3879338949    5.0721237605   -2.7326383739   -0.5047489579   -0.2392043233   -0.9745097980
  -5.9274352084   -7.7129001588   -4.6201561199   -3.4232815206    1.9214974475    1.1513248240
  -5.5270607831    4.2644464892   -3.8589727521    1.0949823581   -2.7071666706    5.0532522879
  -6.8748839204    1.0200608573   -4.8895783065   -2.0921234246    0.5563906342   -0.0889194520
   5.9305742141    1.6020797676   -4.1148987227    1.1412640640    1.7036952815    0.4152098944
   5.2879932807    2.5629533636    7.9774881401    3.2772360268   -3.0079985778    1.1012934363
   7.6421643547   -3.4567896012    1.4275826850    2.1704158803    1.4883926969    1.5633304859
   1.2390446844    1.2648792745   -1.0928924585    2.8009507073    0.2797317783   -3.0116323956
  -7.7785601308    4.8244327377   -4.3543288101    3.0068774831   -1.9836680175   -3.0401184266
  -4.7664102595    5.5669830519   -2.6979163569    0.9953652334    3.8273932157   -0.0576100284
  -3.8285851254    1.3675312110   -2.7914927894   -2.9206406595   -0.3254464607    5.4919685155
  -6.0555203048    8.2223205226    4.7595058109    1.7958079732   -3.7748764644    1.2735903600
  -5.6523938786    6.3296081358   -4.3019846021    0.7165671405    0.3702840855   -1.2852119172
  -4.0790387163   -1.6575021132   -4.1357243071    2.1905452230    0.1587544028   -0.2502400004
  -1.7712808940    1.0701821002   -7.1147107307    1.8014270993   -0.9251419486   -1.2037071431
   3.4367044359   -2.2749884754   -5.8129424477   -0.0538127162   -0.5904862574    0.3848081401
  -7.8423420975   -4.8417448663    5.2311507475   -1.6596921268   -0.7611175885   -2.8256775778
  -0.3804297116    7.9591085882   -2.6346046661   -5.0879489165    1.4283751579    3.4131014175
   4.2885109993   -6.3972337861    7.8274070835    3.5032338396   -0.0145736631    1.5046104032
   4.1452946508   -5.6732258407    3.4961868793   -1.4312568435   -3.1037835534    5.4999437628
   7.6876860103   -0.0452912481   -0.1338005129    0.3227438596   -2.3797385941    3.3315760640
  -4.6018950633    8.2753667176    8.4546433458    4.8125522276    2.8586298972    2.8041104612
   0.5451298547    8.2626237412   -3.8027981434    0.2897048443    0.8894933128   -3.2983003137
   0.7247169756    3.5411502798    1.9645576034    1.9416842229    0.4860464103   -2.9784455255
  -1.5513488912    4.4774343238    7.6124875596   -4.8280000905   -0.1229083233   -1.3270470788
   1.4991419248    6.2985223055   -7.2193478588   -0.9524595513    2.3824994011    1.8208764016
  -3.9232821570    5.7433331212    7.8587955466   -3.0583849860    2.5050562170    2.0192619715
   4.7816006063   -0.6714169659    4.7708662684    4.8446740913    1.3436793801    3.0544857715
   5.5155033032   -7.6326746616    1.2307064897   -1.4071516379   -2.4778751794    1.4283808121
  -2.4018023819   -8.0396230096   -1.7780472566   -0.0774340758    3.8199602568   -1.2928899657
  -6.7306660040    4.5148050308    6.6940715548   -0.2829190615    0.2492681519   -4.6260883209
   2.7986104910    3.3855797574    6.2439525096    0.8470319263   -1.0435965607   -1.6643917029
   2.2454818902   -5.2782747633   -3.7718146285   -3.6966909567   -3.3464362374    0.9404204216
   3.7708609993   -0.0220265054   -2.9993740181    0.1298836734   -1.8959756716    3.2718028847
  -0.6855838013    4.6609383626   -4.0101865930    2.0465334052    4.3685516483    1.4750651652
  -4.5133508863   -3.8730119354   -0.6039381087    1.9790561874    3.2875383650    2.4053921587
   8.2904465044   -6.2075230689   -2.2659005564   -1.5814076308   -0.0782127228   -2.8252245385
  -4.8937910631    1.1933769937   -1.7184529155   -0.2962714556   -1.8783683925   -1.9260611774
   8.5467147297    3.2976477904    4.1304361170    8.5528497493   -1.4156006623   -1.9597226658
   6.9709462868   -0.3582688682   -2.3673763880    1.9058597734    0.7166603420   -0.3025806238
  -7.3085380496    0.6645132920    5.2588349694    0.5461536965    0.6335617346    1.4774385962
   8.1191844647   -1.7019011043    4.9938654548   -0.6195126969   -1.4062476231   -3.3232799575
   1.4013724080   -4.4277780236    7.2145287800   -3.7280109669   -0.9813110421   -0.2468128228
   6.2678302337    3.7196519691   -1.4518404046   -2.5067708384    0.8907960899   -1.7861808792
  -2.8378067004    1.4848909201   -0.4163684490    0.4692292783   -1.3003447262   -0.2789532064
  -4.0621162783    4.9743176869    3.2184053871   -0.0385706375    4.6966483229   -1.6609407957
   4.5407837577    5.5661739928   -7.6164566075   -3.7346622684   -1.5894800000    2.1004648692
  -5.1558691825    6.9391823290   -0.9261085028   -1.1864403494   -1.5789849304   -0.7340970594
   6.1584189632   -5.5678006301    7.4568730789   -0.4026022708   -0.6570430249    2.8849274728
   2.7833623418    3.5018519670   -3.5317171842    1.3896272373   -2.2490515934    0.5468863424
  -5.9677244212   -4.0983429003    5.3126058843   -3.0171422912   -0.2340013511   -2.2552381282
   7.8865573335    4.2690535192    8.0449494296   -3.4588153651    2.7120178264   -3.2356287632
   3.3304728374    8.2777405196   -0.1023612751   -4.2516836049   -5.2756514921    3.1162540310
  -0.2183054708   -4.5901224111   -0.8658647911    1.0560278478   -0.1320468398    3.1269933956
   0.7092865283    7.1745762957   -2.6275515343   -0.5061941264    1.5077140776    0.8080933837
   7.6682496640    5.4828625139   -0.0411751421    0.8617602232    2.5769874305    0.4500027484
  -6.2415324236   -0.9663936783   -5.3933524833    2.2472252867   -1.8567262879   -2.6444794858
   6.6221453228   -1.2235714793    4.3765332129    0.7544627049    0.4264417421   -0.6758816164
  -5.3772690475    3.9359136207   -1.0442539518   -0.8881664236   -3.8527060867    0.4678785171
   4.0457847017    4.0922784074   -4.5505508048   -1.6510597642    4.0407969535   -0.4377160597
  -3.7068289052   -0.5700206218   -4.7499635919   -1.7937652997   -3.7249442324    1.3337379981
   5.2961647115   -4.4855006626   -0.4373623406   -3.2918549852   -4.5369938499    2.6324259980
   6.5314987440    2.8804814530   -3.7570174132    0.1174645568    2.5365429133    1.3112337755
  -0.7273985078   -3.1131587358   -4.0190801957    1.7127047527    0.0234603971    1.4542516795
   7.1383811259   -0.6012756487   -5.8823586308    2.4641839516   -2.0205785693   -1.4429227798
  -2.7022245443    4.5195122743   -8.0922566451   -2.5584728418    3.9704593127    1.8694980104
  -7.1854906395    8.3094596002    0.8458184099   -0.0534903041   -0.7058971755    0.1620517150
  -4.7539375504   -6.1998071509    3.3626450770    2.5580774310   -4.7676948572    6.6313437393
   0.6442734496   -7.1376690446    0.5874923655    3.4654479792   -3.2806915445   -0.3713549121
   4.5803624537   -3.2097030466    0.1309817948    2.4122290669   -1.0455859727   -1.9218344422
   7.0528507226    2.3615770695   -4.8172351864    0.0664348101   -1.5597242952   -1.5566251517
  -5.2340779124    3.4217385008   -3.4258858145   -3.4779457775    1.3580963494   -0.8220856524
  -0.1538348865   -2.2671421120    8.3477817727    3.0751082761   -0.2844139611    1.0884718838
  -2.8626251086    6.5092449108   -2.4012483316   -2.2209392282    0.5829493094    2.9010928213
   2.5478255116   -2.3964091301   -1.7916665180    0.7711953226   -1.7130381942    2.2257356963
   7.8153959501    5.2682978332   -1.2363565090    0.3305848104    4.4989381106   -1.0670317856
   1.8209331073   -5.7139355524   -7.9713517652    2.0818992662    2.0952752868    4.3598716659
  -8.3149995096    1.4192543317   -5.9516780750    0.4423612830    0.6480586160   -3.4895434868
   5.1934221552   -1.1452711842    3.6953177653   -4.6534585505    1.7707954321   -0.8465823180
   1.0630638600    5.9117859498    0.7784848025    1.1397495636    4.9988192448    2.9466479207
   5.7089718149    7.2405977281    2.6157238179   -3.9810221476    1.3132313584   -1.2390119522
  -6.1147597737    7.5990654616    0.6800436470    0.2235743030    0.7790111826    0.7502181907
  -7.6734308372   -5.2212941922   -2.4929487870    2.0172349492   -0.2123911376    0.6662427828
  -8.3105979622   -2.6033823481   -0.4499742511    1.4408676758    4.2288829765    1.3056751377
   8.5430150446   -1.4987856292    3.0478031554    1.3531682836    3.9495314439    1.2207863550
  -4.5420282223    6.0502209423    5.5898008739    1.6457114498   -1.1835769845    0.5210532363
  -5.1042793955    4.6150570801   -6.9391991682    3.3172094245    2.3344261726   -1.0469998154
   7.6348730646    2.3010957198    7.5423068881    1.6296903285   -0.3483141419    2.6358019097
   6.1282606540   -0.5592567123    8.1304799006    0.1054440231   -4.4222795895   -4.1986655818
  -1.9536805262   -3.1157468820   -2.9246064568    1.0170502981    0.1569281536   -2.5940991208
   7.7283004347   -6.7893629957   -4.8714033484   -1.2636447707   -3.4948214762   -0.2055390055
   8.0949257449   -4.5657393892    4.9012910626   -2.5314727506    0.7414328445   -2.1591078505
  -2.1830287077    3.5862399245    0.0043013413    1.0699964019   -1.9414351193   -3.5907426313
   6.7143679833    6.0922601574    2.8390737294   -1.8907426819   -2.5414185144   -1.7866020408
  -5.9667167833    7.9262052356   -6.9440012952    1.3562798233    1.0975814957    1.6775856410
  -7.5488440083   -8.1581829957    7.9176633293   -2.2686149308   -2.7393475308   -4.7063763133
   7.5047226348    0.4330657938   -1.2453659701    2.8444240421    0.1239504741    3.1630295318
   5.1025741707    4.9523023834    1.9024472884   -2.6387610870   -3.4516954706   -1.9686288515
   3.3354424041    8.3460712972   -5.4601252670    0.7139630281   -0.4233767626   -0.0713358925
  -1.2775567488   -1.6027653827    7.4402419093    1.5110577792    3.0817676699   -1.2081292125
  -3.4701743480   -4.2398613320    1.0640776220    0.5937662381    4.6483545649   -1.9504545966
  -3.4628743899   -2.4126487127   -7.6351572080   -1.1887631224    1.0209461725    0.1279459016
   7.8366516939   -7.3051483693    2.7691427428    1.4466199881   -1.1227972468   -1.2010385072
  -3.7585663453    3.5228809102    0.9551489563    2.3885370170    0.4967423116   -0.3890052547
  -5.1896683122    5.1187789475    5.0080094435    3.3639341295    1.0183125123    1.9754124905
   5.5316041903   -4.3616050512    4.2673085021   -2.1543072940   -0.0801829581    1.3944221075
   7.7690883012   -4.0508988125   -2.8023677031   -2.4366423097    4.3137175189   -2.6978832693
   5.6555476888   -6.3032923750    2.8727759875   -0.8635003951   -2.4325239377    4.2380398165
   6.2538756138    4.1476431980    5.1225989185   -1.8179484533    1.9256018042    3.8506152948
   0.9999714109    1.3296882168   -7.7026189786    4.7461252678    4.5482365650    3.3898715869
   0.1834043286   -7.3866366097    2.4923454913   -1.2391409922   -6.6132553027   -0.0174011527
  -7.2142537103    5.6825724687    2.4045204508   -0.8687377644    0.2408257181   -0.9273718263
  -1.1449717648    1.8789573938   -1.2356534295   -1.2879505593    1.6735660346   -0.3247980542
  -0.2196893552   -4.6667561091   -7.2517480300   -1.8552762461   -2.9449537349   -0.9056048531
  -1.8552952996    0.8015747596   -2.5499621900   -3.5299540604   -5.9684795084    1.1080359735
   3.2411607975   -8.0667292467   -1.8103516676   -0.8908083127   -1.7531844152   -0.5393384277
  -8.2526287896    2.8212043696   -7.3504047868    1.6534872924   -0.0331551256    0.2128515705
  -0.8515332652   -1.1223677363    3.4450012037    2.1941422284    3.0977632116   -2.2577444118
   8.3353813145    3.3217852784   -3.3947610710    0.3282385705   -3.1294181771    0.4130515941
   8.3276842763    2.8818041189   -0.1747879045    4.0421996470    0.2265491079   -3.3327911210
   4.0466409076   -4.4722460377   -0.0322218811   -0.8286702169    0.1525996694    4.8246745440
   6.3659921428    4.7299399908   -1.6523108512   -0.0274244645    1.2315032919    0.3136041008
  -3.0094625105   -4.1701407228   -0.1673363635   -1.2998549520    1.3512065154    0.2628989119
  -8.4384437094    7.3968082399    5.7186310963    2.7562157179   -2.2206043376   -5.6482779002
  -5.7920652556    1.0558826994    2.5633412272   -6.8946923942   -1.1381320230    4.2895970054
  -3.8424941290    0.6334305442    4.9233361389   -0.3279037420   -3.3984567760   -1.7645980865
  -0.6479414694   -6.0962667362   -5.3775167886   -0.1710009623   -0.8779879736    0.7620369199
  -0.1698270434   -3.2545278669    2.0443319811    1.9985693396    0.2416792482    5.3484738454
   3.0480642131   -0.4832730739    1.2051331886    0.7711614507    1.6225629426    0.0314476988
   6.2183088147    7.4543653754   -3.2584458033   -4.1947269089    0.9116846346    1.2370857640
   4.4447408432   -2.2977655495   -5.7037595208   -1.5811587128   -3.2877203312    1.5609125180
  -3.1436194558   -5.0279949706   -7.2831978953   -1.1269674391    2.0910408131    0.1734081649
   1.2068177759   -3.1928459824    0.1197086148    1.0631159618    2.8665214322   -2.4160550682
  -1.5948789631   -6.8687476977   -5.5617977110   -2.1140315313   -0.0396353031    3.1348732086
  -1.5383907556   -4.0283513707    0.8762965622   -1.6232710719    1.1339977796   -1.4767917854
   3.4609662678   -0.3230728118    2.0528629621    0.4321630442    1.6598557558   -2.0378609467
  -5.4461750997   -8.3186065903    7.7323317847   -0.5828844742    1.6915171478   -4.6532683466
   6.0695095742   -6.8967932754   -4.4059206162   -4.2074719722   -1.5629457180    1.2156514871
   2.4300056139    8.1603988830    2.9077610815   -0.4544087412    3.4910197335   -2.4238178493
  -2.9878530696    0.9182678160   -1.5116195164    1.8375983057    0.7469961470    3.4136003445
   8.1430411857   -7.2084232072   -1.0817616650   -2.3773230244   -3.2140592004    4.4325231871
  -7.4044368407   -1.4179092019   -7.1324993102   -1.7213913009    2.0165571837   -0.7548520306
  -6.0396018917    6.0154557799    4.1576431132    0.0615421975   -0.6659184522   -1.2602097616
  -2.9385039269    4.1105208481   -5.1049686052    2.4874187198    2.1010133116    2.8705095545
  -1.5391881405   -0.9220652697    8.2391599379    0.8621507219   -0.7001990232    1.4067386008
   5.7060274090    6.0867811592   -3.9778438985   -0.4422661423   -6.2267911627    3.5138903284
  -0.9897049664    1.3961913862    5.2333703614   -2.3156440523    1.5644993990    0.5115783862
  -2.1671152791   -6.9819398421    7.0633571449    3.8044741315    0.1922924043    4.2836498458
   4.5904985387   -4.9946024625   -3.2015898640   -1.3060025290   -3.6375018574    1.4417148472
  -5.2246730341    5.4775881737   -5.1347027305    0.3869241702   -2.5425543540   -0.3760273480
   6.1885739626    5.1631038670   -4.9428336135   -1.4406197353   -0.4725417374   -3.4288435168
   3.6514688389    1.0131901184   -8.5485306571   -1.2067893214    1.8746915664    1.2681091827
  -0.8636093511   -2.3109747104    0.1211604972   -3.6229725079   -7.0066972830   -0.1187024139
