           1000
    17.09975947
   3.2259712253    2.9340366557    0.3001251223    0.8301114907    2.4452022508   -3.7089770885
   7.4996339225   -7.4340955305    3.5438083267   -3.4981841253    3.1298171785    1.3999961790
   3.9125280069   -6.6837266054    1.1789954419    0.6197589172   -4.8487248068    2.3890260630
   6.7811690729   -3.0368604126    5.6579144720   -0.4214998784    3.5700240581    0.8237624479
   7.8032427988   -8.1017436805    4.5816879088   -1.1333150649    1.1339433454   -2.2365522874
   3.0046161869    5.2108635044    5.8764297905    0.4230862476    1.3156552642   -0.2340006285
  -4.0481763965    5.9195941530   -3.4749094896    4.6506420825    0.2988967339   -1.9841446417
   3.9691904684    7.3605383679   -3.6131080372    6.6094974686   -0.6716294133    0.1388317863
   0.5983983001    0.1832017001    7.9481264366    0.9147966773    4.0465309164   -0.9155324319
  -3.4196725033    3.1662564133    7.3236629713   -0.9660913568    0.2981429271   -4.1568633913
  -0.5356386152    6.9465118794   -1.4193976608    4.0399442889   -2.9325966177   -2.5924476749
   1.3751896474    3.0367707622    1.7105218244    4.2736003388    2.5314553549   -2.5438457985
   5.9138218631    3.0049966577   -5.6007416758   -1.2211018850    0.8853615400   -0.5354614332
   5.2295686518   -3.2705510980   -8.4320574702   -1.5123874284   -1.3332937411    0.1658155332
  -2.1634648365   -5.7373710198    6.3027504940    3.4858871199   -0.3520881421   -1.7620345112
  -6.1016003364   -1.3339264616   -4.2239547363    1.3443942335    5.3782572925    1.0947328362
  -7.9371073045   -0.9178226352    7.6202523844   -0.4082366641    3.0671818273   -2.9735117836
   6.2509452629   -6.2593175478    7.2136476677    5.7200236933   -0.0331886283    0.8132469408
   5.4490811785    7.1535649110   -5.7709037927   -2.1351706383    0.1802713723   -5.2935549290
   4.4052067578   -7.3405501716   -6.8762372514    2.4916955767   -0.7864923562   -5.2105976025
  -6.5816062157    7.2904514323   -5.2674442425   -0.1883210893    2.1040851271   -1.5167688685
   2.9428988694    3.8311041873    8.5151124578   -0.7508356336    4.2238546147    2.0330754884
  -4.0307859417    5.8182957430    1.2589517974   -2.1756337620   -2.2806133572   -4.5568502108
  -2.9545656587    4.2114858123   -2.2753988044    0.5820029854    0.8523730308    3.8758202726
   7.9167356998   -8.1363235703   -4.5491207777    1.4911656291    0.3635687883    4.9718514310
  -3.8027520441    7.4244753737    2.9953521271    0.1333833204   -0.4232816296   -2.4698796857
   6.3142435010    1.4347872737    6.3944278283   -0.8246297154   -3.4958320204   -1.0112679848
   1.0528759721   -6.8903042279    7.9515477738   -0.3663699651   -2.4252641761    0.1455399960
  -6.4128425252   -1.8339089634    0.6065373410    0.0723379676    2.6828636423    2.6377264549
   5.1839924246    6.2963018123   -7.7732013570   -0.8547755515    1.5134826721   -4.4931636171
  -6.9817803506   -0.2702646833    3.2207033859   -0.1311002383    1.2951095942   -0.8652125519
  -4.4176250577   -2.2940854303   -7.2573354393   -0.4343427728    3.0191008769   -0.9797210866
   6.6983810765   -7.3566247029   -4.7530051923   -0.1254429031   -1.2466673731   -4.2721977032
  -4.6710038571    4.4340098403   -7.2805223633   -3.3259672689    0.5690786081    1.6302617897
   3.6093127066   -4.7657725242    4.6676544219    0.1998627853    3.0023978981    1.6930338438
   7.7487854388   -3.6912029452   -6.9193940774    1.3016404198    0.1413103460   -0.1501960829
  -3.6103359265   -0.6174503600    1.2981377285   -1.7977818767    1.7187000241   -0.8253220030
   2.3238668728    3.9130018146    2.8939289071   -0.9507237856    0.4574954249    0.8397960102
   1.1433089862    6.4885524757    6.7005938266   -0.7568954174    1.3216092762    0.3254077753
   0.8070660569    2.1667504685    7.4134161323    0.4979533700    0.3629607122    1.8951543340
   6.4372906513   -6.2657563459    2.5816700215   -0.8898533856    0.3178239472   -6.8506065865
   4.1844992260   -4.2845729618    2.5960032207   -1.4186697724    0.7700033474   -2.3586185520
  -3.7934256098    4.0967536416   -5.5878803657    1.5279173202    1.3003337026    0.5400503206
   4.6269157046   -3.4363395631   -4.9972697782   -1.4432549509   -0.2716736166    3.7962840992
  -5.3590041851   -0.3691482520   -8.3260649990    1.3421637266   -2.6612324816    3.9000308938
   7.2887498814    4.9262738711   -3.9949251196   -0.9164928415    4.1893884389   -3.4737756237
   6.5264548229   -5.7996962512    6.3403930259   -4.0690915415   -3.8628706812   -0.0177560122
   2.6162251019   -2.4974665509    6.6359057660   -2.9950684924   -0.3456022026    3.6967888536
  -7.6378536112   -7.1164466607    3.0384363422   -0.9023372111    0.4561974939    3.0860271492
   1.3788129192   -2.6058373742    6.1789823329    2.2392769559   -1.4190053590    0.4806081656
   8.4468557426   -0.2320245871    2.4419367177   -0.2913445113   -2.2649003833    2.9195701945
  -0.3226590964    0.0222603187   -8.4119088982   -0.6617875606    0.7591799539   -0.2514008712
   4.5367399668    8.3199352351   -0.8099176456   -0.3546791795   -0.4015539707    2.0574101277
  -6.8772459629   -1.8609635973    1.5532970157   -1.2258620283   -0.2051377347    4.7455297216
   3.1105716218    5.0460885396   -4.5186696021    1.8762053214   -0.7659887112   -1.5463990171
  -7.2778793462   -7.4099429576   -5.0665522471   -2.1875404490    1.1285102045    3.0131017316
  -3.7043790157    4.2059786970   -6.9539496707    1.0770230642    0.1915692878    2.1006115705
   8.4123978439    7.2803324934   -3.2018108791   -1.7000308419    0.7545172129   -1.4652656590
  -2.8332640300    4.5263418116    5.0631238886   -2.1791959072    4.1619094758   -0.9574127247
   2.4005930056    2.0126886036   -0.6771660203   -1.4413244010   -1.5940481931    1.4296318378
   7.5498428966    4.7894672861    3.9293315197    1.6561320157   -0.7401390280   -3.5002262892
   0.9706813049   -7.7822987864    0.1703554010    0.9674420279   -0.6954536920   -0.8679032691
  -5.1540642917    6.1253801296   -6.2506201207   -0.5460676015   -4.5492607135    1.3955216946
  -6.0218090313   -7.7025112876    1.0840924701    0.1846200501    3.2915527420    0.8823776877
  -6.0673694988    2.8386214479    2.5653309051   -2.8590303095    3.0545319229   -2.7721103830
  -7.8934170018    8.4952952718   -7.4369260568   -0.9135047189   -2.6066778667   -1.3380676597
   7.6967186498   -1.7723657577    2.6828382791    0.3241328981    0.3421025836   -0.5484683562
   5.4365254782   -4.7055392210    8.2499803192    4.8436237774   -1.4164889795   -1.9811059406
   1.6811972763   -7.5088930260    1.1587046737    0.4011255685   -0.3234507000    0.0988721060
   0.2548336343    0.2004554343    2.2124879626   -3.6386486175    3.4664559605   -0.3786675579
   3.4484228306    5.8813496126    4.0952867155    1.9053609329   -4.9563541396   -1.7074881913
  -0.0482304018   -4.0049603984    6.6506916260   -1.4628710880   -1.7151606481   -0.2004648211
  -3.2452133735   -0.1746614109   -6.2749719557    1.1839159855   -0.2158048037   -0.8473778278
  -4.9003152778   -4.4533729989    6.2430300468   -2.5421847075    1.9458751956   -3.4592384636
  -3.0075326379   -3.0394749712    2.2185572397   -1.2404138987    2.6330006746   -0.2274044176
   0.0169874062   -6.2214531094    2.1462852217    1.3949788464   -2.9110047559   -2.0207928918
  -5.7524314688   -5.3488253670   -7.0148991001    1.5272895709   -1.8722750944   -2.7034550702
  -3.6477163782    4.8270045951    1.2692867016   -5.2874320532   -3.4684124687   -0.3769319749
   6.6474049885   -5.6787950156   -3.9833532872   -0.3284533972    2.3914380153   -1.8327264686
   6.4844146247    1.0120928631    8.0771049529    1.7735748000    0.2789414734   -0.1559811608
  -0.2342728295    2.5066681761    0.2712741376    0.7837416430   -2.6558558524    0.5652940725
   4.6823902587    6.2795748301    0.3964020156   -3.1568321991    0.3014796186   -0.6674462697
  -0.8602178915    2.1059197373    5.5099195357   -0.9137982547    2.3888248323    4.8893946473
  -2.2664137565    3.8618625206   -3.2259091613    2.3934636398    2.3855697292    3.5959609881
  -5.7248064761   -7.8232187153   -3.5502609728    1.9218908945   -1.8641137620   -1.0982385440
  -2.5583584372   -0.9743642180    7.8079426732    1.6135790190   -1.0002307222    1.2784320555
   6.3699091079    3.6400682501    1.2226741927    3.0586731606    0.6166742358   -1.2484668603
  -4.3418561158   -1.8629989959   -0.8958765697    4.0869910304   -0.3907507819   -0.4175969146
  -5.1265863008   -3.2453851387   -0.0643407877    2.2705654828    1.3402047018    3.3663998158
   1.6661561177    6.0387642160   -8.4958028299    2.1943738106    2.1699958652    2.1052877311
  -1.9647176028    5.3962889733    8.5074413074    0.4478410194    1.3680239059    1.7133338883
  -7.2072734282   -0.6859949057   -6.4272744648    1.6958146926    0.6219418665   -0.2963331475
  -5.8559965516    3.1600704458   -4.4298134761    2.5721357071   -0.6226031400    0.5828623627
  -8.5315437696    5.9036523292   -3.8632645693    2.0747740841    2.0317544156   -1.5696990270
  -7.2694569262    7.0984598920    5.8567593487    1.6839195643    0.0781622255   -0.7463745480
   1.5925680116    6.9257071003   -0.4786075890   -2.1287367702    3.3847917694    4.8137569573
   2.3603206020    5.2908297549    7.9547426279   -0.2360739037   -5.1931788044   -0.5186865771
  -0.2016949193    3.6853288070    0.0617862666    2.7581435045   -2.4080269951   -1.2394318598
   3.7355322803   -7.5225321897    0.4683880950    0.9186026104    0.7589074289   -0.1503109222
   7.3276598917    4.8029107625   -1.5180502682   -0.4345277359    1.7548360721   -1.0101340184
   0.5875046407   -2.1920974957    4.8131628019   -0.7372685375   -4.0640825233    2.8855405359
   7.5425084201    8.1777890013    0.8175266329   -1.2396699486   -0.9631264694   -0.4888446277
   3.3178667558   -7.7229762726   -1.6474770092   -1.8806994011   -1.1330286927   -2.1713275711
  -2.7956005873    5.6395302446    7.0276722463   -1.3519330265    1.7132334180   -0.9047646363
  -6.5268186418    6.0247029930    3.8114085655    2.2260590676    6.1060011854   -1.2478720976
  -2.5444406986   -8.2077421079    8.4924562388    0.7164133806    0.6987242659    0.4839504295
  -1.3940500914    0.8036027329    1.5923671344    2.6708605609   -3.5599234277    1.6048890661
   8.0859188302    8.4053655946    5.6853737521    3.5245202729    0.8022495735   -1.1711842389
   1.6697475391   -5.9917727542    6.4926195248   -2.4241959699   -0.0313289945    1.1555451154
  -6.8559472326   -0.3198613862    4.4001925658    0.3966213497   -1.5097884321   -1.2770503047
   5.9697974016   -8.2955098851   -5.0032289564    1.8627937815    2.4864978201    2.9011119477
  -4.7462601327   -7.9869203203   -3.3012532135   -3.2133020408   -0.9710829633   -0.4741606582
   4.1628911596   -0.3985572966   -7.7665967726    0.9966003056    2.0415690001    0.3192683384
   4.1892771520   -6.5331077508   -1.0422716536    2.3456840674    0.7895760103   -0.6491597839
   2.0333683688    1.6442021635    8.0133029213   -1.8250253641    0.3376656688    1.2483326207
   6.4957681432   -3.1915996851   -0.5421458187    1.4649433050    3.0133330334   -2.7078801868
   1.1199121897   -0.6005303936   -0.7146131125   -1.3080412138   -0.9677922725    0.6722361864
   4.2077076264    0.7384386976    2.7092602262    1.8325570991    4.5415993747   -1.3932752372
   4.9995070626   -1.7181883225    8.2684778908    3.8736305087    1.9791571795   -0.5498202204
  -4.4460953317   -6.9574353251    4.5624144796   -1.9349195439    2.5712299060   -4.0944215138
   1.7869880912    4.4914990734   -7.5956048414   -1.0330881865    1.6328491132    1.2575516230
   0.5950262838    4.6841978481   -7.9813635468   -1.7796356229    0.9959217609    1.2836766760
  -6.0880441715   -4.3849436936    0.4218816577    3.1158953108   -3.5931379693   -1.2262345826
  -2.7065438002   -1.9832561592    3.0752291046   -0.0991280946    1.3455676942   -4.1827006082
   7.4838339720    1.3780774757    4.1184726076   -0.3039008254    3.7779894664    4.0967511127
   1.4738975252   -4.1470303692    7.7239605137   -2.9973497459    0.2921137578   -2.4280720208
   2.4211319462    6.5455096774   -1.0333829102    5.5697564430   -3.7088883609   -0.3379416053
   5.6465620048    1.6040928753   -4.2654925324    1.9829183091   -0.9018761319    0.1225225733
   1.6561516504    5.4502205837   -0.1698749252   -1.5039006365    3.9427853698   -0.2634824074
  -7.2678066283   -0.1375163017    0.6938564379    0.5692848445   -1.1972840765   -1.9878612380
  -3.5520337059   -1.2776904252    2.3311555353   -0.6340224292    0.9349862921   -4.9957359950
  -3.4539641564   -3.7634123186   -3.7679358952   -1.2231633266   -0.1195820744   -0.2224237826
   5.9276090891   -1.2604285123   -0.4507801747    2.6449576702    0.3035699449    3.2430526040
  -3.2500244810    1.0177732257    6.6467118848    2.2785127393   -2.4859019521   -1.8184793697
   4.4078430905   -4.6618297669    5.8710777947   -3.1259692903    0.0646556787   -0.1488480246
   5.3538320715   -0.6557131409   -4.5026501781    0.5200126645   -2.3869936392    3.1758952276
   6.0495236218    2.6256183978    5.9012412558    1.6071223758   -5.1352049080    0.8743284170
  -1.6187543476    5.0348033250   -4.8630097893   -2.0776254990   -1.0896373388    1.2704686444
   1.5389476459    1.2100453915    1.9926287162   -2.4990874406   -0.7173551031   -2.3580809881
  -2.1032145677   -3.2869753156   -0.1292998313    0.7680077687    1.2182596839   -0.8474748667
  -3.7394104623   -6.3817502587   -7.5322804192   -2.2325609708    0.0714069589    0.4888891140
  -0.5451935327    4.6158919746    7.4626848900   -2.9542603690    0.4787782605    2.1494533683
  -7.0527962747    8.4551401595    4.2500794782   -0.5781758753   -2.4760291289    0.3817133840
  -2.0934643683    5.1863757507    3.9514117997    0.5473600361    1.2333829137    2.1846669133
   0.1554036481    0.4804917871   -5.6033170379   -1.2079251123    0.4190792758    1.1049508222
  -7.7371505729   -1.0564579698    2.7214129259   -0.3893968835   -0.1838686210   -2.5796514904
   0.3603368312    7.8032512781    6.3459582921   -4.1569257748   -2.4013204292   -2.8746260605
  -8.1671399897    4.5861567229    0.5063327660    0.6657228509   -2.6157517393   -0.3913622978
  -4.3315865284   -5.5035093553    0.5424371592    2.8599200358   -0.3864857172   -1.0158243511
   1.2982767773   -1.3768041866   -4.4632108993    1.4420820357   -0.8572434603    2.4084908002
  -3.5027464262   -4.1878273839   -2.1955907322   -1.2670213715   -2.6038486700   -0.8199475680
   6.7673399219    6.9273653768   -4.3072335038    3.6092882193   -4.1883525999    3.4604444202
   7.5823820080   -2.1829128952    7.8648091738    5.7514662778    0.2903691957   -0.0180376462
   0.8875189355   -3.0867550862   -0.1989071459   -1.1231653353   -0.7099809531    1.5087558016
  -3.4293082181   -3.2134955984   -8.4358511013    3.3277492436    1.6458939747    1.1507385121
  -5.9593291733    5.9671360974   -7.5090657318    1.1475528244   -1.2103009402   -4.9590490359
   0.7517930027   -3.3303944739   -4.5671636935   -3.2266085488   -6.5326985169   -1.1160844417
   5.0470036830    0.3826361381   -2.4753566880   -0.1568081312    0.7516462653    0.2928839754
   0.5274008315   -3.4381173582    4.1521483462   -1.7159539906   -2.9585777402   -3.7005853513
   0.4980947000   -6.1708581446   -6.3303777105    0.8526890831   -0.9706060518   -2.9140322960
  -0.4289018077    0.7928275128   -0.0244893935   -0.6647588573    1.3468019089    0.9074260878
  -4.9905686615    1.4497411989    4.1948474280    0.1997585121    0.9132658487    4.2838630423
   0.4234010537   -4.1309526490    2.2236888069    2.5450688853   -4.1012247082   -0.8405982496
  -7.1891089448   -8.2482405660    7.4590482283    1.8923364797   -1.0333239567    4.3871112627
   0.9958808916    5.5737549331   -2.6912647574    0.7127638538   -0.4091392141    1.1265234431
  -5.1432787805   -7.1869767931    2.0240272889    2.7858769900    1.8055953045   -1.3131700601
  -6.3701171176   -2.9278535239    2.3215318587    1.4206208581    0.1690010705    2.4205304594
   5.5194846657    5.3756949123   -4.8278463471    3.0815697737    4.4890869528    3.2460696680
  -4.1925331805   -3.6946548260   -6.9896165650   -1.1001295185    2.9660005641    0.1065287937
   0.1296095288   -0.5386214330    3.8294294095    2.9937851553    0.3511715409   -2.3892452187
  -7.2757359033    0.8549160785   -8.1371979526    0.9422593166   -3.2253329883   -1.3966404243
  -6.2418354050    4.3269674220    1.7240508466    5.7683064161    2.5114844241   -3.7879270996
   3.4997383988   -2.1871360958   -7.3625271406    1.1929612805    2.1408226763   -1.6325115000
  -6.9350082498   -4.9787723319   -0.6121040486   -0.0602577255    0.5684300691   -0.3274547968
   8.4047687091   -5.4765190239   -8.0468119279   -0.0776218301    3.2294394162   -0.0969344201
  -6.3743903421    4.3625113416   -4.8782111315    0.0306696975   -2.4515067494   -0.8305181008
  -7.8887556344   -7.2589661300    1.7555378997    2.6889095202   -1.8271603764   -1.9720438408
  -8.5152264316    7.1418429165    2.3595978216   -0.5001329072   -1.1552636441    1.2578488104
  -1.9158321484   -4.9226591814    1.1488847418    2.8222905990   -0.5931457366   -3.9870259558
   7.0914447783   -4.3417454931    1.8864139282    0.3551986169    3.0092963708    2.0841492219
   6.9702082264   -1.9239241082   -7.1129721079   -0.5872520455   -3.1183293794   -2.1785335338
   2.4071083349    6.2556296922   -7.9666971708   -1.2161504195   -1.0660266651    0.4120819639
   7.3872283837   -0.5967843075    8.3721500997   -0.9229058149   -0.9190053041    0.8478985552
  -6.1409428088    7.3334364975   -4.1969170762   -0.6138571811    0.3532850136    1.3102176107
   2.3286622379   -5.5610212327    2.7357325091    4.2804001194   -1.3226354868    0.6581952032
  -6.9736525673    7.0368045846    1.7316466647   -1.0464170950   -3.5030762148   -0.4561980080
   7.9160751981   -4.0314027128    2.4217498693    0.3358950364    2.6707257026   -5.5558262782
   1.2900949948    0.0129824934    0.4265400183    3.6940462439   -3.9278242870   -0.8271086042
  -6.6439274053    0.9864684436    1.0720513157   -1.5801176600    4.7431378172    0.9040540299
  -7.4270597682    1.7696042934   -6.7841227632    2.4222528507    3.4192535233   -3.4465152901
  -1.8069970202    1.2827952355   -2.7818124851   -0.2466370196    1.9459422619    0.9101704057
   3.0465613423   -6.5636208213   -1.7996295370   -0.8282944849   -1.4659591699    2.0468010619
   1.6728982509   -0.3541880713    4.9649963512    2.7759227736   -0.8132367043   -1.1208825481
  -4.0394264314    0.0184338875    3.2595223597    1.2223313961    1.5380395432   -1.3196348530
   5.7963607395    3.9793832664   -4.1687884062    2.8699159488    2.9812700819   -0.6869213375
  -6.8096744087   -3.9799500743    5.8690444774   -4.7800056997    0.2787948403   -0.0371468567
  -6.0461716248    6.4546472827   -5.2617845077   -2.2382774096    1.0530901800   -1.1572565445
   7.6156376527   -6.5422684440   -1.1924937214   -0.1243985674   -0.5098799962   -1.9960135090
   7.6444927262   -4.3374217756    6.5220438037   -0.1095080600    1.7209579818   -2.8651569903
   6.3675526249    4.0122738607   -0.2000309350   -3.8475423870    3.8568696524    3.4101410052
  -2.2624946993   -5.1889537652    3.5126879541    1.2977970877    1.7292987288   -2.8077772067
  -1.7564084520    6.0835449874   -4.1073756332   -1.9411832477   -2.6494108709    0.8920777614
   6.2435273314   -3.0825045168    1.7185866882   -2.2143058992    4.3879861164    2.5590067933
   3.1024836087    3.7447029243   -5.3571523743   -2.0477558663    5.2692470403    3.0503850838
  -0.1847469743    6.6792210114    3.8318750292   -2.5772386830    0.1641609261   -2.5152955496
  -0.9644855630    2.2563781928    4.1058125358   -2.9054437928   -2.3287022617   -0.8006905901
   7.4096340653    5.6215444702    3.3155044606    2.3440196669    0.4967218335   -2.7325376534
  -6.0404983591   -5.5986350532    7.4998230933    0.7980203834    1.8872338054   -1.5595328362
  -1.7607046508   -3.2651582114   -4.3252330082    2.4306634099   -0.2173850240   -0.5722717073
   6.1767670808   -7.4017403937    7.4994840195    2.4902963337   -5.1532811007   -0.5078414948
  -4.4303469414    8.0786526708    4.3619088954   -1.1190071942    0.2579635821    0.3429728101
   5.1752943595    7.4670676594   -6.8182009101   -1.5015094740    4.8700779728    0.7262904870
  -4.0018776568   -5.2240243399    8.2679601740   -1.4828908878   -3.5130497783    2.9189631228
  -7.0840495744    5.6581171140   -3.3300336730   -0.5964842616    1.9151908663   -0.4856894662
   1.7889541335   -5.8082547714   -8.3555127196   -3.2130544515    3.8962770538    0.7915879382
   2.9517789355   -0.2561843299   -8.1109874826   -2.6328914638   -5.8962855068    3.6179276298
  -8.0229024965    3.3303124842   -7.9400684058   -1.9887355825    2.5418237701    1.5151476707
   8.2742116823   -5.6399966495   -2.0967419937    0.3722473240   -0.3943661850    0.2606965339
   1.5541644367   -1.4702986316   -7.9779834535    1.2613571224    0.4737857547   -0.3993217927
   5.7350316974    8.0444992572    7.5878006814   -4.1000955674   -1.2181016475   -1.6078901264
  -1.2572732747    0.4605581720   -5.4743637285    5.0702523098   -1.6256083559    0.9952122766
  -7.1474563188   -5.0189095798    3.8207844640   -0.8836420603    1.3244598062    2.4579223922
   1.4278114408   -0.1193495008    1.8110797243   -1.9924307460   -3.4781809805   -0.2882248512
  -8.3303157098   -0.4317405957   -7.3007289619   -2.8009057327    1.0023846866    0.9565681266
  -2.3440762528   -2.2202644579    7.5242286820    0.5718576170   -2.5478253738   -0.5767540179
  -1.8759848118    4.6085893643   -1.1856598766    1.0859690754   -2.8631750993   -0.9310891002
   0.4194349941   -1.3637385975   -0.0925558594    0.7176810486   -0.2692613769   -0.4836160467
   2.9548318528    3.0520832576    3.6196917478    0.0550127512   -0.7585793587   -0.2145391531
   5.3474177968   -3.9596249327    0.9938798728   -0.2238812102   -0.0756912615   -2.5854326693
   3.1376381931   -5.6386078208   -1.9294693367    3.6198405606   -3.4336747440    0.0009774041
   0.6619343988    6.7094323431    2.7913952428   -3.8178031145    2.8697115589    0.7559410967
  -3.5158286737    2.0427651152    2.1960233115    1.6799407954   -1.9442733957   -3.4414158819
  -7.7180379835    4.3441650312   -4.7558232268    1.9999512700   -6.4203472848   -1.5841068900
   7.8154763300    4.9834450590    7.8531142382   -3.2767847407    1.0782805550    0.6928202428
  -0.7102852830   -6.0956981096   -4.7414031560    0.6634716524   -0.4680855679   -1.6914429915
   6.0457672016    5.2066182581   -6.9689704973    3.8967416235   -1.7788459537   -1.2055009982
  -2.8399959127    2.6083496815    2.9014767682    0.5905469003   -0.7698445194   -1.4896209581
   6.7013324352    3.5503594976   -7.9275136522   -0.0809643171   -1.3807983773   -1.0174631337
  -0.4912964778    3.9775430995   -5.4458039214    0.4282696189   -2.1638157559   -1.0788622937
   3.0048550632    3.9590098779    1.0519761994    0.8021149152    0.2607936828   -3.5082576095
  -2.3929479534   -7.8771298217    4.3299589747   -0.0136733555    0.0483351130    0.0106721442
   0.4320980237    8.0234265304    3.0887943750    3.2230699148    0.8806916750    0.1043955896
   0.8831366810    3.3033183999    3.8169267336   -0.2229200734   -4.1427463236   -2.7247819205
   3.9821891104   -4.5355789248   -0.3839985527   -0.8735641962    1.1599137243   -1.5289628234
  -3.8865830431    4.2785105875    6.2148610680   -0.2953594672    0.7572818347    0.5944346423
  -0.6181424210    1.9741837954    1.2430688045    2.7482405135   -2.0552825089    5.2605967032
   7.5764561960   -0.8808957322   -1.0276772013   -4.3104471490   -3.2642453008    1.1684669800
   0.6373692187    5.3238129700    7.9150112570   -1.0448226037   -1.5878218374    0.6875134657
   3.5263272906    0.7752390166    1.4418445932    1.3460605200    0.9514228579    0.1106799624
   6.0129704318   -7.7969575663   -1.0240303226    1.7436087195   -4.2707595756   -0.7445756358
   1.5784619435    8.5481381332    4.4193620618   -5.0466903650    3.6419495377   -0.8337633736
  -8.1188375913    3.2294957037    3.7933346660    2.6658076082   -2.3310739757    1.5005841077
  -6.4369429186    2.5272464981    6.0657137802    0.4917793455   -2.7010290056    2.2201288890
   1.8687582650    7.5423727486    3.5571685313   -0.5890671913    0.9821035694   -0.9435140112
  -1.9754527424    2.9571744264    5.7870969776   -1.7772200125    1.1422096797   -0.4409882680
  -4.1569000520    0.8901690913    7.1742299540    1.3404333329    2.8328122310   -0.6607105892
  -2.5159471816    6.9507279704    7.8510516962   -0.6657009617    4.8490408666   -1.0623834996
   8.0337551817   -4.7309520861    4.9462434535   -2.0142770344   -3.9712249568    5.8686508678
  -6.1886362922   -5.4486423687   -3.2282495701    0.4393403540   -2.5901042034    3.1586546100
  -2.8361330098   -4.6733409233   -0.4717362233    1.2909057618    0.6664852524   -0.5990693593
  -2.8480071802    4.6065769832   -5.2602564101    3.1889864318   -4.4914753703    2.4990194204
  -6.9504307465    5.2923267156   -7.5738624030    3.5958033270    0.2792800720   -1.5105174421
  -1.8735279786    5.2154577142   -7.2169053564    5.0108934744   -1.6343877461    0.2332710709
  -3.5980647937    0.4036416844    8.2730784987    0.6870768126   -0.9261272628   -3.6175513177
  -4.9314396286    0.7719170362    6.1457154781   -3.7676209627   -3.9461298631    0.4838759242
   2.1308730008   -7.4290687721   -5.9321803040   -2.0472603469   -1.8387391689   -2.0390338569
  -2.1798933208   -7.7631124627    0.6871328146    0.9821095837    0.2361847756   -3.5005861268
   3.6197370817    1.7630563574   -2.9936675202    1.5967781488    1.1440760858    0.1674495405
   2.4716091851    2.1950822600    3.2883868602   -0.3292804664    4.5191114801    0.9887103011
   0.1886127254    7.5861725804    4.5806534183   -0.0607704851    2.9021704732    1.6573361373
  -5.1641217524    7.8059461676    7.6341590075    2.1604187477   -0.5895520678   -0.0050663677
  -2.0624712236    6.7301041899   -2.5151836245   -0.9848548816   -0.6314559489    0.2733077280
   2.3829097474   -1.0366496969    1.4384115344   -2.0241637619   -1.6013294254    0.3186337342
   6.7233327064    2.3946249465    3.8269301288    1.9702741346   -4.7556285012    1.3817087825
   5.1929428018    0.4581203560    7.2587910253   -0.5986127582    1.7736448459   -0.1567718888
   6.4040780665   -4.4252502300   -3.0411739347    0.2782325799    4.1295423887    1.0249998040
   3.6536577727   -5.3340123868    1.5874027209    3.1116499111   -0.9973684327   -1.8785570632
  -6.4484918283   -1.3100085515    2.1945465508   -0.3710551472   -3.9014799547   -2.1570481518
  -8.3563032621    1.1484002663    0.5206472072   -2.0596446486   -0.1553112518    2.1214522062
  -0.5950358816    0.7396513712    5.6783398001    0.1301221674   -1.5933723002   -0.7820995643
  -1.2320197417    1.4742886993    6.1634972230    0.9901600887   -0.5438582786    1.0684977845
   8.2122185935    6.7726319834    8.3184329632    1.6180018880    1.3565431255    3.6949609484
   1.5932152403   -7.1090315198   -7.3877759286    2.4319863978    3.1502102889   -4.0740237584
   0.3868201386   -0.4919878339   -2.1071938828    1.4258405824    1.0387582987    1.1010399666
   1.9213982893    1.6964788517    6.7674316715    0.4285509041    0.1083953658    3.3356929337
   0.7844401968   -8.1658945723    5.0271000964   -1.1645140475   -3.2633845455    1.4438929970
   5.0596212548   -1.1603116049   -6.2204706344   -1.9289293895    1.3446962546    3.6953145824
   6.6621615297    6.3569808069   -7.2450808363   -0.7139595249   -2.4891345778    1.4365057949
  -1.4681494859   -0.7657745581   -5.5113051276   -0.9667426716   -0.0982609293   -2.7554929457
   2.3593765259   -8.5121923207    1.9089059369    1.0662269428    3.8249408267   -2.3458013416
   2.9600951553    6.5894321613    1.1125019850    1.9349708940    1.3367547940   -0.5691426843
  -5.4076907870    3.5142920688   -1.2902306939    1.4164132377    1.4932443682   -0.4484747555
   7.2922398651    1.9950117588    0.3524571201   -2.0460217128   -0.6467591938   -0.3893938244
  -7.6043328640   -6.0650425477    7.8545670847   -0.9092647036   -1.4700644415   -1.8743119184
  -1.5228979296    7.1239099483   -4.5612074670    3.3136776409    0.8909744835   -0.7440688499
  -1.5612053106    8.4295280590   -0.9973556966   -0.9293504650   -3.0069000469    4.4201315008
   4.0140766896    6.5296153011    3.4347590549   -0.9112946196    1.5238677458    0.5451748899
  -5.9339795625    3.8877466355    2.7205376046    1.5262431910    2.2549798534    1.1552153118
  -1.5428243838   -1.7903759684    6.0662879450   -3.3854380133   -0.3346124663    3.0901536405
   3.3083944103    3.2783353746    6.5082291034    0.7687769258   -2.5303672038   -2.3054948986
  -2.0600254018    4.9684431826    2.6580584898   -1.8701408093    0.9772647382    2.3771670252
  -2.5180857444   -4.9205193028    7.3635191675    4.4919413241   -1.6958946256   -0.2695347653
   1.4208905232   -7.6698458578   -3.7751107694    3.8019714794    1.6924072992    2.6540355824
  -7.4534690424   -1.2687808149    4.7291964982    0.0207811806   -2.1095944447    3.5273272715
  -6.5783154146   -2.5153459252    8.4530547447    2.1002199213   -3.3487928297   -3.8070475460
   7.0995573009    2.6142702487   -6.3317693094    1.4075506558   -1.0532030752    2.2975240295
   5.1075677969   -7.8743912506   -3.6031874290    3.2039238095   -0.0275354505    1.7758754365
   4.1861374994    3.3903277495    7.0068537081   -0.3534498947    0.6909166745   -0.5516078922
  -2.6515542489    1.2163869540   -0.1514401150   -1.6080813014    1.7823030812   -2.5863133010
  -4.5182661859    2.0116741215    6.6299349175    1.2521397237    3.7879119088    1.8993409551
   5.7956357638    6.4259422160   -4.4573264938   -0.7527316065   -2.2296790617    1.7272461593
  -2.8850597145   -4.1362909502   -8.4383653592    4.8302014966   -4.6045867053   -0.4617400003
   5.3265930697   -4.9783248492    5.5470148076   -0.8141597639   -3.8595103965   -0.3762166336
  -2.9371235211    6.8286110364   -6.4209016585   -1.6945919340    0.5510329594   -1.7542983675
   3.8042236763    5.4994306170    2.1621089748    1.5418694426   -2.8644478513   -0.2909793700
  -2.6664510812    8.2163184979   -0.1493218954   -1.7699230878    1.3719660884    0.1755695665
  -0.7884939325   -4.3050366253    5.4764798827   -1.7581131434   -0.2160197383    2.2319588524
   3.3059449503    0.2342427116   -2.0065670513    3.9859314098   -4.0277301698   -1.2613041767
  -5.4421904397   -1.4980063344    4.9395450688   -2.2561416543    1.6712543293   -1.6861482469
   3.6306795334    8.1922342983   -2.3239366418   -2.6521151739    2.2117909988    0.1657830937
   6.8380043288    5.7071440161    4.3176277262   -1.6780043249    1.7834649369    1.8859186051
  -6.1246981905    7.2127171875   -2.8974416048   -3.2400877063   -0.9357996356    0.7148876533
  -6.2212719700   -1.7694690883    3.3862435071    2.6361483842   -1.2637814480    0.5337974691
   3.8691248397   -0.4524784104   -4.2919579736    0.1207996812    1.9816242854   -1.1616869702
   0.3344680301   -2.3280251957    3.8119500482   -1.6519491165    2.6498437791    0.6027962547
   6.1387814799   -1.3984361573   -4.3463944793    0.0668559445   -2.3345400017    0.5556514571
  -1.6770255281   -1.9275908865    2.2969123105    2.2366887093   -4.5147820177   -0.7875570035
   2.9779719379   -7.7570675851   -3.2238444805   -8.3983992415    1.2012610306    1.6606369161
   1.2398417421   -2.2924274154   -4.5681148378    0.5327054808   -2.2821375400    2.7440868952
   1.8006857429    5.8078053348    6.8143059601    1.0485567413    1.5673346365   -1.2881316510
  -2.6066148021   -6.2251622994   -4.0037372834    1.2893259572    0.4611924853   -0.5977392051
  -0.2437215440    5.9890591527    4.9033053695    2.3372599796   -3.9194860093   -5.7677196996
   6.1488563152    1.6267392991    4.7973850386    1.5650244316   -2.1028447121    0.5232339047
  -0.6966042688   -1.3776637482   -6.9475934769    0.2253599830   -0.0040736311   -2.1151342007
  -4.0100937701   -7.1326310076    3.6818472559    1.6944821842    2.0117450081   -1.6874264532
  -0.6224101292    5.9676939415   -3.1535894324   -0.5438034772    0.0118989416    0.4331188188
  -0.5114402512    4.1127850233   -1.1693158712   -0.0453373628    0.3248834075   -1.3945977728
  -5.9720122232    3.0213780381    4.4518982065   -0.6817688603   -1.5341765380    1.6047098785
   2.7712508610   -1.5278422752    4.6415503616   -1.0102544242   -0.7743121337    4.9639389153
  -0.0728801974    6.8631666168    6.5987919126   -1.0312974690    3.2626929263   -3.7140404709
  -7.7026327069    6.0332613944   -7.8078299912   -1.9502213347    1.4673861203   -1.8076807467
   1.2639673698    3.9597859658    1.9377519063   -1.8126001150   -0.7259890375   -2.9664160560
   1.4579253918    3.2618096863    5.6998782588    0.9306369813    1.6308378334   -0.6913455047
   3.2152518602   -2.9874336047    4.9475129965    0.4330142217    0.4657468819    0.9454199481
   0.0601911733   -6.1503524964   -3.7516129872    2.0490384083   -5.3799618010   -0.6775372688
   4.7743518625    0.7989503731    0.5672247146   -0.9822841343    0.3655335382    1.8371130247
   0.8525436521    3.5897910400    7.5103507156   -3.9172576157    2.7704365923    3.5533469259
  -6.6884261203    7.5972676029    3.5480825420    2.9067179377    0.3090858307   -0.8298595761
   1.5147306857    0.6838834711    4.8515983924    4.1731640111    0.5672435865    0.3311765054
  -3.1465500324   -3.7580943141   -0.7882543042    1.5376468860   -1.7252795454   -0.8960645305
   6.5342960993   -1.2595020708    2.3628695880    2.6702144475    2.7690302170   -2.4615934942
  -7.3110531890    0.4627752314    4.3313755954    0.4434682022    1.4727094276    2.2177741920
  -2.3995983464    2.5403682505   -3.1410709008   -2.4421446221    1.5582397380   -5.7797040977
  -2.4374116757    1.3176630737    3.1558368948    3.4030898415    2.7114574548    2.2979256866
  -2.4487310105   -3.9047972106   -1.9848782912    1.4299923021    3.8468320737   -2.5641808773
  -0.6551652436   -7.5531882209   -5.2837740684   -1.0760306055    1.3433540047    2.1588902812
  -1.7870282952    7.2716437101   -0.6023038180    0.7201898668    4.0013744075   -0.3592782536
  -4.7186202594    4.1864729453   -1.7218561719    2.0921323478   -2.6492986844    0.2468644567
   1.0031475927   -6.9448353849    4.5982902947   -1.7961416115   -4.0280777255    0.8349019352
  -8.0537089890   -1.9793374848    0.9962772373   -1.1446858975   -0.6423001610    1.8119368261
   6.3596411391   -2.1346394509   -3.6488558927    0.0072742676    1.5623307448    1.1863054323
   7.6431961207    4.6982281528   -6.3598728221    1.1022840330   -1.2971574677    4.4795038260
   2.0593228902   -0.8222334382   -1.6486953833    0.9426123139   -5.2923881647   -3.5207288696
  -4.0627564810    7.4599795447   -4.3983359391   -2.6038016041    3.4934360831   -2.7894300376
  -7.0355027592   -4.8851590990    2.6669723671    2.8307642259    0.0881010163    0.8049859125
  -4.4163076872   -4.7498641592   -6.8909272533    0.3241827249    3.5096998258   -1.5602836659
  -1.4147756493   -5.7850647287    1.0343677489   -0.4300720508   -3.0727685406    0.3601702600
   0.4040725567    2.2112506520    2.0266085535    2.0401942512    2.4801044756   -3.6138547345
  -6.6821354059   -7.1158904133    8.4004701119   -0.5986968065   -2.5768081809    2.1038325566
  -4.1933535735    3.5455096052    8.2755473063   -0.0098626952   -1.3982095059    1.0618645258
   5.7185809934   -2.6545266989    0.3649677272   -0.1854736754    1.8293943016    1.5923040715
  -5.2201266830   -7.3273736401   -2.2173587765    3.1782198447    0.9877083252   -0.7745327560
  -4.3813874427   -1.5792005303   -2.8563579975    1.2348804452   -2.3920014146   -0.3845880760
  -0.1035391435    1.0933771965   -2.8856842169   -0.3780985386   -0.4841758084   -0.8422188839
  -4.1370280719   -1.3939896139   -6.6438637130   -2.3066265029   -2.7490527029   -0.0041617815
   1.5462470883   -6.1949910988   -3.4202722970   -0.9253507229   -2.9113430793   -4.2873035273
  -3.7941719333   -0.7539196177   -3.1018063742    0.2139206305   -2.7612563595   -1.9352023334
   8.4999154922   -5.1206912229   -3.7247895185   -1.1960312017    0.9525311239   -1.8695470451
   0.0776628994    2.3843114894    4.5898635718    3.7136516747    2.2182999121   -1.5356048701
   2.0676930989   -2.7088629906   -0.8046906945   -3.6939315181    1.1075916616    1.8364952097
  -3.5594709097   -1.8740490835    8.0938276868   -1.5546973715   -7.0866589671    0.7167711178
   2.8374575467   -5.4877885667    4.6860301269   -3.9880570732   -0.1167887757    0.2508122981
   0.0979833123   -2.6659312421   -3.3456841946    0.0626053995    0.9513465123    3.7696929217
  -2.6306950609    2.0410119368    3.6765500438    0.2800608112    2.3863490381   -2.4393233044
   7.2558851729   -2.3940470220   -4.0833021563   -2.5358029735   -3.0133941931   -3.9609158640
   7.3168446444    1.2136356817   -8.0202439417    4.7474537641    0.8480724907    0.8009910886
  -2.2765293744   -2.5576678868    1.6608786509   -2.9143396997   -2.9215273556   -2.1709931051
   8.0285260126   -4.7317583834   -7.6740230667    0.7868103550   -0.2961742530    4.8978700837
   4.8991344551   -0.9861487338    6.2881465899   -0.2616472149   -3.2228002073   -0.5435272988
   4.8252495556   -5.3392907742    1.7515199876   -0.4297026584    1.0846661676    0.4077639935
   5.8797041043   -5.1207210595    3.1612810695   -3.7611090732   -2.4824006400   -1.0917362306
  -4.5408429115   -8.3531328313    3.0779131477   -1.5777191955   -2.0467373349   -1.1062691368
   5.6735001273    5.9182809778    3.7267668384   -1.6191996932   -1.8359518673    0.6332234114
   2.4959651785   -3.6538762099   -7.4006492166   -1.2996153662    0.0317300142    0.7432858068
  -2.6237859281    3.5391650143    4.1838667037    1.6116314216    2.1533962562    3.6857828826
   6.8868927833   -1.6781084597   -2.5410022258    2.4370261139    1.7040918466   -4.6480698434
   7.9084271677   -2.9358528589    0.7436017923    1.1344651228    0.7900354460    2.3594307910
  -3.0924506229    7.9366791528    2.8343397337   -2.0477553846    0.3829138830    0.9265841306
   1.0719777614    2.2797211098    5.4098170387   -4.3348008018   -1.0591437314   -0.0260070655
   5.7362262039   -3.8553043134   -2.0658758574    1.5401565139    0.2283441310    4.3055135539
   2.7982906465    2.1098780611    0.5764023049   -1.1639853131   -0.6394316419   -2.5412967093
   6.1550559748    3.4860877074    8.2113306016    4.2280203923   -0.2167025460   -0.8197530399
   3.3855408387   -8.4129027153    6.3267591979   -0.4315696637   -0.1982105410   -4.7400450141
  -8.3246020206   -1.2666131420    6.4258743805   -0.1339955535   -0.7817840608   -0.0941206186
   2.6111745300   -2.1508441234   -4.9005781348    0.0060246015    2.7266842244   -5.1636275162
   7.3220510884    3.4728861234    1.0751427900    2.7241841314    0.0531096937   -0.9631366648
  -5.3546957712   -0.5332597926   -2.8280666861   -2.7781962225    0.4166201529    2.5707239150
   2.7612024011   -3.6129496802    7.5413537961   -2.8074370966    2.0180298601   -2.1954361905
   0.1658596004   -8.0193396525   -0.3215383696   -3.5867295959   -0.2217129469   -3.7978837761
  -4.8216169364   -4.6609539090    7.4783916697    2.0276474524    3.8760996224   -2.9408752194
   0.8542342685    4.0677902423    4.9114305079    1.2330122304   -3.1321027211    2.5699465452
   7.2087758818   -2.4303126401   -8.0949711877   -0.6152217496   -6.4324360134   -5.5589351513
   0.3503371989   -2.2014504911    8.5053313329    6.2832918603   -6.3640298715   -3.0529333796
  -3.4216874535    1.2531946345    3.4291554188    1.8437874219   -0.4907910449    1.2166660785
  -7.4979859392    4.5604523759    1.3255097205    1.7200653952    0.7799556606    0.2307209326
   1.1302018530   -1.4513913630    3.0191930371    3.6799473077    1.2091180838    1.8345882057
   4.4364064771   -6.4399402479    7.0328899421   -1.4688298077    2.9056432881    1.8965491855
   5.6091974448   -0.6055444382    7.1379884694   -0.7291997500   -1.3916735414   -1.2329547925
  -4.3191113977   -2.8401483879   -3.8726541367   -1.7906004872   -2.3832456053   -4.3283156667
  -3.8489681998   -2.2651871682    2.7513192719   -2.0275529581   -2.2967353223   -0.7033788757
   3.3802351128   -8.3344145290   -6.5010772370   -0.3564176155   -1.0864511483    0.5220622568
  -7.0388794943   -7.1611951408   -2.0768107865   -3.6161863218   -1.6871993810   -1.0490762548
  -7.8062942699    7.7581757415    4.7465999035    3.0470927513   -1.3661985699    0.8633840209
   4.4740781869    0.0368713299    1.9810239011   -1.8445432928    4.0219330725    2.0397538708
  -8.3741092494    1.8723204102   -6.2827252587   -3.2677269271   -2.2806803385   -2.8106419111
  -7.2137231625    6.0615781201   -2.0234496778   -0.3350748382   -1.0601729624    2.7975714331
  -7.6240577425    2.3223889223   -0.6327368171    1.8139000256    3.9042944761   -0.2555144748
  -3.8070694658    3.2612983762   -1.6791476162    0.5191841753    2.8109458022    0.0971952048
  -8.5365384935    8.2523915773   -5.2646227550    3.7731945700    0.7424884065    1.6864295362
  -7.5004194732    0.0959530003    1.5704926815    0.4270640418    1.1268272939    0.1611799488
   0.9291721157    1.1461111748    7.2539660870    1.8098059662    2.9817789946   -0.7502791655
  -2.3496875554    3.4598916686    7.5684430275   -0.8886895008    1.0460366122   -2.3104578847
   0.7267506062   -4.8662192143   -2.8141918787   -1.9955531425   -4.5265535203   -0.0391072054
   4.7963363176    3.7527520621   -1.5802666099    0.0890334383    1.6197070372   -1.1492973887
  -1.4641142507    5.1766655260    7.5844444506    1.1532617610   -4.1542745022    1.7362419316
   2.6586605400   -6.5055186473    6.2521805155    2.5606496310    0.8220804524    0.1789339193
   6.3490187687    0.3252813707    4.4473198116   -1.9486729281    0.8396519654   -1.8855325413
  -4.1680086344    3.8567874953    2.4849396108   -2.1065377854   -2.0788244935   -0.8122774427
  -0.1392702034    4.2449486810   -3.9956470225    5.0130260986   -0.8855727354    2.8551916505
   8.3980479695    4.4608089066    4.3708869390    1.0491640050   -0.8700745259    1.3477478789
   0.1555487783   -4.9378142385    7.7115538985    3.2591944951    0.7630285425    0.9831906569
   4.5581226595    4.5279960872    3.0074946340    1.0343330226   -0.8998244386    1.0436606187
  -6.9085117415    0.6329706738   -1.9670356108   -2.1267423273   -0.3885327962   -2.1533617527
   5.9450292373    0.4152783304   -8.3537462071   -3.1926315224   -0.8698454700   -1.5113522142
  -2.4998566394   -6.2233570877   -6.4227425356    2.2356317200   -2.4921502660    1.5722824794
  -3.7137987914    7.0027350687    1.5839173244    1.4604620655   -0.6487953855    0.9691269058
   3.2477702505    5.6514669674    6.7395168354   -0.1917902696    1.8959388107    0.6544800834
   3.6457988163    2.9149298678   -5.0256149415   -3.4467459394    2.2295001465   -1.4660630599
  -3.1827609414   -5.8316399251    8.1183832673    2.6753583993   -3.8969017443   -2.7007646416
  -1.4786379224    4.4879253606    1.2858171942   -1.3397526710    1.2857479946   -2.1080845287
  -6.1905252850   -3.7034316619    6.7933892849    4.0037899902   -1.1654933618   -2.6747802160
  -2.3897246652    1.1240551270   -1.8878170416    0.2003223422    0.6337024259    1.2326697257
   5.4961940730   -8.2125377269    4.6002020970    0.8787785429   -2.4072137829    2.0605182224
   2.8979260525    7.1547849130   -5.2586431150   -1.6011557612    1.8981401098   -0.0851042729
  -4.3933375153   -1.7792679600    0.7964875448   -2.1950879102    7.7657908690   -3.0143316238
  -6.4314493579    7.9226032148    6.3152297974   -1.3887287428    0.7208155351    1.9737455374
  -0.5759370520   -4.7357286825    3.2895670569    4.4131947599   -1.1771829306   -0.9036505101
  -5.3022916212    7.7326053792    1.1282920255   -1.8362853984    5.6514271237    2.5290851245
  -1.8759675997   -7.0193250832    6.1769182855   -0.7511474463    2.6423744683   -1.1720924476
   7.9941714250   -0.4211140920    0.6306272191    0.9132008724   -6.4226825463   -3.8946220026
  -7.5693651342   -4.5621863482   -4.3460672296    2.5382052072   -0.2872883303    2.9433823713
   6.7298014733    4.7243181475    1.9662790330    1.9886193952    1.0841390927   -2.6422211324
   7.6771456519    0.4703885188   -1.2606280313    1.3129194569   -0.7201572529    2.9172927634
   4.8505904092    3.4482722811   -0.0297232159    1.1920229161    0.1591981488    2.9776025022
   7.5215970823   -6.5366116294   -4.8365319625   -1.4987175064    2.7113552989   -0.6659301847
   6.2051964789   -2.5444026065   -8.0004363977   -3.9312177203   -2.2176782161    1.7590727422
  -8.2797405508    6.7656409442    4.8134807121   -1.5666112271    1.4719331460   -0.0350124369
   4.7887549028    8.2381917695    6.9295759229    0.4534220974    0.5317023240    0.2330387419
  -6.3536614777    8.3137126588   -4.7389283557    0.3858356949   -2.7214589699    2.4929380579
  -7.8304206301   -5.4636002223   -2.7370590926    0.2728553478   -1.2571577456   -0.3387850541
  -0.4568461234    5.1600813040   -2.4992210881    0.7785341710    0.0812072079   -4.3416502772
   2.2414503181   -1.9572832985    2.8607599509   -4.1589786175   -0.8037916931   -5.0139788734
  -7.5614428635    0.4116519428   -4.3423811539    3.1542999216    2.8801012122    2.9233748795
  -5.1335216053    1.6955306217   -6.2072353018    1.9597429101    3.6804490607    0.9287362786
   2.3563808817    2.6287816330   -1.6256904164    3.8119844228   -3.9048125707    0.1211291009
   0.9597000662   -3.6289991029   -6.4015991167   -2.2180452273    0.0348745331    4.1461122438
  -0.1939171390   -3.6419640874    7.8479126209   -0.8201356524    1.3464650239   -1.5911027336
   6.3261639215    3.9878058551    2.6292602358   -1.8947745327   -0.8053821334    0.0017090985
  -0.6076754686   -0.5144321331    6.0026283503    2.1747728152   -0.3369867514   -1.4132071919
   5.7550332124   -5.2486745655   -3.1875186983    2.0711948127    2.0087014611   -4.2638967760
   4.4966491192    0.6370031437   -7.2835554476   -1.6317632680   -4.8512120056   -0.4104723885
  -1.7867244513    3.7937898171    3.7919755271   -5.0426852393    2.9421450487   -1.6799684044
  -1.8057126165   -3.1450138896    5.1931621768   -0.0915799353    0.1912115146    2.1641091119
  -7.9458745975   -0.3162331134    4.8932459733   -3.7040078180    0.6811285052   -3.6268772930
   3.2172572903   -1.6371935489   -8.0771837660   -0.1030587452   -0.0373601237    0.2168601405
   1.9843145181    0.9900549699   -2.9667054960   -3.0942239207   -0.8697854914   -0.2210012919
   0.8784819377    6.3726728078    4.6992268711   -0.7521401964   -3.7279586636    1.1100982582
   4.5545583907    8.4882554563    3.5438967823    0.5620345716   -2.6190500841   -0.6720670843
   5.7662658367   -3.9016600628    3.6139767300   -1.0618475926   -1.9624291022    2.0121507215
  -5.2199472068    7.5346789687   -0.1109444871    0.4891778754    3.6695203208   -2.1681572803
  -6.1566383922    6.8845388962   -8.3785672442    0.6452879081    3.8785466190    0.6296520633
  -0.2773394509    0.1169439336   -1.2744660498    2.6605137102   -1.0417632184   -3.2681424331
  -1.8935540554    8.2778296890    8.2158333481    0.6634088683   -2.6489390493   -3.2130472110
   6.3756410886    1.7467225683   -5.2137606851    1.1776300119   -1.1110115879   -0.3189134063
   1.5874407732   -5.1453116347    4.2970371659    0.5117990012    3.8175673196    3.1614187441
   5.4827111116   -7.6138420768   -2.1257508366    2.3581055404    2.2793872807   -2.2204621583
   7.4422137740   -5.5706014537    7.9533113193   -2.2038544105   -2.9771701181   -0.6435092453
  -4.7350188069    4.1385556299   -0.6339425992    4.1542856643    0.8783356560    1.5674955709
  -4.1424608140   -6.9376681048   -1.6364007580   -1.1314018692    0.7915997475   -3.2364304835
   1.8392193684   -4.4558664706    5.2702101644   -0.2209938396   -1.3381755879   -2.8277097196
   3.8074161101   -1.3514535446   -1.1515285562   -2.1541518975    1.1825336583   -2.5739041165
   2.4351026570    4.4987593148   -6.7288330776   -0.9080725911    0.6481099478    4.3590788342
   3.8352553716   -1.4132010857   -3.2263525457   -1.3537816968    0.6703713464   -2.3902895203
   4.1972465692    6.2887308664    8.1493636776    4.2253341871    2.3251819776   -1.6738456843
  -6.4580081995    0.4927543422    6.6434661334   -1.2202529431   -0.0209954675   -0.4047681686
  -2.8854457384   -4.4761140994   -4.6599324939   -0.3103228170   -2.4694892070   -2.2313083279
  -1.1859076629    4.3642882562   -4.3666788980    0.7386592723   -2.5684230683   -0.8421132158
  -3.0885049205    7.8801559564    3.9133590430    4.0714552271    2.6816662149    0.9792627433
   8.3326967758    4.9974499039    2.9644070547    0.1159160691   -0.6786869212   -1.5907913755
   1.7289556127   -7.8020541275    8.1133209113    0.9098504935   -3.3270614385   -0.9322882863
  -0.3696890878    1.4017310355    6.8087404192    0.7869230693    3.3484203665   -0.6024802211
  -1.6862770637   -3.9005833725    6.3029592775    3.0003568828    0.8009008997   -0.7337679654
   4.5863592978   -7.6470959786   -1.0858917804    0.4055802565    3.1008400182    2.9165401423
   7.6087340504    3.0857833822   -3.7527802843   -1.3455341276   -0.8759089058    0.8504212492
  -1.0832104384    7.0375776321    2.0709908303   -1.8701081793    6.3999697252   -2.0426435293
   1.9405424584    1.1872416588    2.9712788230   -0.7891499892   -0.0094559846    3.1430905710
  -8.4691951113   -1.1284777003   -3.8136899678    1.2161806843    0.6671051578   -0.6438348287
   4.0273798732   -5.2632190897   -3.7474773896   -1.8299019814    0.8203543043    4.4842613636
  -3.4797028393    2.9745716802   -7.8148843971   -1.9821249956   -1.6446764341   -1.0588226348
   3.1285684468   -8.0146657211    8.1315851337   -0.1579348075   -2.3407204081    3.6143450389
  -0.6634544319   -8.1803549197   -8.1813620842   -4.4070205917   -4.2842566502   -0.4220197530
   8.0530075263   -3.1208547889    7.5793514677   -1.4749089312    0.1872090107   -0.4965396217
   0.2475158721   -4.3373253160    5.3649984811   -0.0813552837   -0.6188838349    0.5550489928
   7.2017784119    2.5735293551   -5.3506417764    0.5004930615   -1.1767500311   -3.3685371962
   6.2406129832    4.8434579022   -8.3707550600   -1.1821337216    3.2688943542    0.3720898756
   4.6632483191   -6.3545764882   -3.9103041354   -2.0551926408    3.0459358156   -2.8599343568
  -5.0679289726    6.3802228267   -4.4496545097   -0.1671208045    0.5754120134   -2.4193300711
  -2.1271147506    3.5991564903   -1.5619107320    5.3190006739    1.3371952133   -1.0742038364
  -7.7500833637    6.7627638198   -3.7831249439    1.2447572660    3.5303958923   -2.8105263895
   3.6683856202   -5.7997583469    5.0938201567   -3.1100293105   -1.7087022856   -0.1736998869
   5.2928340987   -1.1090136253    5.2989568665    0.1818450163   -1.0169508790    1.2430464208
  -2.4526727390   -1.8816350984   -4.1011235182   -3.1803643675   -2.7044062412   -4.1794482735
  -1.7711464001    3.1505748107   -0.5425049980   -0.4257062252    0.7387343379   -3.4254600459
   5.4442414283    3.2156456870   -2.1217004611    0.2589136424    3.6033048816   -3.7830172070
   3.5208805750    7.2724539932    5.3955512845    3.4872667188    4.5455081201    5.1613404189
  -0.1357254786    0.3808726412   -7.3605775513   -1.1964002645    2.1783515603   -0.6412147576
  -1.4173232907    7.5941704246   -2.8213596041    2.1160798525    1.6941057193   -1.0221749263
   7.5613165885    7.3748733750    7.2177338870    4.4809203735   -0.1607290342   -0.1866376697
  -3.6905799864   -1.7793459945    3.9007628651    3.6729728108    2.2080199028   -2.0895875400
  -1.6146671236   -1.5958060017   -7.3218564003    6.2041492710    3.6519749848    1.3769320446
  -3.0408006905   -2.8594423815   -0.1301972407   -3.2327441088    4.4078251860   -2.5342930331
  -6.5624021587   -2.4562675061    6.6110003752   -1.2032223106   -0.4512906278   -2.0676326265
  -8.0826371601    7.0410504017   -7.4198293970   -0.0013175996   -1.0809737681    2.5084629901
  -6.7377600574    7.9314332418    7.8268413409   -3.4956945769   -0.6071940183    0.4751399128
   3.6330714499   -7.7224199570    4.9771055846   -0.8040953235    3.0261936868    3.3756826003
  -6.1640377408    4.5132315132    4.1724697549   -1.5103619852   -1.2063493419   -0.9445689460
  -7.1644057153   -8.2496263029   -4.1661855783   -1.5312225250   -0.5447187183   -0.5355989415
  -3.8735065695   -3.0484340426    6.5292495826   -4.1768938008    1.8771893866    2.8836202307
   0.3733365498    7.0755151483   -0.8923193240    0.0966768869   -3.3950340188   -4.9682956423
   2.9645629806   -7.9857574940   -0.6635220220   -0.2191437254    0.0176780530   -1.9525488788
   0.3249970786   -6.5262149777   -4.8580509464   -1.5440372519   -0.2680237850   -3.2325441548
  -5.9740533589    5.4097883885   -6.4826501309    2.8034891952    4.4521206775   -0.1537810529
   5.6870805710    6.9333455208    3.1929641247    4.4549592427   -0.2829932836   -1.7800083024
  -7.3166416523    3.7323595727   -3.1582592753    4.5491742770    1.1550383309    0.6336711877
   2.6960083667    1.6449020297   -5.6082026648   -0.4532633145   -1.3687873245    3.9797081187
   3.5552505862   -2.8425026972    7.8048974285   -2.3480465105    4.3211883848    0.9179865204
  -6.3331483942   -6.9608951585    1.8622417183    2.0428699826    0.8526255613   -1.6569540907
  -4.4312096958   -3.3684978876    3.0061774887   -0.0830163135   -0.8183909071    0.3577582682
  -1.3531919598    3.3614225024   -2.9487418169    4.4465457988    0.0232931718    3.8746019012
   8.3310173987    2.1048336333   -5.3821299766    2.9717660033   -0.3815251769    1.0389624503
   2.2943468812   -7.3905158267   -2.0148708701   -1.0972628478   -3.2030044264    3.3779696078
  -0.1271603644   -5.2343313553   -5.5058577640   -0.0278058065   -1.0714278109    1.7257252410
  -6.2655293902    6.5991024042   -1.5756393511    0.1726754038   -0.7996318410    1.9913719101
  -4.2372423058   -6.6381046872    5.5245633127    5.5031902814    3.1162969880   -2.4899000410
  -0.0308696244    4.4811356816    2.8709454119    0.4814112036    0.5718034456    0.2056977261
  -8.3988637571   -2.7283801989   -6.4024087048   -0.2466360252   -0.2316564572   -2.3062852394
  -5.3669161972   -6.3203729880   -1.7290109459    0.7111383057    0.6614923738   -1.0914965256
   5.9582038057    7.2438760533    0.1292498685   -1.6381342868   -1.7801267466   -0.1002107316
   6.8595888730   -4.9873504148    3.3827645105    1.7078618997    3.2085209180   -2.8712640681
  -3.8377598745    6.8268828981   -1.2828258006   -0.1731314817   -2.5066534489    0.7848416908
  -1.0182276971    4.2338183061    2.7792534199   -5.0228007832    0.6539653405    3.1809824292
  -1.9208387768   -3.7377329622    2.6471945747   -0.5774783797    2.0608877824   -4.5175454143
  -2.8176617569    8.1754105093   -5.8694700502   -3.2876470249    3.7755547098    3.9900219774
  -3.0631239859   -2.1531111393    6.6437344514   -3.3282536088    1.2546546382   -0.2275213439
   7.4705003948    1.3538257207    7.0796350993   -0.6712612180   -0.6392469076    1.2831163922
  -3.3822682896    4.6740650737   -0.0423701657    1.5812092971    3.9306580087    1.0374829359
  -5.7121018484   -1.9187700335   -6.7192683574    2.1453496691   -2.3414811486    2.2147648589
  -2.3093987439    3.2858185880   -5.5341955615   -2.0905680794   -2.4958807349    2.4292764720
  -0.0447138478    5.9593172964    7.7784007640    2.1956831842    0.0408841407   -0.6830416910
  -3.0321609634    1.4816971503   -5.7911444556    0.2789115783    0.3836153228    4.6727631871
   8.4570243287   -3.9619503540   -3.8486792253   -2.0599675374   -0.9568199904   -0.9731582398
   4.8840280607   -1.2986141381   -0.0701222755    4.9369746187    1.5183875913    0.8206944455
  -7.0356862528    1.7186941233   -3.2521534087   -0.5483933784   -0.8455078739    2.0266957532
   3.2470169558   -2.9221101697   -3.1844780019   -1.1074696084    0.5950410671   -2.6965506542
   3.2204777907   -6.7266837839    4.2908305256   -0.4287860650   -0.7600964342   -3.0959855475
   1.4698732527   -4.1190197460   -8.3571967444   -0.0440103719   -0.1118090627    1.1610397622
   8.4621190304    0.4412824920   -7.9240755412   -0.4344724248   -1.5315431407   -1.5267860192
  -3.3351289846   -6.6013383888    1.6634515227   -2.0641301803   -2.4872964242    0.9992021485
  -4.0960405979    5.8164043685    6.7204720872    0.1421438196    2.9961101488   -0.9942920504
  -7.4946911864   -3.4826396695   -6.4637886552   -0.8975361393    1.3918908993   -1.3976699163
   8.0026376501    2.6357241416    4.3901242920    1.3893415726   -0.0178261976   -1.5439536628
  -0.2001010277   -0.5623322555   -4.1980484305   -4.4572130290    2.5794932328    5.4047458135
   5.1658252726    7.9240147513   -5.2747456192   -1.3986617310   -0.7101872073    5.6003667995
  -6.4408327428    3.9378628097    6.6477347297    0.0792571471    0.5977489346    0.3900148460
   4.8160715311    7.3657921586   -0.9253220368    3.0054832331    0.3208656211   -2.8241805702
  -5.9543752218   -6.1992022859    0.0680461969   -4.9047219398    1.0229794264    1.9705663263
  -1.2475622838    8.4631720410    2.8234085084   -0.3539224529   -0.3190808104    3.3025541317
  -8.2141999361   -3.0900619708   -3.4875589505   -3.8098362898   -0.8941702585    0.2405240071
  -8.4586982304   -2.7212968794   -1.6454861461    1.8809229105   -1.6401400431   -0.0357648093
   4.0607880246   -4.9472710975    7.1007878250   -0.8694223150   -0.4646593290   -1.1353997472
   8.0552884516   -4.4463078605   -4.8014184824    0.1365884607    0.7384383136   -2.0026084031
  -6.7376122200    7.1313775801    4.9083637606   -1.3106786145    1.6052245785    0.1302453600
   6.6494222275   -4.6382631919    5.2417361299   -4.5535391779    2.1974268070   -1.8770737557
   4.5401400591    2.3767799791    1.8783863732    3.3310908333   -0.9473987001    1.6291263415
  -4.8814299312   -4.9166722261    3.1490935655    1.2398130122   -0.1485611194   -2.7100421469
  -4.6784433438    4.1179735979   -5.0900057283   -1.0691454178    4.5653991414    4.5167899469
   3.8036944246   -5.0351178023   -8.2877783390   -0.2003745343    2.4118111017   -1.6339782749
  -7.2599907452   -5.6741841420   -1.8920412631    1.5012506905   -4.4412889824    0.4989304927
  -1.8092795312   -1.3073955037   -2.9716879997   -1.0497308554   -0.1812146356   -2.8585515216
   8.3919922554   -2.6817531061    6.7204090982    1.0437685012   -0.6844123221   -1.5037956652
  -4.3278063268    6.9268736034   -5.3227954145    3.1342448322   -3.1012858422    2.2228272519
   0.6837211727    1.3203941103   -5.5904241428   -0.7519485474    1.8312782353    3.3318014736
  -1.7079982585    7.9500443943    6.1304749244   -3.4348127121    2.7651975422   -0.3941165529
  -0.5742493974    6.4847715925    1.3392947744   -0.2043361870    0.5654144297    0.5110549322
   4.0568223792   -5.3479145461   -5.7756070089   -1.1961850326    0.7131340046   -3.1401398778
  -6.4466283779    3.1821841336   -1.7802039169    0.3312946240    0.3840322500    1.8778308916
  -0.4008552623   -3.8093856315   -5.7936691241    2.9515894115    0.9073127123   -3.0883580846
  -5.2952795099   -2.6818193222    3.3245127683   -0.8904449263   -0.9732858695   -1.7204756922
   1.4363808347    5.0505169394    4.9822401416   -3.0744309095    2.3463155422    1.5441998733
  -1.1756877096   -3.9578056075    7.1373159712   -2.6145926154   -0.3014134595   -1.1751129148
  -2.1491026393    6.3298570679    1.1475490623    1.2306502084   -1.1514956317   -0.8310410247
   6.7975928774   -1.8443326039    7.5330964387    4.1113316266   -0.9278100294   -1.6543740126
  -6.6636830621    3.0682004452   -6.2313583883    0.9665047354    1.9651628582    2.3273294649
   4.4841378977    3.1770053122    3.3513842481    1.6409584146   -1.9478616405   -2.8612559810
   0.7569754636   -7.8439992002    2.4495230433    0.1356584151    1.0641460691   -0.8305049791
   5.1878706617   -6.6270245822   -7.3755134385    2.8917657059    1.3330441868   -0.0043651407
  -0.6486723536    3.7562419792    4.9165334410    2.3615979652   -0.4111189394   -1.0236751971
  -0.1639932173   -0.9157074287   -0.8320703484    0.6605976665   -1.6963748843    0.5356390223
   4.5248660898    4.4530139221   -8.3289007906    0.5447075486    1.7320415180   -0.6288403338
   0.9039408391   -2.6902358358    7.3541415656   -0.6580018693   -3.3239296274    0.3914556227
  -6.6160112793   -2.9162772181   -7.5243095427   -3.0574354669   -3.7691684428    0.1164160907
  -3.9786430337    8.2945889937    0.5189067725   -4.2436358264   -0.0456145075   -1.5180188169
  -4.3838180313   -3.6248655784   -2.7226243343   -2.2746373462    0.3297136992   -2.2086501703
   5.9170311723    4.4752501831   -5.3388653470    2.4675898682    4.1397318960    0.2217718048
   4.6023117150    2.6913303182    5.8980584466    0.3599078831   -0.2572971067   -0.7315462449
  -7.5478967009    7.5055008653    0.3842773241    0.3058290235    1.1195890625   -0.6174972345
   7.5231906525    5.9554227514   -5.7485545838   -3.2209735965    4.9418699260    0.4239510127
  -5.9200362220    1.4141292672    2.7560897913   -2.3712208801   -0.0239006113   -0.5680795151
   3.9443522167   -1.9780399008    6.2955752738    1.1147103868    0.6824349176   -3.7178345119
   2.6905155047    4.9269132211    3.8472933517   -1.0995481190    0.2615589164   -0.9406692131
  -2.7644426519   -4.3521059298    6.0456843037   -2.1443650948    2.7416245390   -0.6239563055
   0.2366872961    5.9403242542    2.1374512199   -0.0545346341    2.0583694826    2.5058942440
   4.8304969462    2.7242409827   -6.1656712778    2.0371929594   -0.6470196022   -0.6890317163
   6.9061296575   -3.7251411950    4.0860297815   -0.5309187130   -1.9300834816    2.2370351952
   4.1353475147    6.9231013307   -1.8009899669    0.7681259300    0.0122684991    0.1672248858
  -8.5430523602   -6.5847513726    7.1910141852    1.4935466982   -2.7582285032    0.2590131377
   2.3033497630    0.5735733604   -4.4207616473   -4.4554045692    1.5026311399   -1.0597155331
   7.8690553347    2.8083538355    2.9035070840   -1.5339680455   -0.6683868508    1.4563218356
   2.7622168285   -0.7672816470   -0.6840186580   -1.1935712300   -2.2379707395   -2.5933015167
   6.3782583476    5.2568207653    7.6797711693   -0.8878433745    3.5344684180    5.3632416562
   4.4561904443   -8.1642332505   -6.1020190348    2.2159011627    2.0653008157    1.9854927075
  -6.3055587659    4.5154353924   -3.1478384857    2.5747756254   -0.9924734051    0.6616042956
  -0.7874952728    4.5692910466   -7.4944986865    1.8049195958   -1.7680863861    0.4328564788
  -4.9568540440    7.7345552034    3.4211851790    0.4647824875    1.2359785629   -0.5328325121
  -5.8578699562   -3.4560257788    1.0622103596    2.3697817978   -3.8085073708    0.3202147380
   1.9513596888    1.7353778335   -4.3024231521   -1.8057627760    0.1706051324    6.0105648878
  -7.4707916181   -5.7070387153    6.9852576070   -3.0294682523    0.2383467135    0.4500840921
  -6.5947885333   -0.2924552226    7.0011280963    0.1731733384    3.7893693032    0.7337113543
  -2.7450129709   -7.4073648398    3.2171608977   -1.2012223178   -1.2081185681    2.4271271016
  -0.5541661168    3.3371474661   -2.3351022699    2.1811903506   -0.0335618493   -3.6846491214
   2.8954131383    0.0077807708   -5.1234332206   -3.1569020567    0.1377875968    0.0049780656
  -1.3158732652   -0.9442328858   -0.2035597555    0.4265242599    1.4191419585    0.0763713838
   3.8351931910   -2.0242832110   -0.2642281986    1.8305560219    0.1390286425   -2.5576900328
  -3.0057143952    0.1223033763   -4.2533829569   -0.8827154638    1.2110708035   -2.3792814786
   8.0103168713   -5.2158217430    2.0144570275   -1.7928952639    0.5956596154   -2.4609716737
  -3.7991480504   -3.6904941733    5.5834148133    2.1373491220    1.0168785147   -0.1545870159
   1.1336949743   -0.6907313153   -8.5134924136   -4.3648156125    0.5911512659    2.5673609177
  -5.3197919358    3.3486900622   -8.2475838965    0.9814915333   -1.4033655467   -5.1400927635
  -1.0555857730    1.1504819363   -6.5619909881    1.3918415440    0.4607761685   -1.1953514287
  -0.8260577908    1.7943379593   -2.2323875374    0.4786158235   -1.0342683483    2.3814981377
  -4.7382501257    4.7574768430    1.6967792288    3.3946004265    4.0060300757    2.0092683215
  -0.5134977032    2.3604546855    7.2836814227   -0.3978582864   -3.3135765234    1.2596893487
   5.6519454018    4.7253189376   -3.4510444996    0.5832825319    1.1553139682    0.6167713975
   3.5442995031    2.3729595317   -6.9036396828   -2.0321855138    1.1594928459   -0.9796239658
   3.0040215220   -3.9024827134   -3.1464664669   -1.5030220283    1.8041476444    1.3718703033
  -3.3734677874    3.6583688452    0.5790943488    2.2413846668    0.4071015841    0.3271813945
  -1.6289299335    6.2980584437   -7.9466134059   -6.4830928412   -0.0625188948   -0.5024862932
   3.9771182940    4.6421421356   -7.1093175543    1.5755927207   -2.1761853530   -1.8684540510
  -1.9447945030    2.7507768663    4.7370336399    1.3196086361   -0.9320980260    1.2553931951
   7.0873574181    2.7638866624    5.3854379308    1.6317729576    1.2478214810    0.2519070718
   0.0782367709   -1.2120852270    4.7104731050    0.9695015976    2.7970982983   -1.7521762373
   8.3485513649    6.7814746535    4.0107431473   -0.0786750392    3.1881557959    1.7747687696
   3.9823581783    6.1318943298    5.8685669867   -0.9106862985   -2.1123620195   -0.9798244402
   4.3086935558    7.8370250896    4.7136737655    1.4315732865   -2.6766725056   -3.3528867098
   1.1071511810    7.4458844730   -7.6255315111   -1.1436720314    2.7659603273    0.6250209321
   8.1909082560    1.9533714027   -7.0470142414    1.3921867091    0.3336411448    2.4902148751
   4.7213274110   -2.0354752062    5.6803225919   -3.8855035359    2.3878968164    2.4956208310
  -3.8646191358   -5.4202822504   -1.9331862013    0.4737045359   -0.1374619679   -1.2516542860
  -0.8209565899    8.5051693813   -1.6615091203   -1.1922569510   -2.4378330210   -4.6914397682
   3.4143801159    2.3244182186   -4.0201059134   -0.1075488690    0.9055114892   -1.7295383909
  -6.0346957339    5.6280586892   -4.2976699523    2.1704107822   -2.4897276861    2.2086550780
  -4.4957472692   -7.5429078635   -6.3492968110    0.8983465825    2.0302201042   -1.7610626022
   6.8539469737   -5.3434702128   -0.0466983159    3.9413314595    4.8556702581    3.6663601737
  -7.9208271337   -5.1916874172   -0.5704904524   -0.2344032918    3.6834241143   -0.5288403346
  -1.6883256906   -4.2364165270   -0.6638604369   -1.8339277860    1.2280135171    0.3560604898
  -6.5775434801   -5.6084588800    1.1833093982    0.2712245988   -1.8164548495    0.2364497489
  -5.8856593845    1.7728422580   -3.0940659142   -2.1797904566   -2.8268504547    0.0271080528
   5.3822175103    6.7020739988    1.2506205396   -1.5784040537   -0.6891640396    0.6850034569
   5.2347114791    0.2582849773    2.9414808825   -1.7940591791   -4.0502359971   -0.9060648082
   7.4543492327   -6.4708554659    4.6640779121   -0.3241676105    0.7032400915   -2.6950961991
   2.3668141325   -0.9589892607    8.0225602063   -0.5620445739    1.6749778678    0.5364288596
  -4.9941386244    2.5183429040    4.4407026453   -0.6361845232    1.5098103216    4.2894331368
  -1.0892694600    5.2252475511    2.6606143632    2.5122030689    0.7182972022   -0.5760427357
  -1.4390189577   -7.9057543411    4.9131457577   -1.1276082452    3.5856809663   -0.8962125354
   3.0360077607    8.1325322251    5.0621743827    1.8471576294    2.0045389077   -2.0134543662
  -4.2322043256    8.5240558323   -7.8026936121   -1.6572410500   -2.9748564866    4.3965976489
   0.1805876002    7.8490905665    0.2098218594    2.8043698748   -1.3252951383   -1.0598717274
  -1.5715037981   -0.6258791242   -8.4198520546   -0.0284609157    0.2601383602   -2.3339189833
  -4.0605447744   -8.1453736961    1.8689050226   -0.7097919540   -4.2948640402    2.7203247931
   2.3675263533   -6.2923698368   -4.4999174729   -0.6717043445    1.6331329981   -0.2051634134
  -1.3681717088   -1.9282502594   -1.2534554524   -0.3822040361    0.7944262329   -2.2527732779
  -0.7627304628    1.0535316683    2.4677094561   -6.0241757903    3.8234267178   -0.4040936486
  -1.1430705676    0.3963474949    0.5963201480    1.1373644319   -0.2798479935   -1.2291866789
  -4.5341642604    5.3243219048   -8.1465479918    1.1452395361    1.3043413131    2.0898268063
   4.8060167463   -1.0894131300   -2.2683118210    1.5105437221    2.9822925700    0.9880286071
  -3.7916885057    0.8453666431    1.3884373945    1.9691032698    1.1641550006    0.0326762814
   2.0043488863    8.4684243046   -4.6053273373    2.0994523859    0.6692900356   -2.1009370728
   0.7937250341   -1.8731646060   -1.2006649703    1.1260897875    0.1678050737   -0.1420077532
   2.5423745406   -6.8963358673   -3.0907647583    1.1897856656   -0.8574909625    1.2077598306
   3.5885945927   -1.6919182862    2.0564740912   -0.1492156848   -3.7061100237    3.7576232469
   2.1603590261    0.4339226704   -7.0233990757    1.5226851394   -3.7415320715   -0.5644826146
  -8.1793595729   -3.8403348961   -7.9708836139   -0.5616602864   -0.1781025447   -0.8998055604
   8.3611532697   -6.7821110513   -7.4582777865   -1.1715807337    1.6169454789    0.3325128916
  -7.7155538600    1.8016521207    1.3490907481    2.4394392714    2.6017420551   -0.2781195609
   0.0148305596    8.4764403308   -4.1699585448    0.5571239726    1.4291112187   -0.2352335874
   0.1194794306    6.9484739645   -2.2975877308    1.2193289255   -2.6490952976    0.5014670919
  -5.3371692128    1.5077570853   -1.3556072966   -0.2963848746   -2.9303150873    1.4995932855
   4.6211403345    5.6490452093    4.5814347163   -3.3755805221   -4.2572319890   -5.6628100830
  -7.3535673228   -3.7634980516    7.3262003256   -0.2258153735    2.5184084586    0.4119822352
   4.1813030903   -5.8989632871    0.5653961202    0.1630271115    0.2907484210    1.1598235717
  -5.2905533521   -4.5371855347    8.3015561866   -2.0625475382   -1.3669971685   -0.5870868385
  -6.3829936179   -1.3878330843    6.4641420789    1.1995668546    0.1948621085   -0.6981612164
  -5.4718859722    7.1259879702    6.0413969302    3.2555309558    0.4014826481   -5.0200125343
   7.6981160600   -2.7752805150    3.6173790814    3.2123569738   -0.7281568060   -0.3714629595
   3.7363361389    3.0568730405    1.1211290772   -2.7926054403    2.0419609787   -1.4663158974
  -1.3435865429   -6.5931819689    5.4588081361   -1.4975163532    3.7052398466    4.3855774560
  -6.9883345622    7.0773289110   -7.5854341608    0.3219434318    2.0307968025    1.6806118549
   3.7366453261   -0.6073767736   -6.0211348928    0.7549850458    1.0575724667    0.1205948837
  -3.6091764259   -6.3113387248    2.9590656584   -0.4158131386    2.2050852094   -2.3688361469
  -8.1109500884   -3.8127619398    3.5700194892    1.2454470805    0.1017213687    5.0284841015
   5.0236495644    5.2214586827    1.4032619396   -2.4533469510   -0.2761053852   -0.0238500766
   7.0752808804    4.9888184694   -7.5885800007   -0.3019242333   -2.2246758193    3.2802724224
  -5.5584993220    6.5540148290   -3.4495163021   -1.5402771485    2.1764042021    3.7583594657
   6.2048516595   -0.6250725993    0.2031542099   -3.0666085512   -0.8689217326    1.2264832378
   2.1634803599    7.8529808716   -1.2513401798   -0.8909833820   -0.1682254773    2.3800607671
  -0.7971413390    5.6823408403    6.4540729221    0.8145843580    3.3296320195   -0.9372403664
  -0.6135896059    7.7037713804    6.8891808769    0.5124246435    0.0419968303   -0.3633623260
   5.7306666107    6.0183218003   -0.0640228924    1.4321974690    2.1949428320    1.1992026095
   1.5379720297    1.2092480745   -0.5003748989   -0.9417559434    1.1920481737   -1.8657348348
   7.8073275690   -2.9378178018   -6.0322274783    2.2017439420   -0.7211601837   -0.2588170425
  -1.2226974492   -3.8741785417   -1.7645097953    1.8073083751    0.4792464501    0.1307865745
   1.0362571291   -4.0078225638   -5.2415010284   -2.8732884475    1.5027808262    4.4158941463
   6.5633537487    1.1779635036    3.9092290279   -4.0679916438   -1.0313049428    0.0416172339
  -1.7058912338   -1.4247467865    7.5349751025   -1.4898848864    0.5631832157   -2.1301586846
   3.1355400177   -1.0539419175    2.7024448604   -1.5853860395    2.0669547538    0.4933516202
  -5.2526035277    5.0401838592   -4.2638873035   -5.4226636456    3.0751773798   -1.6612252572
  -3.9197296335    6.0353358898    2.3473468165   -1.7662995138   -3.1027827214   -1.8151583116
   5.4095396799    0.4824190868   -0.3183747328   -0.4624636251    3.6006703489   -2.7540944420
   4.7678701225   -6.2548323600   -8.4412772732   -2.3298063281    2.9127312383   -2.6713212827
  -1.3383062250    7.1530958393   -6.5771449478    2.7298767488    0.0193067240    1.3237358993
   3.4984185880   -5.2438271619    3.3693204135   -0.9379450209   -0.8699393731    1.1647234195
   7.4261470532   -0.1571316098    7.0116058028   -0.3028986169   -0.7713408657    0.9373884746
   4.3522841173    5.0739678950   -3.8709474710    0.2910913979    1.0937496729    0.5179325975
  -6.5358566007    5.9000783951    6.0764306967   -2.5002659759    1.8330546395   -2.2877327966
   6.6137728982    3.3649241472   -1.5032312718    5.3011497212   -1.2790190911    6.5517525587
  -2.6630001373   -3.0302632648   -5.8064523736    2.5584228141    0.1971977842   -1.4608961059
  -5.9021326146   -1.1344741945   -2.2682742199   -4.5731636887   -0.7710774270   -0.9834835279
   2.3809019180    2.7535019791   -3.4894600370   -1.0839412295    0.2392807759    0.0138397922
   3.5341270867    5.0648684173    8.2096969239   -6.2699885585    1.5731566966   -2.8012481984
  -1.4363287342   -5.0018924456   -8.3144169528    0.4221431327    0.7043600568   -0.3437730399
  -4.1868182848   -4.7622171410    2.4964062117    1.4297571968   -2.7939350445   -1.0559008981
  -0.8247508803    3.1680107912    2.2882563922    0.5016098009   -1.0275693198   -0.5029996657
   6.3046686521    4.1023687417    4.9945545518   -3.7406086821    1.9279219165    1.8579956875
  -6.0843594420    3.5374016474   -3.0395500566   -2.1436807910    1.3343208665    2.7230750240
  -1.9999634205    7.8961208579    2.3396766639   -4.9453535012   -1.5351015770    0.5179498067
  -4.4852805202    1.5125379020   -5.2160212831   -2.5542534823    2.2279650682   -2.6107527172
   8.3560277721   -6.2038119640   -4.3303436949    1.8400133536   -0.6556711680    2.2978739314
   0.3226891042    1.4501475902   -4.6055186016   -1.2286465815    0.6772789590   -0.8849089624
   1.6325176127    2.7622741585    7.2012567523    0.8564774259    3.6777707830    0.8784600643
   5.2469647179   -3.4492905741    4.4516450001   -1.9974097680   -2.6298087525   -2.5504591818
  -2.2449306418   -2.2321067702   -2.2075993835    3.4482552200    2.1811048588    2.8116423002
  -6.8115300645   -0.2546401621   -2.4226820589    2.5960053527   -0.9744122151   -1.7694652803
   7.7008634159    3.9503928707   -7.7603884601   -2.7661836146    0.7119832173   -2.0658492696
  -5.1742646590    0.1683592553   -0.8668695582   -3.6498836834    1.7332038860    0.5052507787
   0.4260908583    3.2499778505   -1.7316130243   -1.1777079528   -3.4800327931   -0.2799999326
   6.5996946153    0.7739786507    5.4278983213    2.1710359416    0.4279803983    2.1595170764
   0.8632283603    4.9941214655    6.0751342583    4.1970891979    0.5539666338    0.2906739621
  -0.3121284843   -4.6499280984   -4.8384179427   -2.1663869627    3.4903460354    2.4093118170
   3.7448512142    4.1356245234   -0.5353875178   -0.0352989053   -2.4692447644    4.2466322287
   6.9420194301   -3.6365826375   -4.5011364704   -2.1031484679    1.1022205223    1.4578973014
  -4.2814691872    2.2340686857   -3.0859301571   -2.1701867195   -4.1206654630   -1.1677262953
  -2.8596300891    2.3369809658    6.7573340299   -1.4318989201    0.0824535769    1.1062212920
  -5.1792149471    3.8123708206   -4.3090333035    0.8104106733    1.9176430623    3.8897908374
   4.7571506139   -6.4147667449    4.7518441449   -0.4538298214   -1.1630214237   -1.9536470996
  -7.4146697672    1.9841809048    3.5117823156   -2.3640051072    0.8316611654   -0.5261991432
  -5.6659264631   -2.1129463472   -5.5506169274    0.6087337631   -0.0363999741    1.2185139825
   6.8186327572   -0.2701547334   -0.5586210897    0.6358262210    1.3031786229    0.6590123106
   2.3050904412   -2.4884624896   -2.2378205397    3.2083072144    3.9628726956    0.6088734203
   4.1041734628   -7.1545472364   -2.1704915425    2.2193893430   -4.5220465554   -0.3485656317
   6.4975828308   -5.5401876569   -7.9996414187   -1.1740771269   -2.0151228119   -0.9348514996
  -6.5542326719    7.7465640415   -0.6506859241    0.8700038041    0.7069033393    0.6148418223
   0.7974481793   -7.3673337132   -5.5908484959    1.4984565000   -2.7837480645   -0.0446646036
  -6.8718252521   -3.7557444995    2.6265925372   -0.0484481712    2.3705740265   -2.6132640486
   0.7143187158    7.4786500149    7.8405002755   -3.4409142763   -1.4569567542   -1.4273056744
  -6.3448928162   -2.6274033453   -6.2791719224   -2.0597930412    4.8118922365    2.9984212999
   4.4397223912   -5.9964938409   -2.2746416287   -0.4216359580   -2.0942902351   -1.0627027771
  -8.4313775668   -2.1065647373   -4.1449814885    1.0094993821   -0.5482369097    1.7483738142
   5.4466772553   -4.4709514197   -4.4027492578   -1.4447963818    4.5095790547   -0.4375821743
   1.9807280910    4.2738117130   -0.1273792535    2.6685175688    2.9467309075   -0.4559102407
  -1.4850777816    8.4801609936   -3.2479204461   -0.2148847497   -1.4399821115    0.1096898161
  -5.7659785019    4.7150527983    8.1991919619    1.7212175815    1.4487192906    1.4081931387
   6.7073856711   -4.5393223890   -7.7055761722   -0.8721660992   -3.0647557426    0.1859464699
   1.6985374979   -3.0480462580    0.5662746742    2.9783639015    2.9957886833   -1.6791891915
  -2.3236337910    2.4423967703    8.4635880027    2.1712267090    0.3997745067   -0.2272392899
  -1.1269665183   -4.9999708452   -0.7872559756    0.8061826637    1.0964128311   -2.6394790955
   6.8895540207    4.9804055732   -3.1380845648   -0.4680545211   -2.4957920308   -0.4647156812
   5.1722165734    7.0541646273    5.0956111155    2.1934396974   -0.6685922570    3.1313542549
  -2.6014931641   -2.1856666673   -1.2729768096    2.5871375020    1.5995937297   -0.6498792887
   7.1864885374    4.8502658944   -0.0614976329    0.0438712486   -1.9207524486    0.6789116434
   3.4455749121    0.6856193904    7.4033371591    1.1330464920   -2.8947282493    0.1680780363
  -8.2114153977   -8.5426068142    1.3652921761    2.9431090882   -0.5093946724   -0.3455320336
   6.7256772927    6.1794917591   -1.9664902357   -1.1717054900   -1.1023446694    2.4413676733
   5.8980619794   -4.8945448461   -0.0705068080   -0.9830960654    1.6340748441   -0.1271321127
   6.7083970663    6.8215508213   -2.6979375261   -1.5105197712   -0.5054639561    0.8231026444
   6.0770731145    2.8265500272   -0.8741053971    2.1063622801   -2.6525068070    1.6612080891
   8.3250785539    6.2627696871    5.9132374806   -0.0119296339    0.5956924369    2.4752827580
   0.2847308752    2.5140376756    6.4030703497   -1.6044272624   -0.5621812202   -0.0523903882
   5.7832648747    7.8270413121   -7.3427128693    3.6165096884   -0.6469500273    0.4223830128
   2.5622109789   -0.3963897424    4.0247959742   -5.8914618160   -2.1518590638    4.0858286221
  -0.7956016826   -5.7906145654   -3.0190409641   -1.0133845130    0.6687194069   -1.1931466875
   6.6317403709   -2.1361222617   -0.3489837071   -0.2265705804   -1.4747358384    0.8657375269
  -3.6239491140    7.6927373665    5.0041462680    1.7853042519    1.0935481306    1.2024634539
  -4.2156799691   -6.1090037255   -6.4314175128   -5.5054904548   -4.6707880504    4.4046447295
  -6.7157064612    4.9905678254    5.2075844224   -3.0642616305   -4.1150082683   -2.8691962325
  -8.2944332958    0.4883981445   -2.3740370568    0.6580966775    0.3475198239   -3.0577732668
   1.3934794511    4.5716127706   -2.4004266084   -1.0623806747   -1.2250184680    1.0725644818
  -8.1805186060   -0.9829499541    0.2592744443    2.3835702945    1.0613084306   -0.3108549318
   5.4492986507   -2.8355959615   -3.1025847446   -1.3671534975    0.2626521983   -1.0875800750
  -3.2018846421    0.8366665871   -3.3083548250   -4.3907150857   -0.5454842613   -2.4293393200
  -0.9369268247    8.0198917214    8.1777735737   -1.0725808490   -1.4989660905    2.6793146501
  -0.0028360319   -6.9756829515    5.1827756877   -4.1122646443    2.5225761369   -1.2559841021
  -2.8965964220   -6.1313121533   -1.4594014448   -0.9534526481   -1.1858056501    1.5522284871
  -0.9196275195    1.0011649877    4.2468172437   -5.0286384137   -2.4038238488    2.8564377991
  -5.6342998441   -2.2338134753   -3.9296041478   -0.5590040261   -1.1742561801    1.4955463723
   4.8875360802   -1.2061198137    1.0357482721    1.4213396525    1.2525824341   -1.4460961419
   7.9552103904    1.9460984914    8.1516568214    2.5535559451   -0.0235151167   -2.5125433538
  -4.6020166250   -0.0193298140    4.0685722499   -2.2289484529   -0.5321699880   -0.9129915919
   5.1033545170   -3.0375522637   -7.1629904738   -0.7458991781    2.0571861647   -0.4554631183
  -7.2339459526   -4.0763740379   -7.3999183865    0.5448258342   -0.5203442922   -0.7266919421
   2.6500593346   -3.8388690784    6.5367613878   -4.0550369305    2.3424075869    4.9095575921
   2.1324917593   -0.8760570935    3.2654577846   -0.2943287364   -0.7571885115    1.7600292700
   1.2980259542    8.3102311801    1.4178100908    1.2034040333   -2.7936384121    0.5305897670
  -4.3593481289   -2.5738551661   -5.0777051998    2.4797316212    0.8717349612    0.5806669397
   5.1502128303   -3.6877372164   -4.0768393309    1.5452609365    0.3437403352   -0.8861969255
  -4.5181173502    1.8813391339   -6.8966543695    3.1048267248    2.0328515030    3.9859950562
  -2.7505834780   -5.7723383878    1.4386639779    0.3897940096    1.5843136969   -1.0991685338
   6.8996759106    3.6898224251    4.1768245883    0.2378883805    2.4504294217   -2.6995342408
  -6.9942708307   -2.8164605609   -1.1872961379   -3.4745218538    2.6252134600   -1.6476312172
  -4.1602053268    3.3695414130   -6.7322842111   -3.7392172228   -3.6646149304   -2.2511200893
   1.9377475512    0.7375262798    3.8719710196   -2.3127160381    0.4509084769    1.9916382558
   6.1379237172    3.7769219804   -6.3701201057    5.3013561451    4.1977460963    0.4680953581
   3.2444908418    4.6261042687    0.4626294079    1.9673961058   -0.5677294656    3.3985593026
  -1.6479250018    4.3571103153   -2.6276928575   -1.6657953177    1.2805302889   -1.6483990613
  -7.4753716202    7.8191451863    7.1354091421   -0.7277881109    3.8905910115    1.8336970101
  -2.3903089680    4.9849101672   -6.4447607828   -0.6354766648   -2.5948938332    2.7688508108
   0.5330235807   -0.7683739573   -7.8989081297   -0.0606078801   -0.8455875731    2.5679714889
   2.6350393705    5.4175251607   -0.4649526728   -1.2790507457   -0.5262525212    0.8374305595
  -2.8160492519    6.0963723911    5.6592383495   -0.1538786237   -1.3227970784    0.6867858293
  -7.9962395118    5.9550604959   -6.6342731736   -0.2858297750   -0.0939937329    0.2898680777
   6.6263870108   -3.0121853336   -1.8707223209    2.7573311473    3.8911784483    0.1709011643
  -5.9164754925    6.2610773151   -0.7685082350    3.9656541025    0.9499218348   -0.8758729331
  -0.1826494365    2.6857034363    3.4642606348   -1.4995944729   -1.3651352705    0.7408868016
  -5.4084865358   -6.0184366336    2.5823465992    0.7889487175    2.6386151628    1.6288535531
   4.4501452611    5.7593646890   -6.2203415794   -0.1112420823   -3.1286286778   -0.5324185160
  -1.5794663689    4.1495363117   -0.0180477692    3.4178911866   -3.7382207114   -1.4567619773
  -5.8546612954    6.4263668627    2.2045928537   -1.0406219427    0.5505035697    2.2027863534
   8.4123478836   -5.4959469602   -6.0150287412    0.7269413176    0.0234450776   -0.4402313846
  -6.6106842439    0.4140059135    5.2549907725    0.0187868669    2.0711768031   -1.5701435312
   5.4922160984    7.6478790298    6.3573167869   -7.5407497760   -2.5602673852    0.4919373760
   2.1270880878    5.7702462467   -5.2924563665   -2.6241521866    0.0801840873   -2.4281378050
   2.9321567594   -4.5318106476   -6.7898898815    0.0963169534    0.0837783905    0.2248634205
   3.5287687833    8.5061072903   -1.2757577030   -0.1773725178    1.4619002331    4.2847752756
   2.3714103925    7.7999704476   -0.0597385550   -0.1362808841    1.6294604178    1.8668407347
   4.9450587641    4.1698155857   -6.3775440906   -0.3185280793    2.0171740432    1.5040072792
   0.3396153071    2.4115484511   -3.5610334800    2.9480654313    0.4753403336   -3.0159722713
  -7.1281031763    4.9615938071   -8.4296156770    2.4970926014   -1.0915765374   -2.1229815814
   4.1952466015    1.4660212040    7.5328822237    2.3157225063   -1.6763760446    0.1785568076
  -6.8495400804    3.4702558447    3.9975518475   -3.4112976838   -1.9088569038    0.5230833948
   0.8385833213    1.4491778599   -2.4917883778   -4.7256615283    3.4221815298    2.2156013379
   2.4798415585   -1.7912877800    5.5465152987   -1.7693122175    4.5538413812    0.9973640108
   8.1817075167   -7.8087818813   -0.3135236071   -3.9324686200    1.3865403495   -1.5199078988
   7.7454069626   -2.9930331523   -3.2104905832    2.3912584281   -0.3647175210    1.2418467154
  -0.8961942860    3.9704846239    0.6894832770   -1.1281203077    2.2164722641   -0.0021433066
   4.8961514209    2.0868601835   -7.1265728263    2.0415473291   -0.1136699624    0.9791445633
   1.4476224540   -1.8405044901    1.9634001020    1.9063490654   -2.7410524859   -0.7912996766
  -1.9196208154   -6.1078162962   -2.8601444871   -2.1576223733    1.7592229193   -2.8443326135
   5.5834680138   -3.3191462310   -1.0410436391    0.6146381133    3.2271119781    0.4787659846
  -7.5907995676   -2.6271869285    2.3095738568    4.6821362913   -1.1900528504   -1.1363745599
   0.2683997384   -0.2681664357    0.8151482133    1.5318819588    3.4688197413    3.1009806920
   8.3639534331    2.6330998923   -4.2607811824   -5.3474448162    0.1169736365   -0.5853499574
   7.4345095704    3.3187845989   -2.4354855436    0.9150346094    0.8068563188    0.2635720221
   6.8825724127   -1.9820611520    4.8446498384   -1.4052522227   -0.1169439502   -1.7558990948
   5.7373331192   -0.6839959701    2.8017437817   -0.1924924915   -2.6588794141   -1.0571756575
   2.6352160301   -8.0416599939    5.1428866998    2.8063212566    0.1133926654   -0.8199078121
   2.4332136221   -6.0851334868    5.4267620798   -0.8979143074   -2.6265326490    3.1134258359
  -3.4266140999   -6.6825076941   -5.6665447288   -4.6175336301   -1.4774817712   -3.5956317202
  -5.3972778322   -5.2521772937    5.4771867687    1.4771044340    0.7708620932   -0.9033065590
   1.2687988513   -1.0038483035    0.6947713991   -3.3697020574    0.4054169795   -3.9210320269
  -4.3999230297    3.9957746714    0.5234469370   -4.9079699898    0.5541213096    2.5378268634
  -0.2026255714    0.9029858451    7.6917861856    1.2002213540   -1.0890503534    0.1673619327
  -4.8938769315   -7.2465971057   -5.4493726400    0.7423275883    3.6345902605   -0.1420825849
   8.5377119910    4.7168347913   -5.0183385397    1.0194714228   -0.3005462144   -0.4524539819
  -2.0220964003    0.0031458114   -0.2962970332    1.1925882855    2.7099849980    0.8035173945
   0.9452019191   -6.9753301900    2.2284682997    0.5738926893    0.6823679110   -0.2832594217
  -2.6887028645   -8.1402064897   -1.6568170909    2.0186564550   -0.3099067025   -2.7025421093
  -3.5882010748    5.7757858538   -6.9120492132    0.3491763605   -4.3750531213    2.2521547797
  -8.0057731450   -3.6262590561   -4.5026072960    1.9114083554    0.6354092871   -0.1122052437
   4.3055573258    5.5276703718    7.0637984041    3.6535821139   -0.1705998973   -1.6780876393
  -0.4652057998   -7.0622548070    2.1085334010   -2.8924609535   -0.5405163169    1.2381050486
  -7.1961157398    1.0414723761    1.8852216832    0.3448986659   -2.6380402341   -0.1276019523
   5.8566910331   -6.5455688355   -2.2563896439    0.5938081660   -1.4216138438    3.1303657138
  -5.5149957512   -3.8156573694    7.5234934212   -1.3714209008    0.5593549870    0.8572370191
   2.2315367813    1.4460605163    5.2321082324    2.9048894507    0.5127799415   -0.2018769923
  -3.5926666613    7.3252268344   -0.1875617415   -1.0180518159    0.2519100148   -1.7119929302
   3.9365621497    7.7688790875    7.9646606951   -2.9983412455    0.5627600914    1.6437593884
   1.7854286098    5.3571887110   -1.9222955558   -1.0167287221    0.2328307243    1.6453696918
   0.4338721104   -6.0958713584   -2.1047836018    0.5315965363   -1.1194032679   -1.4661878168
  -6.4717951124    3.8728994780   -7.9138089034    1.3978988468   -2.1220808350    2.8835201980
  -2.0156013293    0.0538693976   -2.8255656312    0.5442892264   -1.4296492355    0.0572530635
  -8.2584941814   -2.0321867590   -5.2757389383   -2.1134066910    0.6402510229   -2.6879391585
   4.6338254660    2.9826797099   -5.2705356979    0.6565512619    1.2008688971   -0.9826742446
  -3.4222388843   -2.5887349766    5.2158735636   -0.5031896094   -2.0464182573   -0.2312315915
   7.7184733351    0.1351536897   -0.2643476415    0.9661252978   -1.8837655068   -1.6069429065
  -0.3679868122    7.7624074056    5.7087896664   -0.9380898158    0.9132752585   -1.4049079447
  -5.3726283132    5.4216104508    3.9673162158   -0.4131465561   -1.0901422728   -1.4039294012
   6.2728959529    7.7399981401   -1.1956843693   -1.5170811735   -2.2559823108    3.0409817507
   3.1771462858   -1.9686504186    0.4512223334    0.0848691303    1.8546315249    0.1926207942
   1.2810800711    6.9412202873   -4.0263832987   -0.0908663911   -1.8980225923    0.5341063678
   6.2343399355   -1.6674876203    4.2199785827   -0.6999170750    2.6338530554    0.1228712765
  -7.2740724299   -1.6303698674   -5.4489454292    1.1733849422   -1.2748560741    1.5402974615
   6.1482461630   -8.2184865351   -8.4370159563   -4.7231854048   -4.0693912884   -0.3820232998
   7.8202596900   -4.4939928848    8.5137519039    1.9764424041    2.1873106172    0.0272292928
  -3.5504535826    3.3268766072    1.9985528162   -0.0899956352   -0.7370440391    1.3309604114
   7.5764414923   -7.9256502944   -1.0270374647    2.9441562934    0.6883078055   -6.0025564342
  -0.6202847704    6.2547939956   -5.4206002524    1.0976891652   -0.0127601987    2.8047788147
  -5.8802727753   -2.3230569732    4.7451661228   -1.7910480863    3.9562513280    2.4151096320
   5.2924543693    8.1558669030   -2.8170372197    0.0208570269    0.5107488996   -2.6374042748
  -0.8144826967    7.3355160531   -2.1682803867   -2.7131429290    3.4037932753    1.4350714429
  -6.0425339939    0.7155432956   -3.4813278402   -0.4722436263   -0.5820521943    0.3175445088
  -2.4768668662   -7.6581484021    1.8693826366    1.9740145899    0.6532520772   -0.8216580897
  -4.3715826634   -8.4938585986   -6.2815100018    0.4275114708   -2.1443914396    1.9437929009
   6.2195908871   -3.2586271038    8.0998372445   -0.7471241455   -0.4194446645    1.0870528881
  -4.3920119095    0.5512571160    5.1560286161   -0.5057909479    1.3099296104    3.1959450748
  -4.3286118417    2.5074688372   -4.7395500382   -2.1667581378    4.7371893165   -4.3927865955
   1.7819990270   -0.9358443149   -6.5482745894   -0.3566647003   -1.9176556321    4.5688126500
  -6.9762851549   -8.2249407146   -1.5703521935   -3.3934100328    1.4252604631    0.6684287421
   7.6499866095    3.1755278945   -0.2177744134    2.4525998854   -3.2160346635   -0.7652044190
  -3.5554139347   -8.1821602488    6.3901363774   -1.4379886735    0.0440475326    0.1841523410
  -7.6954318646   -2.2948152212   -6.2146022001   -1.8913610697    2.1445325308    2.6957926553
  -5.3099675351    3.9498583803    5.2675263090   -4.7779376447    2.5622189894    1.0680100288
   5.7455188650   -7.8181611272    3.0961357490    1.9536123693   -3.1097583486    2.9963835406
   1.9100975690    0.2179873311    7.5906257044   -0.4829495483    0.9869559497   -0.1233715642
   3.8482261946   -3.7674935302    6.3367272004    5.5446796901    0.4459051318   -2.3967426508
  -5.2734734017    3.8568450296    3.8332159293    1.5671140595    4.4120347664    2.8705786434
  -5.0371789126   -2.2504329208    6.6598042986   -1.3177866446   -2.6892215710    5.7119070770
  -4.0436763449   -7.5568446265   -0.5553335622    1.1282490388    1.7162766234   -1.7747266269
   4.8587177363   -4.1687226714    3.7633639650    1.5990756816    1.5490097495   -1.9902690013
  -4.8149588122    2.5822751008    2.5835215445    0.1640869313   -0.0929724382    2.1536751880
  -4.9910832691   -4.3760707696   -4.5768130618   -1.0533444831    1.7308216713   -3.8328854374
   2.4439829177    0.9736324236   -1.2932594658   -1.5036334034    1.0308671306    0.2109620682
   1.4320011840   -7.2386963389    6.7077569522    2.8521959625    1.6090948392   -2.6793895210
  -2.0570799848    6.9770649408    5.9148870018    2.0670665953   -0.3062864382    1.3598162356
  -3.2530086741   -0.1634603403   -7.2703404935   -0.6539369117    1.7909543594    2.0980934137
   3.3382563015    0.0957271883    5.8853054291   -1.7438028263   -0.3450655797    1.0847594091
  -2.2282161431    4.2925021552    5.9751086041   -1.2335437169    3.1192486348    1.0140872663
  -0.7513290998   -1.3678172941    8.2761173190   -3.6645352356    2.2881698233   -2.0204902092
   2.9555681586   -5.9275388906   -8.0754912125    1.0912870009   -2.1116048130    5.0285288808
  -7.3298968691    7.7463616827   -6.3015544348   -2.4575834315    1.6876457513    1.5870672979
  -7.5950112399    6.0599184993    5.3032804390   -0.3636390768   -1.1060935626    1.5507968586
   6.1799934217    0.3158518905   -4.2182855734    1.4086433604   -2.7612489062   -0.5449962218
  -1.1884129690   -4.1557482243    1.0649055779    2.1867924628    0.6303986325    0.8742194230
  -6.7904602913   -3.7399384489   -4.1286024569    1.5805696950    1.3805891239    4.3471785026
   4.8776489926   -3.4587376241   -1.6279740639   -3.3404391069   -0.2056677395   -1.8603394661
  -5.3877868415   -1.5113859878    7.9748742011    0.5868879280   -0.8524263404    1.5514301302
   0.9489446962    2.4033633885   -4.9793967376   -0.0216320535    1.0447832691   -0.6564307010
   5.8892419652   -7.8733579260    2.0635515772    0.0829448566    1.3009082871   -0.5331406877
  -7.7730617380   -2.1982905270    4.3173337879   -4.1143246926   -2.4568119831   -2.7096226270
   6.4568459032   -0.9078093330    3.6994755296   -1.7909717137    2.6094773640   -1.4056891524
  -3.2397796132   -5.6169296349   -5.7744883808    0.3082813722   -1.8831731288   -1.1747746490
   6.8454500223    2.2719691473   -8.4636548859    0.0222760108    1.7283922905   -3.0204433773
  -2.9837382090   -1.2074734711   -1.1252366545    3.5641448786   -0.7828325273   -1.0035885732
  -8.5448850375   -0.0544063071    6.5465483849    1.2025344622    0.5216719173    0.8300480810
   6.0193282193   -1.7446485117    8.3131441218   -1.4737242647   -1.1808577567    1.9926662511
   0.0357279558   -1.4306753657    7.7772434834    1.1660180206   -1.7703034104   -2.2882885112
   5.6688911333   -5.9067554896   -4.1691634355   -1.6802478154    0.2151115917   -3.5161856895
  -1.0612894286   -7.0763987103    8.1488325516   -4.3024217580    3.5332057081   -1.0760283389
  -2.8815345433   -2.4582330940   -7.2923708451    0.8996762675    1.5536930576   -0.4124442115
   3.8727582674   -3.6837799031   -2.8995118447   -0.3335168282    0.5326541505    1.9274446061
  -0.7342968078   -3.6333910319   -3.0029358555   -1.1881086552   -2.5204639266    0.5497339831
  -5.6143067496   -2.2449405468   -1.2241589836    3.3468647802   -1.8164934822    0.1867973653
