           1000
    17.09975947
  -2.4518173850   -3.9431651566   -2.1287892690    0.3907054371    0.0824789394    0.9042812240
  -6.9910265921    3.3697295945   -0.7323405003    0.0984406016    2.2409220709    5.8606670058
   7.2334214645   -3.4714096207    7.0732214818    0.4237764355    0.9421035279    2.0946645908
   0.3207237633    4.4458338876    2.6547741672    1.7946432257   -1.4353822853    1.6653001869
   0.1715785405    5.1469330813    7.2308544746   -1.1611513664    3.2450996990    1.1066655585
  -3.6376460224   -6.1829616876    4.3520360637   -2.6769905242   -6.1454160666    2.7491760472
   5.3464463669   -6.8544718667   -0.8534605140   -0.4642740465   -0.6495637807    1.3168799291
  -6.9200524271    1.9772764329    5.0401428108    1.3297462257    3.2203300467   -4.3898640228
   3.5383948603   -0.4692774412   -5.7369792721   -0.7694747054   -0.9071175477    0.5382593391
  -7.2636288140    0.3343541440    4.2842700785    2.9258647493    1.4158262116   -0.1455967564
  -4.2217574213   -2.7295857232    0.1334741163   -0.4135863150   -1.1448841907   -5.0827468821
  -4.2569677768    2.9364708755   -2.7516301730    2.0033530895   -0.3663171582    2.6126577243
   7.7454400488    1.1410337213   -4.1726990491    1.8106043077    3.1490278224   -1.0901316275
   3.7417418535   -5.8151921364   -4.1665312041   -1.7249861325    1.3531173838   -1.6138305279
  -6.8567299271   -1.5737450038   -5.7104733834   -4.3417704395    2.2020764749    1.5977578167
  -6.5319843804    7.1607320374    2.0453102771    2.7101536199   -0.9548618252   -0.0501388008
  -6.8210876766    3.0796305250   -6.7600226681   -0.0796751796    3.4965110463    0.5270011311
   1.5045544345   -2.1230293616   -1.6081241664    1.3377834757    2.4930294203   -0.3951007129
  -2.5442545315   -3.0670867778    1.7638985155    1.6587146900   -0.4109552204   -1.4590612333
  -7.2420869725   -8.5487825766   -0.5443052068   -2.7050756202   -0.2598748615   -1.5237162929
   6.9789172919    1.4784692403    0.8600833347   -2.0536008511   -1.2786021942    4.9206485971
  -5.0398788673   -4.4052648609    5.8999477227   -2.9260769336    1.9010621991    0.3559746178
  -0.4881180109    5.7998933218   -5.8125532670   -0.7118262618   -1.8482698142    2.6441084379
  -5.9707128632   -0.1145033178   -6.6073941778   -0.0905148748    2.6426110907    2.5162251097
  -0.8271281070    4.1616233175   -5.7628973664    1.5296609996    0.5608836264    4.3818126854
   1.9134268088    6.4854428042   -5.4418321254   -1.7027877751    0.2518501977    1.9208970052
  -0.1626004673    2.7722550747    1.2697093196    2.3017999013    0.7888532776   -0.8172142721
  -5.9566312823   -5.1837985122   -8.1284786838    1.9603043729   -4.0149276662    0.5869813917
   4.0179539354   -3.3285104744   -7.0285693957    0.4638037819   -5.7151393999   -2.6892330704
  -0.4334192460    0.4223847097   -5.7256688506    4.8250416243    0.5693767307   -0.8726784788
   5.7071917265   -0.8126949073   -5.2116086885    5.4028605322    0.2619618326    0.2648771588
  -5.8332820652   -0.0145768262    1.1137137842   -3.6970806562   -5.9483982388   -2.8386378216
  -7.6953385258   -7.8948686786    2.9451772402   -0.1914972325    0.5626852942    2.1724160680
   5.1342319199   -4.1916870034   -1.1287184376    1.1050141778    1.8865752888    3.3301505264
  -7.3530748566   -4.0063413325    4.2218434003    0.1501660144   -0.0096796880    1.2066771098
  -7.3620682524    5.4132798486   -6.9903886533   -4.8864200250   -1.1980794167    1.1115423473
   6.3017531596    4.3715375541   -2.3976274705    0.3540393770   -2.7303624775    2.0853946186
  -4.8844548007   -5.3611038416   -8.3387039585    1.1230258890    1.8982530074    2.0026255394
   2.6132516805   -8.0130394862   -3.5249231540   -4.4073063907    0.6594279094    2.3402961808
  -5.0281085432   -2.6482769255    1.1175804584   -1.3158676244    1.4212127214   -1.1410189505
  -0.5832236080    0.2733164084   -3.2740846014    0.1440195223    1.9737310793   -0.3713902267
   8.4890806678   -1.1396091460   -0.2617239722    3.1120477628    4.3004262806   -1.0982642512
   7.1202346262    2.0656605212    6.6037109889   -3.2038347415    3.3164459724    2.6132868188
  -2.6197801123   -3.5783838460   -5.7106530747   -1.0105216053    4.5818685681    1.8014734740
  -2.9469428059    2.8516668401   -3.7007694188   -2.2737924606    2.3280479087    4.2827413761
   0.0832302244   -7.7951594239    2.8641471291    5.5981350618   -2.1702141337   -0.5989331617
   1.0108866765    3.1851426801   -6.7098567071   -0.1108735240   -3.7162669437    0.0323689320
   7.4429774592    3.6671749406   -0.7746049030    0.0385982241    0.7796244366    1.9453113120
  -4.8453044169   -1.1592415870   -7.0762830182    0.4218899929   -0.5344267119   -1.4169267453
   2.3695814497   -7.3443843559    0.1672609198    3.7086527668   -0.5166726419   -1.0170649569
   6.8203843683    5.1725967582   -7.5082446488    2.2705029997   -0.8651454058   -0.6532520425
  -5.5698103267   -1.0559564270   -8.1978861536    2.7346303032   -2.4830792010    0.0151950007
   6.6041489645   -0.1428856541    3.8561163952    3.6366889906   -0.6227508256    2.1601030699
   5.7584815412   -6.6734465549   -3.7295636433   -0.4518867393    0.7751945776   -0.0901176190
   8.4939220317   -1.0637481220    7.3899011431    2.7577668394    1.9603821071    1.6786568364
   1.8937139364   -4.9034390270    2.8799409865   -0.2036489068   -0.3078566457    2.0712022474
  -0.5403252922   -5.4451733011   -2.4428265719    3.1544389096   -0.5489640440    1.7337888114
   4.2824426399   -7.4291251630    6.8087140986   -1.6410719011    0.2360199457    0.6854134655
  -1.4358791849    8.0297883101    2.1466196410    1.1138890913   -2.2765468271    1.4895846952
  -7.1604774236   -5.6106146821    6.2767597055    1.1299389184   -2.1412944089    1.1327624997
   5.5079650303    7.0579798617   -6.0673130957   -4.6938732742    2.2435511682    1.6026098477
   4.4189411172    4.7743061395   -4.1694624706    1.3827838735   -1.6956871316   -1.3373842740
  -7.0925842667   -7.1655655598    1.8394550962   -5.5299574222   -2.2983328634   -0.8241654143
   3.8574121120    2.8685112177    0.7291436387   -0.4861851582   -1.8561414928   -0.7013732553
  -4.9458877651    0.7435146119    6.4254375719    3.3927203124    1.3047170301    0.2276480341
   4.2438071750   -1.1421185777    3.3455180814   -2.7195279037    0.6823535414    1.9011785116
  -0.8190544247   -2.8843709980   -4.7248290735   -3.0791323270    1.0468393567   -0.7762318968
   8.4276268427    1.6535550473    4.6659469192    1.8896002961   -1.7993282618   -0.4779398528
   3.7584279890   -0.2132680782   -3.1429837910    1.1751858133   -0.5585854824    0.5499113347
  -6.4751501855   -3.0023030693    0.3704101516    0.9549962314   -2.8265034921   -3.7256024461
   2.9482961259    3.3837763263   -8.0025971878   -1.0264714267    0.0621728866   -1.7312001133
   1.5280983891    8.4848274714    1.1729306922   -2.3298463360    2.9936900287   -0.3469527746
  -6.4070754725    3.2433032514    8.2976371269   -1.0268255189    0.0755232007   -1.5367262980
   1.8723831573    8.3969153230   -3.0954265909    1.7075839459   -0.1152424014   -2.5270443281
  -1.7045942015   -5.2667025850    7.3228319299   -1.4648099773   -1.3733502598    1.0323424509
  -3.3980745278   -8.1544624161    4.5286563564   -0.6932236574    2.0673034932    1.1091931849
   2.9239036219    6.2869363755   -1.0138880217   -1.3408523508    0.2461882840    0.7603715831
  -3.6471067849   -3.5863674616    5.0195886535    1.6169439239   -3.3134299850    4.2825492591
  -6.5286456208    1.3721686861    6.8264682054   -2.2537518427    2.9516080391    1.4493848079
   2.4555250789   -6.6105567581   -7.6859774296   -4.5225317286    1.3665509505   -4.3363374550
  -7.8241119688    7.5511975862   -5.2541904431   -3.3007165839   -0.0873837527   -2.2803087735
   1.0708435784    6.5289816214   -0.4535866727    0.3040376843    2.2485644045   -5.0533317408
   0.3820074985   -0.5681701600    3.0059698978   -1.8281914275    1.5126726201    0.1245579886
   6.4194685747    5.9970680587    0.6264900805    1.8967762128   -1.3274046913    3.3466256745
  -5.3784504164    8.1047182519    1.4257288727    0.1661509078    3.0351187828   -2.0312791019
   3.1137510015    3.5867748181    6.2325054517    2.0207935781    1.7916050232   -2.2295208845
  -0.4597739958   -0.8392754284   -6.2936042667    4.4100427001   -1.2516272581   -2.0575842186
  -5.9243398656    3.3978209070   -6.7862553575    2.7011318821    2.0273749772   -0.2245095430
   4.2795704750   -0.0658378243    3.2226296698   -2.8718203045    3.6554728610   -2.9997115015
   7.1335331974   -4.2034582643   -0.6143311355   -0.9724341745    1.5471170292    2.5458272133
   2.4184646472   -1.4958682401    8.0755550621    2.0704541427    0.0684486451    1.4318929743
   5.8210281071   -6.3729970158   -2.0232383079    2.0710204332   -0.2916674276    0.5352410830
   3.2924426514    8.1392587366    7.8899160618    1.1303910435    0.2934357862    0.8326857859
  -3.7138557541   -7.0707417323   -1.5507687950   -3.1135001216    2.8306536427    0.3658984903
  -7.6937558880    1.4218803148    3.4174974849   -1.6438504949   -0.8602643920    1.2977619714
   2.1071297577    7.8352514001   -4.1769183917   -4.4734570103   -0.5818044695    1.1036825568
  -5.1317337690   -0.4572592314   -3.3097457021    4.1198057587    3.7513843513   -0.2467934367
  -4.0048221901   -7.2000649913    4.6723543176   -2.3629505789    2.3644784073    2.9439053183
  -1.1603787512   -3.6827199563   -5.8417180555   -2.7943650641   -0.0549071424    1.4230495133
   1.0800950631    0.7846179290    7.9861081313   -1.0801442980    2.0360384125   -1.1253928705
   7.7866666288    7.1375285649   -0.2178163116    0.0482131682   -2.5613498174    2.7111403146
   6.1111065904    6.3092888139    4.4111253781    1.6816755805    1.9601610652   -1.0266924594
  -7.3486918204    5.5130983468    3.0065404682   -1.0530557750    0.7245482565    2.4159380586
   8.0479552444   -3.0309211337    1.9618248634    1.5625945497    1.2589322487    4.4458909933
  -4.5335275883   -1.3339126954   -2.3464197533   -0.8950733959   -3.0706189954    2.0818960075
  -7.4588983189    8.1914986173   -3.3716179847    0.6084265136    2.9374287383   -2.4947532793
   4.8240464927    5.6890654831   -7.4376187988   -0.1344004272    0.7893265539   -0.8698139910
   2.8922951549   -3.4941959628   -0.2868704116    1.1725455995    0.9794986310   -1.0435986900
  -7.6080875731    0.8929095902    5.3412903674    0.2140132179   -1.6711590682    3.1383802294
   3.9542077304   -2.0417562359    4.0378260074   -3.0770777314    0.4066012884    0.4375527307
  -4.3811092612   -1.9508515153   -6.4405817718   -2.9405299883    3.2385861658   -0.3394656434
  -0.9825544582    8.0551226066    5.4185860515    2.7181789437   -1.6667258328    4.0105009529
   1.1268160777   -8.0965878934    2.4706016357    0.5674584720   -2.0660376099   -2.5453325647
  -7.4290848837    1.7492309316    1.3551459978   -2.7609135629    0.5215679215   -3.0482383587
  -7.3555577895   -7.9801897571   -1.3866003476    4.3885560582    2.7486610855    3.7885322109
  -0.7753053218    4.3922048572   -4.6781462377   -1.1449333074    2.6971149983   -0.2213599881
   1.6783200650    5.4235895934   -1.2742138050   -2.1435759936    2.0820681693    0.9382872585
   8.3981293346   -2.0506980931    5.3068979458    2.1455002962   -0.8582753896    0.7496572083
  -4.9553199143    8.2827997026    0.5639824071   -0.6709339783   -0.9389748911    0.9724741009
  -2.4080936880    5.2150435946   -4.3030998266    2.9485274814   -2.1317555826    0.3205891308
   3.4887250068   -6.2987220422    3.0665659222   -6.0474558478   -0.8665356278   -1.0107769040
   4.2066227509    7.3581743164   -7.5413918480   -1.2092693253   -4.0396570421   -1.2542194109
   3.9593604870    8.4147432768    0.3416861125    0.1782264430    3.3479378081   -2.9736923507
  -8.3529772881   -4.0541351389   -7.2061769573    0.7617683510    0.6648976046   -2.2486880197
  -2.8638887131   -3.8402218897    5.5744572067   -2.4726396359    0.5879581120   -0.4422102775
  -4.8903475161    7.8335433905   -0.8696869448   -2.9695555017   -1.8317482871    0.4106198177
   4.8866508404   -0.9302869441   -1.9745389090   -0.9887378285    0.0266621380    3.3648188264
  -3.9860220570    8.0389055877   -2.0986451134    3.0605029266    1.6141689142   -1.3103716975
  -1.7936080885   -1.3701565274    7.3961659364    1.0307143983   -2.4404367885   -2.9553592211
   8.4609781923    5.7050734240    8.5159989677    1.9391915614    6.0495303467    0.4661732604
  -4.6740860475    8.0545802686    5.7476676452    3.5957380848    2.2684242735   -2.7076916047
  -0.9959894315    7.3003020053   -7.9683769422    0.8157505194    1.2047917023   -3.6866038012
   0.2865772947    7.3205042105    6.2555408158    0.2548533108   -1.1250523522    0.4148447344
  -6.0116328837    4.3882620284    6.3760966909    1.5724227214    2.5758825460    2.2315190612
   4.2527762809   -3.2000719099    2.2262290139    3.8480677915   -4.5875842458    0.7418445159
   5.1269217480    7.8908125771   -5.0704059019    0.3976946654    1.3500313391    1.9729652549
  -1.3083456637   -3.5732826832   -0.2677082584    0.5908517164   -1.0214931413    0.1398098151
   6.5693170669    2.6075862808    0.6857169267   -1.3455516560    1.4768722784    0.0522033505
   3.3386300301    1.9333945427   -2.5394329305    1.2024027789    4.3723157333   -2.3570935726
   2.0938954807   -1.4741890684   -7.2438401647   -1.9908071921   -0.5371503891   -2.4490397809
   3.0320987919    3.0295362594   -4.2176565249    0.7441366347    1.4451273206   -0.2195966259
  -6.1373384522    2.8512896171    5.7981715220   -2.8225065066    1.7044257960    2.1618243050
  -1.9621730709   -6.5864199187   -5.6328402859    0.7892222661    0.7792026527    1.8954959387
   6.6865785690   -0.4669458283    6.0479851496    1.0096413159   -2.8560113447    0.0466548639
  -2.4395110974   -0.4277932771    5.3932354042   -2.1956297208   -4.4538066905   -1.5055606391
  -0.2567617348   -4.9813839125    0.3002717010    2.3437928176    2.3056749502    2.8647125900
  -8.2529294748    6.8764731097   -1.9485306230    2.7771904099    2.3056698405    2.5255243678
  -8.5273457272    4.6248332069   -5.5520642090    3.7338204037   -2.3751308288   -2.9889648031
  -1.1939101649    3.3874389273    0.7292500147    2.6023637553   -1.2492277953    2.9870069020
   3.0648096046    7.3566226301   -5.3989753785    1.6822078819    0.0021870630    1.3943376769
   3.7748973274    4.5414681202    0.3860036919   -3.5342745167   -2.2411444013    1.1046059117
   4.4593269251    2.7760685020   -6.7026242152   -1.2164237606   -2.7416435890    4.2384707232
   1.5637350922   -7.3804560152   -1.8300506736   -0.4516865618    0.4622701136   -1.4467965956
   4.4048187406   -6.0041955271   -2.1944961336    4.3795659539   -0.1629959658   -0.8170855689
  -3.5063920693    1.4149445365   -4.8747109466    1.4682015367   -2.5342948859    3.4794461791
   0.1489368968   -1.3424140861    6.4370462098   -1.2391575913    0.4398127030    1.0288120164
   3.7805041411   -7.1959006648   -4.0037761079    3.2665097006    1.4542460004    0.3103996260
  -0.7263033104   -6.6040592944   -5.1923380223   -0.3642425669   -1.8311455157   -2.2127827356
   5.6779279715    1.1786286296    3.4668703396   -6.2491856545   -0.2826701422    0.2344644793
   6.9711550024   -6.4677868364   -6.4417444881   -0.3958305500    2.3888512913   -1.8895743927
   4.7112923659   -5.6656343076    0.2971155178   -0.5782291420    1.9136532126   -4.9793912488
   8.2841000407   -1.2394222220   -7.4035041994    0.6057963935   -2.1991540090    2.0716533230
  -7.2285283462   -2.9955736901    4.7188083714   -1.6161277711    0.0470048752    0.2597908829
   7.7874714570   -0.0843050058    8.2352758741    1.1172581636   -1.5007661018    1.6294567131
  -0.2836961532   -4.3731211285   -0.7410145765    5.6365557404    0.6435815387    1.4765752815
   6.4671181941   -0.1007191993   -7.4341447889    2.1382995035    0.0194475549    2.7396096288
   7.2381102440   -4.0520909923    5.2395360281    1.8943040013    3.7251301498    0.2905908820
   8.3277595244   -5.0321857426   -7.6376251678   -2.6489349350    0.2394787106    3.5235461661
   7.3318483953   -3.4929460361   -5.2827986817    2.8844538944    1.2118622000    2.0686261280
  -0.3116621319    6.9242327285    7.8957592679    0.3507517388    3.9444974495   -0.8971966074
  -7.0878242955    4.4119365731   -3.2493930964   -0.1587150624    2.9562280239    1.0811979039
  -2.1837402448   -4.1207773618    6.3188864229   -4.0557854559   -1.8296076691   -6.1924009499
  -4.3402135461   -5.3445274120   -4.0479709545   -2.2028347795   -0.4151136568   -0.5311605183
   1.8765474629    0.8299204599   -7.2027138139    5.3730166909   -1.5390672435    0.7918526052
   5.6684815314    0.2973342851   -5.2946230335   -0.7169546995   -2.1945709481   -2.0714339129
   3.5093422668    1.8066293903    1.0468978541   -5.0134597536   -0.7276565274    1.5031365027
   8.1974268651    4.4892050290   -1.0211182270    0.2982516827   -1.8512815402    2.7624268814
  -2.0271288092   -1.7299650922    3.3834385815   -1.7985973247    1.0481223269   -0.9605675411
  -1.5219154561    3.6979911207   -0.1541788802    2.7338629333   -1.0793929763   -5.4098876641
   6.2271977881    2.3333100745   -7.3387434504    1.9318356955    1.8919609802    0.6715503826
  -0.5738342309    1.1480195995    5.5404703719   -2.9933716474   -3.7922048993    3.9228420288
  -5.1282574304    6.6677516716    2.5677119078    0.8871163985   -2.9284876521    2.2029718222
  -3.2767916244   -3.4300228828   -8.2639918336   -1.8985631154    1.2389632160    0.1082848873
   8.4150284550   -2.5878412456    7.7780678073    3.6418665819    1.8355650219    3.8213905322
  -2.5159740581   -1.3643732322   -6.3481443053    0.3073469836   -1.2202892293    3.8584749711
   1.5262949062    3.7282414144    1.2678406156   -2.1127607481   -0.2647175987    2.3319913556
   3.0255005075   -3.1179805393   -5.2857488571   -2.7633795084    0.8884059801   -1.0949999602
  -7.9624726981   -4.8878149934    4.7379771986   -0.1079560883   -1.0701399563    0.0063965549
   2.3006138135    6.9116974388   -4.5219947992   -1.3944727416   -0.9989741909   -0.4912031681
  -2.2492432428   -0.7221116769    3.0752799228   -3.8619393617    0.8227792768    1.1955443856
  -2.2293060829   -1.6508820229   -3.3338401264   -3.9055115932    3.9437980620    2.7952780511
   4.4428940824   -6.3752665105    2.3604934143   -1.1789356416    0.7114734825   -2.4503650284
   0.1120982227   -1.0779088888    7.3224131101   -1.7251402206   -1.3042295427   -4.6780614658
  -5.2398466195    3.0109232841   -1.2815087657   -0.3575276404   -4.3267713361   -1.5176862869
  -1.5912611383    5.2041847164    5.9598415435    2.3015487581    0.4892877266   -3.3426879870
  -1.4341679252    7.7498676642    7.8183884518   -2.6441889852   -3.7109034850   -1.5457801981
  -2.6893447448    5.6951275112    6.6963685986    0.1611178397    1.6059309742   -1.0206698703
   3.8832935874    5.9775571778    2.1530743996    0.5724568475    2.4862558912    0.8292839493
   2.8960537385    6.3392989785   -6.1403746985   -0.3006442150   -3.0642192140    1.1505340965
   1.6435063888    1.8714903666   -1.4888324056   -0.0142062209   -3.8529706287    0.5453513580
   6.2652391760    1.2284750505    7.6196317231    2.4937255882    1.6610170168   -0.8033640829
   2.1571621188   -7.5510597556    8.3956458331   -1.3558530921   -0.8881050858   -1.4211671724
   0.0516514735   -5.4931143236   -4.8396337326    2.9788561289    2.6484753599    1.0723341284
  -4.5128994747    1.1325528041    4.0451915808    3.8940962573   -0.7771526280    1.6951100872
  -1.8272903600    1.6852016072    8.4442707717   -3.6441155493   -1.0615109782    0.3664459673
  -1.0500411093    3.0291077869   -0.9572283810    1.1199814961    2.8910483919    4.5242310950
   0.1919139617   -6.9033664279   -5.8888805503   -2.7751307758    1.5114239843    0.3792613274
  -7.3328041440    2.6755161825   -1.3762600108   -3.7558141214    2.8329719575    0.7214151987
   4.9365251487   -5.2395659808    2.5496081215    1.3512994446   -0.6323305366   -0.9729528377
  -6.9939456566    3.4092609261    4.0280720380   -5.2499882254   -5.5607885859    1.8266610190
  -0.1260506477    3.7606822665   -2.6492435766    0.1121517096    2.0492549795   -1.7031163485
   7.3214828008    6.6271348861    6.6304254876    2.9921702670   -2.9264896077    4.9160950188
  -5.8064401538    4.9991183691    7.6066910853   -4.4088382250    0.3225857121   -2.3557378117
   5.6004068201   -6.1115564470    0.5544569594    2.3331331098   -0.9759765439   -1.0588154929
  -5.6585177028   -2.1188897686   -1.1349329555   -3.1210544576    0.1203214759    0.0158841762
  -2.2962380151   -7.4659599860   -2.8098974174    3.6910614622    2.2734891953   -0.6172804633
   3.5834978795    2.4208310631   -7.8832761926   -1.0548132031    1.5908292298    0.6840417305
   4.0779080828   -3.5291262334   -2.2795453906    0.8037297196   -3.7219831566    1.2347681044
  -4.9409675607   -0.1618180326    3.8950511480   -0.0010869878    0.0962171925    4.4291401584
   7.3488582675    4.5128137899    1.5226606414    2.1503817334    0.2793128729    0.6898309380
   0.7806248644   -5.5760553683    3.6209809438   -3.3529511602   -0.5961630169    0.2405402866
  -4.1666827975    3.2211897552    1.3116735733    0.8630907043    0.6379830123    1.3185834661
   7.1090143025    4.3935111283   -5.7077188578    0.6744547331   -2.8705759102   -0.6907123317
   4.0200027794    5.5918859184    8.5000169244    0.7572216152   -0.2034984246   -4.3237756865
  -5.9851581790    2.3508202575   -5.7392467492   -0.9605630746    5.7848596825    0.4399111935
   3.6214450543    8.2483005520   -2.2326522905    1.1152695482   -0.0388725062   -0.3299695122
  -0.9316078984   -3.2971803798    4.9319830357   -1.8858794777   -1.3172487103    1.3890965640
  -0.1939331970   -3.2248091264    1.8453989052    0.9993799008   -2.4864295069   -1.8549014905
  -0.6529732690   -7.8920229782   -2.3868057474   -3.1119987866    0.9944204758   -0.9427372427
   7.9899786085    8.2124631725   -7.5555391922    2.9218487053    1.4684427956   -1.7985669584
  -8.2886387828    1.3803070579   -8.0094520099   -0.5504736183   -1.6322976602    2.0925425585
   3.6028370798    7.3578660277   -6.2283669956    1.2792432139    1.3509480308    0.5710082691
  -0.8736459896    6.8035124240   -7.0488315108   -0.2100842333   -2.6732593667   -0.8373865567
  -0.1161707177   -6.1555075267    1.6761599931    0.5366283514   -1.8418717279    0.2559907400
  -8.2076636972   -3.6836592251   -3.9921093299   -2.7085173235    1.3636473293   -1.5086367406
   7.0520743285    2.9640391233   -3.0091249314   -0.1213494652    3.0638563954   -1.9030798488
  -6.8296324589   -7.3774552338   -4.0729237124   -1.4213173434   -2.4784482281    0.8226516586
  -5.3627463190   -5.7431743155    2.4584234964   -0.4744115463   -0.2122854012   -1.9655436236
   4.7932459928    3.7262718747   -5.0500870505    0.3621363237    0.2175215071    0.1472958464
  -3.7195839089   -5.6265567642    3.4820228167   -1.9694492347    0.9020927891   -2.2853489862
  -7.3324696350   -5.1864705366    3.8632765149   -0.3011170627    2.3459348509   -2.4701735156
  -1.9626724733    4.3205961886    5.0196947815   -5.1052158612   -2.5266397434   -0.5407668316
  -6.1059823978    4.0231885062   -1.9128903549    1.0818685542   -1.7534159064   -3.3592456414
  -5.3775860155    0.8576075743   -4.8277134846   -0.4929407147   -2.4054141908   -4.4150769745
   6.0779068127   -2.0358535233   -6.0742935550   -1.6680381412    1.1204315471   -1.8378107968
   1.1009474175   -7.9012787748    6.5552298300    0.2193459560    0.8634112289    1.2885902457
   2.4486287586    2.4829572591    2.3037820374   -0.1472324123   -0.2412434490    3.9465848071
   7.6983926637   -5.6360599805    7.0380844206    0.6103598664   -2.8405475746    2.1174591836
  -4.2200895497    3.8127877590   -1.9263025922    0.4244089048    0.3036553244    1.2535959550
  -7.2067144786    7.1092760903   -6.2164804114    1.3893845691   -0.5089909477    3.7855650870
   8.2998912798    2.1128451223    8.0931705906    1.5127654836   -3.4253778464   -0.6781319099
   2.6628641353    6.1768802971   -0.1050489593    4.3486080642   -1.8574168436   -2.7013995109
  -4.2619314056    8.5345204357    8.1254076708   -0.8863714369   -1.2945874523   -0.1349479844
   7.0100887315   -7.1484804661   -7.2426250877   -5.0392959190   -0.4375228646    0.1535518203
   0.8088009495   -1.2956730156    2.2323683151    2.5710437083   -1.7962664276    0.1439790113
  -3.3796202785   -2.3811253505   -1.0783784291   -1.3227540254    1.2068023350    0.1249538135
  -0.2314280017    0.7091778219   -0.8497536425    0.1732435498    4.4855736109    1.8237054282
  -7.6442710442    3.2952716020    4.9587971500    1.6283059676    2.1151267978   -0.6644771724
   0.2352055418    1.2062840907   -3.3340771772   -0.4335917561   -1.5779669413    0.7712185287
  -6.8566792159   -7.3820280196   -0.7430488388   -1.8782405111   -5.0440092447    1.6937217298
   7.5051297589    4.1350521894   -2.9210536497    1.6933696121    5.4218543135   -2.7043321539
  -2.1781922670   -2.3026104847   -5.9866851992    0.4950389148    0.8650901345   -0.7384709584
  -1.1591378612    3.3330980460   -3.0468848595   -0.1287091132    0.3064440764    1.9919010980
   7.9923284321   -7.8160404258    2.8166258256   -0.8665225175    2.9077870430   -1.0170256961
  -1.9556795181   -5.3047654555    3.5877759438   -0.1380317855   -1.1293827025   -0.6687839078
  -1.9541999261    6.2784736153   -0.9553652677    6.2237503255    0.6670230879   -3.2692019081
  -8.0657044509   -0.2580910958   -5.1579939613    0.0916797124    2.7583408365    1.5983783972
   1.9329354209    3.9689618423   -4.6327743866    0.7882596802   -0.8231852205   -2.4951920026
  -3.3023223768    1.8647402106    0.7307337362    1.7006227511   -0.0435853755    0.3166808255
  -7.0511176844    6.2608070095    7.4451983211    4.6568603722   -3.3097976808    3.8072447404
   7.5131042752   -2.5017622381    1.0950993160   -4.2388933718    0.6550396253   -0.1708266088
   3.0371113156   -1.5102192457   -6.4163182170   -1.3962013394    0.5654377059   -1.5830141563
   5.3120763565   -3.8967832385    3.6787235270   -0.1784498806   -1.5347643914   -3.2149342274
   5.2215865400   -3.2876006095   -8.3964718577    3.1797822118    1.7484146000    3.0371528208
  -4.9339501445   -2.6674707388   -4.5630405715   -2.5064922166   -0.1954218263    1.6291460520
   4.1579425222    3.7023215184    6.1700909818    0.3902076682   -3.5626068420    0.3599662593
   6.1916417423    6.7880202946   -7.9569441621   -4.6062650720   -0.4338870651   -1.1190429431
  -0.9295625994   -4.3230652523    6.0385315443   -2.0018171172   -4.6576390969   -1.8674636953
   2.8805481101   -8.2193723659   -1.5273074306    1.5616691905   -2.1753968537    1.6715631118
   1.1386343304   -3.8489114379    2.4163350321   -0.4026229770    0.0734572710    1.1758585413
   7.7347322475    6.8664214551    1.5866765245   -1.6434657082    2.6333546392    1.4833348222
   1.3529651756   -1.1955986592    6.3180133911   -3.0558907982   -0.6441028623    3.6622199776
   6.7965439716    7.8946133473   -0.1773393364   -2.9577908269    1.8279478287    0.8359224376
  -2.3880728103   -0.4356398332    1.9397353282    0.2363875546   -2.1625413547   -3.4557038886
   5.8120455017   -6.6595420966    4.4090626380   -2.5599970094    5.1651557083   -1.5074537592
   3.9666910256   -1.5305813215   -5.5079450979    0.3888225436    0.6102009349   -1.7185425594
   0.8593092915   -2.2886680907    3.3492516389   -0.9946604157   -4.1728501032   -0.4733940294
  -7.2021049863    0.7789811177   -0.1933469996   -2.2957504313   -0.5927018048    4.4984736516
  -2.5774972955    1.0050982021   -3.0826271618   -1.5997070036    2.0274203333   -0.2617318416
  -5.0650403785   -7.4054087782   -3.0491076221    0.3182003124    2.4355121589   -3.7948415941
  -6.1550250894   -0.6866919420   -2.6786824333    2.1460517322    2.1902785099    3.8353395708
   4.7342073031    3.8526505565    8.2051517089    1.2503810402    1.0866221187    1.5324727849
   6.8407945161    0.0923697279   -8.3055833681    2.8788596166    1.6812471843   -0.5822115357
   5.9396219238    7.1334803712   -5.2286032540    3.1376581826    0.4983416610    0.8204738246
  -8.2571351298   -1.9121751969    8.4908654458    3.2434956223   -2.9231655727    0.6578075784
   1.6975729626    1.2146582493    2.9544967745    1.3050141597   -0.7685766404   -5.4401637231
   2.6346093949   -2.7040280054    1.0278857048   -2.2116369922    3.9439897171   -0.1829426728
   1.2931647689   -3.8374427461   -6.7757919190    0.4292369930   -0.9611583526    2.2320594872
  -7.9128516158    2.6773500086    2.7265247034   -3.9752792634    1.9737412436    1.5759343949
  -8.2611047583    4.3779343688   -4.5004774408   -0.9811696108   -0.9819874081    1.4086973226
  -0.0778852946    3.1476836004   -4.0973592481   -1.1351791801   -0.8949937094   -0.2235996402
   6.7222617650    2.5043115624   -0.2511671145   -1.1491909183   -0.7943407125   -1.1206763642
  -2.1839956718   -1.4988050122   -2.1497077652    1.7456345872    0.7795010701   -1.6062948560
  -3.3236176838    1.3493625879   -1.8857064383   -0.1640409013   -0.2729244804    3.0675500545
  -1.6362765626   -8.0314851885    3.2917016884   -2.6693423156   -0.8474633675    3.9288854865
  -8.4317343608    6.1898461252   -7.0911618182   -0.4013032021    0.8884320838    2.6917834726
   4.4531399785    8.3049679908   -3.6867283584   -3.7388013236    3.1646429104    1.5415901591
  -7.8048148787   -3.3082635566   -7.3184800054   -0.3915041371   -0.7220467454   -2.2458103607
   6.5981749465    7.6737060840   -6.5069511525    2.7417294407    0.5555072112   -3.3313862538
  -0.8110834662   -8.0282538551   -7.7008172679    5.2123059010   -0.9066562086    2.7640834081
   3.0042912356    0.5162642647   -7.6214974802    1.6209923989    1.9106031412   -3.9487964297
   5.3315581088    4.3007701188   -1.2264390032    1.9733957351    0.2020879957   -1.8354551255
  -6.6487392429    7.0997112615    8.1046209845    1.4088676376   -0.9872054535    3.8561805829
   8.3767531772    1.3735542709    7.2616231306    1.0999835872    2.0485192758    1.2685937729
   6.7324000790    3.7462178417    7.2324631654    0.2121675938   -3.2001074236   -2.0640969444
  -4.6639884332    0.0674848269    7.5184052731   -0.7996205701    2.0769932742    4.5603949301
  -7.3361130500   -0.8248534491   -4.2132557329   -1.1404241401    0.7614427176    0.6693581007
  -7.5308762788   -3.2525971409   -2.6565740811   -0.4101513994   -0.1475157665    1.2457033418
   2.7139508343   -4.6430355587    6.8307456573   -0.6359297641   -0.5149625801   -0.0618755186
  -5.1117799251   -2.1063273442   -7.9175283467    0.5976037801   -2.6154016384    3.6772556226
  -1.5394422962    6.3475251946   -6.4323857618   -0.9266883490    3.8671197240   -2.3928451343
  -1.8353276856   -5.9703297176    8.4542624847    0.2076304761    2.1425191175    1.4607037711
   3.7683805011   -3.1393835965    4.4109415035   -0.4322853732    2.3040169166   -0.4725783957
  -1.7833200953   -7.7258820349    5.1380369321   -0.6059640569   -0.6522535099    0.0748439738
  -5.6497443168   -0.8710679486    4.4186590963   -2.8117423307    1.3801486642    0.7601139077
  -0.1358076315    6.7711031991   -4.3505596076   -0.2660036913    2.4872430213   -0.0071391776
   6.1363921074   -5.3935160608    8.4535509458   -0.0852110792    1.5688261358    1.8243058136
   3.8373044201    2.2805632772    5.4544484469    2.3472435019   -0.4505571288   -4.3030863416
  -1.9465116703   -0.3215605278   -1.6501739619    4.6080969228    2.6001520963   -2.0239199217
  -5.2023325159    6.0424162725   -4.8486456659   -1.0919292344    4.2110385511   -3.2080132304
  -2.5811273002   -1.8531881153   -4.3050530601   -1.9030100961   -0.6794166278   -4.8751812086
  -8.1740574349   -4.3334556783   -1.4326524347   -1.6455211474   -2.5813210660   -2.5483292746
   2.6611099690    5.4208736248   -1.1334047691    0.0273786596    1.7587675729   -1.2163284265
   7.3876282327   -5.4974615040    3.2662763026    0.7199173500    1.2400821109   -0.1866162316
  -3.5125585297   -5.5819649192   -7.6268744345   -2.0636242476   -3.4332193896   -1.3628921726
   4.7541053947    1.3267537416    1.9368032668    2.6811621208    3.5173040970   -0.1783131325
  -3.5553018078    8.4028745641   -3.8362679741    2.7879685034   -1.1526291025   -2.1502488436
   8.4461511281   -1.7281814709    3.8363530447    3.0890256007   -1.4339449986    0.7116016326
  -8.2644471277   -5.7956099012    3.4934948399   -0.3535478951   -3.1056254526   -4.9040455142
   1.8478344177    3.1714053527   -3.5111469152   -0.9436259107   -4.4713438011   -4.9150141197
  -3.1405303550   -1.5851449740   -3.0793206948   -0.1894702067    0.0136822892    2.4692403297
   5.8852881964   -0.9641884670    6.5828442615    1.9733464578    2.4989266195    2.6621058841
   0.2610247996   -3.9258052263    7.9580532109    1.9569542158    1.0184325650   -0.8449734858
  -4.1018292553    7.1473441686    3.5987404370   -1.5235731015   -0.1183768057    2.4287038018
  -1.9889977399    0.0838624686   -5.4587355909   -3.5844470570    2.5420814772   -2.3347394343
   2.0654400760   -8.5210532105   -1.8170862940    1.4217326687   -0.7085639015   -1.0156174328
  -7.2637277788   -5.1015949551   -8.0356141579    1.9212539759   -0.5465130906   -2.6073198902
  -0.3654524685    7.1975891661    0.9664732122   -0.6512887600   -2.8298418997   -0.7351704504
  -6.5881478732    5.3035506346    1.2827425245    1.1586986304    0.7820693984   -2.5486057232
  -2.6074619043   -4.3200777560    7.9799506071   -2.3671247636   -1.5675292587    2.7963253116
  -0.2204420065    3.9103295499    0.3381454702    0.8383781993   -3.0115297637   -1.7438495850
  -4.9165405047    3.2679574071   -4.0003093911    0.1483148975   -0.7552260649   -0.3206873349
  -6.1671187181    0.3190154595    3.9303344236   -0.2852944761    3.2495089473   -1.0125048753
   7.5428629193   -0.2978407446   -1.8409982702   -0.5573937820   -2.0008924763   -2.0580339327
   6.6671376350   -6.8324668309    3.8166137058   -0.4614262219   -1.4181681380    5.6595448371
   7.7220787548    6.4872283711    3.2862999322    5.5040899227   -0.4540364325    2.9713338883
  -6.7693280193   -2.5163985734   -6.4567796428    3.5885412931    3.7180997613    3.1309130977
   3.8312187492    5.9624395781   -7.5838132137   -2.4238030657   -3.1212815347   -0.6449692072
   3.9445321301    4.8889249297   -1.9146662394   -0.0578938714   -0.2147931963    0.3704185855
   6.3098359129   -6.1555841031   -5.8162837776    1.9186524434    1.3372993042   -0.8889414045
   4.5183127586    8.2545966923    3.6379237898    1.1663179644    0.5607055787   -1.7794758304
  -1.8636579418    6.3691646022   -8.0705985633    0.2002357290    0.3786590965   -0.3105098627
   5.5036032903   -6.2542052286    5.6220239723   -1.2828009202    3.6797825219    0.3978933751
  -6.4803402441   -6.2301034293    5.8775173522   -0.0609009531    2.3048226234    1.7285636852
   1.7152092476   -1.7198364016    7.1777789633   -0.1180751668   -1.1367787664   -0.1763342654
   2.1308671886   -5.5404651850    1.2696867626   -2.1961053820    0.6245582331    1.3686520078
   2.6117380965   -4.3192809043   -7.9255048328   -0.0968169957   -0.5060275482   -3.9356452852
  -5.8649833908    1.5788062539   -2.5113404001   -1.8319509503   -3.7269349853    0.5800375451
   2.7425307330   -5.3628783280   -7.8744161148    3.0428977561   -0.1476041161   -0.7284375875
  -3.8568288345   -2.3878168655    8.2775393430   -1.6375346467   -1.9561464264   -1.1948609063
   4.5419051872    6.3810199404   -8.3177138435   -2.0255347376    2.5073640614    3.8989410428
   5.8345535149    0.4816071415    8.0650639028   -1.9828294149    2.0463465211    0.5075758111
  -7.7640680035    6.2790328275   -2.8092402213   -0.3337351731   -0.0627225776    0.1223573784
  -5.7141099604    8.0823250877   -5.5371861503    4.0583559409   -2.9088607559   -3.7162629695
   8.2067166884   -1.6770270598    0.6290569203    3.0387511822    1.5109640523   -2.6919834390
  -7.6763469397   -5.3709577397   -4.3009263649    4.3315877441   -3.4140717963    1.9033937650
  -5.4168153584   -0.2573860909   -7.3334925701    0.2474554684   -2.7739072008    3.3694358135
   3.0288755583    3.7986839087    0.8480565509   -1.1814585169    2.4229897818   -0.8422588532
   3.7787232457   -1.0658387198   -7.2792030916    4.0172207088    2.2703148131   -1.2107325992
   1.5917532185    2.9313990446    5.0001081202   -0.4898168603    0.8207827062   -3.2638681922
   4.0030980525    1.1507177461   -4.0877225940    1.6837949094    0.4444306356    4.1239635359
   5.0726763872    3.4244245659    0.4470217282    0.2987433278   -1.2031517570    0.7414735495
  -2.3286398332   -5.4593416621   -0.9272755049   -2.1221813534   -0.5859127379    2.4257441584
   3.0382604228    5.7014079185    1.2349247532   -0.0302679666    0.4849502386    2.3726482355
  -5.2958701044    5.6230114741   -5.7286792549    2.5028370033    0.2119287513    5.7537887222
  -1.4122914124   -7.2711729396   -4.9683346894   -1.1228505032    3.4641688398   -0.6883141142
  -4.3148378785    0.8673436441    8.1230088303   -3.9154166135    0.0091888801    2.1647899625
  -8.1167451110   -4.0810192104    6.3586779521   -4.9594577984   -4.2212031886   -0.1500443812
   7.5956479167   -7.7582354712   -6.7130719891   -0.8116946337    2.1089849906   -2.0283957810
  -6.9803113306    1.0508501855   -2.5485799891    1.3936798033    0.8187219898   -0.3755056358
   0.3108089580   -1.5278975979   -0.3779474608    0.8176626246    2.5194181256    4.3531368404
   7.8498872665   -5.9943060580   -1.4123542451    2.1510200821   -2.0594568195    1.0542188242
   3.8579723344   -7.8892342374   -2.8698155687   -0.0690829669   -0.1036819410    2.5818001108
  -5.0859492025    6.5358494085    0.1581803216    2.3483188055   -1.4792948792   -3.4038182879
   1.4226649874   -6.6300878979   -2.7029541729    1.5844073646    2.4456128635    0.8491411906
   6.9754988201    6.7802657754    5.5897826119   -0.6534238378   -0.4730570519    0.6033865348
  -0.1476726055    2.6792169994    6.8725516804   -0.2474447540   -1.3827288977   -2.3511769208
  -6.8465656717    6.2853169111    2.3996542918    2.3887056582    1.4419863680   -0.7285851615
   5.1515127196    2.2565490960   -7.8311802126   -2.4534475183   -2.6673627838   -0.2991553195
  -0.0835308639   -1.2179658503   -1.2621977622   -4.6694930423    0.3842981575   -0.1597674871
   4.6536194196   -5.5246491773   -4.8641873574   -0.5127010908    1.2216882384   -2.2071280597
  -7.1723046846    7.2060948113    6.2286141369    0.1162417836   -0.7403160844   -2.0744737992
  -2.2351336322   -8.5239711729    5.1197939207    4.6003178281   -0.7775931493   -0.7184780137
  -1.3688789687    1.3727609276   -2.9472765989   -0.4258956262    1.7140306993   -1.9473515560
  -6.8991048763    2.0966982751   -3.8940821663    1.4865624303    0.4076334383   -0.9552335434
  -2.0533990248    2.1744333700    3.9771091185    1.2691910039   -1.7112933326   -1.1008053533
   8.2973842810   -8.5305579178    4.0525914578    2.1374675771    0.4517574610    1.9704772701
   5.7579781380   -7.0967212923   -5.0689237740   -0.5687777862    0.9666353976    0.0918919772
   6.4197887219    3.1603958129   -3.9054888073    1.8860527140   -0.0670644524    2.2580580981
   7.9132741585   -2.0187765845   -0.7380510916   -2.2349408088    1.5709069448   -2.0807557706
  -4.7326228496   -8.3211214644    6.4052690139    2.9657944921   -2.0081432220    2.7507292147
  -4.7983603965   -1.0310562883    2.1351472689   -0.1289332625    3.5121047110   -2.6612682933
  -7.7347762473   -1.2084062317    5.9907088389   -3.4615147238    0.7272466368    1.3829166212
   7.6960079164   -8.4517816635   -5.9365635763    0.4822238857    2.7572522605   -0.1778590358
   0.3568811422    6.1161115965    4.4357929946    0.2244111121    2.1796565706    1.8914821036
  -2.4898952431    5.7033838214   -8.4523989440   -2.0401372363   -2.7859767391    1.1797677612
   4.2399723654   -0.6747357538   -8.4135743010    1.9041473458   -1.1992402993   -1.2887907196
  -7.2933572838    7.7283709871    1.8292947616    2.2076733019    0.2547571166    0.9742264820
   7.9942729945   -6.8583678954   -6.0131443945   -1.0585594261   -1.9349848957   -2.8519850598
  -3.1608141266    2.9627097800    8.5289109869    0.3848472866    4.6921507343   -2.7382167529
  -7.2691643095    3.0121357887    5.9556954006    1.2089625819   -1.9094779340    0.5994366192
  -2.9898699630   -0.4823293545   -1.9735674678   -2.7718376350    1.8283325770    0.0318286400
   1.6204635120    4.8915262205   -5.3354877008    0.3964188238    2.2625751709    1.1133518480
  -2.1570685212   -5.1766496297   -2.5155630837   -3.0455474895    4.3040506758    1.7096528489
   4.3772814030   -7.5057210424   -8.1818785925   -2.9142101329   -1.0453087662   -0.7465584466
  -4.1307572109    2.7740551610   -7.8031740598   -2.2489746682    2.2603419093    1.1965066190
   5.7845068872   -1.8728741142    8.2697368266    2.3818452535   -1.0100306852   -1.0654468870
   7.4052224112   -1.4546394407   -0.0614363781   -0.0536946554   -0.5533499498   -4.7302226431
   7.3174734771   -5.2036807765   -7.7279565503    1.4905911717   -1.1374272217   -2.1841862879
   6.4161565575   -7.8739408945   -4.3560486036    1.0290403892    0.2524667792   -2.7513485087
   7.9955152393    3.1281953593    2.1882186375   -1.5813440519   -4.0784714640    0.4686146505
   0.8670527744    6.8646420125    2.9066126127   -1.9091278017   -1.8155989284    0.8155529287
  -4.8140541360    7.0770717334   -7.0498921862   -1.0588110009    0.0615878961    0.6156849777
  -4.5614212744    5.7945846294    4.0414149753    2.5842691872    1.3318314528   -1.9589531607
  -3.1475470412   -7.9573798359   -1.8817442292    3.0364904778   -4.6614113495   -3.6687409621
  -3.7067013095    1.0023965159   -0.5474827897    3.5644495252    3.0286819744    0.3387109483
  -3.3504688291    7.9167946254    3.1549081161    1.8597163064   -2.1116232958    1.5470624183
   3.5045926964    3.4653062638    8.1716446063    0.3189588994   -2.7659039844    2.3309819305
   0.2380643190    7.8729957801    3.9620277589   -0.2872195299    1.3531964444    0.4958686414
  -0.9808777138   -4.7171433753   -3.1400589669   -2.8509177905   -1.7615888870    1.0726566925
   7.6156941619    2.5058700958    4.4719086286    1.6113179409    1.9654317522    0.0319287866
  -7.6016968631   -0.1891749076    4.8982067030   -0.7736073318   -0.0040269036   -1.2878625270
   7.1343123564    5.7826090944   -0.2157546183    0.1019806649    4.8310700784   -3.1390346934
   7.7561891155   -2.3312772678   -6.9596493445   -4.7798603762   -2.7378210179   -1.7223784153
   1.4653613043    3.9840364578   -2.1530484626   -1.5355879350    0.3874915277   -2.5350981111
  -4.5663262127    1.5034989532    1.7353191154   -3.4033762108   -1.7184253416    0.8801032839
  -6.1759861627    3.5433012709   -5.4100457402   -3.1048838154    3.1933630234   -2.1825186957
  -2.8558576917    0.2135222284    4.5272993364   -1.9999571722    2.3956444739    1.3292030552
   4.9350137825    5.2905668662   -4.8019815258   -0.0795888852    0.7375237407   -0.3088657406
  -0.1731267799    1.7198425351   -6.3311155812    0.5793835466   -0.9352150850    1.4506525902
  -5.2501032474   -3.8133843733   -4.1885048833    2.4590637608   -1.9926375348   -2.0926439249
  -3.6881661721   -7.9973148429   -5.8313066639    0.7065925125   -1.0687637732    0.5256515002
  -3.2538627562   -3.0090854345    0.6287061636   -2.7319605762    0.0883193442   -0.1975201213
   2.6892811792    0.4063655749   -0.9628650192   -2.7290161095   -1.7741469428   -0.3767866970
  -3.3561695701   -6.5493642944    5.3022480652   -0.8943118534   -2.3430629372   -1.7059582897
   0.4568514477    5.7362828869    8.1959101050   -1.1847948233    1.7832089164    1.0404053746
  -4.8773415212   -1.3135300229   -3.9020875860   -0.8887668811   -4.8165411266    0.2117457082
  -4.1528007749   -2.8798427863    6.1154138278    0.8764952992    0.6081928231    3.4709522233
   7.8713318638   -8.2988091859    6.5131573714    0.3988552235    1.3793275056    2.7833537656
   0.6016144001    2.1570090462    1.1596852563   -0.2630864874    0.3377361235   -2.7336192219
   5.4128746351   -7.2350463708    5.8233243475   -0.7813323820    0.8715528632    1.5498476385
   1.9812504503   -3.2669158051   -7.3984817002   -3.1638873812   -0.1074850443   -0.9470025214
  -4.9857157098   -5.0497703416    6.9997930603    1.2272393726    2.0842691927    1.1030653235
   1.9950283689   -1.5962550461   -0.5333019013   -1.9860043250    1.7112188235    1.5510116043
   6.5298179683    1.7730851554   -2.6274414756   -3.4475657813   -0.7830849301   -0.4594868238
   4.4212727479   -1.3446740533   -3.2744392921   -2.9174913813    0.3695448469   -2.0049864622
   5.0282451195   -0.0914881562    0.2789961703   -3.2697287248   -0.2640592884   -0.5759048963
  -5.2960594209   -5.4296773277   -5.3191414221    1.8338323005    2.4289893305    0.5844219976
  -6.0884678818    3.1042188429    4.0168917065    0.6822857673    4.7792909526   -0.9239916363
  -1.6328185328   -1.4840081912   -8.3372052170   -0.6770182773    0.8065373967   -0.6431414124
  -5.1431058345    4.6383406786    4.6636828002    3.9352803856    2.9485374589   -1.5518421974
   2.7297988805   -2.9543452234    2.3012831917   -0.9485195323    0.8099377705   -2.1127529353
  -2.4742143967   -4.6279605801    0.9022990558   -0.9064443691    2.6323816480   -7.2007831206
   0.0542769747    6.4527859075    3.5845695273    2.2859613693    1.3650346916   -0.7105026209
  -8.0539390263    3.0697957890    6.5632878974    1.3387455100   -3.4616155468   -0.8701902019
  -5.9664850578    1.6367949591   -6.3112969621   -0.4842361020   -3.2736500389   -1.0389658152
  -3.4914938280    6.4122387391    6.1194320476    1.5230250663   -1.2168197408    3.8361333895
  -0.8213621363    7.5695613912   -4.5646376954   -4.0117778758    0.8085027076    2.3858717501
   0.1978325442   -7.7768563011   -0.0172725334   -3.0352082958    3.5585901848    0.5132987206
   5.2109390088   -3.0162534697    1.2228106679    0.1926997119    0.9557326882    0.5040908509
  -5.2333081662    0.9975303105    0.9915809528   -6.1425550940    0.1111369515   -0.8263262002
  -6.9279881742    7.1502114570   -5.3404623794   -0.1604091217   -4.3932019758    6.1982968577
  -3.6721462659   -7.5867793310    7.7830996121   -1.1469938328    5.1782969476   -1.0513231158
   7.0562330066    4.9263163691   -6.4675264113    0.5604005719    0.3437307513   -1.3268833258
  -1.3318761015    2.0691945707    2.7532521194    5.7027225858   -2.5205723396   -0.4298722201
   0.1949939249   -3.6284103021    3.8236373913   -0.9225020552    2.5228210787    2.5353398215
   1.2656423840    3.8611911021    2.9653389893   -2.0772508134    0.0584735923   -0.9245186084
   6.2071700308   -6.3874184927    2.1692005183   -0.8467095367    2.3399832767    0.6108737764
   0.2552121128    5.2081523252    6.2240035308   -4.3427374943   -0.9222631544   -1.7949886696
   6.4602410182   -2.5788424425   -6.9443061490    0.7770999650   -3.0480298654    1.2704612172
   2.9694051446   -6.8665643535    3.8188884267    5.1153389896    0.2016798602    1.3899288174
  -5.1113022253    5.8712553118   -3.3266673865   -0.9046275631   -0.5327201370    1.3645914020
  -7.0216973970    7.0422113300   -7.9973108812   -2.3040018059   -1.3706559538   -0.3413426218
   6.6377511585    4.1397521774   -0.8609416849   -2.8155338236    1.0912416644    2.6132307717
  -4.6085337926    1.4814982831   -1.7297149452   -2.2852306362    0.5057858483   -4.0957260837
   8.3855124934   -7.4530008112    4.0457467691   -3.4363129937    0.2482144676    0.1715268455
   7.4449972764    5.6906263459   -8.1643949612    0.9025923118   -3.3308531317    4.1503047868
   3.1446415399    0.8405186828    2.1530013130   -0.6310617909    0.6750753895    3.7886400047
  -7.7877221893   -8.0727461559    4.4856098749    0.3230964183   -1.1541018297   -4.0382951159
  -7.5264893332   -4.4894105045   -3.5324894378    1.0969686197    2.1290171230    0.2587074599
  -6.5404354198   -4.0671808707    0.3528052319   -0.2344192704    1.0848851788   -0.2180079738
  -6.3069455139   -2.3792131308   -1.9109278407    0.9507208826    0.1105757752   -4.1491982059
   2.4404341786   -0.4995725359    1.0920473080    4.7833832422   -5.3796566419    1.8502522077
   6.6346984900    5.4788478282    2.0558698292   -4.0925383647   -2.4056063908    1.9058478954
  -5.9011023954   -5.1275536623   -3.0759025468   -0.9846876250   -2.3163041633    2.3559688782
   7.9528054672    6.1618075292    0.5194691809    1.7311705851    4.1250706625    2.2548807470
   3.6307374937   -4.2445152594    2.6448891147    0.7231015766   -1.2054967397    2.3021888713
  -7.4046107870    7.1410090668   -2.3442681476   -1.2888335912    1.9960393484   -1.1345498461
  -0.1568227722   -2.2932346447    5.6722136670    4.7236659612   -0.5410801313   -1.0066961065
  -7.8743545073    1.6355309699   -1.8740867070    1.0198740565   -0.4277220114   -3.8144438467
   6.4171583239   -2.5973463941   -0.1779623003   -0.6895549738    4.2174508412    1.3096753443
   5.1202340638   -8.3114892359   -8.2863364972    1.3326064419    0.1108306638    5.2521144595
   5.2575563982    6.3366382507    4.9517494136   -1.7293223969    1.6474541784   -3.8147725798
  -2.8463986644   -6.5415200023   -4.3344016591    3.2938672681   -3.6917923979    3.2589285288
   3.2477601901   -6.6511154221    1.6653926347    2.0741000933   -1.2452447338    0.2079206901
  -5.8994085865    1.9093005449   -7.5467027259    1.7627739854   -2.0010134940    0.9628486960
  -5.8787778461   -1.9031492794    7.7193171102    6.8296006426   -0.7704096639    3.6517173810
  -4.6714213595   -4.4729688825   -6.0805559226    0.0254451653   -2.5030644139    2.6623723642
   1.4831385448    7.8240896273   -1.9248882899   -4.3157536980    2.4091887567    2.8490620867
   3.3528492724   -0.3311315439    0.6341190727   -0.7064775082   -1.5469957221    3.2118099046
   8.1201334889   -3.9199685364   -4.8891357937    4.6975192498   -1.0344808653   -1.2216273419
   5.8087680341   -1.9314211823   -1.2054713200   -2.4770570530   -1.3393053247   -1.0997152256
   7.1111271932   -6.8815596736   -2.1844837482   -0.6668341065   -2.9007547633   -1.7270984373
  -0.9497974711   -4.7486677822   -4.1252980158    1.9302168012    1.5354655371   -1.2174605430
  -7.9755911715    8.4335537942   -7.4731645814    1.9149531863   -0.5343236962   -1.4344966483
  -3.9376953292    0.3727788335    3.0007443570    2.8561489274   -2.4011913883   -0.3828517825
   6.8804434028    3.7951969262    3.4619942833    0.7161870840   -2.4060212072   -3.4907398749
   0.1322977542   -2.2734702209    1.8022078067   -1.2519645529    1.4573703431   -4.6856010342
  -8.5482452581   -1.1750780536    1.8560517484   -0.5820653844   -0.4563077869    3.0630977911
   4.2764691548    5.4149763754   -1.0444101127   -0.7778977232    1.8263242353    2.0843127680
   7.1892107623    0.9825252112    2.5501132725   -0.5857358668    4.1650890164   -0.8054396389
   3.7211557723   -1.9637873907   -2.7410589346    0.1639443322   -1.2112072212   -2.8745124298
  -1.6296103179    7.5433749052    1.3968262384    3.2096774665   -0.7615584087    2.0965071263
   2.5579792124    5.9879076089   -3.9388789596    4.3549842305    2.4643683899   -0.5247948705
   2.3592373535    4.8643206414    3.4659069952    3.0462151051    1.4657219662    1.9979909976
  -1.4970337619   -7.7655916600   -6.3841025193   -2.3673561276   -0.9167945347    1.0765109382
   7.0809306502   -2.1333684798   -4.8659790118    2.6337634474    4.0563345910   -2.8606640979
   7.4883503764    2.8306181661    7.2206461782    4.7374915409    0.6501890435    0.0450813360
  -6.0913961578    6.7186759452    4.7374877867    0.8304695642   -1.6359605563    5.1573290088
   2.2684661085    3.9161616360    5.7891075520   -3.6889754679   -1.7406615450    3.5729788751
   2.5365643170    8.1902651796   -7.1921036427   -3.4800716400   -2.1751436501   -0.1224228296
  -6.0977186115   -7.9235747043    2.4936595693   -1.4580141683    0.2993022981   -0.6824589794
   7.0599755439   -3.0755503493   -2.2863553805    0.7266174299   -0.4621776905    1.8609558237
   7.8006537433    4.5605942859   -7.1282689250    2.1561830804   -0.0461326281    1.9296909372
  -4.3888933604    1.4351443626    0.6399813630    0.4177744875    2.0287140483   -2.3570544576
  -2.7184203958   -5.6845309563   -5.0951923039    1.2460665808   -0.3953488845    0.0537477948
   3.7944566991   -7.6282980223    5.8080257246   -1.7485406604    0.6139678388   -0.0075466571
  -5.9460078912   -2.0911973088    4.1666664896   -0.3747129295   -1.7132872574    0.1650288771
   4.8923497441    3.2605408702    4.3770050880   -0.7086828638   -0.1515954336    4.2957515225
  -6.7045127445    7.5337412507    7.1053151576   -2.8569515472    0.7830838429   -4.2510828119
   5.6450342380    4.4051101284   -6.4468275478   -0.2054860206    2.2043831596   -1.5092165242
   5.7716735705   -5.0229720196    4.4770861354   -0.2055695065    0.5651030747   -5.1169749607
  -6.7546042296   -6.7906348896   -7.6253462835    0.6652676494    2.5123327173    0.4059332121
  -2.7187631512   -0.0039304780    0.5391127242   -1.1811248847    4.6263591573    5.9253224384
  -6.4819672413   -0.2503921042    7.7237690606    6.3191550534   -0.3990073503    0.3828073200
   1.5438718567    1.0908520559    0.7221111663    1.4819267469   -2.2759699883   -1.9361185817
  -5.6715934639   -8.2936651354   -1.7312956140    0.0388890091   -0.1599372509    1.2694701092
  -6.2731973010   -6.9092639895   -2.5583744501    3.4535579887    1.4623383398   -0.2518822127
   2.4050808290    1.1606361254   -1.3874404990    0.2968852353   -2.0579833214   -0.1613587814
   0.6263056833    0.1395087342    3.9684528421   -2.1167950305   -1.7344685315   -1.4050087630
  -3.9587652735    4.2647417146    0.6086007355   -1.6890847709   -2.7504982190    0.3296986195
  -2.5533184865    6.9308474750    6.8850919848    4.7945480705    2.3915993796    1.8690714128
  -0.7534265043   -7.6533223753   -3.5501329216    2.8770278271   -0.5135350470    0.6613610487
   6.5723556783   -5.4414417868   -2.5406313096   -0.8984596335    2.8573883166   -0.2791543767
  -6.5889369368    4.3742597202    8.3186245338    0.6548248647   -4.3302435970    1.5473197661
  -1.7065298534   -7.4620983331   -7.2733577630    1.2398939416   -0.5322329118   -0.7251000213
  -1.9998623952    3.3604846737    3.3761706534    0.6072950872   -0.4842306787    0.8160979364
  -2.9936420832    5.9527540982   -7.4233877005    2.3986666978    1.2552925753   -0.6468103687
  -7.4495732911    3.9835644601   -4.2009982353    0.5165327027    0.2730529293   -0.8092979214
   7.5158645953   -7.5452485965   -3.6136914407    0.1290297710   -3.8925969558    0.5002224059
  -4.5859147940    6.5317438905   -5.7062858415    2.3082732117   -0.1786766624    0.8088059189
   8.4510226358    1.5473771909    1.9295462966    3.7575088994    1.5167390052   -2.6762462592
   7.0809629669    5.4927324244    3.3592371174   -1.6111063184   -0.9110349004    0.5753071719
  -2.7022779053   -0.3300342334   -0.7320802347    0.8719387345    0.7000482509   -3.9309326520
  -2.2572919275   -1.1175886213    4.2805357536    0.5275001682   -3.5627411182    0.7956734412
  -6.0748477667   -0.0786976144   -3.6157619977    0.1901162919   -4.9385462420   -0.2326392777
  -5.7715452520   -6.6719461437   -5.7508222751   -2.4791736051   -4.0177953450   -1.7198185603
   6.3314898700    4.7901860986    0.2665614122    2.5881387318    1.8461838193   -2.7967245909
   2.8168661639    2.0036324827    3.3019516078   -4.2654989338   -3.9337015585    2.3910353633
  -5.5071309892    2.2083242647    5.4303732471    0.2192821964   -3.7765753709    2.2824923150
   1.8102846233   -0.2245905777   -8.3953101600    0.2690960184    2.4768685084   -0.7199168536
   5.1794699291   -4.7077204773    0.5068309752    0.8397116741   -2.9340380624    0.7267376799
  -3.0096580939   -7.9095183441    0.3646741220    0.7504676215   -3.3166553182   -4.9809880827
  -3.1895445095   -2.5820645681    2.5507416033   -1.7050494304   -1.8891615850    1.8515952195
   6.4079150084    5.9786275823    7.1820051957   -0.1881040470    0.6691968377    0.1474094061
   8.2067868581   -4.4942278354    2.9265557047   -4.1367614222   -1.9264676885    0.8890243763
  -3.7936139703    5.0210083684    0.0425988307   -0.9593301096    3.0292454492   -3.3869066112
  -8.4541420858   -1.2289203732   -3.0400148826    0.2132506641   -0.2377640013    0.6931650471
  -1.0468338141    5.7967531847   -1.2474507927   -2.1500886053   -1.7151621318   -1.9418201296
   6.9985515876    3.5144610968   -7.2417608451   -0.0054084947    0.9236566702   -5.0061565596
   6.6503289517   -4.2621092438    1.0756536344    3.7042673386   -3.4665592865   -0.1618562407
   8.5218778612    6.4726594011    5.7258155028    0.0752552131    5.9810633771    0.2742254072
  -6.4660750463   -5.4022336062   -3.8947220440   -2.9512245424    0.0106431225   -3.2028448440
  -6.1320057405    7.8165067022   -0.8652551827    3.9835282247   -1.2249703133   -2.5256917969
  -1.4089331634    6.4115985168    1.5862428015    0.4150605477    4.8890710381   -3.8448689054
  -6.7985120970   -1.8655034406    3.6874977157   -1.3991148210   -0.9309033845   -0.0078284686
  -5.0131841331    3.4080359511   -6.0107563684    1.2385921632    1.4348090936   -4.1307700489
   1.9667419403    7.1711105258    3.4896660119   -2.8294736723   -0.1046239936   -1.9854926273
   5.1533702037    4.3602972101    4.4578496152   -3.5823116247    2.8147880715    0.5088043719
  -0.4530987842   -2.7997426693    6.8233638196   -0.1266970838   -2.2518621702   -1.6484907596
   4.9726433108    0.9891137614   -7.6345376483   -0.2344354868    1.0555946931    0.2643634416
   7.1386741687   -0.9118411004   -7.5821785267    0.7888183946    1.5297681713    0.9514578034
   4.5010338712    7.0546859547    4.1866469751   -1.8374180405    1.8759758652    0.0036760063
   5.9253888906   -2.5721454308    6.0311760383   -2.9847220648    0.2390360859    0.3823909823
   1.9968507326    2.2886166495   -0.1239809923    1.6490941225    2.4469054306    1.1042265279
  -0.5450655638    1.1621349890    1.0623813545   -2.0240905481    1.1457892675    1.0979264075
  -0.5433028231   -0.3131698419    2.5466388123   -0.8193943543    0.1544039795    2.2229822939
  -0.5223713114   -8.2637690259    0.6275314040   -3.6119838983    0.9562003651    1.6267585474
   6.9988893807    7.0900961814    4.2533316546    3.5611931932   -2.4889658922    2.7908641878
  -6.5966412105    0.9373757702   -4.4724641973    3.4244052500    2.5161697461    2.9213976013
   0.5946266390   -3.6993996385   -1.1537352736    0.8984928351   -1.6595021137    4.3547448621
  -7.0490597973    5.2692893393   -3.9394944136   -1.9102882615    1.1647396755   -2.4135155536
   5.9752391265   -0.0772882695    5.4285536039    1.1055756234   -3.5373688344    2.0393628764
  -5.7301331886   -1.3148394291    1.3926375390   -2.9720936032   -0.5526622115    1.3441781534
   6.5568799289   -5.7450683380   -0.1989924594   -0.6117389942   -1.5968540480   -0.1056315714
   2.3572129767    5.6529271025    4.6950667996    0.0073711101    3.3941148096   -0.0299742356
  -8.3673233124    3.5691216225   -4.9559938223   -3.6514059909   -2.4732736999    1.5616097852
   8.3317640992    2.7944736134    1.3172089695   -3.3615717503   -4.4966222177   -2.0809146612
  -5.7891555867    6.6228270175   -6.5984250648   -2.4357862302   -4.0103408098    1.4892857072
   8.0455517413    2.2995857726    6.0063207261   -2.1184499012    1.4137015265   -1.1346375158
   1.9530694871   -1.8851717380    1.5737916182   -3.8137476682    4.1814222379    2.9512907488
  -1.1806179416   -4.4928919658    1.5517597348    2.6657371375   -0.4854176723    1.9560197394
  -3.8689055491    1.2614368465   -6.0832475480   -0.3722026840   -1.5673137193   -0.1611147906
  -4.8373843027   -0.2223281280   -0.4921171643    3.5571649128   -2.4853745428    1.1496006663
  -4.7027287271    6.8175621967    5.7435786464    2.0475760583    2.7494056967   -0.3518976740
  -7.6813138884    6.6722938664    8.3668155248   -0.7933133759   -0.3293050514    1.1908508190
   5.7829303536   -3.5530872919    6.5609378201    1.2455369167    0.3157734406   -2.8946610208
  -8.0310973478    5.9382123718    5.1087693675   -1.5767002093    0.4765487220    0.7500484430
  -3.0991760256   -5.4001564310    2.6193049291   -0.9356264549    3.0632815497    0.2623265255
  -3.4302942553    6.6248737645    5.2086849714    2.2668019621   -1.7091314202   -2.4652168294
  -5.8936746968   -0.8725017291    3.2213553473   -0.6705639968    3.1018407988    1.9915043559
   8.2944891055    8.4696083626   -4.5745697338   -0.3455648951   -0.9500742345    1.3383049854
   5.9348308900   -0.8469184782   -3.6933094454   -0.0130230187   -0.2214260340   -0.0925202042
  -6.9111331159   -4.0436491834    3.2842079632    1.6158891627   -0.7498436796   -0.7064428370
  -3.8619081942    1.8539389412    8.1826353941    2.8173208867   -3.6452582272   -1.5094691338
  -2.4084638376    7.4461976548   -2.5039795730    3.5570967181   -2.4230089986    3.7183839284
   2.9987878416    4.3126028086   -7.0142023105    5.7285455304    1.2105682267    2.4204694166
   5.2664424505   -0.6514350063    4.0618677093   -4.0450989199    1.4755425699    1.9716691396
  -8.0834805154    4.7223646297    0.7547467592   -2.3303581239   -5.8571844408   -0.1582701209
   7.8506715585    8.3197175522   -2.6786458720   -4.9923642380    4.2963143969    0.1888955705
  -8.2473027049   -4.4129979005   -5.8775716867    0.7027918565    1.6485761857    0.0093940951
  -7.9007963922   -3.0460966745    7.9554105282    1.4236701603    1.5033760545   -3.3904616122
   3.7829374677    0.9653725624    7.1803811542    2.2179095983    1.2120706488   -0.6779609701
  -2.1410349205    7.7441343938   -3.7150504571   -1.4337741627   -2.0237562668   -2.4201432147
  -1.8845024031   -2.5676585344    7.6852426593    4.9998955507   -0.9691358966   -0.6414564770
   0.1426506224    1.4760644585   -5.2641002719    2.3180690762   -2.9925873908   -3.6705929813
   0.7907667985    7.4802971815   -7.1072260578   -2.3296254096   -0.4506422794   -2.6210935735
  -8.0483826896    8.4416197771    2.2693962999    0.2605701808    2.0720840043    0.6557808171
   3.1263666690    2.6929636351    4.3737570881    1.2888247448   -2.9878520467   -0.4580940728
  -5.3111570399   -6.9346050243    7.2312091733   -3.7118230156   -1.4035836785    2.9539506490
  -5.6540918090    1.2253888068    3.2200933301   -7.4341588843   -1.4993591765    1.4217974620
  -2.0553627424    4.7632896206   -2.7665667952    0.0036873434   -0.0292099974   -2.8895693587
  -0.0931684999    6.7164019302   -5.2444244016    1.7278392531   -0.6177392908    1.1169776390
   6.8010922604   -3.4319755940   -6.1882519655    1.3705064018   -0.5413588349    1.4479674441
  -0.8760772452    5.4560480899    3.4205675146    0.6749572502    3.5575608460   -2.0969030250
   0.5557431887    1.7456022796   -8.2897285505    2.8006553005   -2.7707720921    4.4087892885
   7.1773626660    0.6712269324    6.7754869461   -0.9130222885   -2.0713618805   -1.7882108054
   7.0617205113   -1.7768901292   -6.3837671536    2.7811371237    2.3401667734    0.0575674912
  -6.7708965413    1.8048829734   -0.2959725233    0.7852386831   -1.5939255904   -0.7786617491
  -5.5336202223    3.4968209257    5.3358291178   -0.7281876812   -6.3530765493   -0.7747147297
  -4.9851664314    7.9539221205   -3.0623420813    2.2610732563    2.4314203309   -1.4805108317
   2.1797972104   -5.5037024311   -2.0683140262   -1.6468356981    0.1331142605   -2.1277460459
  -4.1286663660   -6.8602151068   -3.6897329984    1.8775947565   -2.1573688847    4.7266953606
   0.6877462814    0.3856052398   -5.7899200625    3.8516336883   -1.6541571302   -0.5149540180
   6.2916341566    5.0797647761   -5.6730477346   -0.2306903109   -0.9965523458    2.1849607201
   2.3813057489    1.1665128628   -8.4028141129    0.6079890033    1.5650263121    0.2965954813
  -1.6473303197   -5.8503623729    1.1073630710    1.2787793598   -2.4037831553    1.1689349345
  -3.9702354854   -1.8944525031   -4.5094987754   -0.9555501884    1.3420086683   -0.0629797479
  -5.0460224496    6.8697966294    1.4473021853    3.0849826326   -3.4066951108    0.5972465120
  -4.5947540936   -5.2978736035    4.3112712728   -0.9128377294    1.0600024443    3.8149229055
  -7.9840299162    5.2467733671   -5.9763788209   -2.5966379273   -2.7762448884    0.0231507828
   0.4088853361   -5.1932330766   -2.0462352281   -2.4375806768   -0.4091466187    3.4291936502
  -8.0482845575    0.1769308888    2.6170758045    2.0142226878   -0.1067673122    0.4264839344
   0.8010689719    2.0127061022   -3.4172191019   -0.4812207715   -0.3105050233   -1.0405840381
  -5.9856682371    5.7095235115   -3.7856365698    0.2666465686   -3.2889265231   -0.8850179022
   2.2193490387   -0.5795433539    2.3940714495   -1.1809069258    1.0545669702    1.9779329985
   2.7221526102    8.1903433113   -8.3441981066    2.6626426065   -0.9661090081    0.5226888735
   7.6688983320    1.8545881265   -8.2700193483   -1.0666610577   -0.3666643579   -0.1282577536
   1.0575478748    6.8971804858    5.4465619598    0.2306375562   -1.9877667106    0.6621176597
  -0.8611854478    5.8678159162    6.3848419941    3.4304686428   -1.2448442849   -3.2922532138
   3.1877107595    2.2527181164   -4.7949779080   -0.2273996676   -1.7728446130   -1.5990110804
   1.7334149377   -1.1496038301   -5.3787878064    0.3658386021   -0.0080908267   -0.9157048861
  -6.1790021974   -4.3683895210    7.0681455346    0.8794907228    1.9709056584   -2.9944472785
   8.2093396675   -7.3133996034   -7.3094375937   -1.5863167216   -3.8030484154    2.6315386287
   0.9611776330   -1.8737387091   -6.0584637751   -1.7063525631   -3.8887657847   -0.6389314681
   5.0243456512   -7.8049859651   -1.2249177511   -1.1810334873    0.1243044247    5.2507492042
   5.7110626211    4.1625530770   -7.8395655795   -4.2171391634    1.5417504600    0.7434874970
   7.7342586593   -6.8877223537    3.3468273387    0.3861574820    2.1967576903   -2.8313239466
   8.0648242009    3.7533048936    1.2665060567   -3.8655469698    0.8116473387   -5.4883227211
  -4.1889583498    1.8894015949   -0.4952097959    1.4472381955   -0.4910576507    9.5941800894
  -0.1748258800   -5.0919411906   -6.1160175855    2.6727618409    3.6857727058   -0.4481674906
   0.8428168486   -6.9229897886   -3.7918547082    6.9626719633    0.2849062661    1.9585612602
   5.2681938129    5.8073761726    7.2648339972    1.8809793793    1.0644873210   -2.4920759924
  -3.6505171031    4.7393497370    1.6196134494   -0.1370129797    0.0357324350   -0.3346045605
  -6.7007640660    6.0824585715   -8.4963869814   -1.4411486520    1.3516518750    0.6536141699
   3.4663651156    7.2299045797   -2.0118116112   -1.5701538485   -3.3530209816    1.5786552873
   4.3805712039   -0.4829874330   -5.0600686902    4.2677589032    0.0082941628    0.6074959215
   0.0304463261   -2.1779467868   -5.2656144511   -0.1573106748   -3.3222078456    0.9398947110
   6.6591382970    6.7441637512    1.7476185642   -0.1299493295   -0.4232221109   -2.0851315867
   2.9781832410   -7.4629846355    5.0252245981   -1.1909837312   -0.9707155063   -0.3569662693
  -3.7305233733   -4.0118400083   -1.9518578666   -1.7510417446   -0.8512983715    1.4010707932
  -0.5263719915    3.6084793745    3.8480691060   -0.4500092668   -0.9769860764   -0.6910046792
  -4.4858048061   -8.2544818088    3.0481683545   -2.4275732536   -5.1271548330    4.3073921230
  -8.2198383361    7.8533515174    5.4345546664    3.3830930634    2.7488749994   -0.9034797521
  -5.9629477759    7.7849830233    5.3074206161    0.6136754553   -1.7620524985   -0.6819255051
   2.5504555727   -6.8320586376    7.5304644126    0.6180545301    0.6712104556    2.6975633981
  -4.7163507345   -0.0843625637   -1.6912563400   -0.1495357096    0.2801490210   -0.8923994815
  -0.7042877656    0.9143378290   -2.3337648303    2.4203095949   -4.2819501624   -4.9578981041
   1.1848949931    2.6775138412    3.7121194195    0.7567661225   -2.3332561356   -2.5520587644
  -0.0597550427   -8.3573806102    7.8825866132   -1.2125057117    0.8743941431    1.8684327336
  -8.5448776399    6.8356382672   -3.9441952756   -2.1174583553    0.6571795370   -2.6574708539
  -4.5583983253    2.1080154256    4.0485954557    2.8729238476   -2.0993628929    3.2026669331
  -5.8321189722    4.5740339554   -0.1995810148    0.4468992445   -1.8693032174   -2.7368308357
   7.7567105065   -6.5493824642    0.4876543642    1.7732909537    0.4126740598   -1.7188552053
  -4.1729459441   -0.5360799454    6.4187525332   -1.0186410323   -2.5669213503    2.1856943846
   2.6432797627   -7.4996914480   -4.6859408391   -1.2105757364   -1.1195706383   -0.6570246114
  -3.1762227535    1.9876072092   -7.9815061085    1.3544140424   -2.8170273877   -0.6518461847
  -3.9299786098   -8.4014326316    2.2358048554   -5.4898634089   -2.2752256592   -0.7577532124
  -0.4588344785   -8.3760342393   -6.1013853445    0.5358698021   -0.8862484351   -1.7017774489
  -3.8414241071   -6.0139733745    2.1700243828   -1.5569646525    0.5092886038   -1.4791762249
  -8.3725662542    0.5822779529    8.4530960047   -4.7185413773   -0.5055257254   -3.6282362675
  -4.8568920082   -3.4272334125    6.9008276686    0.6510815149    2.7084863789    3.4497276789
   1.5522149387    2.1041771860    1.2541035596    2.5768664754    0.3941698685    0.0991941228
  -2.7847755320    7.2882741002    7.8971192496    5.2372548010    0.8436415196   -1.2609243350
   3.6581054146    1.8669636586    6.8518100745   -1.5603690620    2.6398315306    0.1498832121
   3.3496002030   -6.8440236774   -8.2193453552    1.3763797116    0.9733488505    5.3592844337
   6.9750802988    8.0014179580   -3.4320131269   -2.9928830181   -2.7935848180    2.3517089163
  -7.0291556883   -0.1523686816    2.6269717627   -0.0447499551   -0.8203451187    2.2365422158
   3.0108388884    8.1498796252   -6.1324968709    2.8993671308    0.5987692715   -0.4784297626
  -3.7420473244    4.0534211388   -8.5464535593   -0.4846274336    0.2049200395    0.8099172231
   5.2048418139    5.0937787013    5.8141284424    2.5073116859   -0.0513207475    1.6384342692
  -3.2102765072    6.8653806961   -4.9491315314    1.8723190628   -4.0795199669    2.4047576100
   7.6691331924   -2.2117933765   -7.9336057004   -4.0279211578   -2.4546676189   -3.2981980763
  -5.2581122090    7.1895324745   -6.0507944470    0.8630846470   -1.3756217465   -0.2389572661
  -6.5222811805   -3.8032437986    5.5587660855    1.0596299882   -0.8784529144   -3.2316543020
  -2.7805552221   -0.5228441006   -5.6085004351    2.5080386096   -1.7395079320   -4.1618854327
  -6.1575507312    8.0773480134   -3.2376424786    1.2776334375    0.9697280579    7.7461220934
  -6.2329431827    7.7714216872    4.3329825973   -0.9924750850   -3.7804836994    0.7142999507
  -3.4251489838   -0.4528711786    2.1406902276    0.7222933953   -2.5422342936    1.1479224567
   3.7810390718    0.9498897618   -7.9973370733   -4.9579617484   -0.8413878474   -4.0800067721
  -2.8794383569    4.5094441689   -0.5226766118   -2.6042571523   -0.1241556833    2.3566886181
  -3.4457903894   -6.7778420676   -5.0830946934    5.6088721789    1.1367952530   -0.7392929988
  -4.9865392029   -3.2918232600   -5.5669778490    1.1239434515    1.2099221634   -2.1843998688
  -4.8010431175   -7.2022572188   -7.5587195128   -3.1066762831   -1.0391546499   -1.8608331874
  -5.4200153374    7.6447755549    6.3786985035   -2.4703080382    3.4567763194   -0.6669731700
  -8.1398549551    5.6952321303   -4.6251103116   -3.0003064647    3.4383126966    2.0678409871
  -0.9742638979    5.4088124257   -8.0288325273   -0.5208840687   -5.2448333839   -1.1758160823
  -3.4399743564   -8.1079556961   -8.3768472665   -0.7053208399   -4.2674328138    6.3392363552
  -1.6201668218    5.0882834282   -5.0074693892    2.8575436055   -2.3444037732    2.9319839215
   0.6664785998    2.3436913523    4.6972497456   -1.2761435510   -2.7790566092   -3.8358968484
   1.7948411804    2.4512579347    7.0707637751    3.6166132295    0.7126152024    1.3433549479
   5.7404240043    2.0864138486    4.9011307303   -2.7248602024   -0.9223449696    1.5300331657
   3.4800497045   -3.1569967915   -7.9558572910   -2.1818605630   -1.7459697714   -0.1617671994
  -6.0822951697   -2.7572710388   -5.4455290284    0.4307639447    0.6953340943   -2.1365636927
  -1.1727594570   -5.1388380089   -7.6856337136    4.8496400456   -0.0515776792    3.8135600468
  -0.1126523444   -2.7597064754    2.9679583532    1.4915749048   -0.6915325026   -2.7004436771
  -6.8555757126   -4.9088199054    5.2914941966   -1.4953436474   -0.9726412192   -0.1058981020
   5.1809637529   -5.8435181301    8.4274354246    0.4718969569    0.7450726284    2.3883526674
  -8.5119170400    1.9807509131    3.7605298689    2.2229428728   -0.9882590102    1.3959672787
  -7.4262360019   -0.5605271197   -2.9737148230   -0.0785096732   -0.9988053288    0.5592478176
   8.5192432670    1.2770896399   -5.8390410652   -0.1560110774   -2.7469248337    1.0223303170
  -4.0678632749    1.7027245147   -3.8592983164   -3.6764965286   -2.6211229619   -0.5910850558
   8.1297128907   -3.8770122105   -8.1344328058    3.4021814993   -1.7361922025    2.4256776585
   5.6001154524   -3.4985643324    2.0613399835    3.7558579446    1.6031190973    0.5803664232
   2.3983137552    3.0319839610    8.1626672055   -0.4735127030   -0.5148260985   -5.1400487767
  -3.9839021716   -2.0124993633    0.6301065560   -2.6935638249   -0.6390755217   -4.1173939803
  -0.4869173975   -0.2800685392    6.7508943183    5.3102546212    0.4645567916    1.6737425956
  -6.1153645985    5.4300788864   -7.2709975009   -5.1747017338    4.7872659049    1.0912885933
   4.9145899209   -6.8454016407    0.5632835324    0.4995190814   -2.1595346044   -1.8229099757
   0.7869523602    6.7453079288   -1.4685010557   -0.3727287125    6.3754134783   -0.0278753787
   0.9238471781    1.3627208801   -2.2091516681   -1.5847709431   -3.4106009304   -3.2176025085
   3.5084749083    3.8429715148   -5.5924080066   -3.9143850028    1.5188121084   -2.4877832197
  -7.6006203815    4.4103137230   -1.9544855442   -1.2087835200   -1.8308195172    1.8137821735
  -0.3097086295    6.2840992752    1.4790241842   -3.0244482225    0.1016479824   -0.3909705788
  -5.2125114996   -3.0963021703   -2.6084565021    2.9649792692   -0.7680621675    2.1462230191
  -1.4378813081    3.5094484457   -1.9475782113   -3.3913619902    1.1577038612   -0.7851594024
  -6.6264351270   -0.9246521094    3.8478126387   -0.3858767187   -2.7998412165   -1.6183513343
  -0.9000675445    7.3659339019    3.2094978161   -0.6477046477   -0.7564362146   -3.0326705978
   7.8514365354   -1.3643223792    6.0221601520   -3.9384599481   -2.4585805731   -3.3652825826
   6.1735532886    0.2385167568    6.4807697564   -2.3811219197   -0.8664486452   -6.7357978560
   4.6038187252   -2.3229423759   -6.1679877426    1.6186491145   -0.2895679206   -0.1480755258
   7.9444319083   -4.5704982205   -4.1111422846   -1.2891713716    4.7466086719   -0.5629297350
   5.2061439951   -5.9146111796    1.4217263772    2.5613059801   -1.7407832881   -1.0710537084
   5.6718077596    2.7382405224    6.4171565163    2.7763651277    3.2654905838    1.0790078652
   3.7621990469   -8.4219245496    8.4466837018    3.5739950870    0.8675918297    0.7465965135
   3.7946498171   -7.9848460278    4.2569911951    0.8048941019    1.8215011975    0.7538377171
  -1.3882193502   -3.2829549147   -6.9647422941    0.2411162662    2.3902609365    0.9916414567
   2.4711895337    6.8097324283   -7.8645789434   -0.9675774685   -1.1662794564    1.5491432401
   7.6763517097   -7.7633074771    8.2913201349   -0.5116229422   -3.8316622950    1.7090176457
  -0.3224732648   -6.7659632887    8.4425621378   -1.6818610491   -1.9502671937    0.2917788969
  -2.6450226714    2.8805060005    4.5675975267    1.5809734648    1.9482669064   -0.5968175475
   7.5878831779   -5.8796752044   -6.1166099747    1.0661249541    2.6647504464    1.2467082558
  -7.3454301732   -2.6315195657   -4.6014116981   -1.4377885208    2.9978228547   -0.5935198306
   0.5036086046    4.1869609981   -5.8587211011    1.7975541776   -0.2143710628   -5.0370992083
   8.2093043108   -0.8011805317   -5.3543251957   -2.2616590942   -2.0973191257   -3.9479674467
  -1.8606916016   -3.1292594373   -5.4925628450   -0.6237015168    0.3805522493    0.9520496057
   7.2516021314   -8.3430258771   -5.0280863667    2.6165876672   -0.6125309904   -2.4986599563
  -0.0834329184    5.3997774429    2.6780757761    1.7932742973    0.9913613549   -3.1917947986
   1.7711667594   -0.9561087818   -2.4198368124   -0.4076750934   -2.9938075618    0.3806810510
  -4.7979864190   -5.2268629826   -0.9740272875    0.1526743130   -4.8041205536   -1.4663177556
  -2.6939960716    5.9329621044    5.0319524537    0.5629742753   -0.2846326552    4.6543910224
   7.7690888807    1.4327433082   -7.2360447952   -0.6429859067   -1.9065247674    2.9545525400
  -5.9533607084   -8.1206409817    6.8007797436    0.2845624667   -0.3529089717   -3.5113876613
  -5.5669517580   -6.9011732909   -4.1519051497   -2.4352948936   -0.8629929453   -1.7859955744
   1.7348132680   -0.6288886048   -6.1832751458    2.2744747645    3.2190612275   -1.1005985878
   3.4471733010    5.5912734192    6.1325493535    0.6778542809   -0.4774726066   -0.1496474332
   6.7017829527   -4.6853053336   -3.6120518253   -1.0036516852    0.2505483083    1.8448329063
   5.0786882182    4.0736463758    5.6144216319    0.3511245150    4.6415112884   -0.6580447980
  -0.2562529838    3.6213501953    2.9123354361    0.0290012534    3.2396813215    1.6545697123
   1.2935406298    5.0147246941   -0.5404715567    1.5211158924    1.5791684138   -2.6012340431
   7.2326322548   -6.4807393889    4.7562493221    1.0751514735    5.8318269540   -3.9754450588
  -2.2104399807    0.9133863563    1.6877752514   -2.6102964147   -1.9827638994    0.0193107561
  -6.5474583662    8.0631609108    0.3683356616    0.0524387626   -0.0095553258   -0.2091249585
   6.8632766945    5.5158796026   -2.4163451479    1.8882568396    2.6312979558    3.0838847771
   8.0872273334    5.1243240083   -6.1115776418   -3.0182974057    0.0091592411    2.5718963329
   8.2491054635    7.0489078726    8.3440820062    0.0817725648   -3.2649323336    0.9221507913
  -5.5182793573    2.2943532645    3.4739070418    1.1423138424    1.9339717876    0.4112988701
   7.7697775051    6.9728828785   -7.5948207407   -3.6526504159    2.5531645252   -0.9203596382
  -4.8633309065   -8.4027268828   -2.3755604613    1.3541191043    2.5264022187   -4.3349075081
  -4.5871543527   -0.1503355127   -6.4286379166    1.3407993649   -1.0432245549    0.1823853228
  -0.5756568778    5.4279590538    4.4186823816    0.6687468117   -1.8388844837   -1.8771529870
   7.9425003237    1.3994944464   -2.6590717030   -1.6072350117    0.8609115903   -1.9265847530
   3.4229704311   -5.2411472118    1.9032244487    2.3195570104   -2.0684164280    2.1075699163
  -2.3996386759    3.0394336460   -7.4442570799    1.4862044573   -0.7862354590   -0.1690832267
   8.1317830354   -6.4436722481    5.3749190677    4.3117968655    1.1445860428    1.8521841261
   5.5152092193   -7.4517374499   -2.4981963051   -1.0776665225    0.0833493968   -0.9266057108
  -1.7908083423    7.8599375760   -6.7251101507    4.1341829152    2.1788070429   -0.3967358868
  -7.5300975040   -2.1936104608    6.6871176847   -4.6820305098   -1.4791705346    1.3473854485
  -3.8007606458    4.7092579652    4.4295312459   -0.0480489037   -1.8707588950    7.8333619570
   0.9313712831    5.4280342026   -6.8911974843   -0.9206419040   -0.7992317140    0.2810132969
   5.8924024378    3.2265763482    2.2049774080    2.5256868688    0.0190453316    6.3485053454
   2.6556889101   -7.5661470158   -7.7443185808   -0.7428593656   -0.5869130013   -0.8978573105
  -4.8528286141   -4.6147407566    1.3023846540   -3.4468737639    0.6780156962   -1.9087433933
  -8.1822976291    4.3086280662    5.9777899308   -3.4273768682   -1.0032048882    2.1712695296
  -8.2081398004    0.3575553381   -6.0231431938    1.2516168463   -2.7273481617    2.3772984643
  -2.6297381421    7.3849632775    5.4678303804    0.0766181866    0.7806650419   -1.0896876429
   0.7120307827   -3.1960443496    0.0973270834   -1.5411610299   -1.9766722727    3.7723271346
  -0.1919006932    4.1224268608   -1.6987706688   -0.2514494940   -0.4606075287    1.8308432756
   2.7454057549    4.6866677092    7.1524775505   -0.8050304021    4.0553614142    0.6602726209
   8.4283057207    1.0026754883    5.3616014394   -1.2835516342    2.0774577370    1.2136226821
  -7.1847783107   -0.6270628776   -6.7100480103   -0.1587175008   -0.0134386884   -0.1603224573
   0.8483479807   -3.2860039626   -5.5734976444   -1.4143137981   -2.0822426436    0.7565057606
   6.9087253633   -2.0239690579    7.6374875660   -0.9839418570   -4.5347543497    1.9918571390
   4.4966933253   -0.3522485816   -0.4981898720    2.7551137212    0.2975388642    4.6415064729
   7.4884482867    8.4834512853    0.3540780806   -5.8638408066   -1.3346476299    4.0895110101
   0.3667349677    0.5758912308    0.4409358566    2.2468554221    1.9179711081   -2.6648616266
   8.4591988726    7.5475119204   -6.2289193574   -0.2562728850   -0.0419639459    0.1343158434
   4.0361790426   -4.1902343686    1.0762454740   -0.4792640791    2.2543340577    0.6300530646
   2.5590379165   -2.3802966850    7.4361736493    4.4295537040    0.5776290219   -1.2171105214
   1.3691904593    7.2295902382    4.5841948782   -1.6942600686    1.8593260169    0.2841937416
  -2.1608202744   -5.3981533975   -5.8956209288   -2.1438230592    0.2972933035    2.2456235406
  -2.1047805044   -3.0342631528   -8.1468037160   -4.4730601302    3.1625286075    1.5496186664
   6.8203312407   -4.8976658111    7.7514280937    1.4488078521    0.9782189639    1.7003775688
  -7.3680583054    7.6128962241    0.5770865052    2.9417373620    1.4573551098    0.7373709933
   1.3434655605   -4.6741035877    0.6722892325    0.9263561858   -1.8691058719   -0.0808126591
  -4.0289002057    0.3998263195    1.6487928438    1.1166568048   -2.1481073226    1.2363647442
   6.3408120470   -1.9461715971    6.8362929762   -0.5766808121    2.5014101747   -0.8273972802
  -7.6083612525   -6.0069358980   -7.6000340535   -2.6186059340   -0.1681179822    0.4685431645
  -3.0891207457    5.5034099719    1.2014833625    2.1342598150   -1.1331939827    1.6220219840
   6.7858147237    4.6714927840    4.3113878321    2.6095853377    4.5610490566   -1.6945258989
   0.4041263323    8.2245160059    0.9884813282   -2.3228640742   -3.8601346708    4.0253765954
  -2.4637894057   -5.9408673891    1.6622563042    2.6290927627   -3.5429423581   -2.2558459064
  -7.2084874191   -3.3589441534   -1.4174525334    0.8232613134   -0.5958643739    2.6535309006
   5.5293185756    6.1257086410   -3.3273716638   -0.1411516282   -1.0033275029    0.6029538938
   7.7930711367   -1.7247740736   -2.0698199883   -0.3185826171   -4.0144371870   -1.0909361133
  -0.4922328588   -4.5344338685   -5.4003944116    1.2592627976   -1.6955310111    0.0608458585
   5.7369091069   -6.6108053562    7.6434097837    0.0949513855   -3.0687965024   -0.4010290401
  -2.1908530511    2.6015913221    1.2928218643    1.2478389115    3.9588304183    1.6983014235
  -3.9366864051   -3.3443414163   -3.3122096646   -0.3622882070   -4.0117482483    1.5932652125
   2.4751560370    4.5767127344   -7.9055723789   -4.6368434570    4.4942486433   -0.4270980035
   7.1536440156    7.7542521594    1.5226857605   -1.7757744279    2.2985403187    0.1109786797
  -7.1799596813   -7.4609158553    5.6262660848   -3.5127151409   -3.6182775796   -1.6411121154
  -8.3071546800    2.7507229711    8.5207431377   -1.1169286006   -0.5883369799   -3.7306253413
   4.5805052906   -7.0164130436   -2.3193896211    1.7965102077   -0.4089246020    2.5911976186
  -8.4718217108    7.8826193141   -0.5372715694    2.8102636620   -0.9460591744    0.2693132360
  -2.0354803457    3.6468839850   -1.1273277602    0.9978410774   -4.9982565567    1.7463255966
  -6.6390244231   -0.6329416244   -4.9293942513    2.6778996122    1.9734833906    1.9921215658
  -4.2907764029    4.1637405563    5.5564640008   -7.9669118165   -2.4443682510   -0.1791276776
   4.9685084526   -0.2928923385   -3.9436166294   -0.7873876145   -0.9552851222    2.2033547709
  -6.8171237330   -4.9674690232   -2.6474403315   -5.6340091971   -2.6112508710   -0.9061137222
  -5.1398899175    7.1789171544   -8.3196615011    2.2023719733    0.6128437570    0.5911713749
  -4.4526872088   -3.3585719638   -8.4300869868   -0.8150687042   -1.6065938047    0.6094775252
  -7.2209114464    5.0420476067    0.5713952258    2.1355990583   -1.5291153139   -1.8428730652
  -6.5169582546    7.0914286795    3.2255593344   -1.9958134187   -2.3887235257    0.1324180038
  -3.6848302447    2.8124399949   -4.9772883966   -5.2793894175    1.4373378267   -0.8805682194
  -8.4441849454    3.7413155729   -2.3267019992   -1.9014867078   -2.0497886671   -0.6432079226
   2.3490294769    3.4210890375   -7.1199956953    2.7783017975   -4.7785222859    1.7845895840
  -2.5349903358   -7.4215208949   -6.7783998375    1.1704288496   -0.7044250795   -1.5756179540
  -1.8037460582   -7.7186654554   -1.1906903706    0.1727594578   -1.0764079340    1.0763076350
   6.8895694889   -7.9911218202    7.1723116909   -1.7702779324   -0.1779298517   -1.1508183369
   0.2283090861   -5.2046955932   -0.7108259247    1.1538765999   -3.7178633554   -5.3914851485
  -3.3149321271    7.1022309459   -8.3950137650   -0.7300182169    1.4011009188   -2.8346861777
   2.8465320199   -1.3158362886    5.4956915153   -0.8739232219   -1.3315215891   -0.1841682660
  -6.7640759501   -8.1380335236   -5.2522834729   -0.5828373886   -3.9057140197   -1.2943415031
  -2.7878601523   -3.6232454276   -7.0638099337   -1.0012754731    2.0671375456   -2.1630452821
   3.7760466640    2.7828743974   -0.7640159312   -0.2104849989   -0.8902541377   -0.4388768863
   1.8117851136    4.1565828958   -0.0191969895   -1.8496727841   -5.3039689936   -1.2903678831
  -6.8891703174    2.0426335000   -2.4159604714   -2.3161182468    1.8082356700   -0.0886998825
  -6.2823312566   -6.9835059369    8.3358543777    1.8107142287   -1.8037794743   -0.0072246005
  -3.8102031968    3.2024182522    0.3209834826   -2.1753561777   -2.5237439994   -2.1247292420
   7.7598732774   -5.1972402233   -2.8217118587    0.1036740233   -1.3257015122   -1.9471978372
  -1.9305978303   -6.6771542957   -3.3786219824    3.4878701568   -3.1800791476    2.5827497442
  -3.1807652601    1.2197052531    4.1642162572    0.7342505733    1.6999506554   -0.5550733474
  -1.8358276950    7.4078116567   -5.3470170342   -1.5437746237    0.4953681374   -0.3628341602
   4.6704673274   -7.8078154934    3.0448516765    0.7432731348   -2.9960922096    2.4740250936
  -4.2170983616    7.1295107233    4.8981677005    0.6287746091    1.7314843076   -1.8625621853
  -2.1668163683    1.2305081465   -1.9473045695   -1.2511240468    3.8812980490   -1.5307202514
   5.4662414429   -3.6634681026   -5.5356257245    1.1331673175   -0.7592705127    1.7785680854
   1.3593065460    3.1974414269    6.9321889661   -3.0796842322   -1.0929234420   -1.2008226171
   2.9705192812    2.6547349735    5.4714082490    4.1743246455   -1.2202782822    0.2670537175
  -5.8356567314   -3.7998259621   -5.6223249056    0.4084719739   -2.0715411143    0.0035080020
  -7.9003651057    7.9185235258    4.3581317939    0.0611736448   -0.1343724343   -3.2011505602
  -8.3942603397    4.4855959910   -8.3622505831   -2.1101245085   -1.0430468354   -1.6787192277
   1.8371018668    5.3981356016    5.4204469398    1.2944936747    3.7333897874   -1.1855334982
   5.6280484123    0.6504046158   -0.3533235873    1.2941783557   -4.1136069192   -2.0462820123
   7.0229852744    2.6535034973    8.2136320386   -2.2540470631    1.8189886841    4.5675907671
   7.1619425106    5.1664536954    5.7923929614   -4.1208855058    0.9204886895    2.7374005170
   1.8745612007    0.9030084216   -4.0941978418   -1.0822865199   -0.3877102713    0.7141967374
   5.3310995929   -5.2279071956   -2.2820555660    0.1843325820    1.6702929895    0.6814080187
  -2.3512021471   -8.3236885010    1.9057439055   -0.9148987644    3.8586071022    1.4420618778
   2.8732292295   -3.4166365357   -3.4652406200    6.3705438104    0.5319768845   -0.0044052508
   7.4516513334   -1.6909910867    1.3839025047    2.6880871816   -3.4285460040   -2.0008287658
   3.7966851423    4.5276912187   -8.2719404191    0.0830244065   -1.0652883289   -1.0414678541
   2.7047662765   -6.3603265132    4.9265751605    2.0920787122   -4.4456403400    1.1633537364
   5.5421161647   -2.1405105052   -7.4046782333   -3.4812841845   -1.8221823350   -2.7975367778
  -6.7497168509    5.7933550873   -1.2177231370    2.3981103356    1.8638061705    1.6535989766
   3.0510150664    7.4598863213   -4.2124541997    2.6167253169    3.3040201947    4.4378678545
   8.0080029942   -5.6402498543    4.5433607524    0.8695494762    1.6228178828   -2.2575694870
   4.0217341415   -5.2648337117   -2.7561913563   -1.9826165795    3.5659076328   -0.0741037191
   8.5008071736   -0.0193882839    0.2440362944   -1.7864555004    0.8431452711   -1.9271481788
  -5.3791903770   -5.2227577139   -4.1320494025   -0.9100855277   -2.8684146070   -1.3372656701
  -0.4076613888   -2.0844969933    8.1604133797   -1.5932531908    2.8602112271   -1.1664622877
  -4.0858217092   -6.5322394235    8.3934963691   -1.4120188611    5.4332808390    2.4724732477
  -1.5585480434   -6.1932557876   -6.8074360279   -1.8537149775   -0.0170132040   -0.2759863983
   6.7505653163   -3.7380463921    3.5360067760    1.3306845913   -0.5655611669    2.1126158129
   0.2413613674   -8.4007208517    1.8644909983    2.5462231101   -2.5028636856    1.8425738075
   5.8858555950   -4.6839699695    2.2120440340    1.3161268635   -2.8169693998    0.3430862392
  -0.4417525188    1.1352374320    8.2991035158    2.7736870940    0.2476630559   -0.6062043439
   2.2792557749    7.7888298653    7.2176772035    2.3090719921    0.9302165916   -1.0715217092
  -7.4810095834    7.8169231304   -6.7937552511   -0.0748701850    2.7725067818   -0.8606509303
   3.7823849809    4.8644781419    4.6083174248    1.0543685702    2.2704883591    2.8660252540
  -6.6963118968    0.5567141816    5.4869016963   -0.4615848600    1.7241621104   -3.2514145605
  -0.7725627943    4.4602261567    5.4011855949    4.0517232694   -4.5184833921    2.7222460083
   1.8426777199    3.9919857186    4.6337595624    0.8124007058   -1.8869991943    0.1762627647
   3.6852379397   -5.1913766850    0.9080941323   -3.7703266411   -0.1891723545   -0.0241129942
   4.9863394375   -4.1623400534    5.2257626859    1.0434270886    0.2691084009    0.8856855212
   6.3149228224    1.6629602813    6.2408495862    0.3546554270    1.5279589143    4.9545343583
   4.8978929655    8.2595792945    7.3683802115    0.8361135019   -0.7026263636    0.1803666276
  -4.8780426147   -1.7983073885    6.5162375676   -4.4847038978    1.2032374457   -2.4644722024
  -3.8437950818    3.4910127272   -7.0025240978    1.9056229908   -0.3940785853   -0.0167420398
  -3.3990668566   -3.4519665754    6.8315653173    3.2064522566   -1.2445954582   -1.2231674631
  -7.5644091956    6.5290596698    4.3299544993   -0.6687911492    0.5996554559    1.9197291318
  -0.6296008630    3.4896291936    1.8975264905    0.2127896064    0.1273575272   -0.6686293129
  -7.2225879999    3.0272120237   -7.9507381098    1.4416025644    2.7151378935   -0.7707947113
   1.4498412683   -7.1469733171    4.8649920682   -0.2463239352    1.8935214937   -0.0488718171
   8.0353906200    5.2297140107    3.4393878899   -0.9440926798    0.0188653538    1.3592380913
   0.7515431326   -6.7541045462    8.0274880005   -2.4704474270    1.5239638757    2.1808593958
  -1.4652041973    3.7458840603    4.1325917100    0.4972733851    1.9783978374    2.4279190593
  -7.3916845868   -1.3597383839    8.5204559223    3.9638155305    2.4095393147    1.0860614181
  -6.0293966494   -6.5928772370   -0.9946417638    2.4142287489    0.1318685466   -0.9703171767
   1.2110148732    6.5899960779    7.4745578259    4.0825201854   -0.8805937052   -0.3043163293
  -1.8284701422    2.3501191461   -7.8003923141   -3.0980820060    1.9486986170   -1.7826096331
  -6.3521321308    0.5721336827    1.8872302507   -1.4961235276   -0.1122208325   -3.2630745780
  -3.2935438836    2.1564288042    4.9962304921    0.3575934605   -2.8325256903    3.5184907301
  -6.5413062570    5.4981551456    5.8436934080   -2.4158891526   -1.4840718428    2.1482090122
   4.5014909469    6.5897186983   -3.3466808939    1.9314640437   -1.6409578140    0.4227362153
  -0.7201513477    4.3231626797    6.5230868659   -1.7751220167    0.9133907556    1.4797367827
   7.7846513470   -6.4323133175    7.9578324723   -2.5446022082   -0.3174541697    4.5215345102
   4.4892370308    6.7686947876    0.3070914957    0.9234990314    0.1584871110   -0.8417002769
  -1.4562493276    3.4660445668    2.5629887427    0.6138491655   -0.8036311757    0.1841834172
   1.4436460875   -6.3540799718   -6.8742458862   -2.3659844114    1.6051991527   -4.1486669762
   3.3264731209   -5.4015632189    4.4787644729    2.0791100395    1.3764714409    3.9774767192
  -5.5774440244   -8.0294552137    4.9769235038   -4.1719102105   -1.1967818368    3.7739963657
  -1.3413891070   -1.2659875681    0.8536280924    0.7043261359   -1.6523223785   -2.3528825025
  -6.4534672507   -0.6865023291   -7.4269589908    2.4421994938    0.5879294453   -0.7713906048
  -3.0776687991   -4.9316827511    7.3363247853   -4.8865116006    2.2976840937   -3.7789710932
  -2.4476693214   -4.0020053476   -0.0645579259   -1.3175527033    1.8479487867   -0.1350844721
   8.4811531476    6.4648593283    7.3557482454    3.9607874372   -1.1315075100    0.9525672045
   8.2671229061   -0.1660532509   -2.5610836914   -0.4920943811    0.3188761997   -4.1780803737
  -7.7023020809    0.6524691893    6.3269621682   -1.8582898602   -1.8461559121   -0.5362745653
  -3.9838621794    7.6737044625   -5.2704483907   -0.5997077089    1.7414815253   -0.1924338407
  -1.2861425164    1.2351082243    6.2750532886   -0.0543575998   -4.6838706007   -0.6515984399
  -4.1964876149    4.1147068758   -4.1825261571   -2.2196771917    3.0306498674   -0.4318617816
  -6.0768200534    4.8267498687   -4.8968238842   -3.1449472697    0.2404558585   -0.9424682743
   5.2987609582   -3.2228957708    7.5891926064    3.0262291554    0.4638955523   -3.7448755923
  -6.4951755441    6.2309087087    4.0085620336   -0.9610641648    0.8336364453    3.8438495502
  -5.9760732999   -6.1790639042    6.9001889604    2.2215909508    1.7895294720    4.6050240214
  -6.3448366468    8.2810350551    1.3590179776    0.7194538286    0.1783703059    0.7388575279
  -3.9835137951   -0.1632139449   -0.1513908854    0.7619278459   -0.0699000031   -2.7566280159
   3.4238871448   -7.0789129914    7.0769947315   -4.9821723946   -0.9488145320    0.3510311770
  -2.7524810353   -7.8036614940   -4.9813799135   -3.6477609050    0.7506129531   -2.7456365355
   7.3339352990   -6.7035263321   -4.7775649952   -0.4767746769   -3.9564822758   -2.1582908908
   7.0255284871    0.7541378016   -2.2056346648   -1.3763739770    0.0458153212    0.4009193491
   3.7363921304   -4.1044994741    4.8025526155   -1.3877157432    2.0287565020   -2.2895401285
   3.0091574796    5.2664641167    2.2919035536    2.2053194302    0.3850948048   -0.6577487340
   0.4568999771    0.5510571378    5.2780611876   -3.7624473874   -2.2962823386   -0.5867881726
   7.3682828725    8.1173403003   -4.3228543980    0.0394838415   -0.3415819109    1.4675112742
   2.5043693128    5.6654917239    6.5129727899    1.9021175165   -1.9926086253   -1.5317959451
   1.6478623930    8.2893202339   -5.0243111867   -0.0486545206    2.8227408614    2.1162791138
  -6.6442873126   -1.3716748605   -0.0609921298   -2.4268873555    1.6792997405    0.2158079061
