           1000
    17.09975947
   7.6445799471    7.7531752669    7.3674120346   -1.4329522710   -4.0599687735   -0.4344266659
   6.6477148052    8.1456608735    4.2202541380   -1.1281065165    3.0755676764   -1.5167005729
  -2.9654086112   -6.8744425775    2.4779553140    1.0899580199    6.5387980088    3.1711858025
  -4.2474987691    8.3865536276    5.9359145040   -4.4587663432    0.9698504925   -3.1506468642
   7.3911112241    5.5065522295   -6.4840101449   -3.7042065089    0.7231610674    1.9355385120
   4.6349075202   -4.0048751792    1.0174548295    1.7121814822   -2.0169209485    3.0955521038
  -6.6819324438    5.9806384083   -1.5217503530    5.1520342072    3.6889107143    0.4721495285
   3.7349372090    2.3189428026    7.8018786323    1.2023739955    0.3848638976   -2.8295026520
   2.5272394720    1.8195606439   -6.7317917598    0.3475555980   -0.5797338712    0.3666180099
  -2.4073061066    3.7532376217   -4.0573206978   -0.2992934823   -0.7224940193   -2.1462030384
   3.5499607679    5.2143042659   -7.4263879819   -1.3252673571    2.6377893030   -1.8706587707
  -7.3453768308    4.9900592671    6.2615688452    3.5971606179    2.6256575068    2.4429427055
   4.1171469830   -5.6509340555   -5.0597384687    0.2690005814    1.4806256268    0.8088212902
   0.5032758839    3.7503179226    3.1019330430    0.4020956820   -2.6399684529   -3.4917547675
  -4.9205569709    1.6037249982    3.8269421790   -0.1442805710   -0.2522548392    0.0640471706
  -8.0634593405    0.5219951802    2.1245942751   -1.9397000624   -2.5818504026   -0.6275662015
   5.8354259514    8.5267043575    7.1785799357   -3.2762342656   -1.2003049968   -0.5513026214
  -4.5524890278    1.3137427876    4.9536308793    0.7846015737   -3.2408573831   -1.2563459338
   7.8268937677    3.0351014031    1.5987829206    1.9268037164    4.5304342419   -1.7980807094
   7.3158104142   -2.9394726645    8.3450903339   -0.5336296303   -1.6996154149   -0.6381290209
  -7.9380348704   -4.5904911247   -0.9117872269    1.5702268568    0.9371115525   -0.8510431527
  -3.9972363090   -8.1104112589    7.7564512797    0.1233073637   -1.3585937155    0.2875915409
  -6.1050185728   -5.5806680821    0.4711022868    4.0217990948    3.2842045905   -0.6842099488
  -4.1057098022   -5.4744326245   -7.8782936032    0.4797454611   -0.0734654813   -2.7033134186
  -7.3192190602   -2.2036451821    5.6708637982    3.2030992200    1.5190233652   -1.1279758290
  -8.2789543140    4.6309425085   -7.7472181719   -3.7756565555    3.6276149735    3.7738291069
  -7.0612909502    7.0122107691    7.4860595080   -1.6485559108   -1.8347231555   -1.0416080567
   7.4463558876    3.1824442590   -4.1572705715   -0.7458231410    4.9470051553    2.3268833923
   1.8679330451   -3.5805002296   -5.1253048084   -0.5384838807   -3.6227383653    0.9357330703
   3.6026885686   -6.2352790790    5.4328658137    1.3781103779    1.4088686901   -2.2386100214
   3.5244127281    3.2000431964    6.8635640031    0.7353439637   -1.9700653368   -0.1001436817
   6.6159818222    3.5701513046   -2.5513031578   -2.3808490420   -1.0919880196    1.7564521889
   1.5259565325    4.8631335354   -1.7260455860   -0.6950944996    1.7001023689    2.3908950681
   4.4582258029    1.5770117137   -6.1275524813   -0.3846691952   -1.0674585419    0.1979856715
  -0.1459919294   -6.9962685369   -0.0052333842   -0.6372970146   -0.5794736437   -0.7507535598
  -2.7951363075   -3.4022972549   -2.6920910976   -4.8187560359   -3.8189716250   -0.3037044929
   7.0265359498   -3.2123496481    1.2859225994    1.6369796593   -1.6031848247    3.0090727172
  -2.9911168679   -2.8935966257    0.4176105678    0.5908840878   -2.9035098193   -0.2302784988
   4.2004293360    0.3731889926    4.4856576268    1.0182158375   -1.2703137213   -0.5151292612
  -0.5872552455   -4.7541700034   -6.9500734596   -0.4425486213   -0.1302625800    0.2692222493
  -4.4378606671   -0.7664129221   -1.7191080670    3.2445463793   -1.4820622493    1.1768136642
  -3.6328583768    2.1206265219    1.5990547350    1.1458685664   -1.1483284429   -1.0839603346
   0.2404035397    1.3922520888   -5.4103829268    0.6661844083    2.1954134033    1.7223119005
  -5.6128492243    1.3553078167    2.0534989423   -2.0568752391   -2.4468620328    2.1071519682
  -4.7139289191    7.8833630084    1.7869230801   -1.2674947502   -0.3909650162   -4.2571325289
  -6.8373113119    4.3729031271    3.6604363352    1.9799128793    2.3915443302    3.2676865838
   3.8363362551    1.3564877830   -1.8399366608   -5.0234577421   -2.1293342404   -1.5349731039
   8.0982921240    5.0297522586    2.4821173223    0.8996194759   -3.1144166276    0.1614441952
   0.7880340399   -1.2880106929   -1.7475915804    6.6081257940   -3.0621386148    0.3918558157
   4.4533752111    6.1688583360    7.6678789468    2.5782645038   -0.2395475714    3.8676958615
  -8.2707558245   -2.7952793917    6.4537498126   -0.1956320365   -4.8243917525   -0.6219759454
   7.6853191664    6.5659209401   -6.8345938975   -0.7824078063    2.7875494646   -1.8336164769
  -8.4649359408    1.3071246089    1.9560634238    1.9902699225   -4.2075639928   -0.3649033599
   1.4549935918   -3.1288492250    0.2140037294    1.0637633059   -1.1467787699   -0.6277132770
   5.5882301956    0.5698555019    4.1852183170   -0.1231892397   -0.6049113128   -1.0590172950
   7.0988644021   -1.2910168294    2.7270977537   -0.1338562220   -1.1390221195    1.0264393789
   0.6755379347    7.8590619079    6.2867822221    1.2867819441    2.1594500117   -3.6902311403
  -2.3161402281   -1.7039204240    7.0089750826    0.3661357120    2.8925013746    2.4811537118
   8.0811845003    7.7449078624   -2.6174112162    2.4136383360   -2.9778959119    0.2589233878
  -2.2439372404    5.6978584043   -7.2202183058    5.6469873436   -4.2547039075   -0.5643628265
   7.1885664826    6.4023996578    3.7839929590    1.5071956523   -3.0466107738    0.4260864639
   2.4367755619   -3.1013379224   -6.5290423328   -0.1505638615   -1.9123012173    0.5336194774
  -5.5305922459    1.2600697425   -6.7985155620    5.1711021197   -3.6298318639   -1.4450509171
   2.9720348294    0.9271951713   -5.3753856290   -0.8534217903    0.9402290595   -2.9586913277
   1.9800632521   -3.0528957027   -8.0279899826    3.0765814769   -0.2635234187    1.3653312752
   7.3996882489    1.5348187136   -0.6622710422    0.7851307625    1.5204832067   -0.4127838178
   2.4501216145    5.1100085833   -5.1676641055    7.0007663178    0.6896074361   -0.3388076668
   5.9950284624   -6.5971772919    1.7075413047    2.9325763460   -2.5208086738   -2.0273423142
   0.5145819691   -4.0115773657   -3.9868109102    0.0614035580   -2.6217853500    5.1466528874
  -4.8599347713   -1.5495695352   -3.9177487962    1.9664352461    1.9614138164   -1.5293710448
   6.8178022879   -0.0211398380    3.7942422685    0.9556526137    0.2679777031   -0.0074101109
   2.9220734240    6.5192619251   -1.5781637745    0.6796020639   -1.0539071900    1.6900498266
   2.0866242328    8.2391909209    4.5487777149    3.8382711687    0.9831236369    0.8426461842
  -2.9166912775    5.4951361465   -0.3157328129   -5.1397793398   -0.3411405425    1.0414627434
   4.4376160081   -5.1303474607    0.0688070288    3.9672385085   -0.8697862372    0.5955213010
   5.0239433670    5.4786835038    3.3324542728   -2.0713843366    2.0598904058   -1.1166852307
  -1.6806011022    2.7094486795    7.6704346576    3.3652651962   -2.3564321740    1.1592952033
   8.0179530541   -6.9091738625   -3.1481458928   -1.8949291038   -0.1664553258   -0.3953566897
   2.7351063211   -2.5359649831    8.2242669130   -3.7787417527    2.8221655555   -0.3642076778
   3.5134217931    3.2736619977   -5.0596523663    2.3320463929   -0.2962908834    2.8434488694
   8.3169415774   -1.4991839254    0.3938995980    1.5321354811    0.7764869750   -2.7026988442
   3.7549440226   -4.7250615352   -1.4046226245   -1.0024972290   -6.5842318672    3.1052988422
  -4.1390643669    6.3123175634   -2.0213558907    5.2344915314   -0.6055118373    3.0811507718
  -5.5389937774    2.3133367116    2.9664382570   -0.1077701172    2.3648586720   -2.0989878447
   8.1256490818    7.0321987188   -5.4403732048    1.1471720650    0.3826142513    0.0699919619
   3.3564716262   -1.3670654640   -8.3884306848    0.6791898657   -0.6564539819    0.5310746929
   8.3274561129   -3.4132723863   -4.8433149352    1.4635873374    0.6993453193    0.1042472585
  -1.6134950096   -0.9731744819    1.5839685064   -0.5552581052    1.9148635776   -1.0845002828
  -1.2713188733    6.2029913278    4.8299594856    1.1987710227    0.8974630080    0.7240710245
   1.8827176144   -2.7169318323   -1.9687888374    2.9566993390    3.0287868359   -1.6448957318
   3.4291204806    6.6436253720    2.1101077517    1.3740279439   -2.9672138294   -0.4650606249
  -6.8471520134   -5.7047352194   -5.6943615234   -1.1539146478   -1.6224037276    4.4182023403
  -3.5130829747   -4.5888959628   -4.1882373949    2.4245797549    2.9247262716    0.4768938402
  -7.2790708426    5.4790315061   -0.3227730993    2.2962747403   -2.1741139602    2.5758997623
   3.3823764973   -0.4102685344    0.5757730620    3.8870773851   -3.0612579504    0.6323361790
   8.0133100631   -6.0321078830   -4.9750171521    0.8030320195   -0.0862229320    1.7144438469
   2.3228569419    2.1001996548   -8.4303941715   -1.5365179301    3.6221153387   -0.9044294648
   6.6115668204   -7.2131869898    0.3460787906   -1.7980694870   -4.3939084261   -0.0557124560
  -1.0278435693   -4.4543300442   -4.2768167807    1.4873627842   -1.4325826931    2.8981627309
   8.0520301162   -2.4255992214   -4.0152699761   -1.3264620469    0.7606817169    0.9455944100
  -3.7856823467    2.8096679252   -6.0681241609    0.0237727100    2.2035412965   -0.6228024445
   1.2715773224   -1.6306293706   -4.9322549211   -1.3615785988    0.0863255590    0.2044392455
   0.4123433001   -7.5025004366    5.4729666405    4.0340675741    0.9520045049    4.3836048441
  -2.2313909161    5.5942694880    8.1594155949    0.7887409827    2.7226163784   -1.5899049735
   0.6872225761    5.8213487010    4.9908447457    1.7482160853    3.0367934754    0.0843245454
   2.4572713147   -6.2399436759   -3.9224269708    0.5128632048   -1.6636091390    3.7365162281
  -6.5588413597   -0.6609531514    3.2562272808    0.2618801153   -0.0479371922    2.7246515014
  -6.5750917747   -1.7632493383   -2.7025523029   -0.3854843282    1.5897839968    0.8630346147
   5.9385381964   -0.5751526110    4.8808288055    0.2638426615    2.1397039476    4.7521637172
  -7.5438978882    5.9564146673    1.8463897167    3.0058367229   -2.0330552666   -0.8170593671
  -3.1939649763   -4.4794197037   -7.1243662950    1.0003066489   -1.7059645517   -2.1724008894
  -5.8279554200    6.9485993746    8.5377764727   -3.6696646623    3.0327728084    3.8853808683
   4.4090350042    2.5510752679   -5.6593789926   -0.2499349451    1.1882208343   -0.6018649259
  -7.9938385533    2.7252786529   -7.6039333080   -4.5970167621   -0.2415953868   -1.4684618871
   5.5425531115   -1.9140475585    5.2812243899    5.4336854940    1.1886660700    3.6808269700
   3.6685198490   -3.9283389799   -6.8906586392   -2.0641074742   -1.4183178355   -0.4504719036
   4.2289968006   -4.7902285757    6.0385719580   -2.9369546707   -3.4831231689   -0.0913404497
  -0.1065433116   -0.6827392906   -3.5441007742    1.4964624188   -0.4750624895   -0.8356040605
  -5.3900829283    1.7689773835    4.9643018469   -3.6927352633   -6.0413459592   -0.8525573052
  -7.6710594377    1.1909522854    6.3894191626   -4.6482055361   -1.0601737068    0.6929993560
   0.2600086029   -1.5298283022   -2.4787254197   -1.0147232753   -0.4472248450   -1.7029751065
  -8.3953246878    7.9625427919    3.3601682286    0.5052114271   -0.1085489424   -0.3956099572
   2.7511119912    4.2849661951    8.5298486076    0.7253022211   -1.7337157368   -2.8525446120
  -1.1831972286   -0.0125636399   -4.6007605309    3.7991171562    1.8909155160   -0.9042293616
   8.2919600624    3.9919013797   -6.7382447923    4.7957374447    1.1859354439   -1.9802972409
   4.2802901133   -5.2206917505    3.2814956818   -1.5468621381    1.0791139217    0.0341847252
  -0.2747483612   -0.6360263108    1.8343879807    0.6971690548    4.5605328876   -2.0562281637
   6.4110873652   -5.6671043063    4.0501835080    0.6471176926   -3.0548409281   -2.8276809250
   0.5961609837   -4.2758203229    5.5187236643   -4.0515768635   -0.8839291337    0.4697365589
   3.0117438570    2.3731671189   -1.2628498474   -4.4526010156   -1.7803922607   -0.0819570478
   5.6804641785    0.3373527973   -3.7926250148   -2.2083076002   -1.9230360541   -5.1736585556
   2.9079360116    3.0866714920   -2.6174892232    1.2636882958    5.6771086333   -1.9909894533
  -6.2876256322   -3.9589866154    5.0143409370   -0.1677575652   -5.1745854922    3.3032857423
  -8.2175675127   -0.7327675172    1.9790019859    0.7458720482   -1.6581581549   -3.5605718729
  -8.0251454724    0.9467331616   -5.5826980655    1.6114242335   -0.3351870933   -2.1376715820
   6.1776744336    2.5142055911    0.3420173577   -3.6529525609   -2.8376926414   -1.6271712026
  -4.8099171920   -3.6989403740   -6.4524749578   -2.1197674794    0.3269659230   -0.8360577626
   7.1023384603   -2.6755058347   -0.1428562517    0.8273449431   -2.2299506887   -1.1811282021
   6.3671439670    4.7631259083    6.8270663306   -1.6667458141   -3.8091728449    0.5287789706
  -3.4909263461   -4.8255531118    4.7516915753   -3.0169573880   -2.2372852239    0.9061603677
  -4.5275187023   -3.9258775871   -0.7789912399   -0.4561448184   -0.8120286722    2.4663115466
  -2.8998652381    7.9268866053    4.2666587310    4.0458304150    0.9519317610    1.0837637835
   6.0206373995   -6.1276901265   -3.6462609208    0.3537518678    0.9487630387   -3.9533016968
   3.2269976942    0.6249338403    6.3092363791    1.0023309096   -5.3539944321   -0.4095835764
  -7.7699301902    4.5369507451   -5.4206504441    1.7130311936    1.4773619930   -2.3213507761
  -3.4575571001    2.0565581039   -4.6554847196   -3.9691183657    0.5219182191    1.3366134223
  -5.1708992500   -2.3397718161   -1.9078969144   -1.5502666759    0.8161074999   -3.9767334235
  -7.1581581429    3.9051633982   -3.7664454826   -1.6999447309   -2.1680242414   -0.3274032831
  -7.3575833565   -6.2166878655   -4.9038844372    2.7023484837   -0.0033249233    1.6583172595
  -3.6382231416    6.0764668844   -2.9884170286   -0.5623912468    0.4731551870   -4.1962803271
  -4.3597548417    0.5077780363   -6.0292868254    0.7787929797    2.4572215942    1.2838977013
  -3.5593561005   -3.3926387630   -6.8407990006   -1.5594767999    4.6514667860    0.1012192456
  -0.6742147745   -1.7495539271   -0.8263280505   -1.7691528603    0.4920041493   -3.1826735207
   7.8618075355   -7.7891948346    1.2303840424   -1.4861066745    0.4990366013   -1.3629765012
  -0.2281790713    6.2264171144    1.8025533263    0.1147765117    0.2475221539   -0.8115999598
   2.4649197694   -0.6291143650   -2.9110334252   -4.6008738362    1.4529007033    0.0922675569
  -0.5905411967   -2.9711304278   -0.7843977480    0.2666390092   -0.7334629269    0.3626344775
   6.5454390964    6.2140906098   -3.2501351495   -0.4880503779   -2.1463610585    0.6150904667
   1.4995644615   -0.7981602460    4.8826234792    5.3136043299    3.0099689565   -3.8223083877
   3.2138333343   -5.7186215534   -1.6581392887    1.2754743142   -0.3124692673    1.2272334707
  -7.6431494943    5.5517230046   -2.1867536432   -0.1002791816    0.0246244059   -2.8338542637
   3.6647940060   -2.2645268387    1.2689767574   -2.2599706606    1.0349453426    0.4964480842
   5.9750656805   -6.9571087975    4.3061639074   -2.4992583691   -4.9845445095    0.8125012532
   3.7471989364    3.8249944807    2.7196855882    2.9279867294   -1.1820116686    2.1457881842
  -6.0102520615   -2.7486135728    0.1220338288   -1.3532021475    1.2812857789   -1.1474820393
   5.2344957161   -0.7909564151    0.2511721600    0.3822355192   -1.2075309033    0.4766513906
  -0.3170005282   -4.8006113693    7.5864380448   -0.7114989137    3.2484473188    2.8804549666
   2.5006254552    3.8184069406   -1.4852551967   -4.1209287068    2.2385783229   -0.2313074831
  -0.3623986032   -8.5216822813    7.9630021782   -2.1649745323   -4.2491165645   -2.1025972275
  -2.4190218889    4.3625226362    7.3822513069    0.5590421305   -0.9373381762    1.8449397331
  -1.9186286751   -7.9993351869    2.3951909350    2.3837586666   -1.2836961494   -0.4557316540
  -3.0575479091   -1.8811302142   -5.4779215989    2.3028728395   -1.8381302207    1.8897284592
  -0.2203113757    3.3280498977    1.6848063152    0.7602940221    1.7281895215    0.4554865237
   3.5126500221    2.4838656432    5.2040888789    2.0280652171    2.9447949380    0.6787553532
  -0.3316822729    2.5806629431    0.1368968525   -2.7792797276    0.9093808103    0.1704906961
  -7.8157094497    8.5327102640    1.2017794226    1.7206680705    1.4551801004    1.8730408056
  -0.7938668764   -4.0685051246   -5.2093328089    1.9208906600    0.7896674073   -0.1745322657
   7.3445482836   -0.1167464082   -3.5194465038    4.9473481774   -1.4692180606    0.7622254457
   6.7967272943    2.4741931258   -7.3732417063    1.1638791396   -1.8229307524   -0.6892234298
   3.3022793015    3.5141140338   -7.1011601804   -0.0101802980    1.9546147363   -3.5081104554
   5.5952014474   -6.4189912631   -0.8584555429    2.4626380645   -1.5309228436   -3.0646790256
  -8.5477898189    1.6828525620   -4.9070043905    2.2242436034    0.7168332641    0.0295240325
  -1.7467230524    3.2822476153    6.5412501782   -0.5049865735   -1.5063516260   -2.1072710902
   6.1803127534   -4.9443001656   -5.5458866578   -1.5863566606   -0.9789275575    0.6950383882
  -1.2687155625   -0.8323900712   -2.5730272251   -2.5167965489    2.5598582530    1.6619196776
  -5.6588095190   -4.0386439561    0.8376881558    0.9057239588   -1.9771213942   -0.1933894377
   4.5367153692   -7.4710080327   -3.5879043879    0.3779983886   -2.6756461956    0.1692790576
   2.4028209668   -4.6261065092   -8.0756843641    4.4559389438    2.1559896012    0.2711194840
  -4.8989606267   -0.3215216180    3.2282632826   -2.6643537799    0.6232854538   -2.5523873644
  -8.2225849401    4.7725036377    7.2664924850    2.2388182151   -4.8124828601   -5.4300316298
   3.4711863376   -8.1410428524   -2.9712632231    0.8931485317    2.1345027866    2.2292524430
  -2.5181617372   -2.8211252782    6.2515114226   -0.6406762101    2.1754358208    5.9439512097
  -6.6054798657   -1.1048332014    0.8463134344    1.5470135307   -4.2068857854   -1.9054721786
   1.6794589838   -2.4981513307   -5.9067652079    0.4953651581   -1.0971525163   -3.8645796945
  -6.4397353702    0.1020458253    6.6424522372   -0.1840824303    0.6891339711   -1.6395275766
  -0.8081162493    7.9182878427    6.5961012861   -2.2555568656   -0.1250100666    3.8915528366
   1.4408586309   -1.5657635802   -2.8862993240   -0.8858921587    2.4611162955    0.8584902899
   7.9982144594   -3.3245687519   -0.5052138596   -0.1930883717    2.7722488899    3.4680493551
   6.4148709529   -5.6627811022    2.7759693493   -0.8758319830   -0.7149835523   -0.2489154665
  -8.5183958685    5.3546886816    0.2112524490    0.1479465981    0.5135849388    5.5503721007
  -3.4980553806   -5.6984990050   -3.0752547035    1.7748783064   -2.8861493262   -0.4077364280
   8.4789402796   -1.5478338503   -6.6424407294   -1.3745688454    0.1743810295    2.6208307691
   3.0528842835   -2.1047518727   -1.9252877018   -1.2708207845   -1.0266954321   -3.2175075142
   2.1714915392    8.3707478486    0.1030545795   -1.2633134707    3.6962919380    3.1399035289
   4.5535158602   -4.8621070543    2.2622069691    4.4525286107   -0.2690625833    1.5305867808
   0.9544138317   -7.0343966662   -5.9507844618   -2.3454714914    1.5560081833    0.9324468498
  -8.2373351819   -7.3703102062   -5.7388981253    1.0840270671   -3.1401493441    0.5368245663
  -6.3623086447    0.4089261232   -7.6040379269   -1.3062678512   -1.3736655127   -2.6331382593
  -8.4228679238    6.6580836615   -8.1691231537   -0.9543788794   -1.1392551164   -1.0818607145
  -7.8224339548    7.8758359890   -4.1856919028    2.2807480940   -1.8571450711   -2.1734775958
   6.2968808677   -3.7980949529    7.1904034691    0.2560179203    0.7130573988   -4.0916431948
  -6.2921987746    0.3214208087    2.6937896415    0.2832622569   -0.4572249190    4.1760603853
   0.3938266052   -7.6166220419   -3.6229220655   -0.8702969736    0.7371689496    5.0265361421
  -3.1437364523    7.8168465558    1.6465537194   -2.1657559027   -0.7671059603    2.2747317499
   5.2709728241   -3.0950322415   -0.9733141641   -2.6534421522   -3.9200602049    3.3171061673
  -8.1805946403   -1.7864327729   -3.7247981988    4.6417145000    3.1025525759    5.7332686352
  -6.8834874217   -6.1514996354   -8.3325747982    0.7820153546   -1.1468529326    3.2655229066
   3.6755970776   -4.0246805398   -0.3477041104    0.6503536047   -2.8917190913    1.4266269683
  -0.6113543462    3.2243726008   -1.1737350611    1.1629090125    2.1938471802    2.6797377533
  -6.8131408572   -3.4688575187   -6.6625248966    2.3280767480    0.6728927604   -3.9438011315
   8.2172119739    0.3944131788   -3.6458317308   -3.4699230925    0.8770303499   -0.6733486092
  -5.2773080606   -7.9486137985    7.2517412245    1.3571710036    1.2810821727    3.3042669395
  -6.0531404941    7.6719255725   -5.6204241662   -1.9192776805    0.4786051450    2.1617375023
  -7.2762374897   -4.7634454521   -1.8079825346    2.1027280557    0.8217296382   -0.8176575399
  -1.7197555353   -6.0706032696   -1.4024907446   -2.8750620818   -0.7258060230    1.2859612102
   6.0163551699   -8.1394696222    0.8484701065    0.6244139704    0.2220135534    0.4899305088
  -2.8400753611    3.0189664984    3.6877167069    3.0036632211   -2.3190306486    0.6337923625
  -5.0903978969    1.8745127330   -7.5650988722   -1.6816599002    0.6947719731    0.6803792683
   6.7196131113    0.2032789168    5.2293024704   -3.3420255818   -0.9880007433   -0.5325027831
   6.0704040305    1.0469901398    1.0269821440   -1.6100764320    3.4009692631    1.5327360748
   3.3585679909    7.2506105333    7.7594250952    1.2898559786   -2.3994626149   -0.9501097989
   7.6523076115    3.8369565930   -2.2738696704   -2.2015026253    2.0215465913   -5.0588715825
  -6.0613002136   -3.4809361428   -8.5008840558    1.7055174493    0.7400019598   -2.9191273915
  -2.8263852325   -2.6518309364   -8.4124868773    0.1256515731   -1.5276485593    0.7796987532
   3.5161661228   -2.7446827210    5.2701758798   -2.4684351999   -1.4790088670    3.2789034950
  -2.6107853447    8.2132218301   -4.5473541805    0.1571616220    1.9028231822   -0.7698929113
  -4.4683472700   -6.0786132322   -1.2678477986   -2.5396513664    2.8216497582   -0.9226221335
   3.3841283684   -5.3764857495    6.0411815419    2.4987089577    1.9413978483    3.3189344054
  -0.2493009355    0.2404596080    2.3361973086    0.5032878160   -2.9817653622    4.3122518050
  -3.7414124820   -6.9175462673    8.1455478868    2.5413624415    1.8638404298    0.3701675926
  -1.8933328209   -6.9465280392    3.8363405832    1.0402352241    0.7224283509   -1.6574531924
   7.0625582302   -2.5332436298   -1.0931724132    2.7908979160   -1.5852099111   -1.0659296520
   1.3277696156    1.3663073281   -4.4805139053   -2.1433394138    1.5379134515   -2.4044217335
   6.7633136626   -3.2801509117   -7.7282342784   -1.4360051292    0.9516688837    1.9701742110
   4.3314177734   -8.4649308503    0.0899529533   -1.0101112232   -0.7985453865    2.4247469740
  -3.0361282205    4.7816169236   -6.6670457456   -2.2350905875    1.1396619679    0.0898496758
  -6.6440673273    6.4127086904   -5.0333206881   -4.2460642261    1.1257937793    2.6001833079
   3.4128805164   -1.6970006565    2.4323912076   -0.4752243832    0.6987364938   -0.0395803858
   5.3593079971    1.5241143763   -4.3209075255   -1.0831705107    2.3908463801    3.3948964997
  -4.7765751449    5.8703141878   -6.9185267441    4.0289940933   -0.8948347316   -0.7554224914
  -5.8632758205    6.5869964963   -5.8441204768    0.4462434862   -0.2759491602    3.0409408999
  -7.0487702287    8.0468467367   -5.7537809100   -3.1642730883    0.8745147498    2.4689550021
   4.3183177655   -3.2823674639    3.1350790802   -1.0476981067   -2.1428718590    0.1096819017
   2.1339411244    4.9874998889    0.5608263631    4.5859744098   -2.3222440530    0.4490176337
  -5.7636179042    7.0186917554   -0.1035878375   -2.6521501468   -1.3001744195    0.2895429218
  -4.7122676381    3.6233669608   -8.4273800809    2.0219016668    1.5313192586   -2.7489177104
   5.2450654889    5.4743580176    7.9043289929   -3.1091516392    0.0056630477   -3.3404357445
  -7.9546866154    8.4591648610    5.4411847749   -0.2422811454   -3.1001797228   -1.0177650219
   4.2209468909    7.3050640772    0.5598171143    2.3703065235   -2.0101442111    0.7251448704
  -8.1548765332   -6.7579943342   -2.6660888399    1.2085225277   -1.9626036251   -0.7070782791
   1.9540759075    3.9373908716    7.3004835796   -1.0185548969   -0.7024675035    1.3582018224
   0.3207630817   -4.5870134000    0.7522569159    0.2552004910    0.4326930153    1.2363231338
  -6.8601278319   -7.0150035336   -7.6769739062    0.9675198160   -1.7222243580    4.2988531906
  -4.2536858098   -5.7670365667    1.7531928568    0.6051308740   -0.0300730612    0.0195322477
  -2.4724091917    2.7699086308    0.5987090431    3.1815821674    1.9533182843   -1.2412606258
  -2.8411090750    1.2182814439    0.8850214641   -0.8442573144   -0.2519233559    3.1427434502
   0.7900470030   -3.3753553288    2.8810535305    0.6314441829   -4.4964282071   -0.8980498566
   3.1277448769   -4.5363437874   -4.2781925745    2.9521391832   -1.3097481130    2.5951497929
   6.6783419873   -7.6025764632    3.3732172573    1.9523129549   -1.1155737040    3.1803224450
  -4.3067541120   -0.4760576487   -0.1702419263   -0.5698338429    0.9102930672   -0.6667933576
   3.7852953797   -8.2329845536    5.2062481496   -1.3909242844   -6.5650692763    1.9938209153
   7.3891774413   -6.7326040197    1.4608425688   -0.4657798653    2.2669797172    3.2446511445
  -2.3068008419   -5.0102224501    7.9278276541    2.3143542618    0.4970667511    4.3676988248
   7.9550429437    6.6466697058   -2.7735029511   -1.6524764038   -0.4635202348   -0.1133321417
  -4.6112349935   -3.1420273365   -3.6724205670    0.3493893414   -0.8819690834   -0.8300032776
  -5.4095343152   -1.2697983513    6.6240357904    1.3907294826   -1.1552174903   -1.5688674945
   2.7751101578    0.8724024956    4.6283662721   -1.3239430882   -1.1877507615    1.8757579796
  -5.1559519510   -5.7890038786    3.7140174435   -1.7791996646   -2.2196298398   -0.1265572025
  -8.4855587187   -4.0528196118    3.4789448765   -1.1453580880   -0.4813918137   -0.6442494761
   1.0799005050   -5.0514621671    7.6068616947   -5.4016485360   -1.5045477407   -3.2233826736
   7.9553411208   -3.1775538995    5.6988704083    1.7983927559   -0.6008097612    2.1761492446
  -6.6502989316    5.5488501581    4.0921228517   -0.3549066320    2.8926726312    0.6296066951
  -4.6995567139    0.6805248742    8.5476245540    0.5522941650    3.1209843449   -0.1159576877
  -7.7868508242   -0.6322758758   -7.5716282372    0.3388356740   -2.8349272821   -2.1148027784
   7.8991747637    2.2711491328    7.7216546701   -0.6848921600    2.1990620390   -2.5861538392
  -1.2180819045   -1.6289828918   -7.7723728440   -2.1120892959    2.4013216709    5.3906964492
   0.7142310323   -0.7946852260    6.3136483495    1.1832727921   -0.1744187052   -1.9479592529
   5.6519540058    0.3374582718   -0.5856942494    1.1689391259   -0.2478865776   -2.5992216564
  -7.3435612582    1.0833853664   -2.3006886096   -0.6368713158    2.8258646216   -6.1846232964
   8.0867566814   -1.1486389410   -1.7340029457   -0.7502790327   -0.7574859722    3.6139885964
   4.8927259627   -7.9990394428   -4.7420528575    0.9310544699   -0.9681157855    2.5280169887
  -5.8861323367    6.6769058211   -3.6824532275    0.1263866094   -0.9800991160    2.4826688463
   6.6296080308    2.0342617243   -1.2924297769    1.7760566155    2.0394829866    3.5924673355
   4.8753375632   -7.9075275049   -1.2051013193    0.3295341502   -4.0298671973    0.2747174342
  -8.3508024584    3.8289511964    1.8043678089    2.8179884898   -1.4365741534   -0.4493931490
  -8.3264231940    8.0863128243    8.0766013090    0.6949228300   -1.6524847371    3.1403409890
   3.1794670832    5.5073153646    3.6327754516    2.4458687841    0.4088614095    2.6352831423
   3.4434239415   -4.3138812963    5.8661260501   -1.5463025360   -1.8862079526    0.7801014630
   5.7429908400    8.0372915494    4.5189834883    1.0168228861    1.8294322540    2.0391259418
  -0.6896772252    7.1303304541   -7.9255065503   -0.4148564419    2.5552859549   -2.1160969043
   6.6930242695   -3.3750070437   -3.4404925721    3.5936492923   -3.4665299052    1.8589306283
   6.8591265553   -3.9998764682    3.3515117130    2.8767781442   -0.1236154655    2.2991631883
  -0.8043032368    5.6476017934   -6.3539541539    3.0865196540   -0.0197034129   -1.7636315139
  -3.0455497516   -7.5106861070    5.1245824869   -0.7792634065    0.3968452842   -2.4514645786
  -1.8754219388   -0.7547612729   -0.3222914156    2.1225905681    1.1112937838   -0.2271596498
   0.4789158947   -3.7643160358   -5.4005204150    0.2484327313    0.3622879900    0.2802853398
   1.0099761959    1.9472632734   -7.8040886830   -0.4531338165    0.1244862810    4.5913129647
   6.2189324251    6.8640500977   -5.5808174554    4.5341205691   -0.4992877320   -4.4841277917
   1.6809527419   -3.8651277273    7.1952932878   -1.3511484448   -3.1978482275    0.9672917628
   3.3837321753    1.0078640042    3.8860769630    1.1572768470   -4.1598065146    4.6046875380
  -0.1861561857    4.7326364312   -0.7984664572    2.9623336502    0.6706717482    0.6859065672
   6.3603213753    5.4708945927    0.1344699288    2.7447506388   -0.1558064345   -3.9843091545
   1.7121000812    0.4264402339    3.9601317270    1.3500968066   -1.8000733625    1.5661305715
  -7.3581937775    1.9703807597    2.2075397437    1.1051104077   -2.7397293510   -3.7602570266
   3.8176280003    2.0984210297   -0.3689842735   -2.6793271507   -0.1587439480   -2.7661105118
  -5.7935484454    2.9731112354   -0.5830906792   -0.2555671121    3.0135168726   -1.4996042071
  -5.7255956793    1.9391606463   -5.2341532026   -6.5505214434    0.8546556653   -3.8833747420
   1.7111673916   -2.3452125815    6.3906088708    1.8259817132    0.9001742634    1.0275107623
  -5.6537490435   -8.5310649798   -0.4587033828   -0.2277668808    3.0820645493    5.2911451411
   4.8458822361   -6.4099360811    6.0358893235    4.5111454671    1.6030419715    0.0982654187
  -5.5782581896    4.3055826308    3.8724302020    3.3903018250    2.4085351293   -1.9713987071
   3.1168193078    2.2381355986    6.8418344224   -0.7198036316    2.4228466182   -1.2188925149
   6.6901766063   -5.1722508002   -7.6115778250    3.0486400061   -2.6422580004    0.5260338380
  -3.0587451994    6.8208447385   -3.0565797593    3.0224216939   -5.7839483595   -3.7282098382
   1.2627480341   -2.1711451279    7.7645227729   -0.5455365297    1.5687077717    0.1033852460
  -5.6784067466   -5.0234074949   -8.3470460981    3.3656661385   -1.8317861202   -0.3339277256
  -4.4631781575   -3.5437644585   -7.3902791451   -2.7585751030    1.1065500161    0.5187765806
  -7.0883836257   -6.5407200563    5.7807936296   -2.3690051510    0.8779349353    0.3077335213
  -1.6538332604    7.7118200623    5.6445509638   -0.1511318517    1.4128599800    4.3683344793
  -1.0322359469   -2.4704269739    4.4028458787    0.1456369101   -1.4959557029    0.4966360925
   3.3035762534    4.5306229645   -6.0535266184   -1.2276279601    2.6603151424   -0.7080739090
   2.7406603888   -1.2634844530    5.5520430744   -4.6742183327   -0.7257763772    0.6620496407
  -4.4765513711   -0.2925692852   -7.9591085805   -1.8955183593    0.9875301964    4.0651994430
  -8.1443549659   -3.5373325878   -1.2478279237   -0.3883290483   -4.0978716739   -0.2123491783
   1.2014203037    2.2054159279    2.7862223135    1.4639082356    3.0467953334    1.8708564601
   4.7118163048   -5.0843042986    7.1766533286   -2.4344771170   -1.2513588434   -1.5630294130
  -4.0384312128   -6.6851249711    2.6651522920    0.0609823483    1.9782704063   -0.9239859696
  -7.1085621385   -3.2300114306    1.8433578154   -1.5235719680   -2.1633947277    0.4719843237
   8.4753083835   -4.0363847172    7.9854228467   -2.7083576950    4.2661823804   -2.9518803620
  -6.3004707230   -3.8571618497   -2.7095159613    0.1900963021   -1.2889905496   -4.7506408424
   1.2261753465    4.3181257586   -2.5617282787    1.6627947909   -0.4843703397   -0.5582624411
   5.8053925016    1.0559208968    7.8830597140    1.3166002507   -1.2565477985   -1.3978607185
  -8.2853214493    8.2482009108   -7.5457776624    4.2814963870   -6.3735062454   -3.6545614747
  -3.2445361759   -7.0345058323    0.0757455544   -1.2644239527    4.4737869563    1.9861025327
   7.7218392748   -3.8749991869    1.2664253584   -4.2561457862    0.8691711350   -1.0363177666
  -2.7656085038   -3.5887147263   -7.5164390235   -1.7687802673   -0.2131472693   -1.4609154150
  -7.2400532024   -5.5584296224    7.8019960691    2.5006224596   -1.0653874271    2.2191697736
  -6.9717332722   -0.6256052391   -5.5878869820    0.9503979742   -0.2970930477    2.3196502325
   1.2895889252   -0.5080306244    7.6366273400   -0.5485841541    1.0226173486   -2.3440461230
   7.1259028267    3.5642743449    4.0819728386    4.1670872422    1.1606424039    1.5097913838
  -4.5625898021    5.2089520082    0.1374835584    1.8368149294    1.9734907297   -1.6156423876
   1.5616052452   -8.5355221665    6.7181089244    0.1092532220    1.5215758021    2.1238216057
   1.1245295592   -2.2956286537    2.0739635037    0.8629623303    0.3469784910    0.0445934144
  -6.7833622568    7.9111107266   -4.4880425786   -0.1678841278    3.0208149175   -2.1820055142
   6.8752553397   -2.5055250535    3.0862435630   -1.3876796764    0.6806313993    0.6704774632
  -7.4543168773    3.6193153999    6.7554963434    4.4146429054   -1.5473450912    0.4194477603
  -4.0358693604    2.9252588337    3.1290618850   -1.2602099018   -1.7446400368   -1.9206786949
  -3.5666341199    4.7142185341    5.4301850043   -0.5852082937   -5.0431077835    2.4252999459
   3.4635926046   -5.6353999801    8.3663278838    3.0574294861    0.2384431020    1.8423365282
   5.8778421286   -1.6370581011    8.1646199716    1.0239217909   -1.4194228835    0.4385409063
   5.0648299487   -5.3305908006   -2.8458615747    0.0811056815   -1.9995582879   -1.6205152028
   0.3064181423    7.9788165274   -1.2320394367   -3.6443292233    2.2210169356    0.6164285247
  -1.9036362294   -0.0354641173   -2.7552666398   -4.1044131486   -3.5987697473    2.4253566882
   1.0455059224    6.8474102970    5.7421272163    2.2001145582   -2.1602792561   -0.5527517585
  -6.4604978559   -0.6490264026   -8.2385588166    1.5598039224   -3.4872238736    0.3133125033
  -3.0620374093   -0.5179793420   -5.1943331471    0.3500257167   -0.3007780562    0.3883775886
  -6.1935799548   -5.6185021827    6.4904674607   -1.5527939299    1.8702184248    2.2240381211
  -5.6235392635    5.6639222840    0.2291210460   -1.1653993159   -3.0170228433   -1.8344053452
  -0.1186167060    4.7859822880    5.4747950381   -1.9439996581   -1.7625544487    0.3350344854
   0.3352530798    7.7696070872    4.4983207815    0.6158156146   -1.0523622551   -0.1465594641
   7.6494082596    7.9961379903   -8.0645611487   -1.7779962148   -0.4412556936    1.1936679482
  -2.2843396523    1.2067454300    2.2000424748    3.0101478245   -1.0554050819    3.8106217796
   6.9548986687    5.4921663120    5.6884212828    2.9476229878   -4.4904167728   -1.0657453652
  -3.3034886761    1.5788988744    6.4247318360   -1.7411585338    4.7130518577   -0.6129920693
   8.1675997469   -7.7287102345    6.2499861269   -3.3824315826    1.1779037698    1.8867329680
  -3.9347814057   -1.7076125199    3.4122076766   -0.3147687322    2.3264275801   -0.0470965230
  -2.6416294915    2.2172950985    6.6094877072    2.5968414995   -1.4837423420   -6.7636745785
  -1.9950425404    6.4383089496    3.5596380723    4.4294256507    2.0903913663    0.8808676649
   6.4873817128   -8.3196429058   -1.6271289094   -0.1325117702    3.4574439168   -0.3552991222
   2.0828212716   -6.4212873630    4.4554009846   -1.4060678058    2.9153402235   -3.3426894141
   1.8706588222    3.4526052346    5.0585793741    0.1952622814    0.8284101873    2.2078548895
   6.2418547576    7.0229539227    3.3620105201   -0.5533266020   -3.7788990004    1.6714834889
   5.1020954159    0.4681772547   -8.1976563284    2.0307640275    1.2502418286   -2.8024046090
   5.8044876210   -7.0015097692   -7.4700122400   -4.0949599118    3.9292489222   -2.4141973120
   7.7654120990   -7.7734445240   -6.2137401345    0.6495807357    2.8087928160   -2.8504984599
  -1.1721709047    2.4483865598    2.0324922268    0.0030714466    1.9753113109   -3.4785881552
   8.1869954133   -1.9725404236   -5.0842790380    1.1202518923    2.8854648373    0.8020742298
  -7.8310219738   -6.6270221968   -7.0394389198    0.4590019570    0.5376844495   -0.2402157370
  -4.4986601795   -7.3352057163   -4.3413436861   -1.6639197230   -3.4603342727   -0.1880799897
  -0.6431196661    1.4593147858   -7.5703140374    3.7665555520    0.1137476575    1.6324393440
  -3.5235129201   -6.5163275136   -7.9492127648    0.4690658800   -0.7426639231   -1.1666995767
   3.4066229825    6.5628684788    3.9307090833   -1.3926952432    0.0286829967   -1.8597730882
  -2.5258070016   -1.0186414890   -7.1601552168   -2.9922193649    0.2127020855   -1.1958639054
  -6.9701217095    7.0756470845   -0.1664702236   -0.2101708830    3.1286896805    0.5519861796
  -5.4287252066    5.8810865823    2.8069146384   -0.1272150902   -1.2710608458   -2.2699090475
   7.8633231762    2.0015206613    0.5333157538    0.7457749328   -0.5649893335    3.8487121026
   3.0469405037    7.6772848143    2.3434973342    0.8661062001    1.2792222097    2.8869938995
   7.0124398300    6.8844754753   -4.3813885590    0.4481313128   -0.9798176369   -3.3633214824
  -1.5408454288    6.2663534906   -4.8927998408   -2.6400706600    0.4948078991   -1.1854498110
   2.3847328597    2.5783047225   -6.2319070595    2.7901773846    4.3930956132   -0.4399818709
   0.2973227153    5.1883492114    1.8417565285    0.0080451499   -1.7971197495    1.8511300419
   3.5328684517   -3.5699857640    4.7251606147   -1.3015291454    0.0593347618    0.2444905991
  -8.4297182409    2.4337931090    8.3990285874    1.5853593539    0.3262615219   -2.8572720955
   1.7655956067    4.9618646565   -0.3797638649   -2.6941465146    2.1381301669   -1.4961719036
   7.1193370022    6.6017707233   -5.7865171770    1.5884777580   -1.1594071873   -2.3284533324
  -7.8691453464    3.3346919492    5.4602369662    0.9769030488    0.6897425499    1.8078959416
  -0.6082473429    4.0804972455   -5.2499758686    4.4849535147   -0.3927543791    2.0774667507
   6.4792353626    8.0557110068   -2.8479711817    3.9851069668   -1.8421333868    1.3541983319
   5.0735294058   -0.1172271454    2.2985620665   -0.0890049529    0.2252920437    1.5836420937
  -4.9694893688   -0.0059046426    7.6880468161    1.4658015250    0.2648392713   -1.0876245271
   8.3722987526   -5.1663956476   -7.7956225173    1.6128214281    5.0003444718   -0.8596227897
  -0.3333540476    0.2582037760   -4.4342033221   -0.9890897694    1.3270017409    0.6080717661
   3.2327822297   -3.9066879883    1.0052301829    2.1720334595   -3.7265830819    1.6823436458
   7.4520610504   -1.8718520836    3.8063515103   -2.6583078872   -0.8527261134   -2.1495383240
   6.8178373668   -2.2928315074    7.5982971562    1.7049670212   -3.5725541148    3.3387086048
  -0.4452897680    6.5822282147    4.4681499286    2.4653789218    2.0360161728    3.0791146742
   5.1380712169   -3.0046554901    7.8615887825    2.4113229533    1.0259513780    0.5562553376
  -2.3939956288    5.8479624642   -2.5162119930    2.3586136859    1.7546701947    0.4374906842
  -1.6736642789   -5.3267553765    1.1479358546    0.5726626258    1.7421089861    0.0328373615
  -6.0185855560    4.2866440826   -5.2093690689    0.2773999250   -3.0151300403    0.5577607489
  -5.6767433548    2.3856563953    6.4267210393    0.8263574646   -2.0039823332   -1.5038540750
  -4.1599784296   -7.0751158159    1.6819689948   -1.4366258561   -2.1725201699   -2.2019742861
  -5.3045337305   -5.2323562894   -0.0764802920    1.1464064576    0.1791757757    0.8201842056
   5.6801676220    4.2301824736   -1.8792374829   -0.9342527763   -1.3778471588    0.7099727579
  -6.4117462699    1.3662667234    2.8282174479    3.3602999798    1.0434999885    2.2771647722
   0.6890637708   -1.3068306320   -5.5015072172   -0.5819513640    5.2941812868   -2.2954742820
   4.1142616942    4.5883460971   -0.3753955332   -0.3295927074   -0.5685133429    2.9928844374
  -2.0149781025   -1.1595371429    2.7844005492   -2.7531787672   -2.7958938467    1.4259272444
  -3.5357572257   -5.1251953268    2.0830418135    4.7237549794   -1.5332317172   -0.4728590240
  -0.3889000336    7.8450211881    1.8692820161   -1.0745668356    0.0166370965   -0.0584779695
  -3.8090931335    3.4325432249   -2.0021684885    0.6580587315   -2.3933874916    3.2886388012
  -8.4719412209    6.5945222698    3.3967733491    2.6866763482    2.1792576744   -4.3517334905
   6.6408316876    1.4605748876    0.4487745480    2.3312747027    3.7140374007   -2.8924568355
  -6.9446441452   -4.1342141464   -7.4326724250    0.8506010578    0.8353633531   -3.6296451451
  -1.7122104387    7.3212579669   -8.0044181558    0.6597425943   -1.1123789287    0.7954296429
   6.4002798216    3.7992537107   -6.7017913737   -2.8318893065   -1.9232380753   -1.6308825373
  -6.3910703265   -5.6537823102    1.4836878133   -1.7177687127   -4.8590489372   -0.5648351161
   3.5989357014    3.2101127125    8.3414980613    0.5527737269    1.4055616190   -0.8518157166
  -7.5844843161    3.5264376639    8.3275673893   -4.7663749320    3.9169491781    2.9402465883
   7.1307355390   -6.8589418351    4.3172179256    1.8073610132    0.6235703823   -1.2125117462
  -5.4597854080    2.5136917204   -8.1613873477   -0.2586862671    1.5397710972    2.0510144898
  -1.1829077073   -1.7172589613    6.4191717167   -0.5030177540   -1.8124760673    3.0226021206
   0.3258256165   -0.8260998822    5.3890407662   -1.5731963314    1.5503320586   -3.1372378553
  -6.8411237405    4.0851908168   -0.6504998804   -4.0423718380    1.8903649888    0.8589505230
   7.8398527459    0.2142355691    1.2549179983   -2.7085494849    2.2114095089    2.1700653016
   3.1578775419   -3.6474910393    7.3692476807   -3.7432565124   -0.0271778546    1.1595279467
  -4.8410121666   -5.5654300530   -3.6084946924   -1.7702167689    2.3266460523    0.7415108728
  -6.2140574400   -7.5293179916   -8.1289684756    0.1989076358    1.0913692161    0.5708245963
   4.1209397536    8.0300092511    2.9105199730   -3.1443183092   -2.9215631825   -0.2303358539
   3.5891486547    1.2232225784   -3.0864209783    2.8793690503    1.7401828113    0.0225158976
   7.9431590977    8.3612182784    2.5214045792    0.0350039510    1.3587048235    0.2119287602
  -3.6835583283   -5.3053097536    3.8024085883   -1.2554237226    1.7414588200   -1.3417605964
   6.6837297196    6.8020278724   -0.6081263601   -5.9239340705   -1.5103802780   -5.4015719878
   6.4268980458   -3.7765005982    2.3166043516    2.2005694366    1.3745216842   -1.3851387443
   0.5507149297   -3.3756148167   -0.4089727954   -0.4246772644    1.8655994211   -1.8549776533
  -5.0245417320    0.7785248159    3.2977219252    0.4879809560   -0.5358471833    0.6272931213
  -0.5674688327   -6.9644443416   -8.1101121851    1.2957018058    1.2117627004    0.4615432464
  -6.7577162370    5.9105809258    8.4111546576   -0.2854024538   -0.8934598388   -0.3185746675
  -1.8764287220    2.3411479334   -0.5801834370   -1.4406033067    4.0967545591    0.5978454722
   1.9849468953    4.4919835877   -6.3653948734    0.2204577247   -1.1064175725    2.0265752518
   7.8069419479   -6.7702900166    3.4875459589   -1.3671458908   -1.6439341534    0.5562872364
  -0.2534955948    0.4289812251   -6.2578802158   -1.5169967295    3.5503269888    2.2016087845
  -1.1328631714   -7.5232218541    7.1783605802   -4.1506030388   -0.0353011520    1.6500102548
  -7.7576187351    4.8027388190    3.9839072101   -1.1320716735   -2.0256016904   -3.0999198270
   7.2850355958   -1.2511451115    7.2805806238    0.8483884984   -2.9976225251   -3.4383214573
  -2.2267756569    5.5803849073   -5.2260390085    0.2424455379   -1.9647348420   -0.8667846439
   5.7306007720    7.8360646118   -6.0191193282   -1.1781452818    2.9289246221    1.2249295018
   6.0700269139   -6.7985984616   -1.7076984164   -1.1430877658   -1.5179417004   -1.1206943248
  -8.5236217483   -6.8310328575    5.6846041655   -0.8943025679   -0.0525895439   -0.3255604170
  -0.9211148229    2.3225664767   -7.3048174889   -0.7287703927   -1.8604045146    0.1649552279
   0.3170817254   -5.3539416570   -2.3491760151   -3.2464261075    2.6659571082   -0.7366800779
  -8.3504834333    2.3317859347    0.1059252038    0.6666257564    4.8006310586   -0.1746973014
  -1.1284591088    0.5276249134    8.0853517237    0.4972443011   -2.1824346941    1.1342455344
   3.0931048125    4.3475878289    1.4217014516    1.7700163992   -1.9187913146   -1.7321759304
  -3.4665659411    2.0025585836    8.3512511132    0.1469355799    4.1206188310    1.6568401703
   4.2392633812    3.5708538145    4.2289188276    1.0248955199    2.0521877289   -0.2397184472
  -8.4785306561   -2.8204773759   -8.5375418990   -1.6809917648   -2.8548896693    3.4669551201
   0.6896956715    3.3082453154    1.4563439110    1.3620774022   -1.4013731900   -3.0443453763
  -0.5021180495   -2.1358766151   -3.7788502481    1.6634805798   -0.2926298403   -0.7389886807
  -4.4119807379    7.1643067121    4.2491388362    0.5010782422    1.9676792830   -5.2338318535
   3.2496121462   -0.0804670174   -6.0033345314    2.3001587886    0.2539559228    3.7620111965
  -3.8568328885    6.7520555260    7.8747975367    3.1968319347    1.1556368998   -0.4289968292
   3.3394526803   -2.6532335492    2.3422075796    0.3037865638    0.4579949143   -2.9035663001
   2.6098430198   -4.9279799300    7.3684181736    1.1823136186   -3.2764042155   -0.9590458905
  -7.2047108616   -1.4948340434    7.6233629569   -1.1354328289   -3.0744459341    1.1411714763
  -7.7921318688    2.6006064546    4.7371483462    2.5162762764    0.6825380043   -2.6701938202
  -6.5522508014    7.4011844070   -1.9956153400    2.9479797945    1.0424873002   -1.1402012215
   5.1505766453   -3.0912990147    0.1472516650   -4.2918492684   -1.9414774150    1.8091660732
   3.7224397137    0.2450873660   -8.3583192308    3.3327098093   -3.0078270427    0.7914386870
   8.1773022026    0.9152687605   -7.6583959733    0.6520688301   -0.5135035127    1.4039430637
   5.8767359054   -8.0789376806    4.0556510483    4.2758581833   -0.4451235708    0.0994534736
  -5.3757895926    4.2516996891    7.5781877987    1.8214014606    1.4556774511   -0.3134783505
  -4.2180167009    2.5386954735    7.3899526495    2.4610222785   -0.8126651709   -0.1653138152
  -2.8830432381    7.3712723914    2.5424020739   -1.2733419210    0.2189858595    2.7605287463
   1.6833170512   -8.3819256638    1.8257028734   -6.6966344254    2.3069299523   -1.7777144875
   2.1140305103   -8.0923772185    1.0506767977    3.4758354969    1.1662432665   -1.2035570250
   2.1790423848    3.7328353394   -7.9917406407    2.3152894428   -2.2422319981    1.4359536527
   2.5225001015    2.1834037896   -5.4110590838   -0.3946302622   -2.4245565927   -0.2423444330
  -4.7729677307   -2.4281517613    5.9747261097    1.2996627927   -0.1076066773   -2.2730452254
   2.2549380490   -0.1511314445   -0.3728581295    0.1557624572   -0.1246699028   -3.1674654655
  -2.9530390733   -0.3807563021   -0.3770901992   -2.2137342916    1.7349031357    0.2721321623
  -6.3379941584   -3.0736047437    1.1525175710   -0.2503302977    3.1398551569    3.9755748669
   1.1339215227   -0.1043608416   -7.8885614830    3.4787071938   -0.4686969256    5.4082570633
   6.1676639221    1.1837156164    3.0731373459    5.6222513250   -3.3656066518   -3.2871263159
  -6.3333844726   -2.7301747242    2.6818244509   -2.7812659254   -2.5179620815   -0.6977805393
   7.3567933672    5.5173473355   -2.8277925767   -0.1692018415    1.5429606770    0.2691715534
  -4.3949217965    1.6785655644    1.5150308372   -0.9559485713   -1.0396667808    4.1324430323
  -3.9596236662    3.2905207986   -6.8863913603    1.0280834963   -0.1193477693    0.3249442701
   5.2262039328    5.3180441797   -1.1173438241    2.6300960441    3.5738322190   -2.3573040487
  -2.7942796771   -2.8011522961   -0.5291136889   -0.4184479775   -1.9088503096    2.2228803550
  -5.8344757689   -6.2187576820   -1.9744369145   -0.4046129289   -0.3030818027    1.4312171373
  -8.3157179219    0.1590719711   -7.5450765338   -1.8138261082    2.2238786323    2.7961387436
   4.0429980461    1.7338233290   -4.0910280994    0.9624613281   -0.5177504669    1.5196491333
  -8.0948034893   -1.9638937596    7.4018534066   -2.4076454024   -2.8134511539   -0.5772370149
  -4.3202376668    3.5890442405    7.3108007399    1.2617126189    0.2670944020    1.0867810669
   6.7144439681    3.0376422360    2.5791165162    0.8510288994   -0.0691451203    2.1219595864
  -7.0353012340   -8.2227887246    8.2969232064    1.6529774457   -0.2700704266    0.2787240427
  -4.6165710494    3.0302060176    6.1182384387    1.1816991201    1.1235663536    1.5080270612
   2.3390834229    1.5487027410   -4.6265080399    1.4536160009    2.7385367833   -0.3267408431
   0.8581430628   -6.7454776140    4.3145627139   -1.2526885863   -2.1410142565   -2.5080900957
  -7.2275328194   -5.9987767738   -3.7794048428    1.2146464933    2.6089502151   -5.6043542242
  -1.5861542157    2.6340353537    4.8779222260    0.1062995613    0.3053441604    2.6779892115
   2.2521788498    8.5420649154    3.4472814067    1.1562852787   -0.6581615234   -0.8048757706
  -4.8359503016    0.9854461279    7.2693691409    1.2534940852   -0.7684719249    0.4569299638
   6.6398545690   -0.1315577230    6.5770197317   -1.9862978417    4.1084353164   -3.0680864854
  -2.4408444071   -3.3606584639    1.5893212243    0.8820097774   -2.5922941220    0.8840422124
   2.0000467721    5.8974377293   -1.8774959624   -1.7329267551    0.4211807932    2.4569634806
  -4.5767851944    5.0589865972   -7.6811418011    1.7213133932   -1.2351878436    4.2962191966
  -4.1520689395    6.7482840195   -5.9391851990    2.2801716397   -0.3121495843    2.1046268602
   5.3828686469   -8.3994919281   -3.3457479871    3.2125792931    0.3139547128    1.5396121195
   5.2996756613    6.7056904160    7.6845122056    0.0126950376   -1.0442337321   -0.0428637457
  -7.3018066194   -6.2034054372    3.0319171455    3.0802133850    0.3389991383   -4.5008786957
  -7.4503886239    2.9618211418    2.1916131094    5.0069885225    1.8900580155   -2.6778198772
  -8.4745755391   -2.1667763059   -7.6852579791    6.5641660966   -0.2880600463    1.0134116117
   1.1830415379    7.0737026356   -4.0534569751   -0.2545326530    0.3143984637   -0.9449306239
  -2.0321140677   -1.4248167464    3.8183729299    1.3676969392   -1.2393310095    1.9743222983
   4.3095488647   -5.6059605221   -7.6775159819   -4.3064940567   -1.1154715513    4.6895318050
  -4.0844854632   -8.5334879685   -7.4926168379   -2.6775464953    3.0039598109    2.9153847992
   7.9824663717   -4.0405917204    2.1405513592   -1.4419776774   -1.1747032253   -0.5648750806
  -8.2397575928   -4.7674682235    5.3402766126   -5.8104200012   -1.1767160424   -0.2810693442
  -8.5186771158    4.6993144921   -1.0770838148    2.1614391810    4.5313338350   -3.3775172227
  -0.7166583929   -2.6426431710   -7.4281087491   -1.1751821946    2.0156945407   -0.3834684844
   2.9724430278   -0.8761010649   -1.5177730015    2.2472445073   -2.8832370082   -1.1285270291
   6.7934856603    5.3301303997    2.6989669201   -3.7040368827   -2.9327561017    5.1305290173
   5.9499336080   -1.8456406062   -4.3350992081   -3.7308454440   -1.2313874099   -1.2603751300
   0.9026754403    6.6891288775    2.0401990235   -1.1297261335    1.9357007749    0.0219685039
  -6.0371254897    3.4335333927   -3.5593473131   -2.1362020963    0.3700714947   -1.2111128494
   6.8746634452   -4.5626989453    6.2670523534   -2.0841674051    0.1680309555   -0.1797905185
   7.5690955537   -2.3225122310   -7.3933884883    0.9080798276    0.3208951417    3.0049344246
  -6.8913629138   -0.4089055098    4.7969064504    2.8031602574   -4.7441779205   -2.4797229554
  -6.7128284007    5.7585889126   -2.7644355223   -2.7265939473   -4.1039582254    4.7168643086
  -0.3055194398    0.5776899630   -0.3223442283    3.1912173320    2.7046640145    0.0088302603
   0.9575752877    0.8142969914   -1.2948205134    2.4943140305    2.5166676186    1.7495498368
   3.7197000495    3.7243890302    0.5175094601   -0.0057499493    2.5820132039   -1.4701533312
   2.2334686026    1.3990935303    6.9460822578    3.3663418771    3.0032350037   -0.1648965578
   5.1281219348    6.9612649427   -3.9489676101   -1.1520441719    2.7514446440    0.4222938040
   1.0555552629    8.5379354740    4.7140051136    0.8148173608    1.2348001625   -2.7955706387
   8.0705171347   -6.8074265663   -4.4183175544   -0.2201970406   -4.3732184139   -1.6035822525
  -5.3183541724    4.9594427083    6.2735186770    4.1359898650    1.3241043865   -1.4882982066
  -2.5785842017    0.7809446333   -6.1034223739   -0.5877892185   -0.4666721164    0.7958490094
   1.6608876638    6.0734567988    4.3381094153    2.4075763595    0.1962920434   -0.8513234129
  -2.8066099570   -0.5436950741    3.6108437166    1.6107025049    2.5897676188    0.7598601458
  -0.0083315249    4.3842125045    1.2214692178    0.7590317131   -0.2586965958    2.6476257362
  -0.0797474321    2.7008228098   -6.9704016529   -0.7241323612   -1.5668773306    2.9368860935
   5.4665695492    8.3052559403   -0.6009587794    0.2716243842    1.5142431331    3.4225135349
  -6.2851823433   -0.6794994923   -4.2021760529   -0.9930915104    2.1901933044    2.5050248491
  -1.0622058486    4.3106906030    7.4528578339   -2.3584198964   -0.5197124167    3.5575811485
  -3.5413748398   -8.4107080622    5.1370032869   -1.8824060586    4.3558485482    2.4709596401
   8.4177434473    2.6027682476   -1.0721503812   -0.0607066805    4.2068564063   -3.1169856916
  -8.1647849185   -6.9651696130   -8.0220183757   -0.2362110656    3.1613235870    0.5299663516
  -5.1113590314   -0.4311562703   -6.9845911442   -0.2529080167   -0.7076026880    0.2911052601
  -6.9775849325    8.4995478129   -3.5288370181   -1.0685075226   -0.2528742367   -0.4248732706
  -2.9945625454    4.9236956302   -4.2663401553   -3.3296261948    0.8150883414   -0.8094433481
   4.8691290646   -5.6817529162   -1.3206809723   -1.0975231241   -0.7671189496    1.0815837820
  -3.4649492465    4.8004543267    7.2623523269   -1.0296156263    2.5238614724    2.0786241746
  -7.7022537481    4.5403616389    0.2290395199    1.2534679745   -0.2878598288    0.8088384488
  -6.9408313992    1.0869124441    5.2142481122   -1.1000497287    0.3304502596   -0.7782629605
  -0.9690111566    8.4000404409   -0.2860772596    0.8613263765    4.8880832050    0.3751827422
   5.1911989456    3.2358244474   -7.1793576981    0.6661851810   -0.5254849863   -0.8221305801
  -8.3537430391    6.7788642699    7.3518697980    2.5312543334    0.4987126170    1.5149719818
  -0.4330888559   -2.5240896748    8.3138676467   -3.3235755890   -1.4850521867    2.7494743235
  -3.0399472392   -4.0187192786    8.1485853124    3.4646634910    1.2267840043   -0.8741766921
  -1.2053152036    8.2745093232   -5.2647946349   -2.7731840548    3.5227386306    0.7414084194
  -7.8087000707   -6.5807860431    8.0297890151   -0.8801747525   -1.5632869793    0.4789131792
  -3.7974190472   -3.3241535629    7.0117322573   -0.6001721948    1.8515309617   -1.9192517911
  -7.6286693250    7.8730978658   -1.9738966480   -0.8364809698    2.7371503228    2.7300272755
   7.0664120937   -4.8092924781   -3.1478195487    2.5719715859   -2.9676272717    1.2069257995
  -4.3411865613   -0.1096281111   -5.1965017199   -1.6586826488   -2.4318141698   -0.0939778944
  -7.5457139715    0.8294278086   -7.8494699853    2.8645283932   -1.8782792608    0.2931919381
  -2.1196866714    0.7230880252    3.6862625349    7.2370972111    0.5100659273   -2.4446143553
  -3.3623908276    8.4154895285   -2.6317991544    0.9231142286   -0.8630733055   -3.5538741224
   0.5435457157   -4.3335832249   -0.5318503746   -2.5859618144   -0.3098865488   -0.6630660042
  -4.6145787635   -7.8780486945   -7.7928142321    2.9075463083    3.7262493861    0.6067215759
   3.7380872654   -2.2624863512   -0.5560051862   -1.1139681801   -4.7850600803   -0.9532277519
  -1.9290787761   -0.1093205674    7.0624203310    0.2772697300   -1.5058016818   -0.8226318225
  -0.9016802547   -1.5793681230    1.2910077757    1.1254988649   -0.7613633368    0.8377631474
  -6.6291479734    2.2317723488    8.0782711100    1.9094325712   -2.7072903011   -0.0710623413
   0.7698136676    1.9424967191   -0.1182049137    1.3548280001    1.6422865491    2.0679327564
   3.0412197407    4.0354284896   -3.3613081255    1.1245170193    2.1816785741    4.6626052871
  -7.1913124397   -5.6663376156    0.3271637780    0.4222535172    0.7914668747   -0.2880772228
  -4.1488654877   -6.6137706071   -6.1289317419    4.1220778367    1.9330477002    3.2613334708
  -7.9650452797   -1.1366506280   -1.8805537431   -1.1232063936   -0.5627466144    0.5841501739
  -8.1260550715   -4.4013241479   -6.1788769421    7.2280648221   -1.1506561118   -0.8504875623
   4.4899009625    2.0284789778   -7.7833386726   -0.2347448342    2.1310312957   -2.6811299703
   4.5590162363    5.7207980196    6.7353238261    4.6668379278   -1.7858847618   -2.4600615824
   4.1030052677   -1.0766545638   -0.8881242652   -1.3244675109   -0.1915313295    0.0341323974
  -8.3564176265    1.2305510096   -3.9031308384   -3.8590332275   -0.0204498807   -2.5834241199
  -3.6764354684   -3.8808047295   -3.6307600912   -3.1232154494    2.7600987080   -1.7607093726
  -8.5197218395   -7.8411647756    5.3123311530   -1.7012006288    0.0287542138   -2.7428358896
   2.9001491387   -0.7110080104   -4.0789567321    0.3885196875    1.0809624720    4.0300258599
  -7.9707354957    0.3276325570    4.2511484687    1.9791988504   -2.1758967718   -2.0729796927
   4.7687021152    1.4126748978    8.1241065043    1.3099766012   -0.4554977953    3.0279990725
   0.2290299984   -5.0412459043   -6.4209996374   -0.4225448069   -0.8651750303    3.0713933093
   5.0277836682   -5.9598904684    4.2431900806   -0.9536608033   -1.2904707278    1.5175244212
   5.8562162461   -4.6621412451    1.1696598591    1.4973208058   -1.1047128613   -1.3695913193
   1.9849601928   -5.9884227418    0.0083382372   -4.3068014122   -2.7294433430   -2.5772422425
  -2.5593777876    0.7843517915    7.5306847071   -0.7595320287   -1.0876673654   -0.9375097750
  -0.4961258363   -7.4456118800   -3.9741583329    3.9509924101    0.2387429151    1.3323369034
   3.8783206253    4.5539559450   -4.3100992667   -3.1290634737    3.0397377455   -4.2186994085
   6.4029223594    0.1308024771    1.1718921781    0.5607326823   -1.6278484919   -1.9021811072
  -5.4556480604   -2.1258654851   -6.6893946255    1.5427218177   -0.0606802274    3.4962686727
   3.3723847084    6.2737577130    7.3078522480    1.5424204256    0.0142229168    1.8988137107
  -1.9305673732    5.8092139217    6.3302226565   -0.9429412031    2.0850825179    0.7173020764
  -5.8967471954   -3.2692865801   -1.7674478600    1.0260208972    2.5015767749    1.6457479500
  -7.6495435859   -3.7322726312   -2.6791640250   -5.6042314663    2.3955504078   -3.6972155015
  -6.4015615822   -3.6222541685    7.2291488501    1.8923055160    1.6650883532   -0.9754981067
  -1.3989139899    3.6753999495   -6.2963712867   -0.6997558773    4.0198196555   -1.1169462383
   8.3971203901   -5.2938507743   -4.4736061864   -0.3714834563    1.4544755709    0.9876108584
  -1.5342488912    7.2013700672    2.3432663586   -0.4116107254   -0.1779427954   -0.1636821865
  -5.5165718634    7.2683589511   -4.9371214656    1.9836088469   -0.8801954252    1.1260005745
  -3.1178123301   -8.1786080621   -1.5039728764    2.6705645961    0.7919457509   -0.5067133133
   7.3904747906    0.1576031282    8.0579809657   -2.7374230414    2.8300331528   -0.5861846603
   1.8393302287    4.2731760484    5.7974761561   -0.3962491543    1.6079480077   -4.2882517407
   4.3095191917   -0.0921084218   -6.2443188143    0.1839479529   -0.8523186529    2.1007516280
  -0.7205205019   -7.7838898411    2.1090297578    0.4367892903    0.8207617568   -0.8302316185
  -6.1577266093    4.0742945157    0.6112890433   -0.5574854442    3.7439829041    0.1463796689
   7.6811220244   -7.5501615598    7.3725583291    5.1896078219    3.2974376215    3.0913662547
  -4.5239992761   -5.9951128349    8.4552942870    3.2527407757    0.0746598275   -1.3939494209
  -6.9993031739   -2.9067249468   -1.5347031668   -0.2058107336    1.0644993394    3.0968967102
   1.2511067877    6.4038571778    2.9223418243   -1.7111358439    2.8355221394   -4.7498757966
   5.6522649046   -4.7720761158    5.9220974431    2.5484857835    0.1338485606   -0.9032021477
  -0.1886407861    1.0753370581    3.6195682769    1.1434901125    0.4606655970    0.7670556260
   3.9456863258    1.4371486563    2.4825010171    3.3988853012   -0.4474066439   -2.0963441419
   3.2586205209    3.9225413134   -7.8820415434    5.7297735185    3.0078815054   -0.2940191607
  -4.7714738581    0.7621079199   -3.5532579664   -0.6234237816   -0.3881591193    0.5149774066
   6.4596936744   -1.8462599788    1.0348505321    1.3822215540   -1.7381388778   -5.1368088150
  -3.5748218429    1.3285204495    7.6802160316    1.3155361650    1.7683810482    0.9956637391
  -0.5127574362   -1.4407197445    4.1026887018   -1.8120006950    2.8098827500    0.2638376490
  -2.8562242665   -4.1536936891    2.8694567030   -0.8393846227   -2.9558890301   -0.4285804478
  -0.0863424171   -3.1279662442    6.8749064584   -1.1713481169    0.8301841725   -0.3957763475
  -1.4244413996    6.4683732683   -8.2102361011    1.8492374329   -0.8362312969   -1.7295429959
  -2.6640955706    2.9654943570   -1.3142977579   -2.4618530208    3.3625538074    1.8938313538
   7.3433328599    2.6631707692    0.0075819734   -1.3839671914   -2.1164457372    2.3956040787
   5.9874351427    7.0472218880    5.9029049164    2.5749069990   -6.8925299910    0.1385046117
  -1.5668644534    3.5291034280   -2.1489569605    2.5129367141   -2.3675765776   -0.2327157174
  -8.2293383278    2.8384092137    6.2494539078   -1.1871323637   -2.3795325922   -0.8006153818
  -0.1677039219   -5.0794292278   -0.6267885686   -1.2679740341    2.3703981011    0.1370064622
  -3.0311347731    2.8183040352    2.3974840136   -1.1260766977    0.2580919061   -0.4828935887
  -4.1957185671   -2.5958574813   -0.3731531532   -2.1392919590   -1.3850882447    1.8516722651
  -5.3300268116    4.2717552603    2.0865171938    0.2737057844    4.7353691120   -0.0981418405
  -1.4276230879   -3.5025036764   -5.5273161337    0.5078179946   -1.7317801655   -3.1838499078
  -1.8041078156   -1.3271557854   -1.7340642932    0.3642432865   -4.0893084415   -2.8080143442
   5.0517142243    0.4407699736    0.9299267044    1.6659512531    1.7920972842   -0.8436968198
  -4.2225615463    0.4032758657    6.4698940679    4.0963440649   -1.6461801887   -0.9418594523
  -5.8162274785   -3.4735268637    6.4627128342   -1.8290341820   -3.4522952982   -1.0898830200
   4.2795072955   -1.7200280936   -2.7627160108    1.5478186386   -0.3428798279    3.6933503585
   6.2418773808   -3.4735720112    8.1829229115   -2.1783150511    0.6629399022    2.1252766059
  -4.7602167113    0.0998202610    4.1253784893    1.0259259458   -2.1169927189   -0.0947385784
  -6.3724516540   -7.5352444543    2.0874469778    1.9604307891   -0.0698452976    2.0870128816
   5.1139511555   -4.2553021175   -7.9135462602   -2.6422386900   -0.7640114967    2.0766569287
  -2.4469396461   -5.5115543927   -2.6520626950   -3.3101386884   -1.8964580741   -0.5009344995
  -0.1596608824   -5.3940176220    2.7124372661   -1.6148942595   -0.5191443527    0.1050236240
  -2.6107321315    8.1190374589   -5.6214311309   -0.5452475931    0.8063288613    0.8301857913
   7.2529250096    5.6522350833    0.7627750321    0.7231419195   -2.1153528466    3.0809261686
   6.8807405211    0.6133376206   -4.8708772127   -0.0314685698   -1.5323047014   -2.2339868152
   5.2177354136    2.5399629913   -1.0027827881    2.9049548486    2.8284554961    0.5712378852
   5.1619412196    6.8385228342   -1.0413140448    1.2064040684   -1.2749537220    0.4390265587
   0.6111064364    2.5015645864   -1.3561793859   -3.1842063444    0.6856746322    3.0197486084
   4.2213298165    7.2540553709    3.8422524296    0.7262622175   -1.4850322806   -1.1811345126
   2.9080268730    6.8500570409    4.7412681365    0.6521108597   -4.4312951098   -3.1098551032
   0.1902017953    1.2579320449    2.3806757598    0.2535388393   -0.1494791225    0.8725510367
   2.1907169815    4.8828182889   -7.3590392902    4.8650139698    2.4679468792    0.4910155477
  -7.4311090730    5.7801166015   -5.1102736736   -1.9546853990   -3.5698872691   -3.3645993782
  -0.4129123662   -8.4727471543   -6.7400750981   -0.9223066666    1.2782757900    2.3608396026
   4.9596625949   -2.0201730509   -0.2042516589   -2.2011677386    0.3072284389    3.6316398596
  -4.5740081963   -2.5899813969   -6.0875293444    0.1205107083    2.0276308957    0.8815378101
  -0.9791394142   -7.2581702846   -6.0861360298    5.9644470141   -0.1945532934   -2.4764050620
   5.0354010479   -3.0572733125    5.0076793515    1.1188969866   -2.0187696853   -2.6701994645
  -7.1083750903   -3.6691344837   -5.6573760494    4.1316857088   -0.4348104260   -5.3971233108
   8.1318627632    4.0385916653   -0.0907931007   -2.4490352610    0.9049902476   -1.5949826768
   4.2559845608    7.4929084064   -1.7566190482   -2.2260890232   -1.0730618003    0.8247246178
  -7.7614187936    0.1912116261    6.9258035664   -3.8452193483    0.7975809414   -1.8842052762
  -4.5165354608    2.7406715742   -0.9833269398   -0.4053033736    0.9702911401   -1.7722453156
   4.3441171741   -7.1329418242   -2.4981574604    3.7467095166   -1.9415100587    1.7660995572
  -1.5797713502   -4.8218712603   -6.8915090704    1.5366518968   -1.0457879136   -0.1354388690
   5.7813334623   -6.0997238631    7.4487232871   -1.3667941741   -4.7434155076    3.6289225917
  -4.8560153059    3.1594675274    5.2149246390   -2.6333253919   -1.2352367298   -2.0938260208
  -6.2646874427   -2.8638844652   -7.4153661915   -3.1047135017   -2.6518590970   -1.9738317799
  -3.9418024444   -2.2223061631    1.3657394296    0.3959823767    4.7544163635   -5.6864350501
  -2.5963251912   -7.7875379692    1.0117290711    1.0002190685    2.8397857328   -1.5211681569
   4.3854896176   -6.7147668319   -7.9460420535    1.8142632923    0.2805524461   -4.9654041679
  -5.5956964001    0.3874402096   -6.2148547938    0.3707107069   -1.5257942900    0.6639466274
   0.0112465198   -8.3019581710    4.1528619789   -1.0759262461    2.9042719577    3.6649548533
   3.2873457614   -5.0107858611    3.9421189187    2.3504943162   -0.0203272212   -0.3313079782
  -1.4990650518    0.3938695216   -2.0284994648    3.4990372759    2.2192413592   -1.1808684473
   6.7961747397    1.5033423598    4.9479586035   -1.8388732544    2.0814122744    4.0966448294
   1.2651825866   -3.9231032196    8.1082375500    0.3614221350   -6.6841241115   -3.4728595310
  -4.9658735502    7.7870792881    2.7923038829   -1.1209637589    4.3646236158    0.8132017389
   7.0362877219    3.8403914282    2.2390126668   -0.5700792777    1.3305262628    0.8681892650
  -0.8296118774    3.0028992326   -4.4129038134   -0.9075482461   -3.4859714192   -0.0184019482
  -6.1786022864    2.5060108404    4.3947196403    0.8678345002    1.5460467051   -1.1524721638
   4.1611494758   -5.0629656809   -4.2210447749    0.1527066135    1.5471320240    3.0743282583
   7.0976621893   -7.4687921360   -1.9339066961    2.3251977489    4.3236298517   -3.7160248957
  -0.9034553954    1.8343953283   -3.1307476092   -0.5982851778   -1.7827220453    1.2965507026
   3.7371962144   -2.2716716960    7.2174177451    2.2841009212    0.8762101070   -0.8036723030
   5.1942462029    2.8369155577   -8.4962787150   -0.2718867610    0.6999925772   -0.5963924923
   0.7474557529   -7.9857072082    7.6611112719    3.0795420209   -3.3383481129   -3.6026781045
  -2.6536737445    4.8647361733    1.1706929838   -1.0467439270    1.0204208610    1.2297643883
  -3.2523445356   -7.3068537511   -7.2240102954    0.3846961054   -1.1164733872   -0.2858444171
   3.2710331090    5.5998433035   -0.7649727158   -0.5656025064    1.3813897904    2.5119380149
   3.3379871743    7.1801671849    1.1347918133   -2.4294041056    1.5545212765   -2.1678525857
  -7.5873146635   -8.2747580687    7.3034454198   -0.5841728307   -5.5885867616    0.6051156932
  -8.4137197572   -6.2900295671    1.5297650447    2.1487541218   -4.8940643459    1.3214507867
  -0.3043432221   -6.1668142729    4.0000933728    0.4552055623    4.6702658484   -2.9458104401
  -0.0385000232    0.7177317342   -2.2263401381    0.9231077346    2.3283617909    3.4466812990
   2.7966561984   -2.3796039807    4.6010806626    1.0263014675   -2.5643277530   -0.1228462374
  -0.7532933545   -4.7503092190    5.6379096292   -0.4263247227   -1.2071110915   -3.6610339464
   3.9684052854   -1.2006566040    1.3836208992    2.8506670477   -0.4103526925    0.1102240519
   2.1026983103   -4.4323267526   -5.6883518250   -1.5747892468    1.0664563004   -3.9136858807
   2.1923772176    5.2284721661    4.1720006907    0.2582171288   -1.4366173513   -1.3542967742
   3.5536025198   -1.5380870377   -3.6516014084   -2.0615809700   -1.4845802154   -1.1826653302
   0.5240977757   -4.2155232378    3.8705563518    1.6503241357   -3.2580858903   -2.1179086212
   8.1972465352    5.9527354435   -4.7889327383    4.1327308926    2.6535593465    0.3104875552
  -5.6183088090   -1.4990276060    2.5768449536    1.5659565338    2.9996324605    0.0598969979
  -5.8536286406    6.4393428099   -1.9547440684    1.4703039828   -0.2424306204    0.6202665826
   2.0800029448   -4.0516354975    1.6139273062   -0.6722365623    1.1155544242   -1.7233377155
   3.2473945273   -7.7742382370    2.6341619911    0.8064861549    0.4694729881   -1.6457718840
  -5.2228922847   -7.8075533664   -5.4474618598   -0.3327937447    3.5128763543    1.9838628381
   5.5457599201    8.4931779948    5.8610360099    2.2278894699    3.5739007310    0.4984828625
   2.8604048737    0.2568008492    8.3877215638    0.2887832239   -1.8858516812    2.1916694418
  -0.9227707698    1.8532328373    5.0537196055    0.3174558783    4.4882941714   -1.4246606844
   7.9050710587    7.5525283642    0.9458247457    0.0243051376    0.7478917388    1.0333016774
   1.8234047150   -0.9575076607   -4.2345352693    0.9931941345   -1.9582478174    3.6353029146
   1.7455727212   -1.2520192606    8.5442043827    1.8309232637   -2.1373373267    1.9606153419
  -0.2341107657    0.9512120426    5.2040807510   -0.7220429555    3.8824923801   -0.0357643640
   7.9413449146   -0.0226544081    6.5203386204   -2.0360460974   -3.1553585439   -0.0774700874
   2.6550477432    5.0657753915   -2.8989524732    2.2437651707    4.4212476385   -1.3977709103
  -3.7462433398    3.8847130748   -7.7265413052    0.4443587691   -3.0999190742   -0.5966809876
  -5.9542512975    5.4504222966    1.7122526423   -1.2909936586   -0.5852382150    4.4049968928
  -5.1052215056    2.8454224572   -3.6129335482   -0.2332178092   -2.9916079775   -2.8015277707
  -3.0292595881    0.5168460443    8.3502394884   -1.4854763189   -1.7428099784   -1.8886776993
  -0.6968312059   -5.3458477918   -5.4222752231    0.7397401281   -2.0521474878   -1.5593594088
   0.6035991809   -7.8420969409   -7.3381816559   -0.8824672335   -0.5194191254   -1.1440428546
  -0.7718875238    4.0436139826    3.7907704778    2.8210564762   -2.2876282281    1.5384862512
   6.6979013277    6.2275174169    8.1289557829    0.5597184955    0.4845111664   -3.4211578260
  -1.2986138100    5.1825636526    7.7565945109    2.0237870929    0.0291705527    3.8334009588
   6.5897445237    4.9215898241   -2.2499953982   -2.2021691235    5.4200233152    0.9886764463
   5.8151373430   -2.1993812398   -3.1608522137    1.6573500462    0.6738644407    1.8679898352
  -1.5707760261    7.8663391658    8.2520935175   -0.1474592279   -1.5690056538   -3.3680594544
  -5.1200575222   -8.1806896510   -2.1613116970   -0.4619198786   -0.8916508065   -0.0033624613
   1.0874900685    1.9586998199    4.4529255285   -2.1099187440    4.7140358866    1.4064289832
   5.8441431928    0.3134091337    2.7540157065    0.5032715398   -1.2430644479   -1.3033740607
   1.6941812957    6.0650936671   -3.7868608781    1.9778014146    0.6969504502   -0.0071537718
   4.6425815207    0.7270539886   -4.4239306608    2.1873091373    2.8514607152   -0.7297396224
   6.8297308240    1.8503520620   -4.0020684691    1.3959900376   -3.0151045079    4.7732679072
  -7.2332894502   -0.5896291671   -2.8597984040   -2.0547513583   -1.6931030153   -0.4709379051
   4.2005015391    7.7677780398   -4.6189255641    1.1465736283    2.3448724007   -2.1186211461
   3.8981884255    1.9473993014   -6.8052638195   -3.0156733906   -2.1599957454    0.1364489437
   7.2977710420   -6.3766413683    7.5101528830   -2.0135150311    0.4377461397    1.3154160375
  -3.9012250602   -6.9414784568   -2.9805787843   -2.4781090017    2.0246490408    0.7112131587
  -3.5182965547    7.3471301494   -4.1983984946   -0.2411825877    2.7682382532    1.6600143608
  -4.8988128193    0.1537464953   -4.5131955408   -3.1362933538    5.0008672533   -1.7674456683
   0.9242288036    7.6820811754   -4.8533885744    0.5320393724   -0.4036056565   -0.9169815387
   2.1790883972   -3.1788421590    0.9142685146   -0.0243737544    3.7060114988   -0.0678608331
  -8.1691606186   -4.1467865967    6.5948431642    2.6084866201   -0.6415978856    0.7556259694
   7.3310313658    2.1837038469    5.3344115208   -1.8186980271   -0.3699906122    0.6172312728
  -7.5012659734    5.6054871191   -6.8586500555    2.9265109452   -0.6678615351   -1.6998031947
   4.7911147015   -2.7843105342   -6.3895639188   -0.1665406751    1.9143182842    1.4679069601
   3.5643423433    5.5908994437    8.1131403546   -3.4819435684    1.1914250755   -0.7900094535
   1.3744262083   -5.4863841632   -0.7532954578   -2.3147573291   -0.8195379175   -1.7301990838
  -1.2885843726    7.6168399462    4.2144486863    1.6975355121    0.0706829690   -1.4359554550
   0.6287674946   -0.0271094080    3.2776605211   -0.5135274202   -1.6644246597    0.1898850807
   2.3611606866   -5.9644961406    8.3574280728   -0.9459811095   -1.6456654343   -1.1148877432
  -3.4886548504   -7.2915967588    6.3380666276    5.1542830983   -1.3078253879   -2.9364965233
  -4.4353397830    6.4216141884   -7.7700241755   -1.1248864174   -4.4258644980    0.2611181741
  -0.1275518170   -6.6006176542   -5.4008674862   -3.1280579684   -1.5699502559    0.1764733220
  -4.7080066077   -2.5367205244    7.7814510393    1.5384521968    2.3846366402    1.1865650319
   2.1351565887    5.8215337452   -8.0839884051    0.4364290830   -0.5444053674    3.6809498745
   0.9101955428    7.2864956753   -6.1286637381    0.3303908632   -2.8196720829   -1.1432495908
  -2.7165483884   -4.9510339190    6.8620198989   -0.6112119443    1.4385446579    0.2609631504
  -5.9525810241   -6.2554150543   -5.8709136945    1.5506530136    0.8056367631    4.4424391325
   6.5486998848    8.3884004119   -6.3614016795   -2.3077957355   -2.3136274135   -2.5631872906
  -3.3042058934    6.3953086584    5.2647197370   -2.9267277339   -1.0870393019    4.4132597215
   6.2662345534   -2.8717771808    0.5543761681    2.6524414480   -0.5930160649   -1.2086420095
   2.5915168484    7.8834029135   -7.3109969060    1.2690920748   -0.5395598488    1.0047820734
   7.7102919729   -1.3720205077   -2.8545880783   -2.2840722005   -1.1005953361   -1.1777209083
  -3.0868114268   -2.1324066404    6.3391044868   -0.0680885749   -1.3512490614    1.7633627025
   1.9639910920   -1.8691506763   -1.1070540595   -1.9321308352   -1.9965183798   -4.3172304659
   2.5472211921    0.8401303720   -3.1942763812    1.0122141819    0.3605773493    5.4702775091
   4.5782974884    4.6392992060   -7.8283367879   -0.4351399969    5.0285753810    2.4045047456
   0.0526604980   -6.4059964683   -7.1316557164   -0.4903067304    0.7495690291    1.9867168898
   6.0341455383   -2.0616265076    4.2588503905    3.7812661609    2.6010273098    1.0069914082
   7.3765445271   -6.1295580051   -0.1653639851   -0.3817022223   -3.1216895529   -4.3133794894
   0.9128331150    7.3812363901   -7.1693921610   -1.4256952142   -0.7402962525    0.1811412442
   3.1491658956    5.4514389218    2.5133229468    1.8446250765    0.4732981866    1.0439019014
   4.2325795273    5.8303077068   -0.7286242517   -1.3792367214   -1.3675882096    0.1657336203
  -1.8409538584    6.5663516638   -6.8180847986    3.8169896635   -1.7712243910    1.2019375596
   3.0376203683    5.0180524267   -3.9990859388   -0.1395752639   -2.9180674036    2.2359332573
   1.6457312284   -8.3918925468   -8.3161937112   -0.2804155972    1.8753792846   -0.4272186224
  -1.9737450781    2.5587590342    8.5343268635    0.0754170391   -3.5267043294   -1.1928755135
  -6.6719567011    2.6649118051   -5.9892359579    1.3684074624    3.3031475642   -2.5730033009
   2.6567885500    7.7322620475   -5.7502924941    0.0649676092    0.3761196485   -0.1598039263
  -5.9440676800    3.2500395968   -2.4386693224   -2.3417999488   -2.3112437538    0.4534085509
   4.7459399032    3.8980848389    7.9462658184    1.8034303619   -4.2922405964    1.1952320399
   2.4794473927   -3.2578911801   -1.5084359971   -1.5635880622    0.5887296344    0.7838774639
  -3.8181234367    7.9872890611   -5.3183603432    0.2545785906   -0.8888324461   -2.3849606596
  -4.1185241980    6.2393731791   -4.9520327165    1.7661353760    1.2654334752   -2.1328609537
  -8.0642391272   -2.2989934625   -2.0755747122   -6.1717980536    2.8239894730   -1.2795068217
   1.8392728969    0.3579617757    2.9713322662   -2.2072779463   -3.8464361289    3.9260525550
   6.7954619955   -1.5292087220   -0.3813725006    0.0361500964   -3.0469034371    0.4677869465
   7.1459137722   -4.9205645798    2.6084031073   -1.2056607241   -3.2159362332    1.0052534009
  -6.7675401958    1.0108731249    7.4903862219   -2.2830045187   -1.4561692435    4.1765300008
  -3.2310377534    0.0270922322    1.2494624566    1.1373775675   -1.7337534786   -0.8852281049
   8.1487707002   -7.6759038336   -8.0309919650   -6.5040100566    1.2433894964    1.9272823149
  -8.1460676792    1.2720507930    7.9651451917   -2.2658409469   -1.1472711214    0.6995323773
  -8.2384266144    2.3278646723   -3.2988982501   -0.7385869028   -0.4702961083    2.4407031204
  -5.0251548797   -4.8284817550   -7.0015804524    1.2883029256    1.6743719682   -2.7647086466
  -7.3111614625    6.0496284596    3.4230913530    1.3772177358    0.0052513499   -2.3730749394
  -2.5912772088   -3.0238697017   -6.4598953443    4.1204539573   -2.8911377489   -0.2964663400
  -7.5562182658    2.6143660039    3.6823642257   -2.0663191738    2.9294979234   -2.2505240555
  -6.3594277893   -1.3932247932    7.0845000193    0.4104354107   -0.4166184790    1.5868672140
   6.0023700753   -2.8946271617   -4.9895372439    0.3244671652   -1.8375676176   -0.9829932889
   7.7121276917    2.8856552082   -5.8000522671    1.3935292247    3.8865341734   -0.0849442696
   7.1875382299   -4.4807901979    8.4015111383   -1.4504290805    1.2052317312    1.9962889737
  -8.0632105507    6.5673728659    5.3936228156   -1.8646363154    3.8764615008    2.3435547506
  -1.8058444060    0.1436398714   -3.6918719761   -1.0559822921   -0.9846068837    2.7016081227
   1.7907859347   -2.0675123551    0.7113822012    2.2183882847   -0.9182068443   -3.3152294337
  -4.0101525654   -6.1095229771    6.5927550593   -2.9370786602   -0.7747744441   -1.2864354501
   2.1490340389   -5.5428917054   -5.3598055492   -0.4158298639   -1.4504104764    2.0493697216
   3.3787350738   -5.7904435279    3.0418801230    1.6777573696   -3.6465720012    1.3100484811
  -3.2439885031   -8.1508859462    4.1877801741    2.7701230832   -1.2120812033    4.6040129863
   6.0927050523   -7.8187730689   -5.5701269527    2.2562183949   -1.8894081364   -1.8674254586
   0.0125049986   -0.5148818759   -5.7918441601    0.9174123068   -1.7699383384   -0.3559256569
  -1.8981172166   -5.1369564209   -3.9831889406    2.2057252054    1.6299015798    0.3242882177
   0.0964269613   -2.4928973819   -2.0181057910   -3.5099940310    0.0260659770    6.5485425082
  -1.0658759174   -8.3235559907   -4.0104296272   -2.6639765974    4.8908146360   -1.3090995790
   5.6759734878    4.8744195174    1.9972620893    0.7108721549    3.7231197253    0.4225210910
  -3.1210306008   -0.9603846322    1.1707644895   -1.5915157668    1.7969354849   -0.7247645557
   1.2757393570   -4.7411964194   -1.3767716579   -1.7280087307   -2.3440278707   -0.1185839504
   4.8403235183    7.1680202856   -5.5384580544   -2.8126784339   -0.2118671947   -2.7050563820
   4.5953381538    4.1954201444   -5.8470493453    2.2323709095    1.0063795935    0.5831954689
   2.3809913998   -4.7320458753    4.9218617180   -2.4239170733   -1.1982601388    1.5741677149
   7.8564478479   -5.4323668891    0.3253647351    0.5770042637   -3.1473107712   -2.4138428269
   4.4775899707   -8.5069327658   -8.4909223031   -0.4131776033   -0.6735400520   -1.5686134240
   4.7905111095    1.4841065206   -0.2606515083   -0.1868540883   -0.7530788507   -0.6942594008
  -7.5530970564   -1.7294621066   -6.0986259506   -0.5656595700   -3.4227789406    0.1169509355
  -2.1901223296    0.7362757720    5.0671046895    0.5935351303   -0.8110743515    0.5787052412
   5.8662433588   -7.5420932597    5.2171397682    2.1153408205   -0.8208402367    1.0800887726
   2.8016214018    6.0226487850   -7.1642076900    1.3893467323    0.4982725511    1.0218813395
  -2.2033958273    7.1276892168    0.8916511801   -1.0184620156    1.7263500752   -0.8442712349
   0.6403479321    5.8625661026   -1.9816236816    1.2247668542    1.4388002542    0.6863513117
  -8.0644000832    5.3096477190    2.8468113034   -0.2080414926    1.2722976348   -1.7124462231
  -1.0477211907   -6.7310631953    3.3805414208    1.7542853193   -0.4184577058   -1.1709351056
  -6.4090726984    4.2002280844    8.0193324377   -0.8854031672    2.1070019940    0.6065905425
   2.9770132560    5.9450413150    4.6006066182   -0.5778991129    0.2203104141    3.2550954538
   5.5284867076    4.5258146435   -2.9809546903   -4.0808020569    1.8581421437   -1.7729833102
   6.2429224140   -6.2049268237   -5.3683356019    1.8924977536    3.3746964798    6.6646994491
  -2.8619130179   -3.0595341074    7.8975259397    0.7367026115   -1.7976560318    1.1915543127
   8.4620326034    5.0431769372   -5.4906236878    4.4207274125   -0.3072208834    1.2598391993
   5.1461532462    1.3685519493    5.0051569108   -1.2865591770    0.3302167026    2.1199469519
   1.3980918315   -6.3184291932   -6.7806587926    0.1288752211    3.2906332651    2.5154169418
   8.5240812492    3.4287669459   -8.2700696593    0.1287346301   -1.5381658053    0.9132157769
  -3.9967715713    5.5080782234   -4.0931595456    1.7567535490   -0.9826563083   -0.6260229759
  -4.2135855806    5.6460369187    2.8644582156   -0.6141577663   -4.2522763625    2.5675040516
  -6.4056498681    2.0895735847   -2.4941157378    0.7908255877    1.5016415975    2.1278740500
   0.0281287596   -6.6362189306    7.4945053203    2.4154624790    1.0112095111   -0.8518931861
  -7.8494909744   -1.8240122074   -0.7761686262    0.6241860416   -0.8133242153   -0.6017855807
  -6.4821686208   -4.9090937537   -7.8108417605    1.1497012069    1.2406394867    1.2819656910
   2.4354551357    0.1487089029    1.1510471206   -0.4532926799   -2.1966496286   -1.7000769825
   2.5783472804    4.6783739762    6.6952763418   -1.1504597787    0.1866396345   -1.5188770797
   0.7214856110   -4.7228729906   -4.8858788899   -1.8679675244   -0.2298846440    1.9426983543
   5.0107483560    5.5215474107   -8.1958448625   -1.2242332521    3.9939445226    1.0236523403
   8.2978670877    5.9402847291    7.7199909626    0.0431599927   -0.1595853070    2.7299114888
   2.3303714246   -0.0719786579    4.7745608044    3.7063175648    0.7601085007    2.9737756514
   7.5967497373   -0.4149794785    2.3438295657   -0.7752207129   -2.9715884494    0.3997192626
  -6.0895333225   -2.1610551849   -1.4718081524    0.9355215903   -0.7452439622    0.6084940940
   4.0634680774    0.8313558426   -5.2584567196    0.2200802608    3.0517265885    6.0465013507
   1.9629360706    1.7006608318   -0.8039524807   -2.8374673683    1.0314351590    1.1276945861
  -6.3513633865    8.0242380081   -0.9463213755   -1.8135657597    1.1128032323   -2.2117293103
  -0.1336430260   -2.5109064987    3.0087825643   -0.4121766127   -3.0622519545    1.7908642495
  -4.4301176355    5.2730115407    1.0000450129   -2.0280419066    0.5794626279    0.0411661878
  -0.8209828607   -1.5791960721   -6.1046695132    2.8369278299   -1.0472318356   -0.4316232309
   4.7926170540    3.5251351841   -1.6573798767    2.2870025155   -2.2436693940    3.5337321313
  -1.4544202980   -3.1887325293   -6.6349560924    0.0932380684    2.7337913870    1.8044231403
   1.2688820450   -2.8545439578    8.4251709882    0.2056925454   -1.5212714877    0.4766159503
   0.4312637850    2.8079502095    7.6933192192   -2.8670390998    1.5808643836    1.6735812828
  -6.4422987235   -7.5065282388    6.2931035757   -0.4922870450   -1.6008715710    4.4668725551
   8.4752623654    7.9161599662    4.3065261350   -5.0222569673   -0.3995722895    2.5725150393
   6.6496458681   -7.7989526513   -7.4554204334   -0.0088032665    2.6033485552   -2.1382530535
  -6.1796015665    0.3104920409   -2.4313088363    1.2496432246    4.2214708704   -1.9129214187
  -6.6523500623    2.9670250023   -8.0670813384   -0.7882306235    0.3527439908    2.8773011240
   5.8956213837   -2.3158392177    1.9153630425    2.5880138821    1.3796093174    2.7318341774
  -0.8960997387    3.3425050851   -7.3675164725   -5.9462601079   -1.2335928865   -1.2616161196
  -0.4452513320   -5.7008485104   -4.0424838020   -0.7195367083   -2.9360073890    3.1026782772
   6.5430686397    2.9238574097    1.5317603679   -0.4674854611   -2.6205907938   -3.1768308028
  -0.6524226404    7.3741798944   -6.9104110289    2.2639658504   -0.0108809487   -1.4246885563
   5.0163737247   -3.8847832335    5.9416495581    3.5715014525    0.0497994505   -1.9930751080
   8.0837932687    0.2781262988   -2.2897094058   -0.7337815110    4.7735203810   -0.9864124693
   0.5820763979    7.8119395357    8.5107207571   -0.0584832443    2.2364148427    1.9443901674
   7.4874941764    8.3453861025   -6.7053505068    2.6564824412   -1.1885422625   -1.6644861695
   2.9575670822    3.8340789948    6.2808247143   -1.0802081006    1.2859048787   -0.8151870738
   7.5463205555    8.2075691480   -1.5288335549   -4.4551718244    1.4414079989   -1.6259043919
   7.8468563309    4.3296760350    3.1592533309   -0.4341445848   -0.0708816770   -0.9590078311
   5.5086457333   -6.1545578522    2.7422871260   -1.9887845997    1.7772364238   -3.1275709719
   1.8787536888    1.1036930680   -6.0367948229   -2.8254450713    3.9469301628    1.4616801145
  -4.8831672971   -0.2105574994   -2.8458415424   -3.0272556402    2.6615871804    1.3770404617
   5.0240295344    6.9102953034    4.8540810691    0.5169542602    0.5443109891   -1.2542508631
  -7.4394398978    0.0918968893    0.8413800433   -0.3336361723    0.7015868353   -0.9918484898
   2.1607599357    3.6215158575   -0.3609899560   -0.8213727170   -1.9681049973   -1.0024773109
  -7.1530663280   -1.4362499719   -4.3273201543    1.9487555257    0.3818654046    0.6553795172
  -5.6169278818   -2.2052944481   -5.4980489375   -0.5931984008   -2.6405961415    0.9588903445
  -6.8640955701   -3.4241460028    6.0019401845   -2.4295963792   -1.1284784708    0.6682471887
  -1.2100940336    4.7844022683   -8.4945722402    1.3080368825    2.9234377886    4.1062190471
   0.7721895373   -3.9547183260   -1.8051001504    2.6995467110   -0.0334641315    0.3884501789
   3.5169208647   -7.5576605751   -8.4560459950    4.0260027838   -4.8776844438   -3.5932907484
  -5.3779620377    5.0349369022   -3.6193413005   -0.7141756321    1.1418727433    0.2444646937
   8.0940523781   -5.9015586150    8.2488375202    1.4210629975   -4.7903127040   -1.1444223064
   0.7725161872   -4.3002124387    1.9822289949   -2.5950568052   -2.6156993336    0.7328816049
  -8.0820615643   -0.0605447354   -0.0294535876   -3.3102907597    2.1330286652   -1.7577213345
   5.7477385940   -1.2557315106   -6.4539599412    0.8444431365   -0.4527469791   -2.1104806449
   4.3390604078   -6.7196940024    2.5146890777   -1.1805480940    0.2234744097   -0.3210897754
  -7.3086316871   -0.2511657028    3.5014045607    1.7163298805    0.6340021306    0.2102858813
  -2.1496242393   -7.4962330709    4.5589952227    1.3375541631    2.2973214493   -1.9774341432
   3.9833766471   -4.5761217631    8.4952327448    4.8485969332    2.6341436930   -1.5812570757
   3.5529008746   -7.1565274128   -0.5275419689   -0.0782642436    0.0878597161   -0.0686789457
  -0.0188611220    6.8209208584   -0.0153859011    3.3868907470    4.1852035974    3.8035600016
  -3.0892762190   -3.5628360898    3.8369513720    0.2519799808   -0.2982032746   -1.3511838066
   0.1720828187    1.7068533570    1.0851961026    0.5310161589    0.1294489638    1.9824750398
  -3.6427197194    8.2639948263   -0.6036624780    2.0318766762   -2.4112912869   -3.2825314575
  -6.7610592981    7.9326176291    0.9093368433    0.2046942961    0.2334405273    0.7028825093
   5.6844893315   -6.3304920909    5.3438450415    2.0468679703   -2.7022919030   -1.9570045628
  -1.0002329847    5.3469277681    3.5192019281    3.4674638634   -1.6400344739   -0.6523256996
   1.3380913751   -6.8633177463    5.2341810896   -0.6415934968    3.4459328192   -0.8454585226
   2.6389312533   -5.4352979491   -0.8052522459    1.3473347764    0.8298979864    1.1712138279
   8.3938723434    0.3175355225    2.9556472247    2.3678757312    1.2960619393   -1.1055629773
  -5.5503143345   -5.9799369761    4.7888096814   -4.9371232554   -1.3971556167    2.4576209766
   7.8097598368    4.3661884223    1.3959295680   -1.9531317641   -3.1656373112   -4.8915255422
   7.6911357571   -4.7436077935   -1.9335021081   -0.8058683545   -3.9116562225    2.5056464638
   6.3823127572    2.7256587031    8.3520900305   -2.1582959618   -2.1163206117    3.5716389924
   1.5611629776   -2.4715542253    3.3413178923   -1.9504156669   -0.5687814558    5.7922263585
   5.2876603357    0.1247754427    7.6031045089    0.1448045565    2.5516235550   -2.8680505588
  -8.3603588058   -5.0611449264    7.3360617145   -1.1964301718   -0.5219468707   -1.4475495476
   7.2811779101    8.0976175384    3.3638301990    3.2432262272    2.0005584771   -3.7138055443
   2.5425491180   -6.8578250367    2.8603345999    2.3704252522    0.9330679853   -3.7374739049
   0.6774890071    4.8736168670   -7.9297773132   -0.0059992175    0.4342415799   -6.1006688355
   4.6164793161   -3.8930793866   -0.9455721169   -2.7464363226    1.3066019531   -0.0245328379
  -1.6694552603    5.8634125916    2.6164691472   -2.1189100357    0.4762294650    2.2717758294
   7.5939480956   -7.7513744312   -4.3249568994   -2.5149841924   -0.2313448920   -1.3102019098
   2.7796291597   -6.5946135467   -2.6929035967   -1.2583807609    4.0312343527   -3.5472143014
   1.3210244594   -6.7324070665   -1.6541653030    1.0052167965   -1.4479685979    0.2749200546
   1.6563139035    0.5612501257    6.2231085678    1.4055776898    1.0136822495    3.7025891968
  -2.4658841144   -4.3439452967   -3.8275344771    2.9730074675   -1.0890493905   -3.3738710811
   7.2836579945    6.2562557877   -1.9971207989    1.7933135500   -1.0687238922   -1.0196821427
   5.1360745877    2.3106105264   -0.0925503067    2.6068794979   -5.8299154613   -0.0507270756
  -0.6312111268   -0.6444126737    7.1233534237    1.5128939819    5.6230641463    2.3076428237
  -1.2630092643    2.0522645737    6.0784722615   -2.3797121893    3.6153298614    0.8897483734
   1.2357504112    1.1782056424    0.8704716493    0.5348801963    1.3652069869   -0.5114230603
   7.9262114246    0.4766423575   -4.6742509784   -1.2483710593    0.2428628268   -0.3198101983
   8.0585348911    3.9744695307   -4.4225862467    2.2412768866   -1.2402409851    3.9829471210
   7.4693687740   -0.0649660843   -0.1794159983    0.6600688607   -0.1172566406    1.2849483358
  -7.1413027389    7.5294158475   -7.2899392355    1.4814354505   -0.3515642335    0.5485714637
   4.5270451026    3.2829541260   -8.2151835477   -0.3343928905   -2.6078530057   -3.4074670156
  -3.4002608730    2.8930142294    6.4519102370    0.0998200373   -3.9917794821   -1.2314098201
  -6.8754386915   -2.6180309116   -4.3827597875    2.9948731274    3.5007296631   -3.1607148497
  -4.1551325221    1.8068032982    2.7477645500   -0.8542782825   -4.1844587909   -3.7525906890
   4.9321678370   -3.3801469206    1.9247430053   -0.7000595250   -0.1703238409    3.6416587420
   0.7450856324    0.5777347658   -3.2142075239    1.3577525868    4.0746432179   -0.9245625268
  -7.8251462046   -5.8972859152    5.3421704054   -0.9856840694   -0.9120510324    1.3215573709
   5.1783794587    0.6112654804   -1.9285849922   -0.4044969717   -1.7953196577    0.0642064212
  -3.1510320147   -4.5916633620   -1.5989233154    1.4535598444    6.2535209179    1.9007185715
  -4.0370171271   -8.3368029194    2.4575555118    0.0514507065    1.9099504752   -1.4884301518
  -7.3293856458   -7.9898988103   -1.0783815251   -1.0011259563   -0.2320740995    2.3511009464
   5.7284579408    6.0593355871   -8.3504354157   -2.2457405007    0.0275204994    0.7266640128
  -2.0203420183    5.6721403374   -3.6028414837   -1.1248642651    2.5644508083   -2.6286717669
  -6.1838754652   -5.1742835766   -1.9167011611   -0.6505901605   -0.0742740935    1.3183248412
   4.2978414047    8.1125064197   -3.7229688412   -2.0414988404   -4.7081571087    4.3934504394
  -1.0731928801   -1.2501646717    7.8687203890    0.6107303344    1.7230013746   -1.7259240444
  -3.1237674151    5.0597439244    6.2612044795   -0.3014754730    2.2553275967   -2.0532730967
  -0.4584321916    2.7006610057   -3.1538569162   -3.4041976155   -1.7898955277    1.3788173422
   3.1365435801   -1.7299448667   -4.7239498372   -2.8178323053    2.1738544554   -3.3884768036
  -2.2031606339   -6.3025139225   -4.5721712763   -3.0267821618   -0.0155417977    0.5065137023
  -7.1230772240   -4.8692525713   -6.2958829026   -0.2151121718   -0.3129159241   -0.6134505463
   4.5086430733    0.3816194475    3.1618470136    0.6168033113    0.4965646764    3.0281485688
   6.2377826577    6.0613505175   -7.1138113431    0.8732881306    0.5004478019    0.2735042397
  -2.0101986776    1.0483773091   -5.3933158589   -2.1122105274    2.5988087699    2.8647371768
   2.9343756663   -1.7899206509   -7.5765172961    1.4679300166   -1.8383974693   -1.2613809407
  -4.5234546081    2.0110192292   -0.2330261319    1.0864502666   -1.9504116486    2.1030688067
   4.3532576434    5.3382132209    5.7805649337   -1.0023978408   -2.6978557097    1.1337183900
  -5.1759543206   -3.9276814698   -2.7163397213    0.0927818877   -0.4295437432   -0.1812814714
   6.0540086612    6.3279283105    0.7528282351    3.3116767149   -4.6672835419    3.3934603885
