           1000
    17.09975947
  -7.3140931517   -7.7799225778    7.6989601005    2.3067611809   -0.2652811673    3.4975480544
  -7.3720689409    7.8856554620    4.0641889479   -2.5157241755   -0.1729251803   -4.7264473317
   1.5752327411   -6.6077139414    1.4227809338    1.8832155539    2.5432655273    0.0389822405
  -5.5428177084    0.8888695140   -3.8763353731    0.8994120783    1.4132734420   -0.2157534200
  -4.3597721685    7.4022325372    8.3119299570    3.5003988953   -0.7314230333    2.9754969793
   1.2602469956   -3.4916696629   -3.2114736936    0.5403978782   -2.6710651750    1.6323684988
  -7.8309873673   -6.9723906758    2.4918548212   -2.4117229844   -0.1821472057   -1.7062176824
   0.1750057595   -3.4269202446    1.4628386636   -0.7451313873    0.9368060393    2.7087121582
   0.5736151564   -0.1424000095   -6.9808865887    0.2404089289   -1.4380822491    1.1979973517
   3.0350931210    1.3381303696   -2.2176341271   -1.3680339556   -0.9103114230    3.3659644809
   4.5177972119    2.9679928838   -7.0996408972   -2.1365873658    2.5711002043    1.4622649113
  -6.2395776869    4.1006245397   -1.2329894139   -3.1668140834    2.1428122375   -1.4558248851
   4.8853690002   -2.2229026491    0.0767266442   -3.3317079582    0.4894834424   -4.4832885714
  -7.4271337400    7.2678763304   -5.3176790101    0.6210870802   -0.7493043560    1.4651396660
  -2.8049885783    1.1913805983    3.3981055103   -2.9411674626   -3.0843291659    0.5033901337
   6.6009635263   -2.4599437398    0.5171973050    2.9407807832    0.6451173759    2.1039169552
  -6.5606873057    5.7090959363    4.1268367032   -5.2262475043    2.6589348991    1.2736904473
  -2.9912241216   -1.1220325949   -7.2500040666    0.2147263396    2.7408509894    1.0477183204
  -4.6849581866    5.1397567941    6.5907402206   -0.3796377688    0.2446382455   -2.6954118254
   6.5371107212    2.3641318517    5.3412669235    1.5284845756   -2.4730304717    0.7103427676
  -7.1786827758   -2.8194703394   -0.3564385952    0.6881448054    3.2937786895    0.8277091793
  -3.1048820534    4.4784434138   -4.3198124560   -0.7555095985    2.4522888241    4.4027673976
   6.4380738514    8.3293960976   -7.6826122284    3.7568792178    0.0074662748    1.2523024829
  -7.0258782462    4.8775250173   -1.5009665397   -0.2799594249    0.3393121149   -1.5796494649
   7.0723750481   -6.3877667698   -1.1822483006    1.0850213176   -2.1385447096   -3.7186099113
   8.3857182651    0.4229105312   -6.3470816048   -2.2980596428   -0.2449863427   -0.8958881069
  -8.5453319431   -7.4809857913   -8.4985353629   -3.2586434629   -0.5514041124    1.4938097176
   2.1760323811   -1.5595946877   -5.5517472185    1.4003286675    0.8784597208   -3.1321619572
   2.7675520276   -2.1999041039   -8.4983622981   -0.1244699870    0.6058275606    5.3683502319
  -1.8369245026   -3.8856280695   -7.9148412566   -0.9490364104    1.9957156617    3.4256721999
   3.4333148060    1.2805900122    6.6946217985    0.7280694988   -0.6918149147   -1.2053318669
   3.6231968760    7.0563572611   -7.2609112760    5.2980824155    1.0938906557    2.4434496557
  -0.4885132302    5.6099575770    1.9518873860   -4.2331076346   -0.1722215062    0.7741758440
   4.9439934097    0.3046577878    7.8133720017   -0.1073922294    2.1412050758    0.8522710486
   2.8986020141   -4.8118438948    2.3947308690    1.9816697999   -2.4311858297    1.9783449112
  -0.3479725419    1.4657701952    1.5219097231   -2.3816505985    1.1592296654   -1.7241027347
   7.1307263652   -1.5013493726    3.8729228711    0.6952253578    0.3759211317    3.0197102653
   5.6119739193    0.6892484837   -2.9903959964    1.1582144599    1.6106835822    1.8574162581
   7.6264289467    3.6969090380    0.8477921901    3.0136778253   -1.7125121852   -0.2752162899
   3.3277606383   -0.5462141390    5.5234944111   -4.0825184591   -1.4955927629    0.6885235064
  -5.4724932829    0.0159626293   -7.5698915922   -3.3804771468   -1.7067503505   -0.9527466741
   6.7487379869    7.9764144488    5.2171124514   -0.2063175128    2.5563639176    0.8289323027
  -0.4769564535   -1.8082330300   -6.7585489225   -3.0588336610   -1.9176106858   -2.7288243912
  -4.0082400612   -0.4594781500   -1.7392407260    1.6568830631   -0.2883758624    3.0977666747
  -0.3527340629   -5.9952701297   -6.2121810190   -2.0764183118   -3.6076096620    1.4596953923
  -3.7374054600    0.2445447913    0.5140712314    0.7049343280   -1.7894800229    0.2734580677
   3.8323702110   -0.9704441615    6.5372990713   -1.3764478251    2.0282805078   -0.9277193293
  -0.3233381807    7.8623674744    3.4366423279   -2.2711785095   -1.0357740133    1.1442889601
   2.0835494494   -0.1886297343    2.4729397942   -0.9634721361   -2.6382184777   -1.0011825070
   1.9360509964    7.6076215073   -8.1889642063    1.3711279390   -2.7941816818    0.0636331449
  -7.5236391225    3.1578157872   -7.5142234247    0.5994559826   -3.9726579987   -2.1813787042
   7.6819312594    7.2097510875   -7.3644838997   -0.4462686339   -1.9281277418    0.6446333344
  -2.1305940994    5.2701162134   -1.7738023446    0.5740015311    0.1918820794   -3.5218898922
   0.0823642202   -1.5692479950    4.2196481599   -0.0365953328    2.0862912979   -0.2557977082
   2.7640876946    3.7464948605    5.9140679601    2.8952662998   -0.9240851507   -1.1370424797
  -7.5905792153   -1.6826197188   -2.1199243736    3.8465489667   -1.9809229329   -1.1191181838
   4.3375414202   -6.2644462651    5.6869079687   -0.6445700881    2.6270335259   -1.7531517045
  -1.8856896627   -0.0255382116   -8.3611296985    2.8447734638   -1.8681862153    3.8040681426
   6.8787013026    8.3162264577    0.5287692651   -0.8279499734   -0.6711091501    0.8293899775
  -2.5823719819    4.5949758272    3.6212674418   -0.3694467891    5.6612831191   -0.1006965837
  -5.3129263809   -8.0139635676   -1.8093837485   -0.5745685534   -0.6763788616   -1.1959688978
  -3.0356831252   -5.1382186982    4.6896847191    2.1210710239   -3.3603243759    2.4343192892
  -8.4614438276    0.0554077401    7.5422248704   -4.4316636941    1.3966623831    3.5958521283
   0.7091230948    2.0878336058    8.0844664024    4.1065138898    1.6486235806   -0.6506638916
   3.3533059165   -3.0768662871   -2.7131799808   -0.8794639983    1.8337352438   -0.3597192710
  -4.0858371862    0.9098189619   -0.1274179526    2.6083606367    2.0384481328   -0.0852047098
   1.4309821766    2.6243244743   -4.1286395151   -0.0158420860   -0.9559040589   -1.0281864805
   3.0550861754   -8.3003913919   -6.6205937929    0.9946113954   -3.3528997789    3.2837708802
   4.0332297161   -4.5274104981   -8.0060346663   -2.5421351570   -1.7898686160    2.6200714282
  -6.1892397211   -0.2273701975   -5.4997495228   -0.9258879024    0.2919079082   -0.4147047023
  -0.3500387339    1.1686823218    5.6124643013    0.9543833231   -0.4775398661    3.4216002307
   6.0522040116   -2.0113754653   -1.9307139060   -0.8433744304    0.6984211018   -4.7711811727
  -3.7609447960    5.2791005226    5.3707729439   -0.0405543195    1.7066843389   -0.0364906554
   4.8541052420   -6.4883330631   -2.4102715224   -4.6754191165    2.3753897885    1.0064568619
  -0.6803449753   -1.0310124796    3.5565098717   -0.5451896779    2.3050004027   -0.5870019492
   7.3302614099    5.1873626629   -1.1836706737    2.1258001615    2.9213710475   -1.2826825274
  -1.3898031560   -0.4958289990   -4.4652554070   -0.8537605886    3.8022486309   -1.3398208558
  -4.8102145483   -4.9537446264   -5.9780552199   -1.3384650552   -0.3274643937   -3.8099899376
   6.2230433969   -3.9312737043   -4.1618147336    3.3588880233    0.3098985309   -1.7820173224
   5.9833498264   -7.1212800736   -6.4842008877   -0.5248534290    0.5546300571    0.3351794415
  -5.1500510784   -2.4607166850    5.9128165005   -1.5468653372    1.7105988829   -2.6962063636
   0.2102413352   -7.1716018255   -4.5238406130   -0.3043055171   -3.4086439721    0.2632002881
   8.3431679286    3.0429760226   -3.2794836481    0.2409543761    0.3174170084   -1.2560895661
  -5.3255140179   -4.1723534002    7.4999195476    1.0552706204   -0.2847319532   -1.6840733022
  -6.3583082283    2.9076707830   -2.6180124469    0.6897211593    0.5252518044    0.2475045448
   2.2508265036   -1.8888468986    7.6964127186    0.5401250326   -1.8473798566    0.0319250450
   5.7172461457   -7.5280138818   -2.5883723418    1.3413286658   -2.6865256790   -2.4791917381
  -2.0277897306   -8.2551890077    1.2197802903    1.2275003032    1.4190247751    1.0027932484
  -3.0415815385    5.7271170281    8.4049249640   -2.7686336336   -0.5050479851   -1.3398656268
  -7.0403665925    8.3194489674   -2.8815931091   -0.3358449928    1.6099691289   -3.4694661686
  -3.6192966606    4.8070480944    1.8905637398    1.2268862717    1.2526127510    0.9329023942
   3.3955006341   -3.9112658360   -6.6582345203    1.4308343117    2.4495533509    0.0888140521
  -2.3325851132   -4.3397807239   -6.1073782095    2.8652947247   -0.8750177818    3.2606217092
  -3.0467276691   -5.3470972204   -5.8048593055   -0.3499931854   -0.9196471888   -0.5341628889
  -7.6702267159   -0.5520653912    3.0453683748   -0.8455041032   -3.1003600328   -3.0917237700
   4.1360152242   -1.1224869583    1.1047838814   -2.1475073732   -3.1283520569   -0.7533913517
   8.3153270747   -5.4481281060   -7.0961019773   -2.2495787022   -1.4543390134   -1.4582832869
   7.1764465606   -8.1873708640   -3.8286343471   -2.7294447479   -5.3186610862    2.9377835040
  -5.0738855488    0.3361430352    0.5398861525   -2.4010693235   -4.1495358013    0.8227379840
  -5.7004925541   -3.1732546339   -2.6331265821   -0.5486149117    3.3939738957   -2.0138134875
  -8.2233676690    7.4606981161    0.1394276378   -2.5463694194   -2.4738898185    2.9204552078
   3.3359446100   -2.6570321803   -4.5762970718   -2.4995279458   -3.3583602597   -2.4871368549
  -2.6338093641   -2.9226198986   -4.9414312842    2.9964781720   -1.3685195360    4.0928779403
   1.4840787401    5.8156825211   -3.3897249263    0.5175845871   -4.4816618800   -2.5981995573
   5.2849320009   -0.4095521561    4.7226197844   -1.7569511370   -2.1348592178    1.1784748069
   1.3984737138   -3.0551155706   -5.0247641772    0.1052705929    1.9461777746    2.8952720681
   8.5044923724   -0.3573406639    0.0983079563    1.4360524617    0.5236140524   -3.7077472371
  -5.1448805327   -5.5276707669    0.6265371137    2.3234988144    3.4831881521   -2.9708034803
   5.6503075350   -1.6170803271    3.4584958263   -3.8177868547   -0.6393243827    5.1460374527
   6.6599202443    5.2668804387    2.8725445133   -1.4311587024   -0.0670281492   -0.4836892121
   0.9217566615   -2.5121148095    3.6319465169   -1.2242626496   -1.0562757866   -0.4075385467
  -8.5335921920    3.2957723862    0.8786576980    3.5404385534    2.2367255048   -4.0963312578
   5.5755556994    3.1098997248   -0.5427709619   -0.6855520397   -0.2920457591   -0.2266614356
  -7.4872502572   -3.1444858753   -8.2638719194    0.9741684093   -0.6035735017    1.5784397916
   2.2835124220    3.4667398808    2.2589438882   -2.1427110152    3.0920531670   -2.6863661620
   5.7575096633   -0.2045698212    6.9718018691    0.1041488247   -2.1748666704    0.5113144932
   1.1328936112   -7.2082729034    8.3809022884    2.3689954722   -0.2995687860    1.7478795616
  -2.4863391292    0.4105792886   -1.8586292816    3.7149919160    2.2131976269   -1.3203412602
  -7.7795279243    8.2168411644    2.8486479962    0.9025636686   -2.5841361249    4.4715879187
  -6.4414905238    4.9854080406    5.5460811580   -0.7017720417   -0.5540024773    2.8939036411
   5.1100393365    0.4689270410   -6.3283694844   -4.0433338415    0.3056805633    0.1697610345
  -5.7313150968    4.3830065448    7.7309929926    2.2886959324    3.2426245112   -0.2746053689
   1.6857896099    2.4475583564   -5.2314523255   -0.7256645086    0.5381536176   -0.5123538887
  -2.1534870872    4.4032888151   -5.6676295421   -1.7784511303    1.1682304417    1.0116709567
  -7.3734945790   -4.2500206642   -4.0034199139    1.5030668068    2.5694064628   -1.5914459463
   4.5640940367   -4.5115189636    5.8322378184   -4.2123856304    1.9846820866   -0.9157358318
  -3.8623546302    6.1457390559    0.0106559532   -3.7666129212   -3.8819723628    3.4745678122
  -7.7205158983    3.1733387823    3.2501558208    0.7448183209    0.1272053281    2.3094973166
   0.0988976546   -6.1058872690    2.8049855072    1.9299200361   -0.1887479504   -2.6563314577
  -7.7802570365    3.0379733783    8.4328699183   -1.5951702005   -1.1106198097   -0.2475082467
   8.4965067314   -2.6580914612   -3.7021173372    0.6481642382    1.0840702663   -2.3514896495
   1.3004172040   -3.0570903308    7.5983334510    2.7105554221    0.4513920101    3.0355005854
  -5.8484549556   -1.5019710862    5.1101320422   -1.1058974176    0.7499359879   -1.0871915807
   8.3068879461    2.1851975840   -2.9697782660    1.8555981193    5.2394023827    0.4084984908
   3.7113964692    1.9388259916   -7.5821844428    1.3064334851    1.7939980049    3.8797867738
  -4.5293265215   -4.0027090358   -2.1113130717   -0.1749727015    2.5535117239    2.6887923695
  -7.6182676028   -6.6449509313   -5.8603455358    3.3577333331    3.2176862947   -2.2703144354
   7.7086353092   -1.3434886855   -0.5408369345   -0.2244867420    0.0515083584   -3.0938769219
   4.9961002178    2.2568944126   -7.7081689032    0.3085795932    2.6970741569   -0.4986613168
   4.9413532030    7.3967247928    4.5799888009   -1.2402649322   -2.8365043193    1.0483244879
  -8.0600799586    0.6594196095    0.9393458316    0.4410960063    1.8614607951   -0.8735859680
  -7.5308375026    7.0828994226    5.0460139078   -1.4302017804   -1.2873544283   -1.2104780471
  -0.2148001095   -2.7912413071   -3.7003645193    0.2554884331   -1.7964196875   -1.0167882240
  -3.1224712909    6.6521371779    7.8800323644    2.2507931326   -1.8573348862    1.8072226855
  -4.8967679365    0.7067168434   -7.1854689897   -0.7730867489    4.5975431162   -1.9979566242
  -2.1523114125    4.9128688530    0.3089521190    1.9075120685   -0.5975356710   -2.7341012728
  -4.2183230258   -5.6676400952    2.0920006086   -0.0796432391    3.6796110234    0.7991675234
  -2.4218901783    2.1553407313    0.7834846920   -1.3525210851    1.0113962243   -0.8341448764
  -2.3447608785   -6.9048211215    5.2356134545   -0.4420607273    1.1651606193   -0.2622389551
  -1.7339174828    3.0061438125    0.9820691439   -1.5700065070   -2.0448539739    0.8358188309
   0.1640901313   -0.2633554307   -4.8878013914    1.4996536594    2.8974395638   -3.6602015190
  -1.0970486442   -1.3505830385   -3.5899110550   -0.7950899058    0.2394892338   -1.1367080513
   1.4238056035    0.5792219583   -3.7272083238    0.8151479185    1.6002413045    0.7216631729
   5.1756149603   -6.8979685020    1.4596245288    3.3841813928    1.0389427330   -1.0886360529
   5.0599028624   -8.2809652766    7.9444636909   -0.4161773650    0.4595416802   -0.6034830886
  -2.5731225644   -3.8388378247   -4.0535911013    0.7379076402    4.0737273337    1.7015049350
   3.4360327292    2.7502402939    8.2399146842    1.1575906498   -1.0329197448    1.5633041139
   4.7795038066    3.7948599429    1.8831504056   -2.7286225765    3.8912140369   -4.5777805112
   1.1255345504   -2.6689943494   -7.2359373530   -2.9644698487    0.4101582810    3.0237860365
   2.9501386541   -4.0506653094    0.5416039272   -2.0352347844   -1.5075574805    3.3105620878
   3.9020982229    3.9321095173   -2.0789700691   -1.0897784685    1.7103952313    0.3656442609
   7.5148400139   -0.1330140186    0.0988466004    0.4301908637    0.0177381191   -5.0178904916
   5.3742159008   -7.6854096238   -0.0890535486    0.4367198679   -0.1322050142   -1.2845625573
   1.5699008294   -2.9915583427    0.6909952058   -1.1256082731   -1.7694956603   -0.0067892381
   1.4228322977   -4.6189524976   -4.9243018086   -0.8114158977   -0.3129622609    5.0906366693
   7.2757124542    2.2830153777   -1.0666359920    0.3744541588    5.2778829978   -1.8054217404
   2.5834369397    8.2037077820    4.1575006378   -1.1039997388    0.5718953693   -1.1300864580
   3.7061726683   -1.4732136869   -4.2419189629   -1.6734117029   -4.6149765698    1.5579928532
   0.4354506792   -8.3861209994    6.6577703339   -0.8014938902   -0.3822980599   -1.2370583556
  -0.7673069619    5.9732069798    7.4937848422   -2.9338288054   -3.0488862226    1.0311253228
  -8.2678738332    2.7340058353    4.9052742011   -2.3080019852    4.9447538043   -0.3735211176
  -1.0821700338   -6.3582771757   -3.4316884875    0.5429528675   -0.8350813242    0.3926677155
   0.4949289125   -3.2684562770    4.0467138472   -0.0282410414    0.5974995409   -2.6601316387
  -2.4572592868    2.9444327398    2.9306393857   -1.5262934099   -2.0666404970    1.7147512224
   3.1828330236   -1.0230667422    2.8725477377   -0.3529886644   -0.8636265298   -1.5455056496
   3.1607127624   -3.4661456947   -3.5420271116    0.0864742125    0.6371072388    3.2629161556
  -0.6064034445   -4.3491007953   -6.1443821620   -1.3843675352    1.5819829719    2.2276021434
  -8.1459336275    2.6334873447   -5.0618115152   -0.0751221287    1.2171590748    2.6733974698
   6.4433430221    1.6240578124   -7.3567871892   -1.9932437576    0.2164298600    1.1481661626
   5.7052135921    7.8051684371   -3.4240158028   -2.1018013852    5.6501468309   -0.6001475673
   1.7078729636   -3.8089957320   -0.5739176390   -3.5771704115    0.3995758289    2.4932149157
  -8.1263737110    1.0247739931   -2.9370731711    2.4586578125   -1.9355050401   -1.5624764628
  -4.2392184565    7.2837873453    4.6495815317    0.6587954947   -1.5761373471    0.5266704125
  -7.1146497286   -2.8196372449   -2.0449536014    2.6310007862    0.6127949574   -1.9272754966
   0.1748484582   -3.7679906313   -3.3545021907    3.6288879656   -0.0590943047    4.3911790664
  -8.4435555799   -5.4351052624   -0.7744576983    5.1524237656   -0.6412078670    3.3042144519
   6.4474777361   -7.2597906652   -1.2865588987   -0.9784464378    2.7659829814   -1.3587543795
   1.9565184225   -1.9759795402   -7.5247533439    0.9021003909    3.1680496175   -1.6054125029
   3.8965740464   -2.9154763735   -0.1060933288   -2.9794107934    1.7561549278    3.2529344349
  -1.3461023426    5.7323460371   -4.7487374067    0.2485797977   -1.6350581716   -1.1361618965
   3.2915346774    3.7514178580   -5.4473026833   -1.0174608021   -4.0695333345    1.0707580644
  -1.8072234428   -4.4623012689   -0.8574301430    0.2015032831   -1.9285773921   -0.7353214859
  -6.4403635906   -1.1936202779   -0.3098696570    0.4328042305    2.1660071434    2.2319714737
   2.2297240131    3.0450428439   -7.3287831432   -1.9871165415    1.3315264094    0.8212690454
  -3.3878357557   -5.1495682565   -8.4511278478   -2.0200020799   -0.2522404178   -2.5815795570
   7.1235742838   -7.5552482969   -6.3484649964    0.2447436961   -0.3516606093    0.2429326251
   2.3841872736    1.3984881489    7.8951661547    1.1199040207   -3.9881011961    0.5486093021
  -6.7374048710   -5.5370986586   -7.1342856041    0.9262351116   -1.5168331723    4.0807635697
   6.9485739704    3.3127001663    6.5661094226   -2.1073239532   -2.5050660523   -2.1750950450
  -7.9629015307    4.3547370201    0.7169181760    0.6465397813   -2.8881764768    1.2556414167
  -0.2804600440   -7.3791724270   -8.1101776372    0.6405781312   -0.3029091559    3.5983876260
  -4.4726995854   -4.3703771464    2.7072737638    0.6699656436   -3.9333580824   -1.2187569831
  -6.1487644690   -6.1282785440    7.0488867993   -1.2280546028    4.7304787555   -1.9517178711
   7.5442757097    3.3205175859    5.4021864521    3.9564151128    1.3022245733    0.7890508995
   5.0756142774    2.7648020908    6.1788103114    2.1024921763   -4.7606479578   -1.3201193057
  -7.0471490221   -6.0825493425   -2.9509846958    1.8037685755    2.6207111294   -2.3550460879
  -7.9303871396    6.1590141431    6.5148207575   -1.8913281840   -0.3106976356   -0.2133819256
  -3.3264242089    4.5800230087   -6.2392243218   -0.3716618979   -0.7709001988    1.6143826210
   7.1979847240    6.2022764195    4.0847970599    4.2667362982    3.8517106127   -2.9163508811
  -2.9935854834    6.4122906645   -4.2814155749   -1.3962242937    0.5917493849   -0.0368077290
  -0.8227572611   -3.4333372100    8.1170305189   -0.3404974759   -3.0181722189    2.0423552680
  -5.2565974718   -5.2717397298    6.1285667438   -0.6804814235    2.9310387586   -3.1770498101
  -1.3108608476   -7.4347179806   -4.3584102591   -0.8597850812    0.4941144731   -1.9321599648
  -4.5572811274    5.9296652471   -1.7842537847   -2.9130047748    1.8930442227   -2.4778101886
   5.7615576064   -1.8937473071    6.6156821188    0.5175508197   -0.7597848611    0.6211676308
  -6.4013678911    0.6120684932   -7.9542813563   -4.7670035238   -0.0560274990   -0.7331711879
   0.3172049956   -2.8084744957   -0.9616682548   -2.1310020363    0.8172907695   -1.6960861862
   8.2249533710   -4.9874590042   -4.1783290919   -3.3083864413    2.0679909295   -1.3795754161
  -3.4131716366    6.6451498935    3.2264961178   -0.7631687189    1.8441311141    0.1728425539
  -5.5778349624   -5.2283199842   -1.8137223715    2.0461057756   -6.8294982403   -4.5421280844
   8.5420122254    2.7439821328   -2.0204024911   -1.1379175324   -1.6586135849   -0.9930814572
  -6.9732723932   -1.6919912670    8.3442535269   -5.5899201198   -1.1261877361   -0.2514330216
  -7.3328628688    4.6710460674   -5.9589559974   -2.7387292061   -2.3999523938   -1.5510223252
  -7.3459768967    7.4538680870   -2.2212502390    0.3729972771    0.0171314591   -0.2272639886
   7.5990303487    5.2618779580   -0.2252280612    2.0022028897    4.1372142284   -1.6567391706
   3.9307129345    8.5322245498    3.2246522015    2.2840086240    1.8256463589    0.0675521314
  -6.0009819028    6.1922239494    1.0384656065    2.4396998400    0.7057622073    2.0952312140
  -3.9152660680   -2.4388745232    5.5866962448   -0.8039163655    0.2935006494    0.6118456921
   2.9151139454    4.9054437128    5.6150187387   -2.1116972866    0.4366758490   -3.8777411823
   6.6509022988    0.6890689696    0.2809646413   -3.9959456469   -0.2403752600   -0.4113309144
  -7.7122105674   -8.2289945597    4.4031181117   -6.6079707861    2.9839268312    2.2302461337
  -7.8810010288    2.8033425184   -2.8219634093    1.0636285277   -2.2823400683   -3.0977344046
  -8.3468747923   -3.2406914137    6.2685683897    1.1758335322    0.9477051644   -2.2856430025
  -0.9072016736    6.5402858546   -5.5275399859    0.3037770532   -0.2024354524   -4.2374384001
  -7.9830908718    4.6325166085   -0.5007401470   -3.5766857456    5.3680956249    1.3057108090
   2.8023681546    5.9222410843    2.1978988909   -1.0422205392    2.7904426391    1.8533644194
   2.4676172628   -0.0536036032    0.6474847492   -3.3907536122    0.5242289892   -4.6825139018
   4.2073321259    3.2118175562    6.7090920599    1.4478732077   -2.7095077819    0.5862450585
  -3.7105378823    1.5169763874   -2.7521782822    0.4104871425   -1.3913802302    4.5925980176
  -2.5721688062    7.4429618273   -2.9569412184    0.0267743066   -0.1170373433   -1.1702971838
   3.2360623330   -6.3701132422    5.8721436959    1.8459421618    0.2247077807   -2.2366951684
  -6.9013477366    7.4071284316   -3.3171859649    2.2274714346    0.3435984133   -0.4871764863
  -1.2574127756   -0.3971586087   -2.0649812243   -2.8319189910    2.9559791853   -3.1260838317
   6.8035664877   -2.1439697850    4.8690005711   -2.1044762996   -1.0703508718    1.5639204750
   0.6640251394   -8.4043765892   -6.5501295545   -3.0734099812    1.3455582505    2.2458796958
  -2.4896503698   -0.7886190920   -4.7372672634   -1.2215407343    1.6038475388   -0.7264207784
  -6.6990608122    2.3645565719    0.5080690244    0.9107962223   -0.5692030827   -3.5135032254
   2.8223288010   -0.8145089126    4.2005028758    2.4011288033    1.0582111203    3.1099224326
  -0.0353311876    2.7970104423    5.5141278877   -0.0880686898   -2.1865380671    2.3807193441
  -6.7881837415   -4.0932598858    8.1130231351   -1.7946093836   -0.8889558117   -0.9680389951
  -6.3824524439    1.6850640831   -6.0203646643   -0.6961875286    2.5805954914   -1.1804686157
   7.1728981602    6.8469310123   -4.9167355055    3.1018234919   -0.4918363618   -0.0564309737
   5.2752721577    7.6930632011    2.5700007889    0.3285636782    0.5960798205    0.1054592726
  -0.0757912124    5.9194911848   -0.1976247468   -0.6154141515   -1.6690006087    0.3494080173
   5.7956477050    7.0658160687    4.1509757578    0.6355763454    2.9185543057   -1.5344807221
  -4.0161354601    0.7756106910   -3.7339356192   -0.9458814695    1.0127979487   -0.6813019470
   7.7149413879   -0.7953051057    8.1764170854    1.0279057915    0.1230572479   -1.6473730769
   4.2827026635   -6.4092412300   -7.6468593330    4.3325502826   -1.9317152830   -6.3885870613
   1.8230557250   -7.4948680141    2.7881561049   -0.7179810288    0.5915771913   -0.0057710803
  -5.2508687909    8.1811883804    1.8280932699   -1.0698935254    2.3813596640   -1.5203801997
  -2.2902633533    0.5895688132    6.9325336653    0.1181670389   -1.3089996272   -1.1329510081
   1.9029339299   -5.4191863284    4.2834302985    0.7343300502    1.7278095595    3.0606482941
   3.1708833215    0.2746175168   -7.1812344387   -1.0280737885   -3.7384749311    0.2019451138
   3.3629099042   -4.9491267348    3.5758554600   -0.0727912929   -0.1667147203   -3.7256134781
  -2.5755941743    6.1520939285   -1.2279039570   -0.6990977196   -1.1959696031    2.9789131461
   0.3243281577   -0.2433375731   -0.5530497244    0.5523455428   -1.0127106722   -1.3792567629
   1.5000561007   -0.8442506582    6.0627222136   -0.0233818145   -2.6846238416   -1.6417741558
  -4.0803469397    4.5116385738   -2.0302861867   -0.5682932828   -1.0691946165   -1.4620884145
  -8.2850737633    8.3358523556   -1.6086782893    3.3797095034    2.8135048244   -0.2506962441
  -4.8933075700    3.6503871456    3.5553264272    0.3575029338   -2.3180454046   -2.7540277113
  -6.9151861977   -3.3648398620    4.4728882808   -4.5873618724    2.3630001892    0.2961710369
  -4.3100910230   -8.1629470010    0.4612924547   -2.3439540099   -0.9847447418    1.2684187394
  -1.3131405704   -2.8628102605    7.0010299509   -1.0259788973   -3.4949621245   -0.2050324936
  -8.2675205419    4.8946993791   -1.5418399813   -0.8544235784    3.2576483727   -0.8518635866
   8.3493238512   -6.8149957043   -3.0071641531    2.5487432399    0.2438793023    0.4882141645
  -2.7659884247    1.9970725538   -7.4374403287    2.5805901099   -1.2052430135    0.6702567921
  -2.4942611806    1.9068113386    2.3408591246    0.7515393614   -2.3642792315    0.4628789624
  -4.1430433867    6.5096061248    2.1554390972   -1.6242968569    1.1534615122   -1.7155219561
   4.2926839621   -3.5298366393   -2.6694972599   -0.8615201254    1.3173865281    2.2421880331
   5.6452731794   -5.5181239897    5.8390039425   -0.2174257805   -4.0146418514    0.0994308291
  -1.6501971812   -3.3279921267    3.5200889538    1.8377561075    0.4022741417   -0.8853818893
   4.4363922772    1.1386275229    7.4796521245    0.3154389275    2.7654220927   -2.4660136467
  -1.4742815158    2.2337880499   -4.8214252251   -1.2554798545   -2.0803974486   -3.1139083906
  -6.7981287443   -0.9128074287   -4.7056357338    5.3300955046   -1.4800697765   -4.0459754143
  -3.6472910918   -3.3071879856    2.6577814695   -0.5988564674   -1.5034222188    0.2802650589
   1.4010362021    0.5658463154    8.0627995049    1.7104843701    4.9071378487   -0.3002330340
  -2.7347163634   -3.7051599811    5.0420125867    3.5019015622    0.7155476137   -1.6516799233
   3.7279020788   -5.0155576676   -6.5668056390    2.4609189437   -0.0152480855    3.0639990294
  -7.2624749478   -0.1469539626   -1.8446486761    0.1102748208   -3.3054794349   -1.0297647366
  -6.8540187960    1.0826214636    1.4195567932   -4.3354222918    0.0443014355    0.7102758615
   6.8451741390    7.4427440079    6.3858258454    2.7925661548   -1.2781081876   -1.9109859463
  -0.0659160521    5.1678234790    0.7727149402   -0.2953289466   -1.4818765688    1.5520351507
  -2.8326300643    2.1547820660   -2.0802536527   -7.5655848892   -0.2692759233    2.4853704978
  -6.7964219481   -0.1182950243    0.9691275195   -0.0605499534   -2.1841492301   -3.2484462458
  -6.2028615883   -0.8174519723    3.9381617965    0.4187304253   -1.1220457397    1.1255562653
   1.5098684738    7.9560717081    6.1057333705    0.1237975198    0.5479531535   -2.3940088766
   6.0839160522    5.0538045073   -7.8896994255   -1.4170709947    0.1533541503   -0.8812633707
   4.8122185494   -4.8186718601   -7.4277015684   -4.2362151493   -1.9271216879    0.6940732599
  -0.1027834869    4.1776073027    3.2659632733   -0.9682666137   -0.0754213504    0.5571367953
   0.4217053928    8.3574723403    2.1512569630    0.1053027971   -1.7464809849   -0.1997784590
   8.2387897714    0.2848105297   -4.5216212440    2.7321096090    0.8712068576    0.3244687730
  -8.3590452077   -4.0469745324   -6.3384847148   -2.1346970916   -4.0112747255   -1.5149416016
  -0.9014350260    6.3374579137   -7.3359860786   -0.2615451278   -0.4005053408    0.7326143089
  -1.5421676415    3.4378856322    5.3860241172    0.7718695483    3.2755063600   -0.5407740656
   0.9155171901   -2.3516644620    5.0413818859   -1.7689273011    1.7531038813   -1.9935697648
  -1.6123281095    0.3804844368   -5.5436363405    0.4364824545   -5.6638603574   -1.9633078328
   8.1988718039    0.1931227292    3.1108196786    3.0871104221   -0.7857869321   -0.3566738377
  -5.8961045282    4.0239357758   -3.3211628334   -2.0303140727    5.1950039785    0.3797420416
   5.3139912646   -1.9479306080    4.9846159659    0.7340463187    1.3552101810   -0.0134638454
  -3.7446894782    2.5610103780    3.4674255330    1.0238551740    1.9299623578   -0.5627995906
   3.0689792150    3.7120930322   -3.8141753373    0.4393436623   -0.9646439049    0.4952138027
   1.1263858384    7.7524698951    8.3935747216    1.0849264704   -1.6823293814    0.0035387780
  -1.5822073283   -2.8546115806    5.0078705805   -1.2948551697   -3.3948269838    0.1511154567
  -5.4243924877    2.0589429494   -0.0284612749    2.6774004012    0.1185540877    3.7896400969
   2.5316582628    0.7547556401    7.1745420547    2.7001209593    1.7175750060    1.4784200810
  -0.6866648673    1.6190221343   -1.1802207272   -3.3190522563   -3.5756717022    3.5914162198
  -0.8334508114   -1.8360876878   -1.8044987656    0.3920134030    1.1217042981   -1.8826297800
   4.0649611235   -4.3188556571    7.4140755966   -1.1718674560    0.3420704958    0.1603591632
  -3.0394615241   -5.7878426566   -3.7749673909    0.8633184284    4.2606763299    4.1194958450
  -8.2360881543   -0.3893724473   -8.5369602707    0.2115848903   -0.2261943149    0.4804566990
   2.9608404726   -6.3385593217    1.4245715294    1.1643598322    1.3021019714    2.3053331273
   4.4224968420    1.2631076823   -8.2219457252    0.3246463801   -3.7283549645   -1.0402878904
   6.3874134365   -6.3135533234   -6.9370665086    0.0082741699    4.2328260197   -3.0196370505
  -1.8854482948   -8.5275687605   -1.2171453772    0.6069546081    0.2000344957   -2.3695005322
  -5.6106048751    0.3013789703    3.3657812470    3.4729875529    2.5202853265   -2.7432947785
   8.3272623962   -5.2256029475   -5.8978280143    3.1227807828    2.1606170740   -0.8824723651
  -5.8250581968   -1.0823978637   -1.0828723270    0.4642715715   -2.0774240289   -4.3116980434
  -3.9161525990   -4.7931969481    5.5449453872   -2.1335064405    1.1727029356    2.2434799935
  -3.7429161734   -7.1993059390    6.3374667187    2.2273963324    1.7240289396    0.6981823665
  -6.6282613672   -4.4537082426    2.8415479585   -2.3085443050    2.6096777317    1.5991434296
   6.2170545626    2.3663251811   -4.2163766464    3.0002319312   -2.5792510062   -0.1154854187
  -1.1090388555    1.7110121883   -7.8575816450    6.1379124116   -3.8909571305   -1.6398582310
   3.2355699121   -3.5513798191    1.2176645359    0.3047404123    2.6077962571   -0.5009212989
   2.2186421010   -1.1570327230   -1.2767268832   -3.3970140584   -5.9455012053    1.8800218159
  -1.1138730983    6.6649760448   -2.6179569056   -1.4015628344   -1.6720204237   -3.5897117522
   5.7289702248   -7.4263386739    4.2589325765    2.0447706534   -0.0740009181    1.7247153078
  -3.6638600216   -3.8447157746   -2.5970971983    1.9651229103    0.3299878961    1.8777960548
  -5.4941561176    1.3128810063    2.8438521096    2.1561636294   -0.3172230888   -4.0449745983
  -2.6780030725   -2.5371619408   -5.7749601403    6.2283741417   -1.6346155142   -1.3639024147
  -4.5217550609   -7.7905199965   -2.0675724332    1.2767849835   -1.6889081998   -0.7411450289
   4.8641498664   -3.5897370173   -1.6472407537   -1.4169719619   -3.1057602343   -2.2454531773
   1.4306288398    0.3926212178   -5.7889763478    0.6758717273   -1.4073377285   -0.9440900200
   4.1006152098   -6.0936942107   -6.5880447521   -0.0601868204   -3.8879349160   -1.9696842198
   0.5975883227    3.0437659181    1.0392340763    0.4921242788    1.0610168927    0.2178588433
  -3.2112454788    0.0367184871   -1.0853623379   -3.1786508642   -0.1354633266   -1.1555796040
   7.9939852913    1.3455003076   -1.5166594321    1.1906488263   -0.9876808099   -2.1193471762
  -1.1420686843    4.0513195926    7.1983588732   -1.8129922244   -1.8921923577   -2.0997739403
  -4.6941358052    2.3261696369    7.1745541895   -0.5776855781   -4.3604699415   -0.8080647333
   1.0704562902    3.9202863919    5.1378651191   -2.5077031185   -3.0243659723   -2.1939412673
  -5.0350553197   -2.0096724493    2.0173722824   -1.7893829241    5.1469725073    1.6197813793
  -2.5591746200    5.8240558655    4.5537034250   -0.3913867779    3.9864391788   -0.4065667347
  -6.1193394286   -6.8822128979    7.9493990817   -1.5931169994   -2.8859747394   -0.7452195988
  -3.5976544726   -5.1740298382   -0.4837701335    1.1890776255   -1.6663054467   -0.8292190434
   7.6572510421   -8.2340938229   -7.6566715156    3.2023205885   -2.2904414242    2.1459601001
   8.0738034860   -2.4051276957    1.7007819580   -1.1389906354    3.4482914091    0.4574002915
  -8.5435162380    5.1463713220    2.8511719503   -1.3605112317   -0.3576125059   -1.6056941833
  -5.0318294868    2.3638285492    5.1780831996   -0.8715702624    2.6463539075   -0.2596295286
  -3.1088604097    8.1936838789   -1.0998411133   -0.1003988098   -0.5908609719    3.8202264656
  -6.5980204010    7.6969641840   -7.1693470089    1.9459442359   -0.3418488965    2.2028553114
   7.6626775046   -3.6130952471   -8.1846531211   -0.1185179838    1.0399881884   -2.8557897623
   6.3042600862   -3.6849203641   -0.8493416163   -0.3354172501    0.0768972995    0.2601575320
  -0.3546980574    0.2651172797    1.5769121521   -3.1061178074    0.3195445915   -4.5301762763
   0.5957049400    2.5047054379   -5.2089056789   -0.4225776449   -2.9664624440    0.1856053163
   1.0464426079    5.2012455796    3.5156662125    0.8266942315    0.4724339598    3.2283989548
  -4.3104774912    2.1597945894   -6.2004496063    0.4831312559    0.0121249222   -2.5425963497
  -3.9942798706   -1.3085907860   -4.4737932742   -1.7970629221    2.9076885280    0.4958175593
   6.4003351626    0.6586983284    3.9584356208    3.3037136996   -2.6887551639   -0.8066531439
  -0.8810433733    5.2181741334    0.1900812293    0.6692816593    3.2116345380    3.1536448094
  -7.2740876209    2.1833262524    5.6339467718   -3.2454303938    0.9744742816    0.9270066587
  -1.0701053692    7.4613379572   -1.6532750410   -2.6485827305    0.1909790768    2.3233269200
  -4.0618155671    7.2187463927   -3.3858680883    1.5464377868   -1.5027058281    0.9181738498
  -6.8072064151    4.0423110057   -0.4066416341    1.6951820564    1.6307272808    1.3022260287
   6.8290344514   -1.7214311171    8.5421902108    2.6096375335    0.3522451528    1.8557026779
  -3.6552449733   -2.2833532286   -7.5441582601   -2.5724470755    2.7866326795   -0.1955685846
   0.0177370929   -4.4932477871    0.5036619844   -3.5649553927    0.5892703134    2.0197380373
  -7.5249443608   -5.7019394402    3.3844132283    4.6184033085   -0.5176095177    0.9837144270
  -3.8696052291    6.9505773336    6.5488856195    1.2701676079   -2.3631155570    1.7288064148
   1.0650831422    3.1095933788    6.5416424782   -0.6073974374   -1.3470132566   -0.1324227271
   4.6791758186    7.2033543816   -0.6248938708    0.8222384884   -1.4709433435    4.1600283966
   2.8541270814   -2.8363783815   -6.9894678770    3.1362739888    1.4411390812   -0.5074081949
  -0.4731373474    1.4789274150   -2.7620420998   -1.7522721682    5.1848867839    2.5339036776
  -3.8027154307   -6.3827640582    1.0622527538   -2.3097695646    0.1112623763    3.3609155918
   3.8400260516    3.8712842709   -6.8099716722    2.6326600872   -0.6435736206    1.7215414152
   1.0278245149    4.0558192526   -7.2351495156    0.1201474378   -0.8035717174   -0.9746873606
   8.5243397904    6.2661173436   -0.9450886716   -3.1880839355   -2.1621426552   -1.0981773792
  -4.1970155308   -1.2842778208    0.3054311533    0.2698251985    0.3500341056    2.0639292326
  -5.9017236757   -4.0381650464   -5.8420332186    0.0121376754   -2.7509910717    2.6568448553
   7.4319949667   -0.5537157743   -4.7149554149   -0.9598694807    3.9330676348    1.0140680475
   5.4234498510    6.9143136275    0.1443034804    3.1803237563   -0.4030244530    1.1261600004
  -2.2506557818   -5.5868472520    5.6240447221    1.9308556874   -0.5915761177    0.1719524277
   0.7057275345    8.3588394168   -2.9660644118   -0.8622872787    0.4054359437   -1.9230739797
   7.7274815119    8.1592870641    3.4907504070    1.9361625296   -0.7850007504    2.4094479060
  -0.9447114223   -0.1461796351   -3.6029928357    2.6195129824    2.8492624307    0.0439124886
  -0.5852564185    4.1066580971    2.3825938225   -3.3433992251   -3.0116762821    3.4344163846
   7.9106790600   -5.8248875368    4.3532528404   -2.8716133558   -4.1822897281   -0.9138966599
   6.0944245346    3.0359977255    0.5279724525   -0.7405004007   -0.0229383009   -0.2357288767
   4.1541202680    3.6020462833    5.5269163462   -2.6965524726    0.5920182309   -3.3490540089
  -7.6370142230   -7.4202441762   -3.5615699579    0.9940190857   -3.1141693131   -0.3988413983
   4.5793864378    7.1908533629   -3.0613159777    2.6949692615    0.8668823563    3.5942623061
  -2.3849419357    0.8340927931   -0.8366254612   -2.7555904808   -2.1551489996    2.5516265394
   2.6260573135   -7.4922803670   -8.1502078459    0.7783424848   -1.7751968234    2.9843067675
   5.2039325900    0.2297251468    1.7618452077    1.3756863985    3.5942434369   -1.1654326325
  -6.7363949789    6.3320865067   -7.0523932849    0.6108220418   -0.3077449901   -0.4598595708
   6.6122190792    5.8634018217   -1.2507269819   -0.7115308997    4.5718456378   -2.4107010918
   2.7583640671   -6.9469392529   -3.7059620647    1.0637363859   -1.7924285763    3.0728015474
  -8.3215416642    2.9780181340   -6.8386357061   -0.5501648186   -0.3351618319    2.5854336294
  -4.0682955108    5.9143078407   -3.7147313510   -3.0628005763   -0.3945576901    0.6368906011
   4.0305103993   -3.4439144605   -4.2649855571   -2.1632712371   -3.0159896445    2.0025762742
  -4.3982549914    4.3254786322    0.8305046124    0.2367555113   -0.5455149953   -2.9321608388
  -5.7580303475    2.3971135569   -6.6117104291    2.6557314960    0.6698179343   -2.3233696793
  -5.6506323835    5.6995717071   -4.6278806067   -3.3822424334    2.1828316121   -1.2419347239
   3.1250804703    0.2382279858    0.1114451917   -0.5500640680    1.6918148947   -4.2033423753
  -8.5154161254    1.2542874111    3.5663480755   -1.1686759926   -1.7106724710   -1.9146464973
  -4.4784800058   -7.5814891623    5.7503859318   -1.3292090540    0.7111212249   -0.3325307264
   2.6795360022   -0.6518377071   -5.4573615757   -3.5559786870    1.6694303494    0.6964786175
   2.2547997685   -5.2993880796    6.1774572876   -3.1314108338   -1.0342173508   -0.0710269384
  -3.8741141277   -5.6496696618    7.9405235973   -5.9923518551    1.1067591050   -0.4918986866
   7.5788951012    5.3723280435   -3.3860685729    1.2842288415    4.5869187984   -1.8276043914
  -2.2373786796    4.8848575172   -3.5938575405   -2.3782262514    3.5634001364    0.1236817162
  -5.5338216823    4.2398144876   -5.5320016892   -2.4750738930   -4.1721329962   -1.2270540441
  -4.2742523046    6.2443423106   -7.6535208867   -1.3603903155    1.3109015769   -0.9920275478
  -7.1192094853   -7.2916114353    1.6017977538    2.5214954118    0.8999502007   -3.0138045274
  -4.8102666806   -6.6736751425   -0.6450683900   -0.6291786228   -0.5703946213    3.1757935485
   3.5191395591    2.7604774382   -4.0436786838    1.1079424557    1.4640403015    2.4201786905
  -6.3801952995    2.9202254124   -0.3485073277    2.1132161277   -2.3094774646   -0.0509065348
  -0.9204196242    0.9325155434    6.5249808092   -0.7145189923    3.3133390199   -4.3626433190
   2.9812066138   -8.4959738369   -5.2419445735   -2.2074643194   -2.6189818078    7.4391505958
  -1.5305900236   -1.4391258526   -6.5185618193   -1.7196528951   -4.0813989684    3.9503092378
  -4.9742974873    5.3777350665    3.1882428297   -2.9024065238   -2.8208754479   -0.1542199673
   5.9436087266   -6.5839788752   -2.2526282335   -3.4706057079    2.7101207353   -5.0569344991
  -6.7256980137   -3.1152090108    7.9700625281    0.3422078736    1.2116821186    0.6696213732
   7.3246810979    4.8598669717    5.2712908603   -1.4144666690   -0.1522461120   -0.5064156130
   4.7921292571   -1.5315321223   -1.3696079913    0.2803576879    0.8497904865   -0.5456209588
  -1.4619660887   -4.1142030995    2.9884656434   -0.8038525612   -2.5167968074    0.1693675269
  -5.6059531915    8.4738446488   -8.4081724334    0.7610855314   -0.1708361880    0.6135693368
  -5.8366895452    0.3729566566   -6.4940993559   -2.7872825651    1.0407492256   -2.0584574851
  -2.1326226275   -6.3592932042    1.0398555799    4.5221327147    1.1445302672    0.6193142180
   1.9191232313   -8.0577522245   -7.3039589310   -2.0550369812    0.3434585981    0.5694433124
   5.3121271873    6.1547487929    4.9926303480    0.8307466982    3.2449450178   -0.7316868345
  -4.3643203693   -5.9841470284    5.4999405398   -0.5957340591   -0.0588991155    2.0745464802
   1.2765360974    5.0152546238    5.7748194345   -1.7802875214    4.0708614182   -0.1847107687
   0.4375582797   -3.3394566287   -2.1009360709    2.3608645837   -0.6254579851   -0.0372660117
  -1.6588992789    8.0243972878   -6.4918924404    1.1200729644    1.3425763676    0.6115822595
  -3.9834776167    6.6254834412   -1.0105363307    1.3631751082    2.2077970010    1.6729534152
  -2.0427651154   -0.8330311793   -2.4526323712    3.5258058811    0.8591174268    1.3071307231
  -6.7994270000   -8.4843106059    1.5973494724   -3.6931943726   -3.2945578696    1.1644777628
   8.0079282123   -6.3547238016   -2.0869852587    3.3315793039    2.9945613299    1.8038751541
  -6.4056663265    5.2742599022    0.3633240453    2.4755366915    0.0968627548    0.8743466705
   4.2263424215   -2.9740199159    7.0190710046    3.7380715594   -0.2934060568   -1.8987293015
   5.8667101823    1.4208314794   -4.0987848224    2.5160912636   -4.0138931538    1.9241148918
   5.1402514754   -8.1351195304   -5.0377866033   -0.9770746677    0.7975825633    2.3969108714
   0.8911219171   -4.2935151857   -3.5867749333    2.5998420949    0.3458465202    2.2259888907
  -2.5274455825    5.8872816608   -2.3954748189   -0.7879794969   -2.4117236263    2.0289418742
   5.2963509249   -5.8103538586    4.6970551580    2.9627918624    0.9385573383    0.6606702911
  -2.6592066802   -6.7632463772   -5.6173162657    0.5443103670   -0.5092820251    0.8012521143
   7.8505536365    3.6972119551    2.4347508622    3.0899675112   -1.0333261379    4.4455826466
  -1.8916991785    6.8956414161    7.5173802274    2.0724003373   -1.1259222818   -1.7951697179
  -8.2949270005    7.1496425205   -5.4419649571    1.6280699637    0.1794002071   -1.8032463039
   3.5794956505   -4.2425179947   -0.7869227779   -0.0081658512    2.1688382127   -1.5893157780
  -3.0986402156    2.6557373972   -5.3965929143   -1.2629167557   -1.1342958160   -4.3614962983
   7.0185059405   -8.1364001343    7.3996817737   -2.6201530321    4.1294569017    1.3187802957
  -0.2932423369    2.3427735781    8.1962571295    2.6313862513   -0.5945786274    1.2664373654
  -5.3176571728   -2.2317009411    6.9060508642    0.4075978198    0.2017139668    0.5048539662
  -5.5956692806    4.6999594705    3.4367257429    3.5662846014   -2.3488305452    0.6751685463
   5.0186013940    8.4319548907   -5.9371587621    0.8872579736   -3.2033728834    0.8386477236
  -7.6940767115    4.0793971111   -7.6861716110   -0.5778606511    5.8631370940   -3.6069161007
   8.0571500196    7.2379955705    5.2988009292    3.5691366353    0.7550804006    1.7030552913
   6.8550033306    0.7783140768    1.4756328948   -3.1628426158    1.5275433515   -2.9763379705
  -8.2847107374   -2.2967100608   -5.6661584618    0.2021389112    1.6596141349    0.6844219956
  -3.7713554612    8.1372438171    8.5492060218   -3.8790936541   -3.5804276177    1.6016926287
   5.5508829514    6.3799402968   -5.8678214391    0.2278078694   -2.8069879207    3.7163904282
   7.5185247747    1.5495363333    0.5449341684    3.0943407389   -2.7072431224    3.5296233606
  -0.6605689362    6.0447574499    5.3868923853   -0.7980598235   -0.4433637638   -0.5812416893
   0.7484181047    2.0238703432   -3.2146354826    0.7295174708   -2.8845799246    1.4299881289
   6.5908918775    2.2140272162    6.5249642092    2.0160155499    2.3437843369   -2.6779812309
   4.2921957487   -0.6397339922    3.8455130583   -2.4767897324    1.1448436337   -4.4986429975
   4.7756842284   -5.4073076705    6.3498973564    3.1421737015    3.7924348878   -0.0242442402
  -2.5058348095   -2.1586384121    3.9947962251    1.4140076025    2.8099491494    1.4164584573
   0.3815085165   -2.0679311485   -1.6123220437   -3.1429888205   -0.6426326420    2.9624804239
  -6.8039427080    6.6956888859    7.8416177680    0.7715152821   -0.9232068789    0.8396420385
   1.0019356559   -1.4813119803   -2.7254746491    0.4218105551    5.1146372768   -0.1249596068
   1.1607266564   -7.3792124140    6.6604747172    3.7077785885   -3.0084251102   -3.0215613309
  -1.3403624156    6.4449169254    0.0638741679    0.9228339993    3.9565885573   -0.0424776948
   4.9410202932   -7.0450779027    5.0603674882    1.4131862406   -0.1723564303    2.4940956480
  -8.4622102124   -2.9104532600   -6.6163667695    2.4378680609   -0.5791717650   -1.0559505534
   8.1873012805    4.0392148155   -4.4770464950   -4.8902390669   -4.0409562898   -0.8330035394
   5.5102930273    4.2587081480    0.1738026727   -1.4757581167   -1.5748285927   -4.9781949965
  -8.4274328030   -4.5488590356   -1.3303272783   -0.5741478405   -5.2536588803   -2.9719195497
   6.0856460945    0.0520969875    5.6058176523   -0.7618709983   -2.8449704866   -1.1362287816
  -7.7045244420    6.2376469611    7.8551960125   -2.2908016741    0.2744044384   -1.4503480262
   5.2355212571   -4.3830659294    4.0320717040    1.7353253258   -3.3235349523   -2.1221387224
  -5.3507169341    3.6553072343   -8.1105370773   -2.0439183552    1.1637609562    0.1522223866
  -3.8299422046    3.3754676432    7.1214438493   -3.2013701806   -0.3734043204    1.6821363117
  -1.8210239060    7.5282140016    1.8723139038    0.8130655662   -0.2569616459   -0.3984337458
   1.6400787136   -4.7302788129    2.7704377451    2.6005193031   -1.6462112825   -3.8837782331
   1.9704771466    5.5559889934    0.2852152134    1.5030857660   -0.8477667729    2.9573519528
  -0.3129416550    1.7505914759   -4.1827953464   -0.3758945533    1.2922704430    1.8279589383
   0.0953273514    6.8538026623   -0.5196239599   -0.5709100391    2.8242146495   -1.1345644045
  -4.7384631709   -1.6195703729   -1.1382253210    1.4678509905   -1.2710707122   -0.0267803018
   3.0320931307   -2.1533033082   -2.6008472191    0.0411237829   -0.9954622155   -3.2581156642
  -4.4911655098   -6.7802186812    3.4477356974    0.2245922309    0.4889037261   -0.4306579319
   7.7981429050   -4.7179890683    2.9071863593   -1.6974170388   -0.0047765876    0.3159515920
  -1.7596470793    5.2642121295    5.0944905222    0.8896003107    4.8118782051    3.5296160507
  -3.2216108909    8.0829285309    5.4747693127   -0.9486201843   -1.6480788087    1.6691817742
   6.6799794131   -3.3466800580    5.0554875679   -0.4459010530    3.0770192681   -0.2914242212
  -2.6912177911   -5.6306324329   -1.7280997328    0.8432422031   -2.6901893115   -2.8550203970
  -1.5982699298   -0.2360268677    5.4866818699   -0.2098148874   -1.3257995860    0.0191912053
  -7.9757851054   -7.9319982965   -7.5818755085    2.8462150195   -1.4821948435    0.9348786439
  -2.1969082211   -6.4624029165   -1.3722280892   -1.4978564599    2.0926446501    0.3578156422
  -3.4591599799   -2.3153867632    2.1216297620    1.5423390135    1.1543146828    3.7223199644
   5.4591341277    6.3177734096    1.4347551646    0.1174746453   -3.2497530255   -2.1400529916
  -4.5933336756   -5.0556011417    8.3565582769    1.8063163458   -0.2990020896    1.3795687982
   8.2779671863    1.9954366085   -5.5860853594   -0.4295713800    0.4420654339    1.7292813501
  -1.9409953986    7.6580677269   -0.9126189712   -1.1922858930    2.4336218159    2.5819702690
  -1.7788551128    5.6230943500    3.4227550038   -3.7990137435   -5.6441358464   -1.0076835730
   5.9239214198    5.3053418345    3.6725986678   -3.2100152255    2.2360640767   -0.7826538749
  -7.7055385718    5.8441907488   -2.0928603193    1.2347961367   -1.4675980321   -0.2013489972
   0.3494786607   -3.3588562331   -4.4692915979    1.3513745535    0.8737412147    0.0926577253
  -6.0861327443    2.3199412082    2.0309496765   -1.7817159249   -0.7791606140   -0.5117734336
   3.0734361858   -5.7530933544   -4.5107632473    1.3892222805   -0.3193451093    0.0271226889
   6.0546652092    0.1618753909    2.6276141841   -1.0653880141   -1.4051220686    2.2812077038
  -1.0087698142   -4.7320395167    3.9984331132   -0.7907023101   -0.7426053048    1.3115829682
  -0.7822436989   -5.9969130676    1.4398590628   -0.9501256129   -2.4337622188    0.2545437685
  -5.2753599891    3.8832029944    5.1698182466    1.1121076219    3.6023724379   -1.7576386714
   1.9770067022    0.4486540288    1.3170560907    1.1458417594    1.6950774341    2.0182451131
  -3.1821239463   -6.3093625458    1.8996535632   -0.9470966128   -3.5673661867   -2.8877066924
   3.2916708372    4.9555526465   -2.8674166649    0.4917194650   -0.8163894971    0.4144969495
  -8.0857180747    4.6747307959   -6.5296640236   -2.7812092485    2.1423045520    1.8353240654
  -4.9805757386    1.8985094961   -3.7295827739    0.4824046716    2.1888325257   -4.3636422862
   6.0085110359   -4.2568276669   -2.8123630519    1.0279450354   -1.3606948698    0.4649707427
   4.1090318995    7.3259460949    7.1586721875    0.3681026631   -2.2829779390    1.7721133595
   0.4671746791   -4.6787140527    4.1106443713   -2.2047847023   -0.0162770126   -3.1423800270
   7.9062781724    5.8130443265    5.3922602048    4.4713283702   -0.6632309335    1.8615907376
  -6.4659025211    4.8965738809   -6.8740404464    0.0826040896   -0.6695214633   -0.2452465659
   0.5349003531   -3.9641775201   -6.0002669343    2.1446405755    4.1836048611    2.7691783670
  -4.3856137612   -7.0327374621    1.8662491804   -0.4132841054    0.0314127456    2.5749412509
   6.8455564964   -6.5358197341    7.2893644817    4.4440111783    0.4285225476    3.0857524908
  -3.9915229321   -4.7680617574    7.3705618310   -2.4591390357    0.3769650204    0.2212262013
  -4.9077705432    1.3506194994    5.8594116059    0.8654519702    1.7163360993   -1.7130328260
   5.7781219210   -6.2204299484    0.8842570197   -0.7271669193    0.6794462253    1.7363108850
  -6.6975880910    6.0307100565   -1.2864679379    2.8777163604   -1.2557416579   -0.1847107391
  -3.5633520270   -3.2320169874   -6.6365045115    3.0220494313   -2.1749056157    0.0189180330
   1.0546167005    2.8035029006    5.3595943757    0.3500109644   -3.4413915408   -3.3663715610
  -3.6081873170   -7.9464519240    1.0834538248   -0.7620036455    0.8349902389    1.3611450153
  -5.7433465198   -3.8394679006    0.9837710378    2.4919415941    1.4342478064    1.5330658506
  -2.6177333055    8.3674151097   -3.0015301279    0.3711725256    0.0081379656   -0.2062302177
   7.5357112421    3.6974874266   -5.7606917794    6.9598704770    0.5599665641   -0.3499126337
   4.6982448168   -2.5037422112    3.9643673063   -2.9573500381    0.7364286180   -0.7823717794
  -8.2857057783   -0.0970106874   -3.1692295145   -0.2857556716    1.1842272298   -0.7137385858
  -6.6079640793   -0.2750176766   -6.4367560227   -3.4454498352   -3.1537594372    4.7014442654
  -0.5889808298   -3.2402358043   -1.2497506454   -0.6554180787   -0.8122010102    0.5080482041
  -4.8242531111    0.3457812814    4.6162311791    1.4037225816   -1.9490474798    0.5977137741
  -3.9335569535   -1.6831795658   -2.3814015289   -0.2790833399    0.8307767816   -2.6989201316
   1.4165952899   -2.3237083508   -0.3214623014   -0.6102207244   -0.5696152010   -2.7049573057
   4.8545122037    1.7945302605    5.2199468726    0.8810812879   -0.6347142908   -1.1179836337
   4.3190631547   -0.0873798097    1.4197796913    3.8066362320    1.7261741950    0.3101534778
   0.5343597594    6.9523531542   -7.5202768312   -0.1043773407    3.0077437653    0.1618882051
   6.4366440306   -0.0264975757   -3.7493056050    0.1133338816   -1.2145641704   -1.8413572150
  -6.9718488197   -6.8848272453    4.6848559916   -3.7551869617   -1.2621068066   -1.7469394388
   0.0995024962    3.7235382555    5.4097566827   -1.5652965551    1.7116593259    6.2547901107
   1.3338242117    5.6618112576    2.2752362460    3.9087081720    0.7238077497    3.1558900483
  -4.9747896745    1.0105158638   -0.8924455453   -1.1291757521   -1.4746077117   -0.0293799620
  -0.2960172310   -4.2646588137   -1.4696081237   -2.7697352131    0.1228635633    0.3285169145
   2.8174003932    6.2900918208    5.8799111594    2.7030506609   -4.2570351222    1.5166059439
   1.1128507124   -0.6130674533    1.1298153987   -1.0836192739   -0.8665881982    2.1675823634
  -7.6412410393   -1.9659245468    5.2363078628    2.4608976855   -1.9494344529   -2.4375023517
   3.1081639221    7.5679566949   -0.9210173517    0.2076413412    0.8822199175    2.0215192381
  -4.3001967293   -6.2146017956    6.5412329843   -2.0113823222   -2.4901999120    0.1737179921
   7.7279023853    7.0106982643    0.4710667303   -0.1717124460   -0.1551751987   -1.2531225857
   2.9102976430    6.3985252673   -1.0145204026    2.2612617976    2.1825883703   -1.2857668601
  -0.1454246610    3.2347586060   -8.1301222855    0.3853665193    0.9663935621   -2.6916560302
  -6.7114313392    3.1138588521    5.1806996272   -0.1809426738    1.9257870224   -2.0224496391
   5.3599109602   -6.3586202401   -4.4541526402   -4.8788786728    0.7423110588   -1.0905686977
   3.1036561965   -4.6225483548   -2.9115510255    2.3277924128    0.6847432517   -0.3889726028
  -7.8690990357   -3.2554148705    3.9613465733    0.3523723690   -1.9817297709    3.0502593268
  -6.7412689005    2.3802798644   -1.7738078688   -0.4774245091    3.9247982660    1.2373609958
  -4.6391226306    6.3669726923    7.5052745945   -3.1108490110    0.9337607244    1.6054557063
  -4.9066034225    6.6617697306   -0.1199007606    1.2953678095   -1.4428640816    3.0455604268
  -7.4094224481    7.8450574628    6.6662442926    0.9091568477    0.6617682676    1.8504502908
   8.2447605051   -3.8271556287    7.5187506141    3.5409901850    0.0770542220    2.3197569391
   2.1337416788   -5.3709119558   -5.4504705935    1.2194022453    2.3871194369    0.2397947683
  -0.1743638715   -0.1460477555   -6.1733839199   -2.7338778169    1.2196686195    0.2006989138
  -5.4639915096    8.4814368427    0.4056954961   -1.4312264982   -2.3811730361   -3.3256718182
  -5.8308552826    4.9786014029    4.7556296217   -1.1392201324    3.5116154677    1.9380486115
   0.0046908704   -7.0216648999    8.2025315564   -2.7563404264    0.0370653401    3.8775446039
  -7.4001458959    1.2167499042    7.7718597337    3.8905080205    1.2028264826    1.0396554258
   4.9797244124    8.0296360053   -2.0487507041    2.5489590166   -0.0938997565   -1.8994640067
  -2.5894359408   -1.8198295389    7.7597998244   -0.1303954864    0.8944074499   -1.8789149190
   6.4914428362    5.2805293444   -6.6732556222    2.3130846653    4.3637484693    0.3582264062
   2.7314611498    2.0240205148   -0.2183931420   -0.9891429287    2.0877193889   -1.2087780709
   1.2988168408    6.8736636815    5.6138560983    4.4413943617    1.9854737444   -0.1468415109
  -1.3192452891   -5.1411947479   -0.4844351277   -0.0580635536   -0.4440471704    2.3742294153
   8.2177926990   -5.8076214403    6.5389118962   -3.4075477022   -0.1263492341   -0.2154556771
  -4.1995586498   -3.2123680929   -1.2217793985   -5.5557905813   -0.9550965185    3.0740395223
  -6.6688159125   -5.2515996463    6.3614257263   -4.0537888898   -0.6995109876    1.9034906125
  -1.7851261393    5.0754393231    2.1919071503    2.6898707729   -2.3454525072    1.7836769044
  -5.5044896605   -1.9490285438   -5.7628777025    0.2039234271   -0.0213493803    0.6477484377
   4.7988706335    5.2900319886   -6.3598026090   -1.6363977395    2.0717505313    0.1858274569
  -3.0684274844   -0.8073834404    0.4441073163   -0.0874124702    3.3992421744    4.6912117212
  -4.0074052932    7.3535730496    3.7368375619    0.5519335577    2.5508740268    1.6801051783
  -8.3990850713    8.4800098529    6.4493398310    4.3931002610    2.3573877936    0.7934025521
  -3.7741927239    2.3316925914   -1.7622749272   -0.9945659268   -0.1764585508   -2.5320683493
   1.4759946986   -1.7444172110   -6.2050839524    1.1897418517   -4.4105823421   -3.3582122366
   6.0032006201   -1.3245988219   -5.6383522245   -3.7086340138    1.5869866287    1.1241423834
   0.8182229045   -5.3058093541   -2.2778393994   -0.3057839645   -0.9665048954    1.9675719123
  -1.0006435401    0.7051239072   -1.7581009660    4.3928393261   -2.1438517565   -4.6262384682
   7.2200855221   -0.4036085246    1.7618871788   -5.3774410143   -0.3947273383   -3.7766924850
   7.5988769276   -2.8737442148   -4.3155392468   -0.4993822586   -2.2500923893    1.0685763914
  -4.8859937317    7.5746662838    2.4034489484   -0.8555802040   -0.5921723239    1.7615596441
  -7.9960403551    7.0403478306    8.0871521304   -4.3442541885   -3.0568280987    0.0165599767
  -7.0081037764    3.3773452969   -6.4577273956    2.5489155441   -2.2464148154   -0.2325125043
   6.2220980508    2.5521286920    4.2595481796    1.8841590105   -5.1913761077   -3.3787608946
  -0.7773321072   -3.2649717777   -6.0615968566    4.6184578420   -1.7549385193   -0.4247526035
   4.0564800146    6.7022163339    5.1323612892    1.5311897939   -2.3206552969   -1.4583783767
   0.5422139380   -3.5022993894   -0.0933161376   -1.0603152943   -4.1913893412   -2.1189983310
   3.3583267846   -3.0161211028    3.8563444744    2.7791056696   -1.3978331958    2.4036221429
  -0.6957516882    4.2667092017   -6.8463054033   -2.4439645548   -0.6953833181   -1.5302484242
   0.6418054665   -5.6421754874   -3.4171547132    0.7158049196   -3.0065002124   -1.1326770895
  -6.6412299788   -7.8632097355   -5.8086744934   -1.4631441989   -1.1946438145    1.1470856756
   4.2490584191    6.8337905792    4.1323983352    4.3186460307    1.8340150298   -0.2550102408
  -3.8288707523    8.3364879587    7.1784519471    2.0347964058   -1.8211038122    1.0868013873
  -3.9992515282   -6.4425657319   -0.5066022300   -0.5236086759    1.6688700419   -1.3871156992
  -2.0267854393    1.7267206296   -2.4485531427   -1.4876295905    2.2479937734    3.2778659888
  -5.0493862485   -4.8088041545    3.7608690111   -1.5319487249    1.7123875671    0.5416442035
   6.4451561846   -5.5401657615   -0.7727200123    0.1370334319    1.2245115676    1.2431316202
  -5.1420672165   -2.4144819910    4.4021790007   -1.6087764988   -3.4812034899   -2.7945534714
  -2.5758991265    1.6929035714   -0.5678304639    0.3407201998    0.5668156975    2.4688285716
   7.5215795702   -5.7050592073   -0.3682959222    0.6621174413    2.7180696144   -0.0557125588
  -1.1926810967   -4.7410693557    2.1520154224   -3.6890600611   -0.6961520324   -0.0884343329
   8.2854569672   -6.7177039404   -4.2449892605    2.8390850153    1.1158019450    0.2725628886
  -4.1902509603   -6.4130545813   -4.0081583858    4.8486312158   -3.0539958043    0.0270589041
   6.7354377487   -3.7509279994   -1.8694211991    0.0158302078    2.1036321137    3.2412616564
  -1.1318262246    5.0850388670    6.7415717636    0.7439244008    1.4336788689    0.5616036792
   4.4653392099   -0.3964105677    5.8486515306   -5.3097907040    2.6435651116   -2.8803710381
   0.0078607018   -8.1325567781   -0.8212820692    2.5441378164    4.7699955313   -1.5697304026
  -4.5063294975    5.1735377310   -5.1967725823   -0.2499210051   -0.1933672176    0.7741478690
   6.2375206775   -8.4240226402    3.3101935357    0.1433989997    0.6557551168   -2.2643178125
   8.3637577031   -1.0255787218    5.9826465522   -2.5107861849   -1.2208583964    0.7830991680
   7.1349652817   -1.0929868668   -1.3636853025   -0.9284678643   -2.4578460592    1.1975889865
   4.7893421915   -8.2318777491    4.6137060549    0.9884790133   -2.0553804678   -1.7230417453
   5.8333365119   -2.6081868565    5.8365901848   -2.4346870234   -0.8408630816   -0.2085784306
   0.2816817588   -2.9663982534   -8.0383550884   -1.3321942396    0.5275642663   -7.9330360035
  -7.7552769103    1.7054803527   -1.4749854813   -1.9990396592    1.3526292535    2.1266052419
  -6.3361295433   -2.1784364503    7.7189272265    0.6944630198   -3.4101308228    1.1875490072
  -5.3863306572    5.7241920585   -2.5606388867   -0.9391447879   -2.5269590151    0.1295570793
  -4.3063710822   -3.9043122940    1.6570925054   -3.1854909304   -3.0878104463    3.1602893744
  -1.8666711092   -4.6831058215    7.8362098051    0.5143178808    0.3816437618   -1.9552112594
  -1.1414508751   -7.3916717319    2.4700267242    1.6154690662    0.7690643253    3.1020080861
  -7.1927287516   -3.7623371298    0.9527506452   -3.6589249988   -1.2503313665    0.2322969541
   2.3054372281   -7.6694302870    5.3338543406    2.0261539554   -4.3970423278   -1.4578424141
   2.7572575074    6.2100115108    7.4239005170   -7.4103592302    2.2202972896    0.0234504119
  -2.0884798103   -2.5388317797   -3.8679467558   -0.2836537385   -2.0143582716    0.7890420902
   3.1038986435    2.2763633660    1.8697832408    7.0879392659   -2.9511731400    1.2558722753
   3.4060040914   -4.8598391518    6.2205208618   -1.7070741279   -4.3942857976    0.8510035297
  -1.3746418909    0.0574441997    1.4710905632    3.1843270996    1.7637390113   -2.5653039681
   7.3558201572    2.6190523543    0.1559932982   -0.7164241152    2.2761074062    3.7054940535
  -1.4214920666   -8.4050132967    2.5033981231   -4.4289785222    1.1552637360    1.1923344296
   7.0849857309    1.2937736919    3.3817303255   -2.6885371390   -3.3196524027    2.7195280764
  -6.2512298622   -5.2940046328    0.1718173082    0.1964451199    2.8965895622   -2.2322338585
  -3.8327447869    1.3891524281    7.3256473363    0.0164753629    1.7978927155    1.5841900567
  -2.0867465576   -4.9925524707   -4.7952883545   -1.3500099610    1.1359980314    2.0132011996
  -4.9915425235   -0.7891915571   -2.7250003068   -1.8797438064    3.9995310840    1.4934213783
  -7.9441371900   -7.2692054391   -4.8528847105   -2.5469135375    0.2871869245    4.5928421110
  -7.2342152825    1.3132638987    6.7483005398    1.9918417373   -1.7198194366   -0.5526301093
  -4.6708968490   -1.8059750055   -7.4955690143   -3.8293306258    1.3968967483   -3.5403728977
   3.8497450152    1.5285762120    4.4385296132   -1.2131420420    2.9224584265   -1.8939113510
  -7.6323786151   -0.8727531220    6.8752307201   -2.0976114999    0.4536942516   -0.3775912659
  -5.3655669862    2.3302408837    1.1143155455   -4.2239358567    2.5373816249   -3.4140705585
  -6.3692933746   -1.7887768580    0.6356474349    3.4368818231   -0.4377829846    0.4498083190
   1.2393667792   -3.7992212438    4.0304957321   -1.1070036304    0.1859404017    0.2845894607
  -5.1919268806    7.0442410166    1.2717965794   -0.7588513819   -4.6202995942   -5.7274970312
   5.4627020214   -4.3242054757    0.6366339984   -3.1221472234   -3.3409237189    0.3369530129
   2.9453771794    4.8689771608   -5.6787707259   -1.5001559251    2.1892408097    1.4035263292
   5.9485298410    1.2148465080    1.3021186077   -1.1057510336   -0.5191742022    1.1786763304
  -8.4077249585   -1.3083351256   -7.1600955871   -3.4950390570    3.2990617585   -0.3851884780
   5.0221156468    5.9006365859    0.0883927459   -2.5530450800   -2.3919528156   -1.0666792053
   4.2447017117    6.9285087958    2.9861072533   -0.7310500198    2.2468568101   -1.9866891797
  -0.9830529476   -2.5375074129    3.5543224761    0.2542469210   -0.7196030477   -1.9329566326
   4.5490946876   -4.6224959787    1.0133244364    5.5420348851   -0.1683823533   -0.7015713301
   5.6659975729    5.8933857063   -2.7430962678   -4.9586155490    3.2057714389    1.5749480182
  -7.6386285896    5.6227593055    1.9282174157   -2.0296758505   -0.7468767426   -0.3997880805
   4.9568721747    7.7112699605   -4.2375375032   -4.6185523687    0.9902350879   -3.1066568330
   5.1802400844    7.8262286998   -7.4062718241    2.9577624273   -0.3855959076   -1.1559827579
   3.1159136809    2.8781957318    5.0756007318    1.1006767917   -3.4871843896    2.5816566805
   1.7958095991   -3.1932863360    2.2516312726    3.4771636910   -1.2105136888    5.6765699190
  -7.2561324421    3.3371899783   -5.1311182027    2.3443547914    0.2366657933   -2.9585009389
   7.2909497348    8.0208808402    7.5852859573    4.4781342005   -1.8165430594    2.6870577622
   0.6954553785   -5.4346055816    7.0984715300   -1.8026898214    4.9855637597   -1.4503968070
  -0.9176542370   -1.9073134741    0.8150156377   -0.8525461126    2.3969172886   -0.5299604991
  -5.2760594985    1.7882382983   -7.7868545278    0.4739856994    0.2638603320   -2.0861348491
   8.3773703404    6.0088883157    2.2073930454   -1.0906488013   -1.6572262346    2.7886367902
  -1.9016696327   -3.3964402219    5.7427011432    1.2201285682   -0.0925280894   -4.6535119029
   0.0439707674   -0.6212629500   -2.9164255543    2.1159360417   -2.0547012912   -4.2518561917
   1.6233046568   -5.6865116192   -3.9427667465    0.6299289528    4.0398523566    3.2372918541
  -5.5329080783   -4.0132632901   -3.3625558659   -0.9587579394   -1.8608732389    0.7420243143
  -0.0092957754   -5.1302043590   -0.8971409727    0.3412897895    0.9901205052   -0.0034312457
   0.1843847888    3.2215387896   -0.0785935234   -2.2826678173   -1.7208817345    0.8735637606
  -8.4618285362   -4.6412495265   -3.1400849374    1.8632991539    0.5915477188   -3.0082287557
  -6.5059760932   -1.4991320217   -7.3111073688    0.1429058857   -1.8822838055   -5.4152859044
  -4.0578629001    8.2789068546   -3.5684909866    1.5838132920    0.0372288885    1.9803984447
  -2.9289029080   -8.1174434912    7.8662584682   -2.3172150642    4.0254839497   -0.5155923273
  -5.8868204233    5.9397428709    6.2177877780    2.5660859427   -2.2382346964    0.2940846020
   3.2148426048    7.2269249643   -0.0240644572   -2.6162329471    0.9942224729    1.4755338123
   0.6142109566   -8.3537493265    5.5776137435    1.1677419404   -2.0624044926    0.6731308515
  -8.0564186859    0.4898724039   -1.9144502098    2.3862525035    1.2590894820    1.3099464629
  -3.6900974411    0.1208825244   -8.4322736389    2.8029783357    1.7548223933   -0.2849607007
   1.0207688586   -7.6435297419   -1.2508832680   -1.6003549787   -1.4017444360   -2.6766858456
   7.9709644370   -7.8954170102    0.1277304089    0.4286938060    1.6840376643    1.9415102370
   8.5050969853    5.0849770715   -2.9004952836   -2.0563200698   -0.6276581575    0.9257450526
   0.6766493295    1.2193441956   -0.8041746842    2.1283989386   -0.9529993786   -0.6481094257
  -4.3530347384    6.6006981403   -5.9226148949    1.9611477949   -1.5147132696   -3.0805938081
  -6.3605524529   -4.3441913268   -0.2161434229   -2.3316805384   -2.6238809991   -4.1468374284
   2.5603866648   -6.8240601446   -5.1249983854    0.8699957376   -0.5774600554    1.1968944521
  -1.1614691683    1.9647763293    7.3842473425    3.1663002534    0.1023583569   -3.2860435771
   2.2363341128   -0.3306974194    7.3655501536    0.0282024574   -4.0759790118    0.2544186056
   7.1515275357    2.3205932769    1.8422453383   -0.3591254891   -1.7725489689   -3.5595492210
   0.2712165073   -6.2981857325    7.5802462715    1.6692802177    1.0653762343   -1.9507401773
   4.2993181702    4.8019683133    0.6528956957   -1.0797057547    2.0535854917   -2.1500621797
  -1.4911217294   -2.2492581688   -3.0583249053    1.1438114475   -1.3606047308   -2.7495897093
   6.6923750745    4.4467753311   -2.8020388353    0.9769418703    0.7657468023   -0.2882014094
   3.7867071513    8.2947546355   -1.0872757119   -1.1560199929    0.7148014575   -2.0100591319
   2.1025592503    0.4625386281    5.2954894897    2.4254656933   -0.4893073992    1.1856176847
   1.2069257486   -3.1154701326   -6.1775616683   -1.7736252011   -0.7989856492   -0.1560037494
   1.0300018972    1.4716244792    0.3026166572   -1.5354617229    2.3466317712    1.8766203921
   1.7520297649   -3.1921136702   -4.0414547184    2.4444965079   -1.9926364382   -0.6324843080
   1.6825071328    5.0981701040    4.2634405690    0.9306255352   -0.0113454473   -1.6625371378
   1.7420449586   -5.3514873699    1.6601237844   -0.6285597960    0.7248154655   -0.5537167750
  -7.3951276656   -0.8199358290   -0.5920839430   -1.8610111352   -1.0872547571    4.2879165370
   5.7879596229   -1.8073211985    7.7098684812   -2.3079879192   -1.5248495714   -0.5068770921
   3.3001462163    5.6755591372    8.0933431729    1.8692800972   -2.4323029999    0.2308653523
   6.1690981612   -0.1438955254   -4.7995250199    1.5380163518   -1.4058350436   -0.3743716268
   1.6942117439   -2.6613372810    6.5089689997   -3.1955455597    1.3955966430   -0.0949050021
  -5.3145311650    6.5108948518    3.4438556901   -0.6874345715    1.4555606266    0.6262317906
  -2.1282425583   -4.9908882311   -3.7784945951   -3.3508834368   -1.7052632503    0.3171193436
   6.2822565593   -5.6636375033    3.3965416312   -2.3931564518   -0.7127830526   -0.8889230791
   4.9063705527   -6.1998865039    2.7038609113   -1.5578862587   -1.2834696790    2.2599062473
   5.8324064447    7.0316184070    3.0101947046    1.2960743054   -1.1170367788    0.8460366168
  -6.9175977216   -6.4117040539   -7.9646420037    1.0261242895   -0.1894520993   -0.3695409477
   4.9961237129   -5.3375178444    2.0414468414   -1.6441593938   -2.7189971024    2.4778920238
   6.4608237994    4.2001237162    7.6835591223   -4.3790432929   -0.7067122356   -0.5588421116
  -6.9365030664   -1.5624938921   -5.9478160439    1.6243427946   -4.4236488340   -3.6793564122
   4.4802963199    2.2163809709    4.2326594731    2.9296224837    1.7434831266    0.3328031018
   2.3648061950   -3.5095038625    3.7734334199   -1.9669792150   -1.5113078928   -0.9361649184
   0.9971310515    3.7511435286   -4.8757148470   -2.3003925783   -1.3964962979    0.1171235926
  -1.9370949612    1.6332235222    5.8294888261    0.4407861826   -0.3752559995   -0.5569097889
  -7.4280389076    2.9986875642    0.9139918849   -0.7836714586    2.2084954820   -3.5173560282
  -0.4765159356   -0.0699186004   -8.0580818499    2.1729549259    2.3824716466    1.8070176481
  -3.3640243432    4.1686965204   -1.2069893778    0.2808760894    1.1616559006   -2.6919665775
  -3.9036262066   -3.3392208824    6.3060852188   -0.1198670284    5.9699851319   -0.0773563033
  -4.9394394205   -7.6124824162   -5.9960991256    3.4467186464   -2.5987666380   -0.1298440366
   0.6263463246    0.7882369163    5.8566028897    3.1600457862    2.3695310798    0.4275857794
   1.2704379138   -8.1939211424   -2.4868749658   -3.0981501986    1.6888693727   -1.1939595245
  -1.0194489326   -8.1798388633    6.2455641171    1.5159949416   -0.1378584015   -0.2900965465
   0.7655065006    0.2131483775   -2.3145814552   -3.7853231735   -2.1663560783    1.6487144086
   5.1018117646    3.9536218140   -2.6627263731    5.2730840219    0.2085690863    3.4052151707
   5.2496124699    5.6908879987   -8.2790164998   -4.4854909167   -1.5901461839    0.0678152987
  -6.9031129250   -0.4530344307   -8.0691554667    0.6252046644    0.3364356432    4.9862181646
   8.3269870006    4.5171931161   -5.7508621245    0.9280134883    1.8631503032   -0.1971740252
   1.0675620001    7.9604656977   -0.5022497984    0.8972235744   -0.2872469520   -0.3958459926
  -1.7415852027    6.8775175953   -6.5662419289   -3.5551197509    0.6762132548    1.9276399333
   3.8244833634    5.4495876544   -8.3152062308   -1.0126648952    0.0530302540   -1.3857558003
   3.6371340953   -1.9163249016   -3.3946316916    1.3318752654   -0.8275009592    0.8567187710
   5.8406757465    7.6308715675   -6.1287808618    2.1817686554    1.0418576047    5.1076838050
  -5.8445349468   -0.8251899418   -8.2990841946   -3.8225864059    1.2036148312    0.1692577899
   7.4919883268    0.9869572849   -3.2109875467    1.4919190664    3.2233540588    3.8280397390
   5.5362309001   -1.7954450911   -3.5470420961    3.0080782164    2.8373735502    1.7184960654
  -7.6203015648    8.1138788119    8.2532257150   -0.3042620826   -1.8215993684    0.9674256122
   0.3384729186    0.8154621334   -7.1955237417    1.1493632303    4.1537099715   -4.3914420552
   2.8345834504    5.8820013129    4.2615839036    1.0774673328   -3.0187133912    1.6867473336
  -2.5234752383   -8.1761944343   -5.3360769320    1.5455584966   -1.1257209412    2.3964126572
  -3.1852393147    2.9364403960   -3.7184640478   -1.2595149998    0.2800446287   -0.2557764725
   8.4880780324   -2.9484137036   -8.2540186854   -1.5330029821    3.9799389189    0.8424117558
   2.3169125531   -2.3327568200   -4.6572250351   -2.2220935226    0.0516104985   -1.9619356938
  -6.0045833600   -3.2105525953    6.4159045460    1.0862590017   -1.9994627634   -1.9023162560
   8.0266041510   -4.8972342391    7.7646014429    0.4121362645   -0.4049915352    0.0481934689
  -6.5311951999    7.8609763184    3.4990006610   -0.8997008722   -3.7497020657   -1.5250591301
  -0.2309057135   -6.8124512626   -2.6124570574   -1.1440307984   -2.9531805693   -0.2216092627
   1.5150051150    0.3251551528   -1.0042546731   -0.3654759885    1.0543659494    4.0367682190
   4.7299341964    3.4426366442    7.7170179207   -4.4358813019    1.6934797785   -2.4354983592
   1.2226756217    1.4140538127   -2.3741187400    0.5787651774    4.2231375185   -1.2363645774
   0.6872523129    4.3276053260    0.2404192495    2.0641862303    2.9632531165   -0.5004731815
  -3.6439981140    1.1196545796    2.8242147094    0.0187198278   -0.4194136854    0.3467502574
   7.8587630215   -6.5207347774   -5.7681979052   -1.3385265556    4.3871856032    1.3728582249
  -6.8212311913   -0.2607186470    8.1410919710   -2.7324130619    0.8840593968    0.2908713080
   3.9503208553   -8.2794655278   -4.0666462051   -1.6192224253    0.8595036112    0.3014719586
  -4.4074065896    8.4575491414    5.7788589779    1.8509354186    0.6183119765    1.4101081383
  -3.5854532702    1.8825547993    5.2559494418   -0.8716081554   -2.9628243581    2.0272035156
  -1.2269979620    6.3884523093    6.1774359835    0.7504268215    3.8955374860    2.7216985371
  -4.2885169911    7.8389220741   -1.5859382284    2.4732494341    1.8164914512   -2.9706440589
  -1.5697244995   -7.1552573690    6.1273892964    0.9177153022    2.6153264926   -1.0024033127
  -6.6991702758   -8.0308916189   -7.4710708103   -1.9652273553   -2.9747027394    2.4185622722
   3.1946780849    8.0246414028   -1.9725649322    2.0885738327    1.9553437302   -1.2566783941
  -1.5547546290   -8.4817366543    8.3909454957    2.7314827889   -2.5945912541   -1.3434439101
   5.0506210528   -8.2595590324   -1.6060044213    2.4580670703    1.9186836707   -3.0437084933
   0.7743152754   -7.9538285351    7.7782820647   -0.1604523465   -1.4321328860   -1.9813536356
   3.7933374042    4.9945336870    1.4869801390   -1.2737386299    0.2830779797    5.6225262924
  -6.9688453032    1.0588942327    5.3107752915    1.7436891327   -3.5887304486   -1.6881489439
  -2.6167887600   -2.9846144888   -3.2601751299   -0.9620597855    0.7841189493    1.4669820720
   2.8672750126    3.4994944934   -1.3170855492    0.2738643870   -2.3587873940   -2.9841981528
   4.8599753957   -0.9186272129   -4.5596213410   -4.4202752551   -1.2540021670    4.6657759883
   0.8177344148   -5.5229976164   -4.5999982017   -1.3910714132   -0.8815022159    1.3190607889
   5.0266050373    0.4828846649    2.8486795251    2.0879950381    3.1916143920    0.3226391171
   8.4961228568   -4.0587976594    3.3918735542   -4.9776410809    1.9629973075    1.2526083987
   5.9969038729    5.0370856825   -0.6923760922   -0.7190280512   -1.1928990080   -1.8128524930
   0.3318107955    5.1295582295    7.5979030670    4.9157430459   -0.2631238247   -1.2659149332
   3.2031300693    7.8439264767   -4.2853568034    0.4933444803   -1.1717429694    1.2027832144
  -2.8811975183    6.0214363588   -7.5724864067   -3.7572284367    0.6652011931    3.7278367941
  -0.0504707008    5.4436549486   -2.7827077325    1.8376016861    3.9052050746    0.7529661675
  -3.5462531398   -8.0632563027   -8.0949896127    0.0074807793   -6.5239633817    0.4706829452
  -1.2202334517    5.2894445977    8.2730418119   -1.6009311403   -0.9376296576   -1.5862031973
  -4.2387238367    2.4187491185    0.3761637195   -1.0895104732    1.0856345892    0.7722598386
   1.5796760676    6.5489247191    8.5353621913    1.7382665247   -3.4398463334   -2.3338814124
  -5.2378480870   -0.6705294680   -4.8233821306   -5.2239043516    0.8050078412   -0.9088003666
  -2.0020238927    3.9017291385   -6.7131236980    2.2058179534    0.7520981507    2.2613458998
   5.9774742528   -4.4870181565    4.6681578777    4.9904697749    2.5372058605    4.0024886369
  -3.3773875838   -7.9713630507   -5.7606940893    0.6958341146    2.2178486600   -0.5430865794
  -5.9043413168    6.7743548739   -6.3004551412   -1.3516877156    6.2995063576   -1.7072246979
  -5.9908840366   -6.2547691773    0.4548299955   -2.2840184924    0.7082039974   -3.0317796683
   1.5495602354    2.2191048165    4.1354305465   -5.0852217544    0.3218765847    0.2303373574
  -6.1153090609   -2.7478927818   -1.0324182139   -0.3401419666    0.2538499137   -1.5461022256
   8.1498444990   -1.8519986231    2.8123336522   -0.1398941065   -2.0322512970    2.8223212960
   5.0015778561    5.1762314502    5.1914179231   -2.8322637026    0.9420818790   -0.3811811545
  -4.3974196931    1.0270343008    1.8310437819    0.7525697296   -3.5416928701    1.1672569484
   6.5867551621   -7.0872447333    3.9410722808    0.9661604918   -0.4008661449    0.3359007460
  -3.6116064346    4.3072836754    6.3471510183   -1.7538205898    2.2183157444   -3.7245582737
   5.8105199349   -6.7729466564    0.1571553359    3.1627003416   -0.2680263516    1.5701987712
  -6.5385433779   -6.3534225342   -3.9203574832   -5.4178296501   -3.0692801701   -2.1858128678
  -2.8595135680    6.9409908200    4.0190092276   -0.6723163891    0.4305703019    2.0196877086
  -0.1567798027   -2.7192161577    5.7902946518   -2.9688816289    4.3946470606    0.9461522308
  -3.2157613069   -1.4686836106    1.0505817126   -1.8211287948    1.3597757490   -0.4008860294
  -6.5260321786    0.5390314065    7.2217643430   -0.4269978590   -0.2687880039   -2.0400657244
   6.3020933755    4.7501570834    0.3602612910   -2.2000077455   -3.9150459108   -0.1440023579
  -3.5724375014    5.3139944087   -6.8963797393   -1.3447818500    4.1930088339   -0.7250765192
   4.1574387045   -4.0655747080    1.8914171712   -2.8875793217    0.7667897214    0.0301827496
  -6.8379204577    5.8698401699    2.4176634274    0.5420597902   -1.9583192234    0.4571907064
   7.8269173334   -4.6030650787    6.5602980415    2.0265413627    1.3742110034   -0.4937758566
  -3.5174632156    2.3498171985    1.3293415921   -2.0665121141    1.6361568339    4.6188637788
  -5.8592644698    8.5303401063   -3.6923120686   -2.2925480261    5.2856243216   -1.0395898635
  -1.1699454274   -5.6152340272   -4.4202265566    1.3227779223   -0.2812125323    3.0231959631
   0.1475816092   -7.4994436738    1.5274750883    1.2650964732    1.6488085862   -6.6828586653
   8.5472241892   -6.6442775024   -7.7080672695   -5.1434895219   -0.0943502190   -3.7552544064
  -1.4781622751   -6.3195865739    0.0798043679   -1.3590356424   -2.3396702563    0.6882023764
  -2.8571117794    1.5851889344   -3.3489029092   -6.0563437527   -1.8464467620    1.5248582258
   8.3237384875    8.1144616035   -6.8247919786   -0.5071232708   -0.9443423690   -5.1515749937
   0.0435871728   -5.9680374275   -7.4930184337    0.3540162860    3.9232847873   -0.0272714710
   2.0306219584    5.4469984082    6.0937103409   -0.7611857854   -0.3428513345   -1.0926362201
   4.5264472437    1.1207387956    2.0889105771   -0.9902199955    0.2708148929   -0.3532592793
  -2.2458524697   -0.6185715517    4.7058486063    1.8611222788    0.6326908282   -2.2939165637
   5.2793548245   -5.5870402589   -3.7694151373   -0.9536547811    0.2748021809    5.5738579400
   4.8530125196   -5.9320446067    0.8908406961   -2.9670706025   -0.9889528856   -0.1964429064
   3.1760325481    6.2408580815   -7.9081327994    3.5839641978   -2.3598873280   -2.9633818656
   6.3635414751   -0.8095514158    6.4950640013   -2.5274387679    2.9183215776    4.5507734091
   3.0205310933   -1.8928287089    4.6175004047    2.5397229561   -2.0886823432    1.0337008518
   2.6194495383    7.2234450724   -4.7911544007    1.5315218146    2.2976762373   -0.9089609891
   7.7281971712    0.5804352111    2.1193622320   -2.8948128058   -0.3521443845    0.0749004869
  -6.0672669742   -6.5601312805   -5.5766432163   -0.1200867790    2.7858590981    1.3353247167
  -1.0773523758    5.0531623500   -2.9125247485    0.0170665162    0.6435553626   -1.2091016504
   4.4041587486   -5.5137513450    4.2980824554    0.9353012678    0.7566918490    3.7520550732
   0.5669811637    0.1387689037    2.1344431550    2.3068773457   -0.4504908554   -0.2331412850
   4.8860688788   -8.0499160766   -3.7626278718    0.0349144179   -1.0936506205   -3.6759580429
  -2.5233575349    6.6231131568   -0.0134500740   -2.6893259470   -0.2001444759   -0.8215137974
   6.8639677761    7.9916326683   -4.4496760665   -0.4304510235    1.6770238087    2.9491425822
  -3.9032316018   -4.9008253930   -6.6269742261    3.0437327948   -2.1388539014    2.4256523394
   4.5666087899    5.2886086522   -5.3320709951   -1.1542038716    1.3114051544   -0.4307102453
   0.2695735703    1.4322254330    6.7753593323   -2.1585693917    1.5599753256   -1.3662397425
   5.6173447705   -2.3260702872   -6.3785937547    1.4338491987   -3.3319971948    0.5620170326
  -2.2112695129   -7.5876591054    1.7738633857   -0.0693434106    1.8934800131   -3.6795146075
  -2.1053798617   -6.6565295186    7.2475647230   -5.2930866029   -0.5330059024    2.7420664039
   2.9462789529   -6.2685109380   -2.3849072474   -4.3748527072   -1.8230330137    1.7046091838
  -7.2939187719   -0.7803995750    5.6124007854    2.0203018641   -2.0828474734    0.0818639169
  -0.6193615686    8.0940341821    7.0399059915    3.2622479248    1.7970259638   -0.5158533030
  -6.7533412298   -8.0491316797    3.5445680268   -0.2237453508   -4.2295056064   -2.5217391887
   6.6618365483    7.7140349523   -1.2965863663    2.2946535478   -4.4303038301   -0.8140656948
  -4.7272011321    5.0019088714    5.2060301685    3.9680756326    0.0355479975   -3.0686780395
  -6.2571864194    1.3806015515   -1.5636564368    3.9741639776   -1.0614957037    1.1235955282
  -3.5016010252    7.3355937125    7.5084523024    2.9377158456   -4.7370894283   -1.8380559390
   6.8328786388   -2.5486470322   -1.1854474731   -3.6851264719   -0.5537817103   -2.2435524437
   6.8526870432    6.4605192123    8.4145532899    0.1219659531    2.5456207529   -1.9053542873
  -4.4568941626    2.7009638325    6.1008724103    1.5915918138   -2.2789599483   -1.4766395044
  -4.7436180313    8.0001353923    7.5269656837   -2.4486191102   -1.5022466816   -0.9300774604
  -0.9303329714   -4.1427435127   -4.0228265443   -0.5771457828   -2.0206553739   -2.5434139272
   7.6044789950    5.3594405136    7.6143238065    5.5521368219    0.8167399623    5.3792980865
   4.5953225627    6.4185029896    7.7430133841   -0.2331412501   -0.3080646890    1.8677345617
   3.6231391824   -3.1491098858    6.0174203745   -2.4996348150   -1.5683285292   -0.9205400817
   4.4761418885   -0.6506744625    2.7169962480   -3.1069095719   -0.2113072000    0.9826718392
  -5.5715006554   -2.0532804332   -2.2157174112    2.4339863357    4.1173516814   -4.6273699207
   3.1112596712   -2.0981643351   -5.3278485399   -3.5891553508    1.6729029728   -0.3336653266
   5.8140511679   -7.3066437495    7.9282670630    3.0762472340   -3.4481681662    0.1225770108
  -3.6998014358    5.4167721799   -1.2696785114   -1.7854854135   -1.9796696946   -0.6751870602
  -0.5641736173   -1.5772932993    2.1804122693   -2.7571026687    2.2307756228   -6.6779818035
  -4.5070305492    2.3173783140    2.6822363695   -0.9564625251    1.1698233334    0.6569588770
  -2.8332700818   -3.8198102573    6.1660807581   -0.6095600120   -2.3455883260   -2.4773307219
  -6.0522448778   -0.2180900997   -4.6083380137   -0.3027881792    1.2414020060   -0.3496239946
  -0.8197314157   -4.7092685995    6.7024443942   -0.1250770258    3.2662237343    1.3812049619
  -7.4000944946    2.3127951292   -6.4102061951    0.2395054648    1.0161509784    4.6147006936
  -0.4763496639    3.4962953775   -3.8539550118   -0.8025338979   -0.6357332452   -2.0886533250
  -7.9606673389   -5.3028048722    0.9946028937    1.4969987761   -1.9711671195   -1.1143460585
  -4.4712653514   -3.4050154295   -6.1329537417    1.1143042800   -3.7175803533   -0.6169036169
   1.4262060569   -6.0789776086   -3.0899577153   -0.8525444407    1.3389498800    0.2131966960
  -5.4158494679   -1.7240055885    0.7354067752   -4.4479470403    2.0649182824   -0.3723621326
  -5.4221136562    4.8347281962   -6.6093250242   -1.3611783406   -1.9886903936    3.4137097304
   3.9524314353   -3.8945658967    3.3606971403    2.8000818625   -0.5973420472   -1.5885338309
   2.8939930445    7.8932893111   -6.4794699744   -3.4017388725    0.6810139019   -0.8613733378
  -7.5103643200   -3.7703107116   -1.7261237486    0.5973747562   -0.2891037191   -0.0079062281
   2.4617639493    2.2540288598    0.9179966976   -2.6134553716    1.2360449898   -2.4755773275
  -3.1290339203    7.2366916637    2.3104058729   -0.7324012806   -1.2653914684   -1.3652822269
   3.4234137064   -1.4775179178    7.8392192850    3.7833361292    1.5252385822    1.1280839662
  -8.5056151291   -5.1005854969    3.4358349415   -0.4649491561   -2.3093254599   -1.6225314258
   1.6736296593    3.6784446081   -5.9765054930   -0.8876009849   -0.5216069477   -0.6257928112
   6.4795074550   -2.7344094176    7.6306020698   -0.2064568708   -3.3144336364    1.1152867391
   2.2151933339    3.9956105920   -8.1487404485    0.0894983633    1.8256200926    0.4209471509
   8.4402523293   -7.9213321602   -1.8527922893   -0.5668868270    0.2379155077    3.3451428098
  -6.9629072804    1.1414878481    2.3909691720   -1.9180964502    2.1454762521   -2.0757708607
   7.9813638110   -6.7988850764    2.1103914946   -0.2820385254    0.8711439955   -2.3864108106
   4.7287654175    1.1447581562   -3.6114646943   -2.2250518464   -1.7624458910    0.0628232193
  -5.2781172470   -8.2975543692   -2.6818699802   -3.0555176899   -1.0885976872   -0.2811695241
  -7.6648505422   -3.6728049575    7.7418975920   -1.8355506006   -2.4163148548   -4.5136416994
  -2.5407720332    0.7828802183    0.3462794560   -1.0418346045   -1.1197948141   -1.0991896814
   4.2830830223    2.5420284597    2.4490383217    3.6070671116   -4.9788705882    1.3254742934
   6.2742805546   -1.2816421126   -2.7766399764   -0.1721187146   -1.0017910821    5.8022197134
   1.0615082434    1.3466131528   -4.8523425847   -0.9422502054   -3.1264297791   -0.7476801055
  -1.0363396181   -3.5291471897    0.2909960755   -0.8090730302   -0.2283996203   -1.8657838891
  -2.3230937495    7.0686461512   -8.2370015909   -0.7443192510   -1.9431411390    2.5658340258
   3.2370394281   -0.2447094339   -3.1398922393    0.2187959985   -4.4610970468   -2.9413714248
  -1.1117665890   -6.9311592956   -6.6821006551    1.0594356669    1.7804730337    0.0398306968
   6.3586159930    5.4489305996   -5.6355562349   -0.9980243619   -2.6901192108   -1.0031245119
  -7.9754697986   -1.2717486480   -6.0563032042    6.3638720974   -3.5314678779    0.4479877853
   0.6158774257    7.3440891453   -6.6303497885   -2.5737222196   -3.5907733741    2.3596294179
  -5.3382773237   -5.3417617575    2.3934411788    0.6178532206    2.0035711571   -7.1666552785
   5.6774685034   -6.1884596313   -5.9151887347    0.5064548343    3.2403665328   -1.4146940021
   2.0244745645    3.1756491820   -0.1787888190   -1.5432904064   -0.3264175776    0.2674032267
   7.0333529936    2.4639041282    3.5053180875   -1.9144043584   -0.6974181021    0.6451063530
  -8.4899562772   -4.8235092030    6.1560711775    0.8209711939    3.1740257216   -0.1196435684
   1.1982356329    8.3094896430   -1.4272741875   -0.3659279298    0.5321218945   -0.1371847070
  -4.0566449791    8.0164526958    1.2099490700    1.5894120075    0.8923871113    1.4133275010
   1.2088418619    4.8521920746   -4.0469306331    1.7899372877   -2.6746957190    0.9461261093
  -2.4228938495   -0.6055512235    2.4522803589   -1.3924549287   -0.3300184665    1.1867053896
  -6.2388485460    2.9650124301    2.8594981493   -2.5712259335   -2.2686327915    3.3473143688
  -5.9714875571   -7.2964634407    5.6405916518    5.0068911020   -0.1820264474    0.8185400058
   8.3292142708    1.1285063429   -0.5405929769    0.4954798014    3.6795970792    0.4629709834
  -1.1379687448   -3.1278077640   -4.1171131266    3.2921597575   -1.0727579675   -2.2710723764
   1.4083325570   -7.6456488047    4.7521458910    1.4939567433   -1.7407736580    0.8789304509
   0.6878275514   -6.4585754459    0.7514763736    1.2158021509   -0.1256047770   -4.1333978190
   0.3355700011   -2.5542857920    0.0676153604   -1.6753700984    1.9188562848   -3.6225864804
   7.8232914387    1.8487974435    3.1021229464    0.8352168884    0.1513031772    0.6287252906
  -2.6610590765    6.7778826234    5.0795215972    1.3357904148   -0.4013636570   -1.5028527156
   5.8928760281   -2.6059500470    3.4125372377    0.9148047687   -1.1433985031    1.2473824630
   6.6480000741    0.7645547586   -7.5835665637    1.8222011876   -4.6459632972   -0.7466740663
   1.6203258070    1.6778695430    5.9735985254   -3.6045035964   -0.8166279797   -0.8506840000
   5.0325787632   -3.3406844905    1.9659656642    3.1192417470   -0.9020844013    0.2160445083
  -2.0122653957    2.1987715881   -6.0657940428   -2.5826485493   -1.9683011683    2.3228070805
  -5.6762615325   -7.3416043498   -4.1756532556    2.9184193900    4.6661337053   -0.2065916670
  -5.2773913272    6.7615387804    6.7312112613   -2.3623955106   -0.7331132850    2.4159670312
  -0.4722905706   -4.8814527031    2.9590846034   -5.3508752803    2.2892378761    2.9793380091
   3.9394200532   -7.2513371930   -0.8654647821   -3.0024173640    0.0977000353   -2.3361250520
   7.6901202815   -3.3972199973   -2.4157634214    0.8085780424   -1.2001351694    1.6409429459
  -3.8091358649    2.4765443734   -2.8393690810    0.4438357354   -1.3457700682   -1.3067629491
  -7.4650167385   -4.7164857947   -6.6183216840   -1.4397444219   -3.4381249613    1.3814602127
  -7.6385790767   -5.1345393779   -1.6059231788    1.5143742296    0.1668681839    2.2175877363
   5.6667536577    5.4602638099   -3.7908985755    0.1439537796    1.6710069462    3.3160865327
  -4.0401635848    3.3389758985   -1.3891779991    4.0231856971    2.6172590868    4.2169895237
  -5.5979645521    3.2885462570   -6.0740222183    2.0010435378    3.8235622349    1.8231925978
   5.0351638776   -8.2795461027    1.5776997463   -0.7200356333   -1.0437003227   -0.9074131826
   0.1024118404    4.8624903345    1.8828260978   -2.5718109807    0.7190095274    1.1855583736
  -3.1438146394   -8.3424882031    6.7687717170    0.9143104099   -1.9727791895   -0.2846752151
   2.0039108308   -2.3561339290    2.8491155645   -1.0156206800   -0.7055014382   -0.2740887524
   1.2103306996    3.4199049966   -1.8954401701   -0.5556781418   -0.2790667086    2.9283379872
   3.1359323091   -1.2508159213   -1.7128612561   -1.6057608970    0.7933317343   -1.5301290318
   6.9476272503    2.8525999329   -3.6283454179   -3.4345246050    3.7336736808    0.7347491949
   7.2617159911   -3.9972662456    1.9420335637    0.8985138376   -0.5846140080   -3.6578002688
  -2.6485962594    7.7020551990    8.1804794335   -0.9710010595    0.1270948963   -0.2501253005
   2.1009764794   -7.2277296528   -1.9896666265   -2.3061812723    0.1661148552   -4.3437605820
  -5.0577461774    5.9327647859    4.6643437694    2.9699268418    0.4842447473    6.6967293343
  -7.9062777044   -2.0043483613    1.7427538222    0.0527030325    2.3818453915    1.0488535266
   0.2246665211    2.2592608466    4.0687251778    0.3005504888   -0.6338092535   -0.7707657448
   0.3650782635   -7.5757340146    4.5494306715    5.8249977714   -0.1617402310    3.9126031950
   8.1227977111    3.6631048801   -2.6184337956   -3.3935984798   -3.9455834311    0.9120672963
   2.6835193922    7.7993172053    3.0329341308    3.5280958158    0.8418813657   -0.9971433064
   5.8015362881    0.4601340221   -1.5395177967    0.4200081777    1.2179461368   -2.8471997521
  -8.0391075163    7.3726571449   -1.2027779178    0.2831946945    3.7466933639   -0.6174844334
   7.2101769415   -6.9642379280    3.1960680752   -0.2788998358   -2.3725168533    0.9218592570
  -5.8495275748    5.0954027178   -1.3744578305   -0.6365912099    2.0405419911   -2.7811700354
   2.6952414794    7.0404386309    4.1745939394    1.4256386441    0.0257887482   -4.3370249117
  -4.1720795319    7.4424366907   -7.4031954326    0.4638426170    1.9644111541    1.8610163458
  -7.7754757801   -4.8330255978   -7.7881646948    0.1576261369    1.0474611165    1.7498359961
   4.7076177229   -4.9511525566   -5.3972827714   -1.7168184202   -2.6060574827   -3.1590688781
  -6.0904367042    0.1142540004    5.8458374906    2.8774085742    0.5119003821    0.4060509728
  -1.9702704081    3.7267047659    3.5726279711    4.1993631536    1.7555440498    1.4876755004
   2.8165538500    5.7021506285   -2.4360961289   -2.0424517377   -2.2320544443   -1.9083275684
   7.6616109577   -4.6905686164    1.0285324585   -2.4159060642    4.3818201180   -1.7156128069
   6.1734632889    5.3044033812   -4.6753348243   -1.3177217392    1.9587514011   -2.9690454476
   5.6866250922    4.6043079535    8.2571050226   -1.2324970855   -2.9103210205    1.6667705412
   3.5984013003   -5.3582232730    0.8221318748   -0.7277264709    0.4535623156    0.3744823117
  -5.8924467033   -7.5277971681   -2.7709361677   -1.3294928078    1.4691796840   -0.5714182956
   2.0451181991   -2.4683010782   -5.5008392691   -2.3565831561    2.0767474274    1.8289573938
   0.5701955560    5.1411938002   -5.7773204839    2.9394880842   -2.8235516884   -0.6905073985
  -6.5077761306   -2.6296772954    1.1016441952    0.5073435702   -2.0353809627    0.6789542294
   4.1189897076    5.1093085791   -1.4894884377   -0.1686448485    0.4547879745    3.0064768013
  -6.4706165383   -0.4795393199   -3.4535696953    0.1154510394   -0.3334882778   -0.9867066997
   1.0846666344   -6.3697528232   -2.1747680529   -1.4103243419    2.6097846250   -0.8654177880
