           1000
    17.09975947
  -7.4799474597   -4.5692535984   -7.5578296241    0.2725512000   -2.3700237477    4.0679797054
   0.5611566969    1.8435307286   -2.9146316909   -2.8637825321    1.4841986614    2.4336112533
  -8.3304513510   -5.7984338065   -0.3119888389   -5.0631344501   -2.1297892498   -4.0155869925
  -5.6013191748   -0.3821129493    2.4463995613    3.7827833538   -0.8441579821    1.2487586755
  -1.6960187690    5.8798335771   -8.2997017647    0.2301929232   -3.7389621535    1.2398215687
  -5.3644833825    8.5354705197   -8.4070991337   -1.9761439284   -0.2381513168   -2.7225619828
  -1.6386328848    0.8420258267   -8.2787586822    4.4477214640    2.2077300268    3.0593792356
  -4.3569121888    5.9621976685   -7.8497008237   -2.1329187412    1.6087472107   -1.1296692399
   4.1947318447    3.3098854504    4.5253736490    3.2352445561    0.3987817193   -2.7847240323
   0.0840655252   -3.5506864996   -0.8216138063    3.0277300460    1.8820278405   -0.1278415944
   6.6685299009    7.7239828704   -7.6456657157    2.2614054969   -1.2875686179    0.2217479635
   3.8687751653    0.8790399670   -6.4613513474   -0.6983657981    2.7320843245    2.2780907750
   3.4613407773   -7.3902366457   -4.6895030942    3.7015389525    0.3793833880    0.5847713462
   7.9396320821    7.4833349331   -0.5308604188   -1.9742321461    3.3013279646   -0.6298375202
  -7.4960240314    7.6436712973    0.5947261031   -0.4376300766   -2.6840787294    3.9582137316
  -3.4792265641    4.0741921985   -4.1169150915    3.9811998694   -1.2310314671    0.4352077588
  -2.7721057356   -1.1833902923    8.3324318020    5.3924630214   -3.7441946210   -1.8775229588
  -5.4436373861   -8.3608177329   -6.3724714922    2.5212069648    1.5242725636   -2.3572175253
   5.3681905830    3.9877813667   -4.8719626061   -1.8642922612    2.3456614105   -0.2703617678
  -7.4991366869   -8.4411063872   -5.2197027353   -1.9572391258   -1.4991325047   -0.1340936750
   2.8641476522   -2.2522226589    7.4695368921    1.0557475175    1.2003526591   -0.3997778043
  -0.8097771756    8.0654970958   -1.9862639329   -1.6022155766    0.0283790310   -5.0815007436
   6.4192115621   -0.0510472399   -0.6840886215    0.0505453854   -4.4324708878   -0.3266719247
  -5.2136201773    2.5181101618    6.8181466150   -1.6393299699   -0.3899224290   -0.3555959017
   5.9457104147    7.1104735087   -4.0323478499   -1.2475748089    0.5794739849   -0.2397166254
  -4.9398605718   -3.8424997088    0.4531442722    2.1267492636    0.5176663901    4.1374468294
   4.7572132206    8.1479608329   -0.9701765841   -4.5766016501   -6.3013881379   -0.0727209625
  -5.8216208622    1.5228681099   -5.1777125713   -1.4426893672    1.3200000245    3.7853068527
  -1.8610808990   -3.9644980313    0.6648633769    4.6811499508    1.1716025023   -3.4540529092
  -8.4547584572    7.3303311495    3.4576749334    3.2345984815    0.1007666574   -2.7022756725
  -1.9576007311    4.1356219534   -3.4664865906    0.9665978339    2.7589955335    1.4774408210
  -1.2568332175    5.1779786239    7.1188992202   -0.0770848624   -1.4336727220   -6.1011964933
  -4.3419144717    5.7062830435    3.6375419026    5.2553215645   -5.3006534012    2.2502568858
   7.4721977998    3.0883020505    5.9548245063   -0.1316018828    3.9845330087    4.1245489647
  -5.7600107221    1.1830974138    0.6347978919    0.4585955871   -1.9769875566    1.5908794512
  -7.7462493035   -5.9373989087    5.7626511354    0.5227635279    4.3749946141    0.8885337985
   1.4363474251   -6.2437006950    8.5262672509   -3.3375461828    0.1652243642    1.5994499706
   7.4218748634   -3.5546862847    7.1993120789    1.2785270974    3.0048495251   -1.9395124280
   2.8679684922   -3.5706949089   -2.1230292135   -3.2603104539    0.5027678844   -1.3952338293
  -5.7855939957    5.5699570051    7.2691779451    0.7324253205   -1.7395812898    3.4485401360
   5.5525569317    8.5027558938   -7.4278550526   -0.9922625126    1.9418965880    1.8459695294
   1.0742985550   -7.2479586381   -7.4767758537    0.1767196903   -3.0284625034    2.8578647636
  -5.3079519446   -6.4705725333   -0.8545802612   -1.8798795567    0.1573999419    2.9153801582
   8.2081384830    6.6244895480    0.8335870462    2.5194662694   -0.1605010851    1.6910701336
  -3.4375220938    5.0427642395    6.8961420356    0.8230163871   -3.0400614721   -0.1189047492
  -5.4940540396    3.6170357511    6.9883590186   -0.4059798522   -0.8044062253   -1.6397403357
  -1.0503447008    5.8873846057    1.5833192450   -3.1909544788   -4.2008491341    2.2400860264
  -4.2897070709   -4.4799451293   -3.8727277244    0.2415553668    2.9870992504   -7.4720298612
   5.7042296506    8.0554579851    1.7730439254   -1.5454967976    2.9694104461   -0.4683836265
  -1.5120619190    3.3098450865   -1.1105309718   -1.4581772117   -0.2052787572   -0.5118400030
   5.4110068517    2.5138155833    6.0004839864    0.1248325610   -1.0702327739   -1.2596136522
   7.6346563076    8.2737006255    1.8581212040    4.5633812733   -5.0323814712   -1.2018728537
   6.7789769435   -5.3275353135   -5.5274992742    0.7114617316   -2.2025558432    1.3619815439
   1.2807215665   -3.6302438243   -0.5656174310    1.6594273437   -2.5863702435    3.8010627976
  -3.3804994759   -2.0121816192   -1.2951255103    2.9910676066   -1.2751554618    0.1278673102
   6.1782727272    2.8826940637   -6.6926162574   -0.0248163387    0.2473140286    2.7519088716
  -2.7236222813   -5.6116452380   -2.0689596217   -0.6657570723   -1.9420837991   -2.3917090281
  -1.7399594153    2.0018058648    7.7488485063    5.7166323497    2.5091949712    0.1556010274
   3.8912960216   -4.4499847352   -1.9788750553   -2.4510179131   -1.2680479650   -1.7608187180
  -3.4663387914   -6.0472876984    4.7661235443    0.9436466699    0.9046349539   -0.7088679840
   4.0660858671    0.5787083395   -8.0358824730   -2.3131254817   -0.3759489657   -0.8232714983
  -7.6904315641   -8.2684162717   -6.7132707311   -0.2789039405    1.1056817519   -2.8744333321
  -3.4842946929   -1.0084986359    5.2524215483   -2.4704123017    1.5293089265   -1.9983596582
  -4.4883284430   -5.1025994599    2.2759308477    3.1075337086   -0.0245098958    0.0857642971
  -4.8458246374    5.7575610266   -4.0584585969    0.4752951078    1.4145362125    0.0077380780
  -6.8553305376   -7.8662410652   -3.9794084004    0.4406008780    0.1689677818   -0.3012649376
  -1.5007651222    1.9124709158    2.9051776996    1.6865068520    2.1460121062   -1.5400381668
  -4.3584776799   -3.5271969193   -2.5989590359    0.1699899693    1.2479396268   -2.2348197117
  -1.2958811365    1.0828791349    2.5324506764    2.0341764853   -0.4933356173   -1.8949048928
  -2.0400835595    6.0369333230    6.5357190641    0.2859166789   -0.9533599697    1.9023085210
   4.1819181183    6.7157657199    1.7180362437   -0.1276894643   -1.5500164663    4.3106741262
   0.2108873725   -0.0130703256   -7.1219431778    1.4987206107   -3.5811088645    5.8006249509
  -7.6094769344   -4.5844644820    7.0665351120   -0.6909640973    1.9042440543    0.3378078467
  -4.1328525458    0.9017795277   -4.2962028447   -1.6239186916    0.3965411244   -1.0858814729
  -2.9802641248   -5.2891514703    2.9931822521    0.4274898817   -1.6063753090   -0.2200962871
   6.8017132735    2.0418212309    2.7565203354   -2.7660044895    1.5445030312   -1.0698593211
  -4.3464677565   -0.6506278425   -6.5220953054    0.1250502218    0.1859486837   -0.2205174879
   1.9458279808    0.9630048859    3.4851725393   -0.4963887594   -0.4313338468    1.3137692593
   0.9276756606    5.8917674769    6.1694801268    1.8778105875   -0.5024853274    0.4759978386
  -8.1112133345    3.2618603933   -2.2663220651    0.3192418931   -0.2968753266    1.7409515176
   7.5453279891    5.2279073293   -7.1642253335   -1.8525307212    0.0453464414   -0.8839265282
  -6.8434329295    5.2743815816    1.1800896072    1.8726311130    0.2454889592    2.6647353810
   7.6703147809    7.2049581967   -5.9578388548    0.1918682733   -0.6390870402    1.2845824197
  -4.4073324856   -5.6170382140   -7.7163006070   -3.2398747224    0.4041333726    0.8230282892
   8.2590144167   -4.0648802779   -3.2141277500   -2.4529603544   -1.5846167373   -0.4417277116
  -6.4255476717    4.1216437185   -2.9440732558   -1.9772778531   -2.8653013797    2.3003881012
   0.8572626099   -3.1083599763    8.1068090201    1.1073041506   -1.6537442097    3.9096982070
  -2.4010550933    1.7889340941   -3.1840305763   -3.0996228134    0.9587779132    0.4050693990
   2.5124755787   -1.2513673457    4.4416133689   -1.9600461612   -1.2208306501   -1.9577035091
  -0.9355368414   -0.1434993207   -6.3145626135   -0.6758137014    3.1792134724   -2.6923228696
  -3.8627365741    7.1883500323    3.3132532428   -1.4066156622   -3.3630467344   -4.8434294378
  -8.1024890862   -7.2796381259   -6.0326700610    0.7975292181   -0.8184387056    0.9845791987
  -0.7566228311   -7.2115695516   -0.0373815942    1.1680415977   -1.0969806194   -2.0747778743
  -0.7177627328    0.6026996496   -7.7254574587   -1.8202725026   -1.7072712431    2.5591073510
  -4.0678276214   -3.9433102674   -0.2543778622    0.4622928622    1.5649468355    2.7195227023
   5.8907644866    7.8520964956    0.5907745265   -2.0163950925   -1.0896694560   -2.3185346688
   0.2274531755    7.3038844517   -5.3416933222    0.3726724009    3.7489508836   -0.8808868331
  -1.3318308402   -1.1379543425   -6.4881202607    2.9621140187   -1.4917098972    1.6129411909
  -2.4474928719    2.9568523869    6.5283491411    1.3094910687   -2.6781393405   -2.2126464445
  -5.8226078191   -4.8833930357    7.8503154156    0.0101149281    2.0885978408   -0.1265098677
  -8.3077898149   -7.6196786605   -3.4261453214    0.0915087780   -1.0363399211    1.1073131099
  -2.1409102183   -1.7865946268   -1.2719865391   -1.9074561055    4.0196103374    0.6450994206
  -5.6361829425    8.0523829014   -2.7227324482    0.8349505264    1.9732698435   -3.2910750260
  -7.9565623333   -7.6638783007    5.8072752978    0.9110542410   -1.7955202439    0.5485110856
   7.5179011272    2.6354287722   -7.5241757771    4.1972597522    3.4610523016    0.4268811751
   3.5425184537   -4.2262191615    5.4562588276   -5.3492700064   -1.7543501356   -0.1373075187
  -7.3511605586    0.5670487217    5.1865974504   -2.3898174345    0.5828422901    4.3281275877
   7.4521887811    2.5144006093    8.2187905091    2.7031397942    2.2848099133   -0.2001452158
   2.8410792195    8.1917608142    8.1327872267   -2.9509747093    0.7466755589    1.2130918263
  -0.3325656592   -4.2800900452   -5.3052550030   -3.2556493297    0.5698383508    0.3610708878
   2.5988000551   -0.7423503614    0.3416805697   -0.4693063690    0.3248517233   -4.7088853398
  -7.0204368704    4.7231408713   -2.1741506089   -2.5621779315    3.8077511937   -0.9714162809
   0.9774708511    6.8953604760   -6.0914118356   -5.7227914651   -1.6247212531   -1.0525567537
   7.4477180511   -6.9667889611    7.5997801345    2.2455244558    3.1834985597   -3.6151642224
  -4.5624000137    2.5741990556   -5.4228477211   -3.9743796865    1.4562669971    0.9493573555
   5.5834996333    5.3361757142    3.7166343522   -0.3823395248   -1.4742202941    0.6883286084
   1.1222142960   -0.8635855333    3.4515713302   -0.8589263275    2.7337894196   -0.6263018073
  -4.7081020480   -7.4342001565   -2.4216193902   -0.1964363940   -2.6435955361   -2.3092634746
   7.7415685050    4.6622273053   -4.0664035636   -2.6443789846   -1.2649288241   -3.6044445831
   4.4086875220    1.5250327761    1.5594757564    1.0838817888   -0.8284139764    4.2809752133
   5.1851800390    2.4569550872    8.3657572589   -0.1125835668    3.5087783338   -4.0935108660
  -2.7679847139    0.1051288292   -6.1187850699    0.4033932306    1.2698587673    0.3820200578
  -7.1706005014   -7.0190257142   -6.1014561599    2.0101684677    0.0283567674   -0.5836078714
  -2.2325260654    1.3695971100    8.2987166676   -0.5272821557   -1.1552596022    2.6547213908
  -1.3322948772    4.6973785157    5.0661712560    5.9809839223   -1.6289001558   -2.4306820028
  -1.3211227176   -8.2490632339   -3.6105100348   -0.7426022674    0.6604682210    5.0786030223
  -5.3711200218   -8.1980233683    5.8305126063   -0.0887369425   -1.5300988810    2.8511170174
  -4.2931276862    6.3010840995    6.5728706801    2.3222412322   -1.1304871343    6.0650572773
   2.6195474064    2.5878002121    2.5475914927    0.9170850934    3.7681950476    2.2890516676
   4.7289945957   -3.8384446697   -3.7118470617   -1.7034425036   -2.1078209756    0.6714260083
  -0.2994378993   -2.8099858371    5.9517005560    1.3473558856    4.2643340366    1.6830981062
  -7.0760274101   -6.3750066175    8.4919938994   -0.2729681264    0.7986168661    1.6084719573
  -0.3273756755    5.9924214398   -1.6885669329    2.6084179504   -1.1260914324   -0.8500098960
  -1.7315504940   -5.0616802163   -1.9604002748    1.0145145821    0.5385522538   -0.9107610075
  -2.1452429328    8.2764301857   -2.9770137889    0.3355714120    0.4891577042    1.5584548272
  -5.6418944366   -0.8538185065   -4.4055110815    3.0887469067    0.3178733923    0.1174150216
  -7.9183455270   -7.5882285438   -8.5137656908    1.2656933987   -0.5786695670    0.9925374786
  -2.9372005075   -4.4450688345   -3.1284908962    2.4103411949    2.1157551556   -0.0839553564
   0.0274329890    1.7107011200    1.3164835682   -0.0127430408   -0.9135760592   -3.9101949586
   2.8916368005    3.1672211010    0.9425954458   -1.4416489612    2.9406550726   -0.4191121827
   0.9229787361    6.7100943617   -4.8611480959   -0.3778520974   -1.2023561017   -3.7314972126
   5.6875873106    3.2759415754   -7.4653274556    0.8986294776   -1.7627770408   -1.1110717539
  -2.9102974998    2.1257892094    6.1686241497   -1.5692955586    1.8759059439   -2.9639796235
  -3.4937522443    1.1349074197    8.0379947499   -0.3701997145    1.3100506054    5.1275141185
  -6.7806633416   -1.7825957686    5.8812840926    0.9391589259    2.0786669785   -0.5593612489
   8.2934480209   -8.3880642502    0.2579077753    1.9393687846    1.1346376626    0.6066459062
  -0.0180308331   -6.2435132259   -3.9573899407    1.4749851576   -0.9639160959   -0.7687736577
   2.6602241928   -6.9438634015   -1.2934798275   -0.9467380615   -4.1858648412   -0.1809369944
   6.4062333617   -7.1885355540   -4.1469044718    5.6862409171   -1.6848614162   -1.7213100711
   8.2884111792   -7.0731577201    0.2528732277    2.1431489838    1.8135182876   -4.1362533657
   1.5929696792    0.3499188177   -4.7204464038   -3.2471858053   -0.1271929392   -1.0585910785
   5.5291104804    0.6170766092   -0.7295925596    0.0574521439    0.8492831972    0.9384054374
   2.6178544603    1.3032250001   -3.5340182262    0.8251416896   -3.0935981081   -1.9935723456
   2.3496419014    5.9973227590   -6.3775215237   -1.5514146677   -1.9379969733   -1.9309446107
   4.2201049767   -7.6885833452   -5.9343509440    0.7167065981    2.4841191629   -1.2120602761
   6.2333734101   -1.8556465588    4.2485614413    5.3216468602   -2.0388910545   -0.7768747717
   1.6829870842   -4.9541934125   -1.3838295912    0.9421446564    0.6677800098   -1.2895785372
  -1.2670931437    7.6984865268   -3.7002137205    0.8655117944   -4.8907611430   -3.8834550937
   6.3751353352   -4.8250880430   -6.7803919103   -1.5868053839    0.0816800687    3.7055786322
   5.9339911008    2.7970837264    4.8520883781   -0.4071442913   -0.0932754442    0.7053215473
  -7.3007568956    7.7940499474    2.6534627180   -0.4471048971   -2.1086386912    0.2959666998
  -0.6168954784   -6.1671422803   -1.1147124752    0.9491523067    3.8612528101    1.2937562915
   4.4154281490    2.7484896919   -2.8590597106    0.7503850856   -4.9859806912   -0.5565523155
   4.0280961118    4.4234616912    2.2398338734   -2.8773165857   -0.3528651402   -2.5134781394
  -7.0464808495    6.7567389709   -4.4915101406   -1.2229136068    1.0507127339    1.8428157672
   0.7261167676    1.0926180144    6.8238451169    5.1295148656   -0.9650390670   -1.7415349252
  -7.6933494703    8.3298189657    7.6334015193    3.0044349166    0.2714689802   -0.6596603549
  -4.5789774427   -5.2565999471    0.8477526527   -4.1252768663   -1.1090637928    4.6930618370
  -2.9521069661   -4.6919155606    1.2684020701    0.3841921794    1.0775686782   -0.5367997882
  -5.0818969627    7.8831775837    0.3350958381    0.5728976311   -3.1798811083   -0.2605871486
  -6.7125383428    1.2017139168    8.4598011241   -2.0925898789   -1.9153956949   -2.1406816108
  -6.7944375008    8.4375484260    5.8425351679   -0.9917319078    1.7696313591    0.5472422832
  -6.0217435212   -2.7247506340    4.8607527087    0.5326325499    0.7095422860   -1.1411950048
  -1.5865605806    5.9751284003    5.2158792950   -5.0780832062   -0.3925390264   -1.2008845250
  -6.6910272438    0.6219468897   -2.1790344891   -2.3605005013    1.0226326834    1.3593271921
   4.9828656423    7.0339468036   -2.5665675409    2.3169346735    3.7815714409   -2.6404398827
   4.8924099716    4.7000546334   -7.1272180410    0.8330899270    0.7529232874   -2.9037632633
  -5.3100549244   -2.4811749397   -3.1713314974   -1.1638513022    2.6036011190   -0.9627212676
   8.4217940036   -0.7298348010   -4.7760207589   -2.2466508040   -1.4355917613    2.3613578585
   5.6980489369    5.6993653640    6.2200194806    2.4817097684   -2.9623527487   -0.8875770796
  -7.9093367566    5.6934840185    1.2934752209    1.0596803294    3.8779064647    4.6661453049
  -4.9477920654   -7.3095987185   -0.2326471511    1.2848592780   -5.6877524158   -3.0023422723
  -2.3684128940   -5.7604640770   -5.4208791052   -1.1604671597    0.6345100787   -2.4896429059
  -4.5393960469    7.7104915625    2.3002858481   -3.0684151787   -1.4206379341    5.1385831253
  -1.7246780330    2.1018718130   -7.7548791621    1.5695506517   -2.0416463964    0.9462061320
   8.2222109564   -1.6620201602   -4.1360058038    2.9613573697   -3.1269653606    0.1871678034
  -7.8960944035    0.3902455580    2.7747413846    0.6297771814   -1.2126873777   -1.9933750816
  -1.2312328975    1.3732016585   -6.1915969774    0.5896214165   -0.9602932261   -1.7670201561
   2.0721112560   -2.3517340623    3.3712845703   -0.4481729923    2.1013161052   -0.2289474442
   1.1393149488   -8.4068125427    7.0170039019    4.7397640289    1.6065321038    3.6898312540
  -1.8727699910   -6.8271715378    1.5916820455    5.1601861265    4.0105315553    2.3535603023
   6.7541890059    0.3016030040    0.8538359075    3.5117767928   -2.6752047366    2.9352678601
   6.5565615864   -3.4732575605    0.6540995501   -3.2172362867    1.9451825868    0.9986832347
  -7.6628959542   -8.0525162539    0.4247213348   -2.4362494211    1.9809511651   -1.2561052708
   3.6785496280   -0.7452211727    1.0859078662    1.5917064785   -0.8100726789   -0.5150378119
  -5.1503851709   -4.9358184376    4.9900397040    0.1963088408    0.3340420474   -1.5378020882
   1.6329949217   -3.7283556389    4.6879362624    2.6852702874    1.3304221609    0.7929092587
  -2.3263478030    7.5964737164   -5.2837111591    1.6792684687   -4.2347674867    2.1178824138
  -2.1162035748   -3.8014430383   -0.6048202831   -0.6726521874   -0.9547985352   -2.9027587179
   7.9008948911    1.5138154704   -7.2262100358    1.8074259618    2.8985631192    3.0146160789
  -3.6199651431    7.6725508780   -8.5403164566   -0.4614308368    2.6635289847   -0.3975991205
  -6.0569208492    2.4703423517    1.6563225019   -1.7261542700   -1.6407305722   -0.4639744061
  -8.3796585644    3.2876807316    7.9060737359   -1.3622086176    5.7284759058   -1.9968233192
   3.2591698968   -5.7492679867   -4.5285495642    3.2582637782    5.3554352665    0.4766026821
  -7.0061199213   -7.7379284131    7.2666134240    1.3970467124    1.5139454150   -3.2370352648
  -5.6381910846   -1.8579121663   -6.7467100684    0.1162828024   -2.2672684292   -2.0791163401
   6.7270049279    5.0571667744    2.5247883805   -1.5600127845   -2.2573711280    0.4716335496
   4.9784504506   -1.7385327034    8.4427157755    0.7567673081   -2.4412472443   -0.3732177320
   5.1638365799    8.4321481240   -2.4312290682    2.2894551400    4.7984973172    1.7274470765
   5.3310411958    7.7234699598   -8.1228188484    1.3778805194    0.7104488540   -2.6607324306
  -4.9356335391    4.0520925798   -4.9418634087   -3.1862204118   -1.0096925173   -1.5971394533
  -2.3189350905    7.2862545558   -3.0184927528   -2.3247566682    1.5012174142   -5.2625485440
   8.0927080697    6.0661310487   -1.6089011529   -0.3022148098    0.8331750988    2.7181317211
   2.9225477891   -0.2498119963    3.9461435394    1.4974691417   -4.8538942447   -0.2703147719
  -1.0552551189   -5.4531945381    4.1139684093   -0.6871813656   -2.4005876894    0.7217850404
  -0.7082186633   -1.5269745414    4.6733753533    2.4187183710   -2.6000819974   -1.7409985677
   6.2432011833   -5.0838327476   -0.0086384762    0.8402964158   -2.3200827477    1.3821249246
  -6.6204564213    6.3863349548    0.9033997982   -3.4057687755   -0.5101675828   -3.2856536677
  -0.3877246043   -1.4179921786   -5.9583841981   -0.0569080789   -0.5343010831    0.5413531850
   5.3177586805    3.8443823027    2.0588476465    2.8246952149    1.9578647266   -0.7861131002
   5.7071008024   -4.6342213489   -8.1266778712   -0.2532177542   -3.4845758432    2.2421503981
   5.8882022738   -0.7260466289   -4.9988019261    2.0833702388    1.6876973120    1.0267954934
  -2.0832310430   -0.1769758715    8.3104560632   -1.0258332653    3.7171390712    1.5522054734
   3.9779848974    3.0458426659   -6.4729813609    1.3891256049   -0.6840261430   -1.5330269537
   7.9129037442    5.4163852554    8.5190443476    5.0231451045   -0.0201723051    0.1087517392
  -1.3848113883    3.3571670603   -6.2613235020    1.2165852986   -0.2842047951    1.1104977505
   4.4496505511   -4.9556676722    2.2033709528   -0.2903682944   -0.7853866362   -0.0286253324
   6.8629641575    2.2740465284   -0.6110630405    3.1671316004    6.5364143929   -0.2428232622
   6.8995064204   -7.3811166595   -0.4444355888    4.0007424711   -3.8447488006    1.5812981687
   6.3127130199   -4.4012827978    3.5634140589    2.2380340691   -0.5622644811   -1.9797965361
   2.8868907168   -0.7110108546    5.7443335302   -0.2411729920   -1.7538869350    2.2134303105
  -8.3746278159   -0.3351840997   -1.4462738190   -1.2573995069   -2.0293202155   -3.3769592946
  -7.9274784681   -3.4141179449   -0.4121467495   -2.4884921024   -4.3443130005   -2.1689259613
   1.0444450972    3.0669064391    4.9422732604    0.3429555881    2.0469855602    1.3266991380
   0.6016817586   -3.3190430084    4.6569740352    0.2873822868    1.0277904006   -0.9837116739
   1.2537849849   -4.2739348869   -2.0543933272    4.0192201637   -0.4453243187    3.8302499601
  -5.0234321067   -4.7043952790    6.4853857763    1.4005036818    1.2352858008    1.8382215126
   1.7855626294    2.4932179801   -0.3378888598    2.3752040494   -3.4138859139   -2.0041067269
  -3.4924823014    4.9618003669   -4.7296304250   -3.8335202742    0.1847376240    2.2606535569
   6.3628590280   -5.7696999391    4.1801693290    5.2846359870   -1.3406486943    1.2530372266
  -7.8931266946    5.0132889043   -5.9311791542   -0.7669981544    2.3093140798    0.1029483458
  -6.2832302442    7.5966144746    7.9559759982    0.5050105177   -2.2141386367    2.8583589593
   7.0808020943   -7.9176010983    1.4314187432   -1.7835046184   -0.9603165695    0.0204097162
  -6.0209243226   -0.7143126548   -8.1890420730    0.1899742730    1.5708498017   -3.0316523117
   0.8711003922    6.8911407235   -3.0686698885   -1.0621176485    0.9462118564   -3.5772300542
  -5.9563520910    1.4213186478   -0.5468373440    1.6068877412    2.2842798355   -1.0325234860
  -4.8141769860    7.5460303209   -3.9264782256   -0.5225776105    2.0447278126    0.5906036932
  -4.1268410451    5.6818095973    2.5572004780   -1.2177434166    0.9736016225    0.8102349682
   7.5820439076    7.9355369817    8.0669117826    1.1179526077   -3.1152039557    0.9803476246
   4.7644422741   -2.4292559168   -6.7902158586    1.3056902119    3.5098060578    0.9685968774
  -4.6575464461    0.1345252572    3.4837974162   -1.0280640544   -1.2659291243    0.1595776676
  -6.4062339858   -2.2618554586    1.0369280019    0.1540869582   -1.7695868495   -3.6830224165
   7.8611987137    2.0356308221   -2.4856251685    3.3831654652   -0.3796147329    3.2520635722
  -5.4479648871    0.5651689435    1.4831977415   -0.3515680858   -2.0290954038   -0.5885879480
   0.9195794526   -4.9348922699    8.4976961190    0.5775517733   -1.1191952043   -1.0534124771
   6.8726563080   -7.6199500666   -6.8033020951   -1.7911770984   -2.9353830343    1.1703224757
   4.0334412177   -1.3724086033    3.5375059816   -1.8695464714   -0.7177597698    2.4542030953
  -0.2290276156   -7.6514861130    7.4993271396    5.2116793049   -1.7445164814   -1.4059703083
  -2.4597668860   -7.9606078249   -2.0164150031    1.7201619744   -1.3484712191    2.0017539963
   2.4805626673    5.8216237275   -5.3808667719   -1.2848556391   -5.4074421831    1.8991699569
  -8.3081278585   -7.2508629167    1.4198132781   -1.5240982661   -2.1622864593   -0.0380261367
   6.3545908696   -6.8728335874   -1.4364024701    4.3754084178    3.5182119968   -0.9351770591
   1.5073179145    5.4573921599   -7.2785235996   -0.6597438233   -0.0714401559    1.2220175158
  -6.9734329477   -7.9188696293   -2.7679130613   -0.3871112423   -2.9103716338    3.2088133747
   8.3554214889    7.5996578159   -2.4663826827    2.6619846284   -0.2573383414    0.7283244966
   1.1679033636    0.9250161000    4.4922960476    1.4698643359   -0.6467188206    1.6286674828
   5.7218835843   -6.3044716827    7.2425883064   -1.2056721732   -3.4851042667   -0.4073178903
   3.2485398886   -7.8901010610   -3.2080812407   -2.4042393836   -1.3509620144   -0.4554907934
  -5.2560512227    5.3339785608   -0.9546246565   -0.3388966723    0.5739607423   -1.8762754974
  -3.1089379795    1.2879844339    4.1121479911    4.0108135436    0.6950536927    0.2842039576
   4.9939702816   -6.2633909333    6.2379080348    1.2962963093   -1.7549926447    1.0544147032
  -2.2919733305   -2.8421452005    0.9301032773    2.5680015112    0.4836838465    1.4726484764
  -2.7755550708    1.5169680004   -7.0083579089   -2.4512430796    5.2501912419    0.8219462114
   1.0334710735   -0.0106183445    2.2235131758    1.1790061698    0.5991243557   -1.7268902569
   1.8287363716    8.3193826739    4.2316484847    1.2842170940   -1.1566475291   -2.1187293309
   6.3819298020   -5.6071101133    1.1692468456   -0.4072643164   -3.9783016294   -1.1426651151
  -7.6314565768    4.6025976076    6.5673925141    2.1798368298    3.7732323213    1.4692356044
   6.9255629015   -3.6985399033   -0.4070878431   -0.3528936718    2.6894394874    1.8369293906
   1.2360383664   -7.2360534311   -3.2196588024   -0.0354041651   -0.6940163651   -3.5716074203
  -8.1759316621   -3.2766147677   -7.2368409672    5.0464289625   -1.2385637713   -2.6175903979
  -8.2475886257   -8.5217732318    8.4551335993   -3.6893525043   -0.0342573617   -1.1168377392
  -0.6445336949    3.7658476462   -3.1131848708   -0.8364843337    1.3538731828   -0.1675896516
   2.8607689116   -7.8022395002    2.0322351903   -1.2502365635   -0.3008512018    0.1452430963
   4.3593843125   -6.6695373860    1.1211597439   -4.6672134708   -0.3380224196   -0.3099322919
   5.4778715560    1.4696820896    3.5787107097    2.7124483164   -1.1121563548    0.4041624612
   4.6608240774   -1.0924622549    7.8000122294    1.6756549271   -0.5215407952    0.4602898721
   7.0097244902   -6.2420004628    0.0888144477    0.8032421305    1.3431065140   -4.0363781893
  -4.7087886986    3.2417283502   -2.9500592537   -0.1339537903   -2.0443933824    0.9323821762
   5.6409717041    7.5242359212    3.5369732910    1.4274932958   -1.6613692405   -0.7528881948
  -5.4391169968    4.7759366957    1.3961130383    2.5202176047   -4.6228926142   -1.8498870210
  -7.0858173614   -3.0406957073    5.9476426851   -2.1306511109   -0.3311420934    2.3353437778
  -3.9977015896   -8.0334448915   -2.2151154688   -0.6043328454    2.3887439462    0.4583948140
  -1.7705793144    4.5178090217   -6.1540527474    2.8356940447    0.4398750185   -0.2963470280
  -7.7683474048   -6.4397493794    3.2125523418   -2.0172077763   -3.7977523579   -1.2491584806
  -2.1394923109   -2.0218396387    3.3916877461   -0.5626341806   -3.2246186238    0.0947308447
   5.7624846198    5.9741272129   -5.9866193881    0.5732822531    1.0425870739   -0.6108481372
   1.1390574326    5.7771357826    2.8423638557    0.0536301226   -3.7840763091    1.4008102868
   4.7743837740   -2.0034595272   -1.4373094214   -2.6485652919   -2.1107468034    2.7318513769
   4.3720176963    4.0270086583    0.3908772504   -2.2362044006   -1.1632633248    4.8374920315
  -8.1980364136    1.2692998773    4.2625673862    2.3834310559    2.6243365273   -1.7670185008
  -3.8903983474   -5.3212017256   -5.0872867186   -0.2692377419    4.3932400823    0.3658824478
  -1.6745403244   -7.1167425829   -1.5499695694    1.7688334497    0.2872034760   -2.2360492220
  -0.2393126940    0.1647298936   -0.3676052725    0.8482698117    0.1035647810   -2.9168533613
   3.1758813145   -6.0327371251    7.7982847783    2.5736563176    1.2288958909    0.0912849579
  -3.5353235525    0.0873923563    6.8916271908   -0.5956915743    0.8720325250    0.7322799286
   3.5764288938   -5.4877161049    5.0866209670    3.8941160523    1.2751303163   -4.0275453520
  -7.0615106153   -4.5832965835   -4.1091481140    1.3216002368   -0.5694564923    5.0731242261
   0.7011998203   -4.8677389493    4.4966959739    3.7338967685    1.4895785444    5.0581272832
  -3.5750786676    5.4344793118   -5.5645197068   -0.4487744844    1.6218290189    3.1067624647
  -0.3935368141    7.5234324054    4.7639739649   -1.4188428205   -1.8026007845    0.9574273188
   6.7661959124    4.7865181442    0.3168374434   -2.8046438564   -2.2752406530   -4.0397444623
  -3.8436797405   -4.9004865112   -2.6519072535    0.3617488252    0.8209311538   -0.7167889060
   2.6334938354   -4.7012009431    0.8090147876    0.2923805348   -0.7730893987    0.5850245687
  -5.7696727180    0.7716082902   -6.3503356336   -3.8545583118   -2.2708859767   -1.1037794919
   7.7014074038   -4.0146425690   -7.9654275711   -1.8386779075    3.7647847700    0.0337286611
   6.0977524701   -4.0267525044    6.3009836188   -1.7117552712    2.3674261799    4.1731795268
   2.1367278647   -5.3756781739   -5.1540196275   -1.5510932569   -1.7379938911   -3.1826887470
   6.7400788361    0.4898737467   -6.1276902402   -0.8474662768   -3.7697525821   -1.7928651569
  -5.9450390750    6.8776776588   -2.3913879193   -1.0166755411    0.7157835242   -1.3687400696
   0.2631811297   -7.2706551373   -3.7845909927   -1.7993059851   -2.0926536300    0.3430448879
  -8.2409521442   -1.3768794229   -0.9142387869   -2.8630368159   -0.3659564889    1.7017184338
  -7.7718862366   -1.6891307046   -0.0441390840    0.5031750421    4.8397534220    0.4758652086
   6.6933924651    4.1419198559   -6.2410225541   -0.5077624764    0.6405348701    1.2956190019
   2.8222982819    1.3569668658   -1.4795207106    4.0000349411   -3.2963426399   -0.0467779065
  -5.0380715164    1.9508154038   -4.1929505505    0.9631474877    0.6190065204   -1.3408514560
  -8.3655297015   -2.2088573771   -7.4021967078    1.6634381307   -3.7828706521   -2.0490545506
   3.3877849170   -7.4434618980   -0.3394957407    3.5664222286    2.3480661488   -2.0283677658
   4.8286527276   -5.1960392294    7.9579756043   -1.2419126676   -0.9614616407    0.3901023610
   0.7983240228   -2.1224137199   -6.8670906515   -3.2200851979   -0.1588534120    4.0938378174
  -3.8677152229   -6.7627264982    5.6797817416    3.9804508216   -2.4673541210   -3.0807835841
  -1.5328150290    3.5234565483    0.1265005156   -0.1134625583    2.3532535010   -0.2914929974
   1.3006684411   -2.0644793160    2.5315740951   -1.3728395034   -3.7534548759    5.2418076156
   5.0285275856   -7.2847595215   -6.3432793659   -0.6369658670    4.5686489389    3.5846950801
  -7.0723201658   -1.0702545997    0.2383915700   -1.3549275032   -2.6453347383   -0.4293061084
  -5.0020747142   -6.6022339368    7.7661928758   -0.1855740245    0.8911671870    0.6036066552
  -8.4472300200   -2.1801572449   -8.5211151401   -2.0008257023   -0.6902028523    0.1265855796
   0.1499195261   -5.8826668153    7.3228733156   -2.4724967393   -2.7096138315   -0.3053433193
   4.1977237805   -5.6675285355   -5.6759367177   -0.2567481393    0.9655585008    5.1940716287
  -5.3893934829   -2.2347399349    7.3158871552   -4.0045115559   -1.0317683236    1.1492701687
   0.5778643759   -2.6743753094   -7.8988447806   -0.5699771391    0.4803340463   -1.5889576205
  -4.3868780192    6.6763890960   -4.4918778850    2.2964233199   -0.6625074205    0.4957714541
  -3.4186590500    0.5087883414   -4.7700848189    3.3465636996    0.2765508919   -1.8684785337
   8.2170559423    1.3110996011    7.7025884778    3.2231189528    0.7886353595    0.2110174578
   3.1519475216    1.1364973117   -8.5428732595    0.9898322951   -1.9602336598   -0.6200685005
  -4.9613735220   -5.3187957102   -6.3319654279    0.2439638280   -0.7364329178    0.2956677691
   8.2227617616    2.4334563451   -3.4027247024    2.6121190306   -3.2489569791   -1.7080572068
   6.6434580170   -5.2030367009    3.0071159051    1.2949656453    2.0803950803   -2.5738020350
  -8.2560323327   -3.3415497770   -8.4536538278   -1.0695317308   -0.5743167028    0.7444481777
   7.0135101546   -5.1437956103   -4.4859235625   -1.6302439142    4.2450078624   -1.8933331466
   5.6998420808   -5.6558310285   -5.9812351761   -1.1955673045   -2.8665646537   -1.3575848472
  -5.1478360069    5.7405000238   -7.4058146069   -1.4730733740   -1.7981388422    2.8063380090
  -3.4155425271   -3.2361602718    4.5473343952   -0.4918907284    3.1688555471    2.8890762018
   4.5315852612   -8.1979216825    8.5000743346   -0.1658262841    1.6720801772   -4.9978066599
  -3.2295172633   -1.4891346782    1.4173669430    1.8952927380   -1.0809870676   -2.3478612903
   2.4255225322   -5.5272874333   -2.1851064318    6.3546277550   -0.2943878838   -0.2111947256
   4.5733642610    4.8185769992    4.5301749413   -2.2630417664    2.7495487002   -2.0664299155
  -5.3689780167    4.8478373590    2.6982878521   -0.7436449568   -0.5601200142   -3.8868968091
  -5.5746520926   -1.3926878543    6.7859110370    4.0598862441   -1.5027227591    0.0816968568
  -4.5756901624   -5.9262729922   -3.6897061428    0.8427754145    1.7795259477   -3.2672433782
   6.2654402638   -2.9846168801    5.3558686340   -0.4599927239   -1.6057737144   -4.4817730295
   2.5046094292   -2.3038021336   -2.7417511775    2.4371823557   -0.9456539500   -0.1867406101
   5.5403477206    1.2239113885   -5.4396747026    3.6777212580   -3.1465864010   -1.2855584488
  -3.3802570652    0.7994036558    2.6385667194    0.1369712692    1.1611075434   -2.0841431383
  -6.9136257412   -2.5854513085   -6.9567611320    0.3007599193   -0.7776078256    4.5874600763
   5.1250105929    3.7906100446   -0.2267886916   -1.2884380650    1.4466553793    0.0595534109
   1.4492009723   -6.6369430778    7.4138057963   -0.9922117178    2.2277528918    1.3356379167
   7.5719418792    6.3379044276    3.9939894470   -4.9959047810   -1.7410849345    3.4141103294
  -7.8488829395    7.5202702628    4.3126363242   -4.8676769374    1.5211300000   -2.3994035609
  -0.0913506062   -6.1074051330    8.3775609748   -0.1541004547    1.1617108179   -0.0538621599
  -0.6673907389   -0.9942131747   -2.8292355142   -0.7865452762   -2.3987575185    0.8046102191
  -6.1227232213    4.2866910725   -0.6610419254   -1.2275330421    2.2823413620    3.5462353419
  -8.0930531203    5.8725939987   -5.3679661922    1.2257401366   -3.0011470599    2.3889102157
   0.2357129808   -2.8432123431    6.8593920138    0.6077593587   -3.1529588956   -3.2132518900
  -5.8288388888    0.6085006425   -1.3268612608    0.2422870407   -2.7861564312   -1.0064473105
   6.4252032070    1.4582646299    0.2564792220   -4.5743270781   -3.0019555264    1.3387275058
  -3.0568519574    6.1797804747    5.8046799122   -0.0784260201    3.9278560181   -4.4010967223
  -5.5220461006   -2.1167232350   -8.0713018141   -1.1699212901    0.7122724475    0.9104259730
   6.8781076496   -2.8171675028   -1.4967925226    1.2467831416    2.1938638659    1.9576227305
  -7.2337593754   -1.9883028422    3.0023952612    1.1075951562    0.3862421928    0.1360195251
   4.5828160488    7.3708824366   -5.2807746284    0.2971265850    4.3420081556   -1.4615258358
  -1.2391771094   -6.7139698155    3.0815172352    0.4851404381   -2.9488800129    0.2569640527
   5.9885200282   -6.9721539139   -7.9453544880   -4.3522880020    1.9145573659   -1.5942164631
  -0.6084215695    6.4964062722    0.4276911115    3.9311099303   -3.0489154227   -2.1849681792
  -0.2414228725   -1.7882490648   -1.3859153237    1.1221535907    3.8871604436    0.9047520557
   3.0498301848   -6.8935686680   -6.2053023695    0.5578743490    1.0825424663    3.3169227108
  -4.8663545239    1.9703738248   -8.3087553906    1.4529183143    1.2328843204    2.2915952155
  -2.8624979587   -1.3635941111   -2.0785356804   -1.2033377808   -2.2593159869   -1.1146536482
  -3.3834977881   -2.5792236365    1.2020578663    2.8450780597   -1.1713631257   -0.9619081639
  -7.8437530926    1.5661254040   -8.0316289308    5.3337106384   -1.9945709892    1.5477352597
  -6.4551230326    3.5554773683    0.1440013827    4.9304157408    0.0030097026    1.0825490720
  -3.5640774733   -5.6954476119    1.9387454339    2.6732271671    1.3069138730    1.6948192871
   8.0946619299   -1.7550556890   -1.9829138558   -1.2237333859    1.2553529924   -4.3679544543
   6.6293002342    6.7067136253    8.5382468753    0.8343840786    2.3304525028   -1.1609048119
   7.0105583854    6.3990807456    0.3332533141    4.7513224865   -0.0555462580    0.0991696352
  -3.6234145530   -6.6758646986    1.2197065334    2.4419235469   -2.9924720887    0.2326138984
   4.3439530353   -3.3523615732    0.9791518964   -1.4017275665   -1.4667278061    2.7497391193
   0.8404907850   -5.3231652124   -6.6364261460    0.0803015421    1.8540315996   -1.5266378722
   0.3330394492    7.4734901206    1.3268288911    0.8103343939    0.5693931427    0.6865552554
  -8.4662163504    4.2705283844   -3.4475804214    1.4979954386    0.1180408486   -0.9865885906
  -6.7649417152    5.2565024836   -5.6219072603   -3.1142412073    0.2258788098    3.5335915422
   0.6111283643    8.4154403997   -5.1887720913   -2.5371602055    2.2905035080    1.0703966456
   5.4244277911   -0.9991981657   -0.4351250118   -1.0919257225   -0.5028985713   -2.0760235395
   8.3717458395    1.0924552236   -0.6253663814    0.6254664370   -4.1090868724    0.6092530080
   2.7874848669   -3.3577454739    8.0549941065    1.0611330313    2.5799247087    1.0190821653
   7.1852958756    3.4226971253   -1.5095444551    1.9648675071    0.2697433244   -0.4020148000
   2.3476142077    1.0425528148   -2.4303088810   -2.3237857312    0.5173814933    0.6714758510
   0.3327359862    2.6088940834    7.3874498895    1.1629954065    2.1148040852   -1.3873220110
  -1.0529038400    5.5656529012   -6.4007642866   -0.8599653657   -2.0015248170    1.6659468267
   1.0205584464   -1.7928213004    8.4005496057   -1.7401632697    1.6282755125   -1.5828426868
  -5.4649998512   -0.4852639098    3.4989069401    4.0355550800    4.1675906715   -0.8483100965
  -1.3931774186   -7.3079221159   -3.5098540973   -1.5167950068    3.3924616586    2.4178228423
   3.3817118990    1.1985904488    3.1950465869    0.9718608570   -2.1536073097    0.6400195743
  -7.4843231383   -1.5708493958    5.0544154807    1.8211779524    0.1362035088    2.2996611590
   1.7608760463    6.8663440135    6.0625041321    0.9654330311    2.5963411625    1.6474804429
  -1.0918597952    3.7740214287    2.3860558671    5.2649099507    2.3525337830   -0.3812323405
  -6.5233121588   -1.0220156264    2.6259600786   -2.1443931867    1.0421795538    3.6452162354
  -0.2202025201   -0.8374112205    5.2574289803   -0.9272988502   -4.6738694969   -1.2750784839
  -1.7380313292   -3.1321425574    6.6332061036    1.3293321960   -0.7307028872    0.9013740084
   1.4686363993    0.0074339017   -1.6269919059   -1.9320662172    0.1762785766    0.3444777162
   7.8257826877   -6.2737466071   -3.9146517572   -2.6672185499    0.2894318731   -3.2339263961
   4.3630940038    2.7350319067    5.5121600327   -0.3055308261   -0.4720174918   -0.3591231938
   1.7505178751   -3.6201824749   -3.8143873185    0.2465866318   -3.1605403197    0.4895483495
  -0.6229035495    6.4005718313    2.4610753689    3.3130769555    0.5756888770    1.4140611558
   2.1164225005    0.1205299166    5.5134207954   -0.6607621035    1.8153076500    3.1197724450
  -7.8050722940    3.1759339694   -7.6332816189    4.0927451941   -3.6568461192   -0.0426273862
   2.2463512266   -2.9859754821    0.7930086435   -4.2106483828   -0.6263500828   -1.6187394365
   3.5394225169    4.7782421145   -3.5608334711   -0.9942057719   -2.3892138911   -0.9441084333
   3.9810717812    1.5026318539    4.1099642238   -5.0031632941   -3.5680934212    0.9557208803
   1.5447298755    0.6503590134   -7.4786755740   -3.5619668794   -4.6527559064    3.7750519247
  -6.2769001234   -3.5445385968    2.1278937676   -1.2448582329   -1.9178741180    0.9841646364
   0.1848531132   -0.5290720382    3.7406753614    2.2566603510   -2.0533468552   -2.1490118539
  -5.4427676791   -8.2346187014    1.4603777671    1.1961767831    2.8938745966   -1.4487438230
  -5.2850422245   -8.0353677172    4.7200212328   -1.4459206419   -3.3651824001    2.2406666345
   7.0693457140   -0.8420505938   -0.4626149455    0.7900786896   -1.7742512621    0.2714794574
   2.8044251422   -3.5627901501   -6.7674555106   -0.2136321587    2.6334518922   -1.0437528757
   2.7700192121    4.6442710943   -5.2143355844    0.2175418737    1.7102608646    1.3518283079
  -0.8388654284    4.2230521934    3.1912661899   -1.2867581027   -1.5108082080   -1.8675690451
  -3.8760139878    8.1702941856    3.9496363510   -0.6508003064    0.6264879436   -0.7518238819
  -0.5839094935    1.5724321047   -7.4480050863   -1.6438024978   -3.1306239390    2.6343241358
   6.4405741783   -8.3304504863   -8.0567330278   -0.5244176091   -1.2948550378    1.0415566717
  -2.8249577145   -2.7489174463   -8.4298582034   -1.3016057705   -0.5634116103   -2.1665384517
   3.6425534917   -2.6162240942   -3.6828987386    1.8101888820    0.2339436658   -1.1019219922
  -4.3122986626   -2.7808635998    8.5310254164   -2.8246739810   -1.4787867240    2.3113998347
  -3.7028171766   -6.3786625358   -1.9542002467   -2.3745029869   -2.6483570690   -2.5848699207
   1.7361042986    1.9044953530   -8.1621234072    0.7993424572   -1.6590288983   -0.3353436200
   2.1178510717   -8.4860102573   -3.1444503478   -1.3568802815    0.0251124156   -4.4616093981
   8.1247138312   -8.4883443808    4.0289403267   -1.9778976125   -1.5606978443    4.5915299115
  -5.2760264908   -3.4952812195   -3.2959848692    1.4407817359   -0.3221638590    0.2865639256
   0.4706365611    7.6348153144    0.2489888000   -4.3028090088   -3.1806018635    0.8480828077
   0.2787768663    4.8886889609    2.4207500436   -2.3666829326   -1.0434911092   -0.4378393851
   8.5365760489   -0.3201280855    0.1062518424    0.0407802832    2.3673730811   -4.8170481434
   2.4761884514    7.8402526405   -6.3139468145    1.1938321730    2.0916827902   -1.0263940613
  -7.6172157062    3.6757447532    4.8697435689    1.0958453884   -0.4985407558    0.5181745640
   8.2668508847    7.1754703805   -7.9812865928   -0.5412226498    2.8401809946    0.7284341736
   0.0823757910    8.1209793167   -2.8980510952    1.5229480361   -0.2131791449    0.8110327038
   0.0274884741   -2.0363788417    5.1433183874    2.5660268089   -0.3046295361    0.0034249760
   2.2338916011   -5.4212648338    7.2086680461    2.5918393618    2.4318613521    3.4295791383
   2.2958991345   -2.7805511045    6.2507468663    1.4078044698   -2.5577635930    0.2833296289
  -7.4696161066    2.0085840263   -2.7581989782    5.7356084170    3.3451235771    1.6203533506
  -6.9173675238   -6.7450254463   -1.4985947332    2.5670164409    0.1807245650   -0.5070039370
  -0.2271509913   -0.3214112206    1.8397268389   -1.6695682491   -2.0833908762   -1.5436683397
  -5.5404601245   -2.4863585866   -4.4977428954   -4.5545088415   -2.7256653589   -2.2152767335
  -8.2304834081    6.6461354582    6.3857695055    0.9228615835   -1.3866404749   -1.5879670812
  -4.3690313079   -7.6576700704   -4.7561944581   -1.4082374961    1.3241413797    0.1347385330
   6.8681836327    5.1262937083   -5.2154049057    3.7054284569   -1.0401965779   -3.0891799493
  -3.4596063782   -7.9884342786   -6.8900165209    3.9362575127    1.9510811856   -3.8235002223
   7.7882438682    8.0040975969   -6.6877084920   -1.2110858545   -1.7463149728   -2.0031223788
   1.2433591134   -1.0107389316    0.5229728251   -2.8706764048    2.1311819425    2.9556772993
  -5.3093464055    0.4584343655    4.4175780665    3.4492907742   -0.5858749168   -1.8384054324
   2.3234686094    0.2351806503    7.6928583328    0.2372668500   -0.8967715587    3.1732788930
  -1.5938594506    0.5278876957   -2.6717565985   -1.6328104539    1.2898279054    1.9749813865
  -6.2749434695    6.2780120402    5.2363410761    0.5194092977   -0.9063451859    2.5371723886
   7.1075569250   -7.2029066532   -2.0956304273   -4.0428334754   -0.7749270686    2.8349137742
   4.7581350336   -1.2697162119   -3.8515944186   -5.3977108141   -2.9018152112   -0.7144852112
   7.0085758009    2.7426400890   -2.1949095670    1.7483808594    3.4444828350    1.6993870080
   4.9831711299   -7.6764056065    6.1973034861   -0.8979041805   -3.5116563865    1.0986220662
   8.2978633109    2.9388083004   -5.5412818563   -3.2456049480   -2.2496879825    3.1519408997
  -0.9698767484    0.6510974034   -3.9592585091    1.2018150243   -1.0538426621   -0.3828960292
   4.5167846508    1.4713688866    0.1271598810   -4.4876030344   -0.0426921557    2.1316000000
   0.8247068017    2.7967195410    8.3109749273   -1.8060576111    1.4772068387   -0.1839260313
  -0.1441757236   -7.2373965850    6.6033163396    0.5191029516    1.8044092750    2.5665148268
  -5.7285759846   -5.3663140966   -3.9244761629   -0.3477024993   -3.0475192309   -0.8631507404
   4.9808926179   -4.2366071003    6.0213718687   -1.0854171797   -1.8784938576    3.2729837894
   0.0067289168    2.7491860243   -6.4993446006   -2.0818993390    0.8097915901    0.9751589010
   3.5503379388   -0.1403880080   -1.1161010837   -3.4008853836    1.0273073758   -3.0794093367
  -0.8468590494    4.0004517132   -8.5428585026   -2.0652654351   -3.9855176643   -3.0160577755
   6.0448780961    6.5378799243    1.5259110644   -4.3856764001    4.2521464222   -1.9017141992
   7.9930566235   -2.7658743596   -3.1227501424    2.3441809324    0.2501954959    1.0024077090
   5.4154043406    8.4395596718    5.3991563472   -1.3637149240   -2.6970657763    2.4756673987
   2.5601915476   -4.0936660418   -0.3589188202    4.4728954096   -2.9786790180   -2.7483261905
  -8.3158932660   -2.2922050291    0.3171265321    1.7835114277    0.1651023545    0.9731867565
  -5.3255480728    3.2327220027    0.9246069658   -2.3298661400    3.4263392108   -1.0105519692
   6.3468755068    1.2573187586    7.8330344285    6.6450947740    0.3389352353    1.6655445157
  -7.9154475618    7.9170226723   -6.4607269082    1.0460469252    0.0570761957   -0.5428555407
  -0.2499367045    2.1777384895    5.6444549834    3.0396334153   -0.5944438972   -1.8157670979
  -3.5329854076    4.1631841284    7.4550475027   -2.6955401757   -0.8728672916   -1.7364067748
   5.6538917544   -1.8937080561    5.9762920666    3.3573901203   -1.1690432482   -2.7325351790
  -0.0204633251   -3.9206641536   -2.9438976940   -1.2557514893    4.5624394888    1.0612559970
  -8.4717489925   -0.6334448040    7.9275414061   -1.1158467240    1.3758972988    1.3232221806
   2.7016260979    2.7527138137   -2.6623185188   -1.5843961688    0.2521152961   -4.0904506167
   3.1384760595   -2.8659307541   -7.3873721067   -6.3990648211    0.9719299768   -0.0168510641
  -8.2439543858   -7.1666307995   -4.9102343924   -0.1317941719   -2.7836415007    2.1388806489
   4.7243817356    7.4674902919    2.3144577897    0.2149988669    2.7085994387    0.8819282513
  -3.0256359362   -0.7514164486   -7.8534836064   -1.7412365892    0.9539123490    1.3492962180
  -2.6029508855   -5.5186213963   -4.4396258136   -2.1199445379    1.5334590557    1.6071033445
   6.2729201293    7.0651190946   -0.3256619936    2.7722940143   -1.6888721266   -1.4858621713
  -4.4793307855   -5.1568553548   -1.2939054997    1.4062578056    2.4711036213    1.2103666697
   5.3187797638   -1.3766241470    2.0079450345    1.2972509216    0.0500902097   -2.8086882892
   4.4827901560   -5.7008209409    7.2066646543    2.8598321687   -6.8439282940    0.6405807064
   4.6840873476   -4.8385520079    3.3327112363    3.8516618761   -1.0605779312    2.6042945306
  -6.8777335916    1.1265567525   -0.0751548778   -0.0962300285   -3.2419637959   -2.6493118384
   3.6321899575    6.1492088383   -6.5799426153   -0.7839304593   -2.6461434193    1.0789993418
  -2.7291780766    0.7150758307    1.3623391794   -2.8280178511    2.3475813325    1.4068364984
  -2.8250364904    4.5834611055   -2.6243377538   -5.1509067398    2.9962910175    1.5038004993
   3.7188961859   -0.6715933237   -2.7524577100   -4.7593626592    0.5005433553   -1.1794341549
   0.0834227817   -2.5480310702    2.5642207297    1.5576453805    0.3064877336    1.5228424442
   6.1731680945    6.4913204773    5.4417807150   -0.8580004010    0.6850858117    0.1464104020
   3.7733975021   -1.5868155425    6.2051587736   -2.4894686194   -1.9671097855    3.3508529298
  -8.5310800007   -6.9188611272   -7.6084746681   -1.9846644759    3.0544294570    4.6459622428
  -2.4662335303    4.4200252806    2.5508387687    3.8823266620   -1.5439819812   -3.8983767563
   7.3439000236   -0.4629914411    5.2295217650    1.4386219407    1.5606808847    2.8966161913
  -1.2675588042   -2.6654201661    2.0366675770    0.3747578885    2.6272699217    1.2830620845
   7.4852313021   -1.9760676463   -7.1730731180   -1.5630201888   -0.1111440294   -0.2344695536
  -0.4328792148   -7.0091922680    3.7738219572    1.0332705995    0.1018274042    0.2194639134
   5.2235584316    1.9969419689    2.3942190840    3.0009240694   -0.4309447526    6.7753237564
  -2.7069292217    4.1345592095    5.7603300728   -0.5340621960   -1.4804202060   -2.2446191565
  -4.9466043744    7.2370112301    5.6223186239   -1.7047528165    0.5971698595   -2.1864977417
  -6.7492388352   -4.6717304287    2.3560716220   -1.3396241751    2.6416217089    1.1510571623
  -1.6048084132    0.8695181338    1.2656953511   -0.5757577869    1.4614759893   -2.7059302097
  -0.7945985214   -3.3838193274   -5.0867930224    4.5528305124   -0.3669956597    0.6493296796
   7.5344329863    4.6941182072    7.7423653077   -3.1016221708    0.0986125740   -2.8925342389
  -3.0586130953    1.5514988645   -2.1858044453   -2.3928493357   -0.1244269146   -3.3106631389
  -0.0204773485   -3.9777393867    7.5266197359    0.3684152761    0.9096622579    1.4364537888
  -2.1098675269    5.0411847740   -7.7873380156   -0.5614227580   -3.4512747574    0.5422607925
  -7.5853294763    5.2606668328   -4.0806794322    3.3862608281    3.5572083793    2.9374687826
   6.3347042533   -0.4531345620   -3.6981636095    4.4971085689   -1.3665824015   -1.0678670702
  -8.2687753329   -6.7427028809   -2.7042529522   -0.4586685495    1.7954120959    1.8271620195
  -5.1794527307   -4.6713890007   -3.1600977345    0.6794929954    0.5346515210   -1.2021005365
   1.8934507922    6.3501356067   -8.4895637626    5.9997831313    0.5345410410    0.1083586430
  -6.5816241878   -5.6474182995    0.6623322053   -1.9124119962    0.0407843911   -0.7263021802
  -4.1457587639    1.7567710903   -6.6995820863    2.4172058838   -2.1068761348   -0.8322962619
   3.2888173429    1.2857746795   -2.6830920204    2.6873450797    1.7166751860    0.9272474736
  -0.2506581596   -3.8042898110    6.4935796659    1.9989821081    1.3128244572    4.7188808615
   6.7086040390   -5.8827173183   -1.1435631680   -2.1798258716    2.1865064161    1.3043986114
   0.1436564591    3.1590628704    6.6014066958    0.5475800215    0.2441532182   -1.4136791563
   5.7580375782    5.1409091214   -8.0637646101    2.1363834137    0.5628768049   -3.4931712200
   4.0098999256   -2.6570427992   -6.2875018602    2.6248922403    0.4590780495   -2.7059474421
  -5.6335356569   -0.2352035306   -6.1266811813    1.2330673572    3.9311648859    0.6081767168
   5.7044464329   -2.2092473510   -3.6294623488   -2.5428250421    1.0190906072   -1.7247284297
  -2.9977272312    2.6089311177   -0.0200030566   -1.6609414826   -0.7821953608   -0.4406217990
   4.4014650488   -8.4053997628   -4.0401195557    3.6510077188   -3.6453257640    2.0179204850
  -3.0081973999    0.6838913596   -3.6059811354    4.3636034690    3.3892097485   -2.7272554845
  -2.1580769878   -5.3179855440    7.9249070087   -5.7465829703   -2.2279755871    1.8757773722
   6.9066194079    5.3362369132   -1.2787533785    1.1439003247   -1.4407264641    0.3568448118
  -2.9844047643    2.5046173413   -8.1762713627   -2.1657861653    2.1092847266   -0.3913237460
  -7.3614080756   -4.2700597106    5.3766666264    1.7061484022    1.7793738666    1.2417152883
  -6.4652614791    6.0156382606   -1.6236629034    2.2146590668   -0.9900017464    4.4398874686
  -2.2401154872   -6.6784421989   -3.8995280777   -0.1540819868    1.5763268564    5.0970763377
  -5.0093003352   -8.3180045130   -3.1950320206   -2.3980961041    1.1941932823    1.7891633583
  -5.9430075196    5.7823166969   -8.5381088137    0.2667813382    1.2064199062    0.7444128916
  -7.2214031150    2.6069410314    4.2076556396    3.3767731633    1.7512070320    3.2284567578
  -4.2043355679    4.8831436576    5.0067688684   -0.2702330165   -1.0857894733    1.1619335892
   2.7190117627    4.9399344490    0.8877596098    5.9679041164    1.2131018418    0.3010066261
  -5.9582026029   -8.3166481928   -4.0976859269    1.4395135561   -0.2358275321   -0.6222976856
  -8.2958055056    3.4427492946    0.9594910547   -0.1057101515    0.8154533688    2.6343123573
   6.3725748786    6.8664448329    3.9303902920    1.7202476932   -0.9062793909   -0.6005797116
  -6.7916458515    5.4907044458    5.8945615207    1.3078133881   -0.5939890138   -0.7744116531
  -4.7723666888   -5.7325894383    6.9816498848   -2.1570857224    0.3240778844   -0.0501300417
  -8.5356893098   -0.4950445710   -5.9161512323    1.0392670789   -1.6079185240   -0.1685093748
  -6.4609400207   -8.5115144989    3.7530638772   -0.7112088258   -2.8048730368   -1.6652179959
   5.4480079467    3.5578054738   -1.1592953090    0.1815494746    0.4326857161   -3.1890112112
   7.8838011134    5.7205813210    6.2767143432    0.7889235060    1.3769840727    1.3062212019
  -0.8957386767   -8.4191678525   -0.8354707641    0.0182172791   -2.1254140937    3.7240154379
   2.6943495038    5.1615897607    8.1351557552    0.4746815196    2.1472595684    3.1237299421
   3.1493235412   -3.8807337697   -7.6504735061   -1.1939762107    1.3941808444    0.7640772398
   5.1000302262    5.6537559098    0.7525451884   -1.2802881934   -1.9769460769   -0.1569976847
  -3.8259007207   -1.9875084311   -2.8080855688   -0.6942091041   -0.9547238145   -3.1736894181
   1.5538984200   -5.2339348585    0.8597667430   -1.5273457845    5.2346002852   -0.6548243641
  -5.7718916285   -3.0623347321    0.1922075589   -0.6979572271    1.8510140188    1.8967376944
  -7.9745224208    8.5081618721   -3.9885696069    0.9350963214   -2.3740325701   -0.9054063100
   7.7070236882   -6.1934697418    6.3823016647   -1.4642782817    1.2637410941   -0.2486984128
   5.4549638859   -4.5641351594   -4.6065643320   -1.1512130462   -0.1046420105    1.3389857332
   0.3529773176   -4.2860375145    1.4163679634   -0.4040785682   -0.3940158132   -2.6945655471
   0.3098623753    7.6893617214   -6.2678946836    1.1968564465    2.0917329259   -3.4831271601
  -4.1764172860   -0.6924758549    3.1603469382    2.5058555599   -1.8047535884   -1.8856960978
  -5.4595435925   -5.4662195457    2.6639400965   -4.1225106130   -3.9168820105    1.7965748128
   8.2365005702    3.4012661846    3.8416236728    3.6957515117    6.6815836646   -1.2474589353
  -1.0196337022    7.3400375210   -8.3832410443    1.6015672875   -4.6130786721    0.3427760764
  -5.9762667468   -6.5619096328   -7.6386069144    0.3494258240   -1.0058816095    0.4488163199
   2.6800929809   -4.7155954005    6.0935978210    3.7941001795   -0.6068937936   -0.6537169927
  -4.2519017784   -1.6196491098    1.6872219099    0.0859034947   -0.1816415790    1.9674436420
   5.2384791095    7.0771135328    5.9587197018    1.0508989589   -0.6199602059    0.2012031773
  -7.5689685997   -1.5866770011   -2.2809761727    1.9008059040   -1.2506171765   -1.2115041390
   0.7244642755   -3.9427374990    2.4823766873   -0.8253754123   -0.1479392538   -1.0956370642
  -3.6613344105   -2.6198309232    7.6541495719    0.0412607855    1.4984257479    0.2149551890
  -6.1720582059    4.2933776964   -8.0497641470    1.0929431987   -1.4708311512    2.0282714306
  -6.8918710958   -8.3301581896    1.3519570075    0.3377388478    3.2355271996   -1.7269831519
   3.4801011961   -6.9341816354    5.7109638710   -1.2785281843   -0.1390702787   -0.7721713507
   7.2905856407    1.6706697642   -4.4178409144    0.6962198682   -1.7650158495   -3.1013106579
  -4.5418550209    2.7704556979   -1.6416007928    1.4252113880    0.8548719321   -1.0381783008
  -1.2400158964    7.2535303153    1.3634881735    1.9151447692    0.6644911181    3.1638275495
  -2.8663413368    8.1468031321    1.2753844157   -0.9940198085    1.3570983788    1.1274420044
   2.8436323168    7.0326300321    1.0472897236    2.3371743061   -2.5731717891    1.1147271028
  -1.8278251679    1.6712889129    0.5709132964   -0.6430560393   -4.2885847740    0.6748418671
   5.2698036901    6.1060207314    5.4687697922   -2.3194497847   -2.2592411171   -0.0028991638
   6.6065072708   -6.2717920849   -5.5483050601    2.3352493850    1.4398689215   -2.2319942047
   0.7922534103    7.0490941728    4.4769503373    0.9443537127   -0.8980161734    4.0627551076
   6.4388850948    3.2165690919    2.8441007999    2.4685979726   -1.8342363769    1.6356314655
   0.8864235521    4.7588254017   -2.7489524674   -0.8491794796   -0.5532223856    2.1887138507
  -4.3093859883   -3.2466037099    4.9341831243    1.8212876396   -3.0792794867   -0.5203244297
   3.5805625753   -4.5230823835   -4.4901230086   -0.6472368752    0.7225106355   -2.2791780797
  -1.5858943445   -7.3696113876    7.3994407150    2.9472573463   -1.6501129789   -1.0820545628
  -7.8876334912    1.0888512440   -1.3842107765    0.2791926807   -0.6824007790   -2.4661078576
  -6.6374837163    1.9917980379    0.9183460478    5.7609969451   -1.2022037503    0.2371193824
   3.5469228221   -2.5462843442   -8.3171942751    1.0637543141    1.1224639261   -3.5785315109
   7.2082164986   -4.4190139138    5.0700108745    3.1415413365   -1.4748943283   -0.2906852897
   1.9268112374    3.6898517521    1.3818508664    1.3657040375   -1.7549514616    1.4091164055
   7.2881097426    3.5630086061    1.5048841177    1.9372051033   -0.7662485022    1.1190444965
  -7.1469148196    6.2987953646   -2.5082644808   -0.2281223102   -1.6846301916   -0.1566612751
   8.5402417727   -4.3841300237   -8.5299502511   -3.6032901641   -0.0718797002   -1.3224075731
  -3.4602694139    8.1541488693    4.8674219187   -1.2388220416   -0.3813141076   -2.4433842320
   4.6477930615   -7.1438517691    2.6826631398   -3.5596333481    3.5451642840   -1.8779369174
  -1.6846044972    5.7996373558   -7.2806055930    0.9983442574   -4.5374932103   -0.2285849572
   8.0129611957   -5.0072256456   -4.4924844152   -1.4158408137   -3.7636993642    3.0629447209
   0.9751510089    7.4523090453    6.3475551592    1.6491612838    2.5914644842    2.9576716239
   6.0496641210   -0.1062697815   -7.4054598140   -1.4058672458   -0.6520348249   -0.9452801016
  -6.4864894602    3.2430001403    6.5811951681   -5.2137878809   -1.3578191036   -0.5991496588
  -2.7652540083    4.3238147085    4.1880212283    1.5841880841   -0.2413415235    0.3584758624
   0.4038140096   -7.4033678169   -1.8929222428   -2.3170738696    0.7636862366    0.1880187653
  -1.1185993690   -8.2496276918    3.4634028864   -0.0332174277    1.2981227693    1.4496687851
   7.7745055872   -1.6468772241   -5.6910003744   -1.0431403626   -1.9913136705   -0.8513122474
  -2.9557599071   -8.4486975865    0.1507268925   -1.5831810646   -1.7654764714   -5.2839075413
   6.8400253969   -0.0103630127    8.3882334303   -0.6870900680   -2.4561846552    2.3160255911
   8.4522663846    6.5850293869   -4.2830526936    2.2921959474    0.8998458152    2.7284295523
  -3.7324303788    4.2525821393    2.6571068341    0.2636879414    3.6375749551   -0.7648925354
   7.0517954942    1.4800994853    7.0103200621    0.9995629373   -1.5446925841   -0.2119530685
  -4.3710161170   -5.7022643743   -2.1545781595    1.7155189421   -1.6868145030    0.0820388827
   0.9230366430    5.5845488757   -2.1951789580    0.3230436936    1.1387610174   -0.8009776137
  -1.2591934564   -2.9895142594   -5.8889135321   -1.6181657399   -1.5417486129    1.4544536264
   6.6429237440   -3.8368639708   -4.0349948891   -2.6192262945    1.0614465429   -1.0301674843
  -1.7981347856    4.3868171786   -4.8091737411   -0.9365445651   -2.0551170657   -3.7101379285
  -3.6317669662   -5.1056134973    0.2398672303   -0.3923806301    1.9585373174    2.9972067023
  -5.0341434992    8.2562908351   -0.8091731154   -3.9705045293   -1.3433868297    1.7713706939
   4.2935448740   -6.4414841829   -6.9470481035   -0.2208322306   -0.1167052618    1.0090110448
  -3.6610824395    1.8138864650    7.0261546492    0.5098553206   -0.6261372349    1.5296499895
  -3.9855509130   -3.7561828101    2.2383960375    1.8369738359    1.9853608526   -1.9285153830
  -0.6904265466   -6.1782684696   -5.5078980698    0.1660604115   -2.9179841605   -3.6490403725
   4.7333351917   -0.9380037052    5.7594345735    1.8469849426   -3.1686693169   -0.1248330127
   1.2305690354   -4.3528233119    1.7846370700    1.1500976962    1.6301783901   -1.0062775099
   0.5811189682   -8.1828119742    4.9481564914   -7.3451564349   -1.2101241682   -0.9665719961
   3.7188481840    5.3166661172    2.5821815016    2.5176216455   -0.9783841662   -4.4689857629
   3.3013564458   -4.8538900770    2.9394292813   -3.5266764596    0.2569717688    1.4693189388
  -6.5735597337    2.4394906647    4.8398834535   -0.9009811012    1.4799892857    3.6351221652
  -0.1304157189    0.6105222927   -4.8169604028   -1.5496043748    0.1509369071    0.2041763884
   6.4590714968    4.5068436817   -4.0558630764   -0.8435988606    1.8584093088    1.0207344762
  -1.4463068481   -1.8716264922   -7.7849101065   -0.5871248399    0.1790017888   -4.6997670139
  -2.6068048723   -0.3913081196   -1.7851895687   -0.5840866224    1.1618090158    0.4215854812
  -8.0322504089    7.0077207953   -6.9297313182   -1.6996578298    0.9556492307   -1.7199563912
   3.6742790244   -4.6174532540    3.9508381880   -0.1466930948   -0.4811409738    2.8798773833
   2.1986987943    3.1896137154    7.2650196953    1.8258132421   -3.5514796283   -4.2233219025
  -4.3323442814   -6.5087173140   -0.0857221835   -5.2077251861    1.4017539607   -1.1400884674
  -4.3388958415   -0.3696770598   -4.2104181304   -3.0805795732   -1.1511388042    2.0202762953
  -2.0790250357   -3.2031595230    3.5891201632    0.3532218634   -0.4910871734    4.4906395960
  -6.6108167006   -0.3421990709   -6.1531389953    1.1141130807    0.7444242079   -0.2317992956
   5.9352127481   -8.1895594434    2.6191020048   -2.9112565541    1.7317906909   -2.6605516193
   1.1391653709    5.4200018243    3.7980378807    4.7381076065    0.6235604623   -2.8645809744
   2.6838016642   -6.5838919374   -0.3024440401   -4.1203747974   -3.2677171415   -2.8612392885
  -5.0060019834   -4.0517021954   -5.7464803225   -0.7825849514    0.0649922593   -1.2046650835
  -6.3228963874    2.6826282936   -7.9657444252    1.6923344565   -0.6957113590    2.9626160266
   6.5385893347   -3.2283816830   -6.9622889412    1.2941374119    0.4419128453   -0.3276132702
  -2.2001307422   -6.6310222169   -6.4664367304   -2.0701439435    2.0492820822   -2.5134382556
  -0.4247339031   -2.5268238095   -3.2733034185   -2.5242765349    4.1668444171    1.6796440964
   0.7108808646   -1.5173000449    2.1778198941    1.1628840893    1.5943694255   -1.8370477262
  -3.2561665045   -0.2935053505    1.2690349615   -0.3946214241   -0.7013993653    2.3493790520
   1.4363024408   -7.2392363439   -1.3930986368    1.7096226302    2.4690463731    1.6433677709
   4.4880622212   -1.6421654324   -2.9417744004   -1.1676151583    0.1575349681   -6.0717886838
   3.5677321690    8.4087382294   -7.6925657599   -4.2046741508    3.1914135328    1.3711372406
   1.7275487898   -6.7544728787   -6.5754961045    1.9340992786   -2.4237499681   -1.4696955452
   7.5517719628    5.5951169177    1.7052595118    1.5049262183   -4.0153106701   -0.0849186676
   3.8880546326   -8.3353865295    5.7677513575    3.3700598286    0.7634203155   -6.0117708029
  -4.2253842430    6.5573499158   -6.7353864173    1.7733125510   -4.2772988130   -3.4235613324
  -2.7053195448   -2.3068498860    4.5789035535    0.9386079965    2.4550259953   -2.5515493279
  -0.4557066824    5.0670693635   -4.2067008373   -0.6974282605   -0.4950993947   -4.2728387054
  -8.0354285730    5.7445713876   -7.6429720457    1.2130873802    1.1628242371    0.2166364172
  -6.8574119330   -2.5917225555    0.0822439746    0.7778312018    2.3799003989   -3.2600605996
   6.0855934859   -3.1437400329    7.8625504975    0.7284568668    0.5888539906    0.7304243333
   1.3976524781    3.3147649416    3.2434456261    0.8064005795    1.1593715175    0.6282771026
   0.7463114144    1.6759392600   -1.5735957139   -3.8139885924    0.2835483288   -2.2378931123
   2.8809224848    5.2738607232    3.3710781957    1.1487098502   -0.5218095577    0.5818903230
   5.5878984126   -2.2802958592   -2.4069437348   -2.3216563976   -2.4552027195   -0.9188602225
  -1.1354296668    3.5172137854   -7.2900680065    0.0370348569    3.0239121796   -2.1178172107
   2.0737691489    5.3167893834   -1.5055022232    4.5374094198    3.6654684078    0.2052768394
  -0.3359601225   -1.4580013507   -0.2636335948   -2.7822231196    3.8309179278   -0.2847834318
   7.4041955592   -3.9804603061    3.6683697407   -1.5138990848    0.5220697959    1.0191670612
  -6.3451524294    0.2347994588   -3.0290038040    0.0068814882   -4.5936734508    1.9959094327
  -8.0285907151   -3.4577342995    1.2424776550   -1.7096058249    5.6606094688    0.4774886463
  -7.9597145105    5.0620136839    7.9209468049    0.4395409293    1.0489581743    1.2177120813
   8.1076598790   -6.0032332232    8.1975958215    1.2269717650   -4.2279216012   -0.8597709204
   3.2559020010   -5.8303452405    6.6862987809   -4.1591978185    0.2894211012   -0.0807138464
  -6.5984506988    7.3978644247    1.6681603061    0.0570203943    2.0978626970   -7.4387440497
   4.1294897805   -4.1350690733   -0.5632493335    3.8444633380   -1.2668018585   -1.8483262041
   1.9552672894    3.8832839283    6.2691937756    3.8128471981    0.5424297995   -0.9435083911
  -2.9744951402    6.6434519563   -6.8453260037    1.4203749885    1.1654388286    3.3112255878
  -3.7184039963   -5.9943442679   -6.8549329914    2.7417047006   -0.9575782813   -1.7712137268
   8.5488467430    6.1950728986    7.9277526437    0.2099753236    2.1383019166   -1.4559907740
  -1.0166369936   -3.7264965542    4.4135707534    0.4546508971   -0.7354854412   -3.6737307321
   1.4327677038    2.6514534988    7.0333086793    1.6513450367    3.4864760721   -1.3372984499
   4.7973944870   -4.7192419321    4.6176260824    2.1852109030    0.6872029392   -0.0559226565
  -5.5661913296   -1.7321586170   -5.3012216902    5.3478992214    4.8753841126    2.2548232099
  -3.5791075153   -4.7937578674    4.9120709289    2.2334151049   -3.1700159795    2.0581736493
   7.1005825999   -8.4471940217   -7.3198843611    4.1780013926    2.2425804041   -6.4308157129
   5.6149748663    0.1559788899   -5.5227968487    3.4306755453   -3.0002301970    0.3822374271
   3.4561552217   -0.3910864250   -7.0150284251    0.0530767255    1.9676916426    0.7869528517
   3.4576761209   -4.8366807648    7.2264291330   -3.2098777527   -2.4907392478   -3.2730865285
   1.4155477169   -3.9408702392   -7.0441091409   -1.2486350938   -1.1354288298    1.1272567900
  -4.8137450271    8.0314346052   -4.9074701638   -0.1996280576    6.0189907144    0.7655349037
  -6.5296959413    5.3921037925    4.8402033608    2.4228130918    3.3931344922    0.3918719190
   0.5186072186   -7.6125198861   -6.8063738784    1.1704334674   -0.9927678484    4.7583548748
   7.6457209055    1.8912780241    2.3140431398    1.6667887682   -3.3474017927   -4.1702165667
   7.8964155476   -1.8339311964    8.0856723592   -3.0042168111   -1.9388150196    3.0213247782
   0.4517009816   -5.6920874823    3.8035396153   -0.1069836650   -0.1547966242   -1.5338645486
  -6.5827562231   -2.1032311602   -7.8881053337    0.4753692303    2.5091789545    1.5182985963
  -7.8820178139    6.9491914405   -3.7941660622    0.6320048828   -1.2036489197   -0.2060943408
   0.4035445607   -4.9059923510   -3.7470027136    2.5104775698    1.2342372262   -1.5425187214
   0.9396953140    2.2391809894   -6.7178360171    2.1253823386    0.4644223491   -1.1912526638
  -4.7098563345    7.7349316072   -6.5614590453    0.3795274015   -2.9934455895    0.1212815687
   5.6948199086   -5.7054389476   -7.8816770134   -3.5688445408    2.2447080214    1.2220456720
   0.3763476686    3.7896652340    2.0305251724   -1.1463846832   -0.0130500659   -0.6614480879
   2.2960439764    5.5630074202   -2.5775617500    2.4812913953    0.4631585245    2.6788313727
   6.6724028434    1.5983670390   -7.3984546965   -0.3394141306   -2.4335225993    3.2526005196
  -7.1283886445   -6.1777990038   -2.5668382799    0.3048220042   -1.1724384488   -1.8352550695
  -6.7701592648    8.0885819775   -5.6423067428   -0.9622266174    1.3344717403   -2.8060619247
   5.0629426685    2.1561269672   -6.8952294719    0.9682613377   -3.0184725270    0.1681797852
  -8.0648655180   -0.1199178918    4.0473994559    3.4525887346   -0.3640976618   -2.0992857594
   7.5947433525    4.5633567111    3.8301237264    3.6070495089    1.4683483321   -2.1995161140
  -4.2156369563    3.8407435749    1.7026762528   -4.2443730538    0.6259462271   -1.3537745553
  -6.4967476379    1.6868107475    7.1396115619   -3.0679809748   -2.9032881117   -0.4106294872
  -1.8137934030   -4.4782598479    5.3813245547    1.4843453593   -0.2320339462    2.7376133045
  -3.5365330928    5.1953464140   -6.5356373850   -1.6924384235   -0.1925180033   -2.7520659836
  -7.7591367982    7.5845613614   -4.4368090324    0.2958938953    1.0819150557   -2.5456675548
   3.5425455952   -2.2261290056   -4.6858671480    0.9606175004   -2.2549958306   -0.3242113555
  -1.1744802112   -5.6485457277    2.9474552071    1.0997123153   -2.9330479740   -0.9577575032
   3.6893881857    5.1225207543    1.0912824923   -2.3285584481    0.8147460585    4.1977981779
  -3.3004362056    5.9474250044    0.2400652537    3.2890717184    0.4813396165   -4.3022286381
  -7.6854239603    3.1340422564   -5.0110239214    3.0149554566   -1.1467230616   -1.1441952950
   2.2224150282    1.2452636652    0.8641419199   -0.6714462414   -2.1678236560    0.7101071086
   6.5492875711   -4.8735990994   -1.7500253695   -1.0260183101   -2.4235424520    2.0157677452
  -2.0319358360   -7.5429518887    4.5408968624    2.4075243975    2.4572053923    0.1640477843
  -2.9916976952    5.2753221628    2.1362764383    4.8403313632   -0.1217306392   -0.6592442601
   1.8923223167    5.1620134607    2.2106567687   -5.2342286646   -0.2597393320    0.3888155141
  -2.5432590355    7.5865716324   -0.1750030787   -1.3411204401    1.3220982354   -0.2345240187
  -1.9164536631   -1.2027853643   -4.6286543205    3.8164408165   -0.5624515375   -3.2035286327
   3.3218080039   -7.1907689972    0.9609462393   -2.4499057268   -2.6669029191    2.3007694403
   0.6353018421   -3.0020499806   -1.9460508848    1.3197219448    0.5767464296   -0.0355975724
  -1.2518115401   -8.3611647762   -6.0380982318   -0.1976184706    0.1370448196    2.0215846364
   0.1000409940    7.7076173492    8.4773194423    0.5253148561    0.1363007364   -0.0894050585
   2.7003210801    0.8026992762   -4.4870508426   -2.4518648692    0.5999323667   -2.7879407762
  -2.8735965268    7.0668788484   -4.5753438855   -3.0592594375    0.4095098100   -0.3043505082
   2.7864315349   -2.4034584162    1.6359863490   -0.4115143802    5.2823664573    1.9239443729
   1.2552839273   -6.7120536486    3.5170157554   -2.7040936821   -1.3031326018    2.1735360003
  -3.5667268351    4.1999237108   -3.1053871155    2.7149846975   -3.7564040831    0.3865199036
   0.7165433540   -8.5050556578   -2.0857477410   -2.5800473347    0.0059564072   -0.2272285633
  -3.9986949931    6.9528842913   -7.7874635698   -1.0633921874   -2.4459110728   -2.7292402584
   4.6089703377   -2.3305899655   -3.8316663318    3.0767357408   -3.3959807205    5.2609064478
   0.6660678961    5.7374854923   -0.3713872785    2.1070490742   -0.9924681152   -2.1190236638
   5.4209845537   -0.2941259865   -1.2087788913    4.6085611330   -2.3761314824    2.1100893914
  -3.9559883649   -8.3846705277   -8.3369312223   -3.0635245055    2.0113307053   -0.1246557959
  -4.3188895933    7.4805339888   -2.1634882849   -0.2884445858   -0.2034839428   -3.6740283754
   5.2999177336    7.1067408986   -7.3581127104    4.5165016661   -1.7341478705    1.5885273141
  -7.9115151029    5.3101579676    3.3558012103    1.2151677464   -1.2301283104   -3.5110882500
   4.0277130813    6.1456289161   -2.7221235621   -1.4381617444   -2.2946486040    4.4636951153
   4.2339720095   -2.1512285298    0.1033192890   -0.0290959910   -1.6421540698    2.3366824363
   0.0002554868   -7.5044598461    8.4298797231   -0.4768102357   -3.1889591552    1.0071941240
  -4.1739815372    4.2871337126    6.1687855064   -0.1453763791    3.2262167082    0.0771236309
  -2.8776210952   -4.0397639641    6.0425888167    0.7225590277   -6.0216658201   -1.3213881829
  -8.0361477631   -6.9546308750   -0.3176849352    2.7199148961   -4.0757326494    1.4682017873
  -1.0478876959    2.4112621893   -4.8786313886    2.7927070646   -0.6182822714    0.6588223881
  -5.5838869253   -2.8657267176    1.8753200102   -0.1275704181   -2.9985057748   -3.5700752294
   1.3801363662   -6.0283903362   -0.0744035778    3.8548316371   -2.2534908717    4.3963366426
  -3.6926468067    7.3120528865    4.4285273315   -0.2834135756   -0.5475093547    2.6035444406
   6.8319133583    3.5515733035   -4.9348396287    2.3193292360    1.9248375104    1.6396914698
  -4.7575029365    2.1725463148    2.9192801542   -1.8855433467   -0.6386641990    0.4459211992
  -6.3878591285    7.4392832572   -6.8993815023   -0.2606365001   -0.6523009074   -0.4479518805
   0.2321014738   -8.0209747989    0.5741403932    3.0328470268   -5.5785028026   -0.7707665519
  -2.6523199726    2.9265172764   -2.5019321157    2.3309733119    4.0023633689   -2.7771022949
   3.4858259030   -3.3008315635   -5.2809365345   -1.6393408347    0.3909116011   -2.6734629968
   3.7912791596   -1.1757020095    8.3231710183    0.9167064997   -1.5936714870    2.0496449210
   2.6770053156    8.4327422138    1.5369265631   -0.7496470764    0.6642721791   -1.3453068632
  -5.4321292190    1.8183900283   -6.9063540432   -2.5618093054    3.6711890558    1.0558356020
  -1.5654860639   -4.4660937888   -6.8384355973    0.0457959640   -0.8895295663    2.0030874744
  -5.4658412908   -0.1111850305    6.3830752839   -0.8045882472   -0.7624212504    1.7794587274
   4.4516149604    6.8437893474    7.0768730731    0.2184953356    0.0071861436   -0.9042793619
   4.5357920812   -1.3406138819   -4.9707012058   -2.7717376312   -1.8035677558    0.7193104580
   5.3788750628   -5.2938745456    0.8614136819    1.7123144602   -2.8840396049    2.0840271637
  -6.8685794673   -0.5804100278    5.2131690932   -1.3923212059   -2.1570273514   -1.3412055049
   2.8621046150   -3.5083223103   -4.5318484663    1.3562376299    1.1985597201   -0.1973014626
   4.3777711389   -4.1658408853    6.8276579369    1.6885290733    0.5321439157    0.3504098182
   3.2341236148    7.3386943142   -4.5759075726    2.9426319533    0.1305076212   -1.5182358854
  -4.7092396909    2.8446891233    8.1451407753    1.5971154849   -1.4170887224    0.6826991739
   4.0407438028   -7.8705725076    0.3284098731   -3.8177654155    0.3009311548   -0.0518142712
  -6.7170585472    3.2852187625    3.1483255482    1.5957438279   -0.1975153767    2.4431284834
   3.8999946530    0.1776601028    3.4074247408   -1.7233768265   -1.8282942072   -0.6740466272
   7.0590241023   -2.4734136814    3.2959151955   -1.1906721703    1.2594740532    0.3649613847
  -6.9548256485    7.7695393017   -3.5469146956   -0.2519777634   -2.0750489066    2.7012889353
  -1.9473369138    0.0128861908    2.5198119151   -0.2225658163    1.4353221563    2.8475056341
   1.7524548714   -4.9798461539   -2.8782259013   -2.3605910662   -2.1572665900   -2.2303583945
  -3.1056842842    1.0339907204    5.5972916734    2.8375911858    5.0043363326   -4.5809044053
  -2.2329223671    5.1447788023   -4.9215892597   -1.4022446330   -0.9360126195   -1.9290902846
   4.4293994956    3.1538379930    1.4700055550   -1.0838928075    0.2746271381   -5.5474147647
   3.6935882411    5.8904130896   -4.1649423647    1.6123722567    2.3556416886    1.3082196679
   7.9495810709    1.7196341654    3.9936794646   -1.6075752390    3.1307510198    2.2539638604
  -8.0489970928   -3.9187558515    4.7706233873    1.3328701460   -0.2171618552    3.2250602727
  -0.6706853012    4.9682858532    0.6098263609    4.1666343131    1.6689592675    2.1628868795
   8.2447674520    5.5483302934   -3.3023368120   -1.9023903694   -0.2802654477   -3.3081396072
  -6.6283866955    1.5475814866    2.9414792385   -6.0109162914   -3.5836262692    1.6307418195
   4.2584856403    2.8620794228    8.0705270350    3.0109226081    3.6965068200   -4.2131199512
   7.8379040765    7.9475468698   -3.2554757736   -1.7403384436    0.9176050294    0.9452990663
   7.9509056516    2.3616510252   -4.7576626932    0.3557102152    2.0406076454   -5.1765124787
   2.1546661105   -2.4155163235   -1.3027286603    1.4062657698   -1.5135779306   -3.2540272120
  -2.5231086183    2.4935860353   -5.6869884557   -1.0260092239   -0.7304560408    2.7338304850
   7.6176367524   -3.3280163872   -6.5109664372   -0.3969033879   -2.7052318319   -0.6694106774
   2.3557195461   -5.7060329628   -0.5690201727    2.7380290722    0.6849163259   -1.0897326829
  -2.4335059672    7.9483134358    2.5227886526   -2.6895412158   -3.0939154113    3.3869111259
  -8.0071364547    3.6683902821   -3.9910213668   -2.7669664044    1.8512173214   -0.3400989371
   0.2295699107   -5.2780456117    1.0832760383    2.7398318790    3.3766493226   -0.8698021403
  -7.3954626540    3.4988604581    0.0514032124   -0.7601398796    0.9142093225    1.6609573086
   4.0899994511    8.3651506489    7.4994908937    2.2044451746    1.9177777330   -1.1737910174
   8.0009833042   -3.8091820022    1.4434871099    0.6597852181    0.9864327081    0.1606175650
  -5.7816146818   -4.1333313936    0.8126803736   -2.5234904033    1.8505010360   -0.3918450886
   7.8980423839    1.9509683781    6.8028193039   -2.9185829521    1.0314427325   -3.4893523507
  -8.4732977680    1.1895180434    5.8586550513   -0.9898729683   -2.6323833337    0.0277610433
  -6.7654164141   -0.6192194303    6.3241957442    0.5128858284    0.2875842468    3.2683204185
   2.3527149784   -4.9912859196   -7.2602566198    0.2349188157   -1.3238303848    0.8726318994
  -3.1591459584   -0.6172894793   -6.8053262951    4.3285858440   -3.0517849487   -3.3084306019
   7.4156455715   -5.5338454321   -2.7897527366    2.2057114529    1.1120945973   -0.1565191265
  -2.7858560975   -7.9681108705    2.8382615302    2.7480568140    3.4690957930    3.7872042351
  -4.4171770813   -6.9811802289    4.5760967903    0.1712656960   -0.0195061500    0.0145288791
   4.7987950960    6.0618873500   -1.6131769458    0.9279745593   -2.8832895772   -2.9924521748
   4.9446458867    5.4714690307   -0.6484293800    0.9026200608    1.3543535054   -1.0376249136
  -4.5323130378    4.6303263161    3.4800786741    5.5651728367    4.3719941710   -2.1413732716
  -8.0968918147   -3.4830390136    3.7873211286    0.2592011307    1.2107510111   -2.3939320939
  -3.1748359482    3.8643792932   -7.7766310728    3.7657113817    0.7578864384    0.4288145476
   2.2551042590   -4.1873674606   -2.6724457981   -2.6875675163   -0.8856184858    3.2525911991
   4.1483007547    6.7510883400    8.0058414372   -3.9793722753   -0.1944041824    1.3063101877
  -7.8057303941    3.6992563224    2.8685603575    2.0520793616   -0.7434942993   -0.0058987101
  -1.6842477299    8.5239623373   -0.2312169934   -2.5668095585    1.5829728228    2.3800425126
   2.8582818342    6.3203907365    5.0926776984    1.4802371550   -3.0423783746   -2.8529273803
   1.9485309543   -7.1981303793    0.3843796830    0.9397885190   -1.1381637531    0.1680078714
  -5.0323846118    0.5315040835   -4.7049861657    0.9299901310   -0.1800564654    1.1460688018
   1.7384531353    4.7792914774   -6.7898436534   -3.4001795044    0.7130195194    0.0909266293
  -3.7424858504   -3.3845046549   -5.7506112149    0.2128854543    0.4182339338   -1.7917246450
   2.7648795905    2.0940294714   -6.5245417580   -3.1521400806   -1.6133631018    1.3138561610
   0.2223137374    0.9402640185    3.9600676004    1.2424633950   -1.8910685967    1.9827622284
   3.5300489382   -2.0079818594   -6.8653945015   -1.1075622992    2.2450530146    0.4313392583
   5.2661230837    3.2405686227    0.7289867108   -1.8354800971   -0.9275102425   -0.8566689384
  -0.7172605585   -2.4679384341    0.5373177192   -3.2661358673   -0.9953736803   -0.0214407711
  -4.8136123716    3.9796691851    4.7225950967   -0.3252271024   -2.7716472553    1.7917295430
  -3.4084510057   -5.5111589545    7.6441069544    0.5587999958    2.8135694548    5.0374534119
  -2.1997284107    1.5528459592    6.7174942829    0.1609813385    1.6165464663   -3.1103363099
   0.4449140872    8.0094958018   -3.9361433856    1.7339090443   -1.8683997924   -1.4365504904
  -3.1443995178    8.1633016465   -6.9234334832    1.3574671712   -0.9886065381    2.6952323994
   2.9931624103    8.2564825640    5.4904470657    3.2607340874   -2.2952061637    1.6619375672
  -7.4660209969   -7.4471451720    4.0325508136   -2.5442792048   -0.9798901505   -2.7227163625
  -5.1581852354   -6.2394342023    1.1753870551   -4.0659016006   -0.1758468184   -0.6173001276
   4.7099214744   -3.3937901220    4.0722751770   -0.6274104285    2.0356920855   -0.8779394407
   2.8481283906   -6.6031977046   -3.8462603756   -2.6294585831   -0.3253884207    3.5581785118
   2.0960804854    8.3518563036   -5.4114642839   -0.2394612618   -2.6351326791    2.5135825000
  -5.0833049624    3.4914179611    3.6765644495    4.7699420590   -1.8126684996   -0.6997524357
  -6.6998748385   -6.9737920381   -3.6071462217   -0.4969254443    1.7997635500    0.5052534997
   3.6895391091    5.3301781643   -1.5410120280    1.4450206678   -3.0957979308    0.1278483320
   3.0325348682    6.4798973216    6.6248432501   -1.7525711701    0.5269483589    2.2199659388
   2.1892240598    0.0664117955    3.3148041264    3.3191704413   -1.0025075428   -1.5288856228
   6.8734487959   -4.5915307207   -3.4373589557    0.8720205693   -4.0370940686    0.3836106740
   0.6041430839   -4.4993990590   -6.0330201966   -0.9742000377   -1.0905653386   -0.5462606113
   5.4007724708   -3.3873836301    7.0864824747   -1.5525121154    1.3164736894   -3.1798676199
   7.7668980200    4.3171170352   -7.7996382285    0.7259524979    0.9401690547    2.4869128199
   7.4506398631   -5.2909119615    7.3749416998    3.0159404279    4.4522550270   -1.4864663866
  -0.1511026191   -7.7441262171    5.2430483745    0.9595270099   -2.4043761994    2.3648672630
  -4.5868677897   -1.5771854257    4.6533687317   -2.5385816492   -0.2320511268    0.4498895999
   1.5745348225   -6.1820351633   -4.6584155552   -0.9810295054    0.2280779234    1.7780440242
  -6.7480416617   -1.2383702255    7.0898473656    4.5504954036    3.0782182009   -3.8696337461
  -4.5644266259   -3.6905235753    4.0449412344   -3.8451579783   -0.6476965621    3.1146084842
  -5.0146262111    5.9988692672   -5.7556054074   -1.3234277042   -0.2765404740   -3.8288870101
   0.7402278468   -0.6122579604   -0.4525667363   -4.5537045613   -3.2300314256   -1.4632216696
  -5.5256002225   -0.6970472369   -3.4991256457   -2.3634543876    2.9780287955    1.8546236414
  -4.9849692770    1.2186646628   -5.7800553372    5.6327362483    0.7371876921   -0.5941816031
  -4.2513481379   -1.5283464434    3.7765968271   -0.0564044396    3.1508439941   -3.6086452987
   1.9870767081    8.1962928568   -2.0559487302   -3.5351865156   -2.2102699666   -2.7303901382
   0.5656949186   -5.5408173574    2.5805958980    0.1825255470    2.5781788909   -1.6170979075
   2.9147686381    6.4498907325   -7.4618803633    2.4761526824    3.6132633710   -1.9420063982
   4.8595490657   -0.8028043261   -6.4867505935    2.9579523877    0.9661882792   -4.0703728067
  -3.7526136719    7.2282152438    5.3584467523   -0.5349221047    2.3911223235    2.6285176460
  -8.0602630882   -2.2147020742   -3.0891261392    1.5218439537    0.3208536314    2.2945977356
   6.3808931425    2.4670720421    0.9350566538    0.0062193519   -0.4176652130   -0.3805295606
   8.2863893399   -2.7171414371   -0.7329110997    0.6027020301   -0.0050786896    2.3328100491
   7.8740813540   -3.1382305008   -2.2065496676    2.7397414765   -1.8460225526    0.0596683494
  -4.4299811608    5.0553382751    8.2853932904   -1.7455369029   -0.3172446122   -0.2412071315
  -1.9690190952    5.2685277003    7.7422329734   -0.6534840829    0.8628238915   -3.3394128969
   3.6289573980   -5.3144751455    0.8226850236    2.4363767820   -4.1110262140   -2.6121409135
  -7.3874204259   -6.5218637037   -4.2003636608   -0.7160472402   -0.9672697063   -3.1462623544
  -0.6298226988    4.4186132201   -6.9617320591   -0.9408071375   -1.8741515924   -0.1886701668
   4.3816508631    3.8306720265   -2.3542540870    0.3465346926    1.6158088496   -4.5426461030
  -4.3312656777   -7.2857504649    8.3890713343    1.6154039478   -2.9944258989    0.9641226151
   4.2188550482   -2.2516171978    7.1358254408   -1.4148163021   -1.8091221797   -1.5775251428
   7.1563092017    2.7807118861    4.3716338822   -0.5191712331   -1.2184679308    3.3905227213
  -4.4102689564    2.0739129256    0.9292398438   -0.0931422208    2.6571039838    1.5712108383
  -7.6287705375    0.0461662384    8.3052127198   -1.1445079496   -1.5085145451   -4.0071818478
   6.8175082676    5.8475313206   -3.6739835356    0.6772986915    1.5674722905   -1.5835765284
   5.2620744672   -5.9556883939   -3.8481597169    2.1352897414   -4.9074651545    0.0621217171
  -7.7178827768    0.0924508627   -2.1459848431   -0.0624601926    1.4090790315    0.4295376671
  -5.8591769049   -3.4099500903    8.0089885217    6.4413071800   -0.1931666718    0.5167648320
   4.5183458430    1.1123180151    3.0822693914    0.5997850795   -1.5586307931    0.3162749261
  -0.0720727635   -7.8646844838    2.2877174653    0.6288969273    1.8126973806    1.4117041842
   3.9506798247    3.9843167197    5.6648404187    2.5596673385    2.7641535444    0.8503606721
  -4.6195813328    0.6227277501   -3.4853970132   -0.1023192597    1.5212224609    0.3802226935
  -8.2272693071   -1.0922587645    4.4069790855    0.2268707308    3.9874659702   -0.7621260556
   8.1492600757   -3.6350774556   -4.2653180413   -1.7191312547    5.7123592133    1.6192237234
  -0.2959284559    7.0405030717   -1.6678640936    0.7555388370   -0.5833398442   -1.2728895384
  -4.2443479863    7.8250887846   -3.1294114861   -0.0161584582   -0.9156761887   -0.8788636901
  -1.9301612307    5.2212331057   -2.8445932780   -2.5733015642   -0.1734659835   -4.4860430236
  -6.6018131092   -2.8494384866   -5.0740075769    0.5583579049    0.3878929973    1.6236174335
  -0.5560792602   -1.0194345936   -4.8210073332    3.5043197073    2.8683856034    2.5625355665
  -3.0561330325    2.9184741240    1.5753246569   -1.4244271927    4.0424516132    2.9955595291
  -6.4977845344   -0.9785938739   -2.8043568116   -0.5478092993   -2.1832377501    0.2937868524
  -2.1647618383    0.2379593600    4.0403786864   -0.7147910275   -1.8931995580    3.1486701825
  -2.1169105735    7.9326942257    5.4243599796    2.3410428353   -0.3793978491   -2.9469234450
  -5.1251590963   -0.2305161343    0.8301584610   -0.4359232926   -1.4540760179    0.6761840225
   1.4729100216   -3.8485903642   -8.0266613911    0.0824433812    2.5775895038    2.6222819198
  -1.1753200335    0.5417045700    4.1284058145   -3.9713356551    0.4972433343    1.4570454632
   7.2073314437    0.3548718094    6.5129177479   -0.4007757280   -2.5449780685    2.0073826566
   4.6311145275   -0.9111949083   -1.2139300970    2.5272654414    1.3196591617   -1.8578911263
  -1.2224121015    7.2670418925   -4.6030817388    1.8603610700    1.3542445495    0.1447721968
   8.4405483452    0.3954807414   -6.0298961372   -0.1379564298   -4.9236138424    0.0334800258
   3.3431532958   -3.1827240209    3.0665021456    0.1536580446   -0.6464731172   -1.1091509863
  -3.0078855600   -1.8284491215   -6.8387948393    1.8025893640    2.4398029201    4.7068385255
  -0.6333391634    3.2480234859    3.8740481659   -3.1238210545   -0.1830872465    1.6294972988
  -5.7602326544    5.3063275684   -5.0770408471   -1.3773457108   -0.5987076778   -2.3814837019
   6.5977832548   -2.0466059020   -5.4890564418    1.6777241776   -0.6423635638    3.2978652968
   0.2085622267    1.1117167089   -5.6321790291   -0.8545231817    0.4218600359    3.0810068142
  -1.3629314305    6.6000875233   -2.6263064819   -1.2472721531   -1.7589960093   -0.4506625156
  -3.5635790979   -4.5276536757   -8.1327971845    1.7633876679   -1.7709309289   -1.1154400870
   6.4254150421    1.0018738566    6.3228005751    0.0306201180    0.9539382158    4.1761942498
   1.7625671524    0.1641181656    0.4733672627   -0.2709741313    2.1676243493   -0.4145694409
  -4.8850513583    4.3224347973   -0.0106399874   -1.4741988243   -4.2944407176    4.1291995455
   6.3595532917    4.1125489498    3.6675793931    0.2569893094    1.8636740140   -1.6048192665
  -1.9824058244    4.4419187354   -1.5954802502    2.3071525159   -1.7129344016    2.3646101912
  -4.3323428002    3.4782784271   -4.0808323150   -2.3577386113   -0.7597246940   -0.2460884228
   3.0829370284   -2.6069832354    0.3212469407   -0.6521716344   -2.7056298979    2.3545129174
   6.6429803914   -2.3879618704    0.3190406688    1.6435547059    1.3967066070   -0.0018155973
  -1.4891676384    7.7163617101   -1.1711254085    2.3246431807    1.7667686042   -0.6553426109
  -3.4858271899    2.9869962486    6.6921488375    2.3629077806   -2.8174214477    0.4665132683
   3.8531531306   -1.2660391714   -3.7847266390    0.7857538190    1.7007223265   -1.0247170246
   6.5881067121    0.3909936446    7.3011660665   -3.5695382823   -1.9741986767   -2.4928483840
  -6.3460479170    2.5162166590   -6.8253191312    2.5492085711   -2.1842493615    4.4839910961
   2.5989336012   -3.3140668073    4.7792460111    5.2431584776    0.8548434382    0.2584814938
   0.7004590518    3.0174052837   -2.2270663301   -1.5876861917    4.7347268563    2.2216104348
   7.0070144386    5.0390604757    6.3095039065    1.7945931152   -0.2332897542   -0.7759012125
   6.7831361081   -6.5069247994    6.5559217432   -0.1474140831   -1.3801353465    1.1537136858
   7.2877985988   -8.0782724107   -3.4729377907   -0.5089519618   -2.4109402624    0.7718448770
  -2.4273189889   -6.7002650046    0.0944890022    1.2040417984   -3.3936438835    3.6714954792
   5.2881359649    0.9975567036    0.8718241843   -2.7564386395    0.7803973243    4.3973802177
  -1.5675513474    6.9691528042   -7.4785202258    2.1978547823   -1.9773971904    2.1204269798
  -0.4026102511    6.6185469884    8.4384282515    0.0112108827    0.3365993706   -2.4480399691
  -6.0503808111   -7.0142166132   -5.9164553595   -1.5251405792    1.0527026635   -0.3082818889
   7.3798292654    5.5816017062   -2.8493058603    3.1881517932   -1.1452698212    1.1574803739
   3.8043181710   -2.4495233336   -1.2647815929   -1.8291707595    0.3699828925    4.6367952165
   5.9705635952    3.7596796382   -5.8180747479    0.3190136584    2.4498465145    3.8470263964
   7.9553750762   -5.7172911763   -6.1917964718    0.5004346158   -2.4462354272   -3.5117850610
  -5.2512768975   -7.3167494122   -7.0510746355   -2.2562406321   -0.5436619255    0.4645144029
  -4.1850509697    0.8038436639    7.1068141616    0.2319698546    4.5241837677    2.1610711941
  -7.2872344284   -7.6095420383   -7.6103665481    1.7772292801    1.9314207661    1.7556511145
   1.6937612989    2.2833083008    4.8223693349   -1.3563296565   -1.1143279573   -0.2276882381
   2.5230811914    2.9812310100    6.1905085460   -0.8818598007   -2.1536828802    3.0320328550
   2.4325440429    7.3793363977    4.2010624658   -2.4960928174    1.9453340322    0.1441450643
  -8.5385238899    5.7055024302    4.6999820678   -0.2661513105   -1.1347887776   -0.8156142663
   5.1057881349    1.0602760219   -7.9113032389    1.7470776223   -2.6742247189   -0.5296908722
  -1.6295282955   -6.2115393715    4.2417383421    2.1508847100   -1.6408696012    0.8574773734
   0.0449930971    4.0348617433   -0.3167224047   -2.6374377756   -2.3111375720   -0.2530628960
  -3.2573412996   -2.7238313915    2.5896545426    1.6592318838    2.1856933712   -0.4706861018
   5.2933414754    0.8873882276    2.3975151145    1.6688113409   -2.0355769575   -1.6600872426
   2.1451286857    7.4225549707   -4.8749712469   -2.9228140765   -0.6924010810   -1.3707776447
   1.4660640086   -2.8768771339    5.6104739616    0.2464376717    2.7772602229    0.9946740420
  -6.9568067144   -5.4101920840   -0.3592879141   -0.9775595685   -0.2028911507   -1.6120860395
   3.5903935695    0.2254275174   -4.5537711835   -3.8515468773   -2.2952145097    1.1172305253
  -3.8926931021    8.5059337005   -4.6303144645    3.2398724564    0.7930350804    0.1669528005
  -6.7609160606    6.7168853599   -0.8542629478   -1.6133498869   -0.0565320884   -0.1517195473
   4.2979056671    2.9565168370   -7.9904112046   -0.7063524009    1.0528401463    2.4856496621
  -1.6244600630   -6.3633506081    7.9075379159    0.3730563317    4.4100192990   -0.9562836972
  -0.9220029215   -6.1216731535   -7.4281207225    2.1999568558    2.6242015268    0.7758605374
   1.3156382283   -2.1578775116   -2.3810375950   -1.6201181340    2.1945029443   -0.1889467187
  -2.4911002502   -8.3783145152   -5.6249237510    1.5875006804    1.4462768960    2.6323612912
  -0.7927829835    8.3922233198    0.1760492927   -0.2346225604    2.1340763298   -1.2517954956
  -3.0311358235    8.2261698549    5.9899347268   -0.7425343670   -0.7294954809   -0.1215305470
  -6.0628148755   -3.8651937191   -6.8406041992   -0.9398892106    3.0820759337    1.8389927015
   0.7589470784   -0.0690681064   -5.2641763882    0.6516130042    2.0385400115    3.1743083854
  -0.2429394512    7.6554618096    6.9357153557    1.6671366738    0.1456871892    1.1026825074
  -4.7230737351   -4.3343322159    3.0290419675   -0.6383184394   -0.6152160855   -3.6191477309
  -6.0201617483    0.3585322083   -4.0456279508    0.9453509018   -0.2118522101   -0.5954300428
  -8.2810021106   -6.5644538298    6.7878937164   -1.5268904811   -1.4257031260    0.8347969399
   4.9779749126    4.3956508219    8.1810063943   -0.5110408911   -2.0143306755    1.6607657436
